# in_press_x,in_press_y,in_target_x,in_target_y,in_flow_x,in_flow_y,in_importance,in_crowdedness,out_grow_x,out_grow_y,out_prune_x,out_prune_y,out_shift_x,out_shift_y,out_apoptosis
0.470085,-0.00379,-0.917574,-0.035303,-0.2819,0.030408,0.450518,0.212966,-0.408663,0.160098,0.534022,-0.00927,-0.457066,-0.022257,-1.0
-0.570157,-0.849846,0.689297,-0.758362,0.562854,0.104253,0.197902,0.195251,0.240535,0.130191,-0.609702,-0.518602,0.283908,0.353116,-1.0
-0.119008,-0.209914,-0.545301,-0.080882,-0.35582,0.317115,0.373197,0.48731,-0.267344,0.214883,0.235813,-0.640632,-0.127683,0.427244,-0.952019
-0.83881,-0.915148,0.325892,-0.645202,-0.75202,-0.755962,0.009703,0.625821,-0.017409,-0.000424,-0.464436,-0.873079,0.188977,0.362923,-1.0
0.232173,0.247832,-0.211431,0.515384,-0.277918,-0.987119,0.050393,0.006241,-0.054337,-0.044795,0.345543,0.836361,-0.206742,-0.484496,-1.0
-0.213945,-0.712175,0.153945,0.688244,-0.346185,0.357731,0.381463,0.783976,-0.168639,0.225796,0.019136,-0.626271,-0.017814,0.505229,-0.99235
-0.004947,-0.829797,-0.665022,0.701975,-0.260565,-0.84747,0.013361,0.671954,-0.016297,-0.113912,0.969197,0.074174,-0.516572,-0.075273,-0.911797
-0.276348,0.95699,0.278555,-0.631424,-0.529933,0.564149,0.526062,0.755518,-0.2665,0.380525,0.28529,0.399348,-0.299486,-0.414997,-1.0
-0.820289,0.166039,0.993304,0.314087,-0.777177,0.061074,0.814784,0.555656,-0.604497,0.043312,-0.1177,0.223669,0.134168,-0.418423,-0.974849
-0.764075,0.201473,0.131222,0.376605,-0.940201,0.382166,0.964956,0.698852,-0.685739,0.334607,0.022922,-0.105128,-0.304632,0.348755,-0.975911
-0.769465,-0.954379,-0.469673,0.802698,0.436486,-0.406455,0.956299,0.172327,0.568466,-0.586037,-0.034943,0.06726,0.430537,0.24121,-0.959751
-0.425678,-5.9e-05,-0.045718,-0.589601,0.873236,-0.639209,0.314524,0.225777,0.216343,-0.190908,-0.687382,0.282558,0.451399,-0.154409,-1.0
-0.13224,-0.946246,0.248612,0.817441,0.051573,0.730747,0.03901,0.978552,0.068187,0.00083,-0.124588,-0.90512,0.013651,0.446301,-0.94555
-0.61344,-0.484302,-0.832402,0.110428,-0.459734,0.278343,0.373176,0.202762,-0.179819,0.118534,-0.073507,-0.631961,0.086202,0.483072,-1.0
0.239982,-0.866415,-0.651522,0.762489,-0.770652,0.237745,0.113749,0.531062,-0.144394,0.11083,0.630053,-0.634808,-0.387664,0.269926,-1.0
-0.977773,0.346613,0.839908,-0.833908,0.673014,0.97264,0.852232,0.334705,0.374037,0.597078,-0.123605,0.018219,0.436048,0.265255,-1.0
-0.689385,0.477631,-0.142185,-0.394258,0.850687,0.975204,0.471305,0.859793,0.277376,0.353556,-0.468239,-0.172313,0.485707,0.089065,-1.0
0.810646,0.15199,-0.741063,0.752318,-0.496755,0.917103,0.78154,0.981821,-0.308255,0.434025,0.187691,-0.0832,-0.435055,0.284456,-1.0
0.498502,0.529185,-0.098488,-0.674154,-0.63623,0.620745,0.852597,0.595431,-0.498618,0.454672,0.081001,0.009634,-0.501041,0.058547,-0.907945
-0.582907,0.968961,0.214388,-0.466201,-0.17035,-0.88255,0.456355,0.874837,-0.085718,-0.399007,-0.194758,0.598595,0.046943,-0.545685,-0.975439
-0.697142,-0.590204,-0.49282,0.269639,-0.556059,-0.924403,0.524029,0.945387,-0.128866,-0.38505,-0.121152,0.448331,0.160834,-0.540715,-0.9728
-0.784153,-0.087636,-0.37999,0.72404,0.212816,-0.207721,0.061513,0.058335,0.027646,0.024023,-0.896559,0.090294,0.552353,-0.066079,-1.0
0.005631,0.046431,0.277675,0.696403,0.717703,-0.398231,0.123784,0.036651,0.09302,0.061482,-0.786043,0.456928,0.408259,-0.317118,-0.982291
0.724703,0.647278,-0.42415,-0.135617,-0.580677,0.569479,0.541828,0.660313,-0.331814,0.247399,0.452305,0.038847,-0.552208,-0.10059,-1.0
-0.052834,0.565874,-0.32675,-0.670039,0.927514,-0.052122,0.791728,0.511677,0.590888,0.019932,-0.04761,0.062321,0.480951,-0.274577,-0.982631
0.856389,-0.499223,-0.433468,0.567685,-0.190267,0.248623,0.098604,0.471247,-0.122553,0.097051,0.762377,-0.487113,-0.360746,0.318957,-0.998554
0.993956,-0.682389,-0.332157,0.00809,0.26168,-0.61141,0.167893,0.772771,-0.041956,-0.038351,0.890519,-0.167824,-0.480265,0.042538,-0.963945
-0.624443,-0.078929,-0.072873,-0.172313,-0.563754,0.246268,0.922607,0.007499,-0.610045,0.251032,-0.008822,-0.049855,0.063147,0.468755,-1.0
0.758749,-0.875264,-0.444781,-0.863807,0.955761,-0.988541,0.314371,0.905093,0.184634,-0.191765,-0.577779,0.255678,0.398015,-0.269902,-0.929854
0.002426,-0.09856,-0.727843,0.088342,0.068675,0.46885,0.054559,0.172867,-0.045302,0.068528,-0.088548,-0.912711,0.164743,0.478177,-1.0
0.540699,0.92217,0.566303,-0.362589,0.338141,-0.383439,0.857739,0.01887,0.422679,-0.454599,-0.035949,0.187109,-0.163323,-0.533253,-1.0
0.827144,0.174004,-0.90095,-0.651137,0.336937,-0.872603,0.288942,0.245298,0.114086,-0.202698,0.360048,0.67602,-0.213932,-0.522213,-1.0
-0.252505,0.043478,-0.784914,0.394989,0.190075,-0.668081,0.421908,0.890002,0.064191,-0.343082,-0.265069,0.473547,0.124645,-0.48055,-1.0
-0.182457,0.261047,-0.378267,-0.681293,0.114641,0.762594,0.484516,0.591813,0.141369,0.272969,-0.324173,-0.536711,0.312871,0.370962,-1.0
-0.445058,-0.459232,0.499281,0.988723,-0.873924,-0.027552,0.196931,0.904093,-0.175471,-0.030355,0.573074,-0.490526,-0.417728,0.351618,-1.0
-0.325292,0.457853,0.491485,0.193467,0.577025,0.026985,0.605361,0.009065,0.511967,0.050636,-0.29719,0.199356,0.391226,-0.206419,-1.0
-0.493184,0.002528,-0.611919,0.109298,-0.347563,-0.060491,0.454078,0.492043,-0.374304,-0.141703,-0.487169,0.284116,0.475329,-0.152019,-1.0
0.495793,0.891643,-0.54715,0.041063,-0.575704,-0.107264,0.454189,0.94066,-0.318482,-0.077191,0.523145,0.403559,-0.366984,-0.388479,-0.954064
-0.7568,0.282874,-0.577998,0.212237,-0.174353,-0.649524,0.525701,0.368456,-0.105636,-0.442013,-0.271329,0.399635,0.233412,-0.317587,-0.975604
-0.14684,0.091162,-0.794288,0.548072,0.897616,0.750552,0.083528,0.205333,0.120265,0.082474,-0.889231,-0.500187,0.384948,0.268438,-1.0
-0.103166,-0.926917,0.383771,0.515932,0.239111,0.361247,0.099617,0.833052,0.153507,0.001905,-0.140847,-0.840184,0.137383,0.535875,-1.0
-0.352665,-0.419386,0.903716,0.151118,-0.61409,-0.674304,0.570931,0.721674,-0.383632,-0.261314,0.32592,0.286554,-0.435369,-0.382626,-0.986991
0.698903,-0.599859,-0.615419,-0.417115,0.199716,0.801206,0.291706,0.201434,-0.012502,0.230949,0.195025,-0.631462,-0.264043,0.520302,-0.943417
0.786749,0.194079,-0.621454,0.856951,-0.003663,-0.07887,0.981991,0.740701,-0.067308,-0.769184,-4.1e-05,0.013022,-0.500502,-0.231997,-1.0
0.315383,0.863176,-0.464654,0.339311,-0.28259,0.211249,0.519235,0.017595,-0.365702,0.235491,0.323749,0.357804,-0.306606,-0.327571,-1.0
-0.189409,0.3715,-0.226877,0.634557,-0.663059,0.791043,0.151815,0.762854,-0.09995,0.13459,0.595485,-0.616677,-0.34645,0.283958,-1.0
-0.14928,-0.173953,0.622277,0.644383,0.524539,-0.469248,0.957596,0.623108,0.625875,-0.547017,-0.074725,0.026105,0.365913,-0.172365,-0.973842
-0.480698,0.251938,0.003687,-0.210396,0.306055,-0.631385,0.451108,0.287988,0.195042,-0.345493,-0.378448,0.444509,0.362542,-0.354386,-0.987605
0.524753,0.6649,-0.420135,-0.703852,-0.687204,-0.149354,0.662034,0.342274,-0.536325,-0.151572,0.259592,0.243869,-0.288233,-0.340616,-0.936392
-0.120776,0.193021,-0.462369,-0.517535,0.343612,-0.498788,0.768549,0.723138,0.400533,-0.472593,-0.163235,0.193312,0.312996,-0.404804,-1.0
0.248595,0.119792,-0.614185,0.226453,-0.59821,0.814552,0.916397,0.718009,-0.452199,0.626177,0.093621,-0.084163,-0.447198,0.233818,-0.977209
0.9353,-0.799853,0.538919,0.288679,-0.972204,0.589516,0.733324,0.963406,-0.524294,0.377878,0.28485,-0.182817,-0.427044,0.196205,-0.963652
0.592263,0.879352,0.505369,0.445503,0.96891,-0.251991,0.811293,0.892236,0.534832,-0.12409,0.008719,0.146187,0.126084,-0.466612,-0.994087
0.560592,-0.122651,0.462194,0.254704,-0.972678,-0.028465,0.941676,0.678115,-0.818218,0.021524,0.062836,0.003062,-0.448421,-0.027483,-0.883041
-0.541551,0.40223,-0.718589,0.19954,0.814869,-0.129321,0.01631,0.814224,-0.002403,0.059734,-0.964408,0.434941,0.474585,-0.327165,-0.939466
0.158561,0.042679,0.813744,-0.564206,0.588447,0.209783,0.53746,0.77773,0.474481,0.065361,-0.396608,-0.185522,0.438552,0.221499,-1.0
-0.187413,0.905812,0.995305,-0.553747,-0.383874,-0.35382,0.982627,0.709117,-0.649201,-0.566668,0.016429,0.129034,-0.098096,-0.496399,-0.990484
-0.655182,0.019504,-0.538119,0.379675,-0.653378,-0.614923,0.345769,0.499378,-0.247884,-0.197373,-0.075573,0.625109,-0.011297,-0.496129,-0.944491
0.499084,-0.030309,0.179039,-0.602002,-0.786944,-0.147639,0.878589,0.626246,-0.716948,-0.161833,0.034131,0.008224,-0.490532,-0.122246,-0.980773
-0.340177,-0.211943,0.514654,0.309703,0.280164,-0.526149,0.405508,0.900942,0.081242,-0.267038,-0.484873,0.313491,0.477639,-0.146492,-0.996004
0.534435,-0.520139,-0.559267,-0.330748,0.233975,-0.090225,0.471638,0.008601,0.316937,-0.058967,0.253733,-0.465256,-0.281481,0.393119,-1.0
0.026469,0.980451,-0.413182,0.988331,0.663119,-0.80737,0.734235,0.387547,0.319437,-0.45654,-0.086285,0.292219,0.213473,-0.518105,-1.0
-0.715297,0.35456,-0.812418,0.376331,0.250241,0.493654,0.188235,0.778792,0.03528,0.031654,-0.752995,-0.154868,0.433108,-0.025532,-0.973948
0.949332,0.653745,-0.032932,-0.596397,-0.685829,-0.317166,0.143004,0.25542,-0.089555,-0.061171,0.691178,0.527027,-0.48715,-0.252415,-1.0
-0.039621,0.151239,0.496757,0.616348,0.548049,-0.947644,0.569809,0.919633,0.289928,-0.392983,-0.116356,0.406135,0.359688,-0.518097,-0.992993
-0.512237,0.799021,-0.885265,-0.359726,0.312015,0.552037,0.878563,0.984303,0.412618,0.608503,-0.085472,0.004526,0.506283,-0.144391,-1.0
0.991104,-0.565801,0.801018,-0.36082,0.826034,-0.179145,0.32097,0.193662,0.206004,-0.070794,0.245462,-0.65139,-0.239669,0.496834,-1.0
0.205246,0.737981,-0.572698,0.876465,0.51996,-0.039934,0.224821,0.694416,0.249186,0.020267,-0.24261,0.731994,0.215912,-0.451794,-0.917717
-0.325905,-0.910305,-0.14975,-0.374054,-0.45322,0.243524,0.115596,0.972276,-0.118221,0.031144,0.060748,-0.907212,-0.08177,0.453755,-1.0
0.377754,-0.673634,0.452911,-0.212545,0.568083,-0.241765,0.52227,0.656672,0.414099,-0.164601,-0.243993,-0.399933,0.170865,0.358265,-0.994596
0.905613,-0.099794,0.735439,0.22536,-0.59813,0.049959,0.833239,0.222711,-0.706534,0.067318,0.229384,0.054233,-0.45447,0.020153,-0.958477
0.846447,0.236949,-0.093277,-0.005078,0.491653,-0.440702,0.680942,0.37842,0.410677,-0.384058,0.137735,0.288606,-0.254287,-0.42055,-1.0
-0.277631,-0.019137,0.511583,0.278522,-0.194949,-0.844795,0.049697,0.179839,0.02948,-0.096549,-0.181462,0.940983,-0.008155,-0.526416,-1.0
0.394491,0.029146,0.997234,-0.959125,-0.673955,0.942017,0.948323,0.973263,-0.461406,0.594684,0.061146,-0.015718,-0.379589,0.320532,-1.0
0.373638,0.675649,-0.066076,-0.970308,0.123921,-0.089968,0.696982,0.836234,0.423282,-0.327341,0.134095,0.265811,-0.152469,-0.489473,-1.0
-0.602626,-0.494643,0.542251,0.168771,-0.966721,-0.555897,0.970587,0.00122,-0.611257,-0.367094,-0.00115,0.05137,-0.535931,-0.028483,-1.0
-0.978709,-0.515547,-0.166804,0.375447,0.992135,0.938325,0.161248,0.305401,0.117492,0.065749,-0.660148,-0.487477,0.415275,0.275486,-0.915243
0.342751,-0.369142,-0.869079,0.91974,0.061438,0.848494,0.048294,0.033466,0.020579,-0.035839,0.237477,-1.0,-0.189002,0.429269,-1.0
-0.845681,-0.898667,-0.392434,0.36539,0.585996,0.471174,0.338848,0.000386,0.208317,0.220199,-0.413388,-0.462678,0.416052,0.356958,-1.0
-0.974725,0.340644,-0.643601,-0.026559,0.778565,0.62304,0.906362,0.240111,0.503985,0.527131,-0.049126,-0.058086,0.432591,0.098649,-0.925822
0.742527,0.933871,0.943448,-0.331296,0.109165,0.995477,0.973009,0.902223,0.026972,0.745935,0.0259,0.093906,-0.534632,0.08904,-1.0
-0.617086,-0.635032,0.177694,0.809522,0.031786,0.614721,0.843674,0.473672,0.015094,0.801327,-0.001946,-0.227663,0.261903,0.387992,-1.0
-0.563216,0.559314,0.435205,-0.877129,0.100422,-0.146384,0.012236,0.365587,0.079231,0.009439,-0.592727,0.723459,0.354561,-0.308714,-0.930969
0.044422,0.194708,-0.160099,-0.61096,0.339123,0.488681,0.416102,0.736549,0.223133,0.243738,-0.49155,-0.422867,0.381706,0.363798,-0.994822
-0.197578,0.645862,-0.344518,0.504578,-0.727471,-0.55164,0.110665,0.744756,-0.033138,-0.04676,0.268856,0.845821,-0.193848,-0.395372,-0.915234
-0.594015,-0.463425,-0.683032,0.768371,0.600897,-0.596159,0.293473,0.894832,0.14059,-0.150204,-0.672299,0.096963,0.466974,-0.077872,-0.94523
0.002766,0.591893,-0.133161,-0.584559,0.064345,0.446533,0.650279,0.233598,0.041154,0.538182,-0.120023,0.355544,0.221151,-0.423384,-0.983429
0.286878,-0.38228,0.632278,0.609298,-0.595212,0.846937,0.320665,0.290323,-0.200307,0.22938,0.333539,-0.623514,-0.437235,0.505541,-0.997382
0.80609,-0.263761,-0.554635,-0.326283,-0.539049,0.670291,0.675993,0.866857,-0.3316,0.45292,0.209632,-0.129037,-0.393124,0.247069,-1.0
0.191791,-0.116196,0.867929,-0.721041,-0.247628,-0.53237,0.860812,0.872344,-0.233178,-0.589203,0.108697,0.019026,-0.385486,-0.364087,-1.0
0.311851,-0.885752,0.279492,0.304008,0.747701,-0.870887,0.576797,0.527733,0.303808,-0.215125,-0.413012,-0.138002,0.489569,0.038466,-0.991741
-0.103208,-0.31811,-0.374815,0.581993,-0.239703,0.382643,0.313924,0.90248,-0.172171,0.240044,0.06392,-0.615449,-0.119627,0.491524,-0.889137
-0.55277,-0.590002,-0.849026,0.547172,0.834831,-0.125349,0.789309,0.645041,0.599856,-0.170624,-0.140961,-0.090486,0.46044,0.112085,-1.0
-0.542115,-0.492865,0.792005,-0.292371,0.688685,0.305721,0.624788,0.697498,0.494847,0.14053,-0.325676,-0.239446,0.44571,0.38007,-0.97134
0.202981,-0.073728,0.686448,-0.435786,0.712714,0.009081,0.736662,0.954923,0.554003,0.024144,-0.286217,-0.023549,0.538221,0.12774,-0.995258
0.357064,0.378644,-0.823624,-0.793221,-0.359912,0.266934,0.876129,0.405323,-0.603946,0.471428,0.043337,0.031635,-0.46576,-0.040497,-1.0
-0.342078,0.107681,0.433479,-0.539917,0.053083,-0.135217,0.04321,0.65752,-0.029019,0.013643,-0.813845,0.456495,0.463368,-0.270499,-0.957622
0.079681,-0.122417,0.432534,-0.055528,0.513813,0.758318,0.142311,0.028319,0.072212,0.054245,-0.405597,-0.753366,0.178381,0.432919,-1.0
-0.449433,0.912097,-0.288843,0.040657,-0.142729,0.26344,0.463652,0.742288,-0.241305,0.31662,-0.286574,0.55186,0.292588,-0.506981,-1.0
-0.161083,-0.647935,-0.739615,0.146831,0.328393,-0.85284,0.135591,0.182249,0.088086,-0.114142,-0.811171,0.358195,0.518178,-0.150678,-1.0
-0.426357,0.803761,-0.252022,-0.019435,0.525541,0.604439,0.783513,0.116471,0.506506,0.469533,-0.201254,0.074741,0.4698,-0.068681,-0.984413
-0.930314,0.912163,0.431939,0.163507,0.328293,0.046163,0.122802,0.993009,0.155203,0.000635,-0.664105,0.380937,0.422443,-0.272385,-0.92714
-0.150226,-0.653138,-0.682025,0.378929,0.081096,0.074035,0.535667,0.400821,0.306491,0.286214,-0.138675,-0.434373,0.072577,0.482875,-1.0
0.710096,0.466081,0.277142,-0.424103,0.065331,0.735709,0.04246,0.90849,-0.132884,-0.003878,0.854742,-0.345469,-0.513501,0.199194,-1.0
0.89338,0.021102,0.066438,0.740987,0.342069,0.935176,0.990085,0.598416,0.288451,0.715701,-0.003027,-0.066379,-0.361365,0.44984,-1.0
-0.001486,0.039117,-0.682781,-0.48661,0.628962,-0.744792,0.592237,0.328109,0.39707,-0.413875,-0.147973,0.287431,0.363853,-0.390028,-1.0
-0.899347,-0.523375,0.891173,0.768025,-0.255892,0.491546,0.63484,0.007736,-0.23819,0.501899,-0.169936,-0.362261,0.283276,0.404793,-0.971906
0.110634,-0.211823,0.586596,-0.177057,-0.351418,0.230732,0.731105,0.535189,-0.477779,0.386482,0.169533,-0.086918,-0.395475,0.33443,-0.999818
0.1372,-0.062086,0.011649,0.240461,0.331704,0.388943,0.467641,0.681272,0.193196,0.333722,-0.241773,-0.418251,0.268542,0.415782,-0.982013
-0.445208,0.779278,-0.552738,-0.181944,-0.100371,-0.615524,0.549669,0.17284,-0.088387,-0.4827,-0.095153,0.4511,0.132138,-0.435255,-1.0
-0.117292,0.943105,0.980308,-0.960178,0.369522,-0.588109,0.052698,0.948354,0.063058,-0.083157,-0.241352,0.883698,0.123537,-0.560392,-1.0
0.629855,-0.004191,-0.598096,-0.499989,0.497691,-0.952735,0.625088,0.376517,0.269049,-0.385434,0.030236,0.341547,0.018494,-0.461098,-1.0
0.083936,0.787761,-0.0564,0.472798,-0.462449,0.038554,0.787053,0.526922,-0.696905,0.104649,0.151743,0.232741,-0.313262,-0.404735,-0.997149
0.266366,-0.704967,-0.381552,-0.942935,-0.689067,-0.096352,0.884866,0.884316,-0.656272,-0.154889,0.078839,-0.177441,-0.381224,0.220829,-1.0
0.111388,0.401091,-0.862438,0.322852,-0.676529,-0.0455,0.007848,0.595462,-0.037141,0.02472,0.904639,0.520575,-0.456232,-0.180073,-1.0
0.366187,-0.821542,0.241889,0.993136,0.228852,-0.417743,0.102437,0.404054,0.106883,-0.057713,0.252115,-0.841838,-0.125071,0.373581,-1.0
-0.823176,-0.23112,0.596652,-0.908404,0.3975,0.179269,0.198115,0.096726,0.198846,0.079434,-0.691302,-0.225093,0.459755,0.154994,-1.0
0.818863,0.106587,0.285132,-0.675716,0.564669,0.877203,0.42404,0.279023,0.21986,0.28461,0.150335,-0.520098,-0.135238,0.343924,-1.0
-0.253731,0.390711,-0.052942,0.332594,0.760053,0.418257,0.68335,0.701517,0.394817,0.174023,-0.377469,0.014648,0.476094,0.068947,-0.931543
-0.662154,-0.58148,0.533632,0.535638,-0.036665,0.187074,0.124979,0.079182,-0.007623,0.135773,-0.579257,-0.717388,0.290147,0.52733,-1.0
-0.462597,0.327032,0.777726,0.822748,0.324137,0.678652,0.620448,0.456805,0.133228,0.412321,-0.430036,-0.086269,0.454344,0.222251,-1.0
-0.964401,-0.326177,0.748994,-0.929562,-0.568758,0.824771,0.179176,0.112841,-0.039951,0.132034,-0.273563,-0.816896,0.074851,0.411703,-1.0
0.143687,-0.548451,0.080942,-0.052204,-0.240734,-0.060427,0.444991,0.005322,-0.341633,-0.006331,0.362331,-0.408012,-0.373614,0.542586,-1.0
-0.758605,-0.871215,0.953991,-0.503422,0.472759,-0.571707,0.934101,0.16855,0.492528,-0.499325,-0.038154,0.03438,0.527183,0.153964,-0.967953
-0.925058,0.246499,-0.029394,0.777019,-0.56621,0.142587,0.822912,0.614571,-0.60995,0.099945,-0.086828,-0.009685,0.433865,-0.139162,-1.0
-0.935095,0.28221,0.761652,0.275752,0.048807,-0.979482,0.529013,0.340978,-0.0533,-0.472309,-0.298246,0.335754,0.331029,-0.410044,-0.948058
-0.454432,0.3225,0.342359,0.659661,-0.592119,-0.084285,0.629884,0.492172,-0.45477,0.045949,0.088505,0.349618,-0.136167,-0.490932,-0.96576
0.311823,-0.042049,0.231081,0.193848,-0.156421,0.675751,0.505643,0.438362,-0.121188,0.398397,0.308849,-0.389065,-0.270633,0.312042,-1.0
0.973048,-0.60151,-0.38242,-0.519137,0.978798,-0.760636,0.62981,0.333889,0.383595,-0.342227,0.029659,0.387222,0.047366,-0.417802,-1.0
0.809975,0.127902,-0.394821,-0.521378,-0.254065,-0.635211,0.691225,0.374927,-0.234956,-0.528751,0.131585,0.268199,-0.376254,-0.306875,-0.956179
-0.461378,-0.011406,-0.316134,0.435273,-0.723506,-0.938566,0.33352,0.783933,-0.108038,-0.219511,0.246051,0.606773,-0.149893,-0.547869,-0.934468
0.517471,-0.328081,-0.036292,-0.395971,0.104144,0.160097,0.874427,0.89641,0.31904,0.484852,0.234522,-0.056032,-0.355613,0.462124,-0.997576
0.114472,0.38885,-0.648372,0.864512,-0.092976,-0.668585,0.66938,0.400665,-0.101871,-0.493891,0.110951,0.377913,-0.086729,-0.499669,-0.90166
-0.393167,-0.650511,-0.968806,-0.292408,0.667392,-0.674875,0.107036,0.089087,0.027175,-0.041163,-0.755858,0.084805,0.544362,0.094873,-1.0
-0.262419,-0.296628,-0.851982,0.935748,-0.044723,0.20039,0.380931,0.693256,0.02576,0.34516,-0.227275,-0.655816,0.227285,0.452697,-0.935564
0.920578,-0.701625,-0.785882,0.030881,-0.495088,-0.947499,0.017721,0.133238,-0.017799,-0.045174,0.908078,0.202956,-0.530032,-0.081122,-0.99635
-0.641763,-0.935548,-0.042609,0.702393,0.723468,0.085322,0.090378,0.913799,0.036001,0.025541,-0.726748,-0.54792,0.387511,0.232574,-1.0
-0.364764,0.907362,0.259688,0.587136,0.053906,0.681278,0.452784,0.10969,0.130568,0.416797,-0.55046,0.317859,0.543289,-0.221379,-1.0
-0.668004,0.690931,-0.512326,0.137731,0.115522,-0.195327,0.75221,0.607211,0.313202,-0.460129,-0.181442,0.103006,0.341155,-0.380733,-0.959556
-0.528348,0.716063,0.51068,-0.040829,0.669386,0.266268,0.471691,0.307242,0.3999,0.100956,-0.544202,0.17997,0.417826,-0.160417,-1.0
0.902719,0.962324,0.788497,0.951865,0.57473,-0.921679,0.703946,0.098216,0.412527,-0.530393,0.065948,0.270566,0.006641,-0.427456,-0.985954
-0.971575,0.688552,0.534177,-0.795963,0.94319,-0.372174,0.762964,0.038487,0.602187,-0.270157,-0.191023,0.084636,0.429412,-0.205605,-0.909501
0.478125,0.316403,0.765559,0.840397,-0.054677,0.59547,0.797204,0.921434,-0.01059,0.633235,0.208429,-0.186807,-0.438966,0.179031,-1.0
0.677221,0.139883,0.083235,0.927727,0.58781,0.992891,0.829599,0.154788,0.320282,0.581525,0.053926,-0.233638,-0.036655,0.459652,-1.0
-0.584519,-0.170089,0.775202,0.031912,0.651087,0.108995,0.174383,0.889732,0.167601,-0.051545,-0.735703,-0.162225,0.496686,0.13256,-0.97378
-0.789086,0.502664,0.825921,-0.594895,-0.69807,0.464344,0.005368,0.672741,-0.140829,-0.060068,-0.969472,0.339518,0.54917,-0.212575,-0.997542
0.54346,-0.65873,-0.482426,-0.391436,-0.531684,-0.078116,0.228391,0.559257,-0.204092,-0.064192,0.658904,-0.379169,-0.359656,0.199851,-1.0
-0.857659,0.568189,-0.928925,0.907019,0.590853,-0.052285,0.566376,0.199582,0.448893,-0.010697,-0.42337,0.327356,0.3991,-0.158468,-0.989821
-0.085261,0.020348,-0.924969,0.81062,-0.577783,0.36517,0.401837,0.021975,-0.324036,0.226999,0.485005,-0.379037,-0.438899,0.252822,-0.929122
-0.035973,0.497036,0.34049,0.136699,0.805545,0.731158,0.32636,0.865798,0.187901,0.148223,-0.671288,-0.232418,0.56229,0.105797,-1.0
0.301555,-0.629317,0.178236,0.805373,0.022247,0.003442,0.389449,0.617754,0.258536,-0.005332,0.25136,-0.545862,-0.242716,0.421613,-0.919133
-0.948466,0.77376,-0.254317,-0.713246,0.452124,0.609267,0.791399,0.218883,0.412823,0.436999,-0.215799,0.022146,0.550905,-0.041312,-0.938125
-0.099401,-0.477763,-0.214566,0.317298,0.834944,-0.050516,0.223146,0.414358,0.14955,-0.012956,-0.814377,-0.293285,0.477409,0.248622,-1.0
0.613461,-0.263893,0.632304,0.587705,0.014662,0.384238,0.667373,0.290686,0.019568,0.529861,0.329369,-0.219928,-0.322865,0.270132,-1.0
0.644264,0.732243,-0.721615,-0.298924,0.252811,-0.005005,0.814803,0.670871,0.572234,0.037833,0.072079,0.050248,-0.193274,-0.352666,-0.931898
-0.109803,0.662157,0.359485,0.799218,0.944605,-0.966524,0.016643,0.734808,0.047386,0.008018,-0.540752,0.763898,0.266726,-0.427778,-1.0
0.802646,-0.429593,0.852674,-0.573394,0.899026,0.037736,0.827328,0.463396,0.653146,0.060608,-0.006806,-0.16928,0.06947,0.543009,-1.0
0.993199,-0.295619,-0.656311,0.605336,0.704883,0.5756,0.988175,0.416246,0.608829,0.511202,-0.073493,-0.011027,-0.210804,0.391607,-0.985808
0.712775,0.435583,0.444086,0.521593,-0.579937,0.115719,0.704492,0.445949,-0.520461,0.124678,0.296603,0.022167,-0.511969,-0.111788,-0.985953
0.827437,-0.626169,-0.950635,0.845365,-0.494875,-0.883189,0.097015,0.350112,0.009164,-0.040599,0.890557,0.127031,-0.390866,-0.020994,-0.956048
-0.661201,-0.296071,0.128804,-0.646356,-0.030158,-0.463199,0.624443,0.654855,-0.019202,-0.458468,-0.395821,-0.007117,0.512845,-0.120332,-0.896565
-0.701372,-0.958757,-0.692166,-0.523762,0.19058,0.2211,0.892565,0.232069,0.487878,0.628392,-0.043067,-0.074588,0.31429,0.36898,-1.0
0.021486,-0.171883,0.376764,0.994868,0.123769,-0.561617,0.904476,0.339196,0.123579,-0.663488,-0.079739,0.024844,0.026517,-0.415149,-0.956253
0.262227,-0.616271,-0.760823,-0.332404,0.644499,-0.629883,0.977733,0.137542,0.632996,-0.567865,-0.104771,0.049424,0.546413,-0.019576,-1.0
-0.691288,0.952385,0.618674,0.314592,-0.024111,-0.183669,0.150592,0.350557,0.048425,-0.225035,-0.435342,0.679086,0.205805,-0.428547,-0.929335
-0.409038,0.118323,-0.891734,-0.474261,-0.481702,-0.881053,0.711041,0.804125,-0.260026,-0.490103,0.004517,0.308641,-0.042038,-0.469389,-1.0
0.83913,-0.242197,0.704732,-0.619028,0.848889,-0.14932,0.45439,0.664109,0.341399,0.010567,-0.034453,-0.574288,-0.040421,0.50861,-1.0
-0.235445,0.086435,0.256476,-0.189572,0.626369,0.413535,0.777525,0.442182,0.57728,0.317584,-0.220507,-0.040668,0.499726,0.072365,-0.982475
-0.061992,0.686508,0.652269,0.899486,-0.295486,-0.525318,0.225347,0.093337,-0.104056,-0.083737,0.119481,0.823331,-0.142525,-0.48237,-1.0
-0.060316,-0.759915,0.875949,0.130312,0.353531,-0.843848,0.463351,0.823513,0.108365,-0.300438,-0.476777,0.01033,0.569032,-0.100373,-0.880124
0.820308,0.33498,-0.064403,0.033025,-0.561849,-0.219363,0.517774,0.665838,-0.396161,-0.198151,0.41149,0.252416,-0.489685,-0.141983,-0.953187
0.99828,-0.425136,0.538215,0.105526,0.937358,0.394088,0.726058,0.098505,0.52762,0.281985,0.044612,-0.339002,0.005412,0.602634,-1.0
0.811666,0.65416,0.143247,-0.24347,-0.01439,0.10178,0.70495,0.163352,-0.109831,0.613332,0.233347,0.218695,-0.410413,-0.335434,-0.987093
-0.315004,0.288572,0.200835,0.940164,-0.282069,0.674385,0.940265,0.698844,-0.33866,0.653344,-0.036443,-0.120343,0.002393,0.522764,-0.91319
-0.877278,-0.118969,-0.208038,0.395689,0.763741,0.64496,0.412937,0.329958,0.204476,0.160282,-0.53433,-0.302569,0.414633,0.16723,-0.930228
-0.631492,0.13509,0.477444,0.360802,0.900123,0.62397,0.917247,0.548809,0.578685,0.469742,-0.067362,0.009763,0.44393,0.063329,-1.0
-0.054262,0.950329,0.193747,-0.504052,0.641565,0.026029,0.546529,0.403904,0.422265,0.030569,-0.204008,0.342614,0.347413,-0.345066,-1.0
-0.703648,-0.956368,-0.654723,0.98864,-0.822885,-0.748029,0.939549,0.609167,-0.415276,-0.500132,0.15178,-0.023145,-0.180377,0.421091,-1.0
-0.383272,-0.959305,0.485752,0.528057,-0.300673,0.688532,0.588424,0.690701,-0.129982,0.310478,-0.036301,-0.512927,-0.056165,0.488819,-0.921106
-0.596784,0.849562,0.007919,0.169795,-0.724328,-0.718663,0.115593,0.780791,0.012818,-0.083595,0.110505,0.928066,0.033461,-0.530216,-1.0
0.957258,0.273911,0.709955,-0.740991,0.167227,0.328725,0.991845,0.563609,0.339069,0.716987,-0.008719,0.04031,-0.487968,0.049575,-1.0
0.342813,-0.59955,-0.050524,-0.327325,-0.537978,0.614107,0.11805,0.003483,-0.024309,0.042892,0.476455,-0.631479,-0.267911,0.421912,-1.0
0.341392,0.64941,0.400739,-0.884371,-0.063479,-0.998791,0.320741,0.46339,0.040441,-0.299968,0.092437,0.669846,-0.180461,-0.463091,-0.943178
0.779736,-0.874486,-0.886675,0.164208,-0.24429,-0.48866,0.810029,0.721864,-0.286937,-0.570831,0.113534,-0.050491,-0.456132,0.235536,-0.984303
-0.807428,-0.729702,-0.125954,0.430715,-0.289409,-0.589972,0.45554,0.033599,-0.17267,-0.308764,-0.457099,-0.056803,0.410349,0.174306,-1.0
-0.589522,0.591849,-0.450825,0.592734,0.72709,-0.246606,0.297652,0.235633,0.255707,-0.146306,-0.540539,0.295468,0.403887,-0.402433,-0.990178
0.295478,-0.531226,-0.23798,0.190123,0.040197,-0.391481,0.305302,0.162081,0.06072,-0.19832,0.659149,-0.346745,-0.482635,0.221753,-0.988328
0.878331,0.017374,-0.041126,0.759893,-0.742231,0.454581,0.083167,0.54932,-0.03065,0.041895,0.931027,-0.313998,-0.542057,0.120979,-0.905259
-0.220286,0.625395,-0.859274,-0.433497,-0.039064,0.98468,0.882887,0.045672,-0.024313,0.713505,0.005045,-0.159848,0.234113,0.461668,-0.922349
-0.672907,-0.426916,0.276473,0.993359,0.299751,-0.276367,0.152928,0.098248,0.068062,-0.055078,-0.873946,-0.115509,0.435582,0.053548,-1.0
0.003823,0.059009,-0.239497,0.065841,-0.624179,0.569183,0.745263,0.338666,-0.477126,0.331094,0.152118,-0.213787,-0.350362,0.247413,-1.0
-0.296618,-0.217312,0.543166,-0.495667,0.08345,-0.792671,0.703721,0.034537,0.123088,-0.549901,-0.176851,0.153426,0.281431,-0.377564,-1.0
0.653281,0.71624,0.695559,-0.524921,0.594183,-0.547637,0.1169,0.028804,0.092523,-0.103753,0.053709,0.896798,-0.012265,-0.492955,-0.998608
0.657132,0.095257,0.621898,-0.763583,0.835991,0.357973,0.82413,0.416173,0.62753,0.309744,-0.160305,-0.163068,0.286177,0.296358,-1.0
-0.858167,0.953916,-0.527859,0.117441,-0.173324,0.749636,0.202776,0.878028,-0.006989,0.198587,-0.743458,0.232243,0.4528,-0.142845,-1.0
-0.791415,-0.973583,0.039134,-0.597084,0.390758,0.036342,0.777625,0.586418,0.600966,0.034943,-0.193011,-0.271508,0.440854,0.38554,-0.954889
-0.801008,0.499435,-0.684405,-0.223304,0.223987,0.122716,0.149827,0.838659,0.139737,0.052855,-0.856128,0.318584,0.492086,-0.155321,-0.921025
0.388539,-0.597088,-0.506952,0.912832,-0.733462,-0.390112,0.928377,0.645929,-0.682658,-0.356113,0.02744,-0.082298,-0.475098,0.097672,-0.952014
0.191687,-0.713665,0.341804,-0.021688,-0.885132,0.020855,0.760333,0.867706,-0.594292,0.032191,0.206959,-0.119789,-0.370718,0.193755,-1.0
-0.844894,-0.06393,0.797045,-0.870015,-0.177669,0.714162,0.956993,0.087944,-0.229254,0.789666,-0.025874,-0.097699,0.35724,0.352199,-1.0
-0.624662,0.131355,0.281774,0.474477,-0.384722,-0.543737,0.913064,0.361953,-0.485333,-0.57694,-0.067995,0.058112,0.210433,-0.428381,-1.0
0.276365,0.762805,0.317689,-0.412872,0.501287,-0.180191,0.365823,0.740263,0.24032,-0.180309,-0.133179,0.602702,0.101462,-0.424661,-1.0
0.714967,0.755813,0.981962,-0.386299,0.34434,0.864902,0.075977,0.356368,0.092119,0.048673,0.895535,-0.244451,-0.48021,0.112916,-0.924408
0.271733,0.850471,0.404523,0.615809,0.681426,-0.633608,0.803323,0.477255,0.452079,-0.475416,-0.157453,0.218281,0.097137,-0.479108,-0.989847
0.457695,-0.999394,-0.080054,0.033698,0.938825,0.90745,0.678577,0.19943,0.425051,0.387749,-0.00201,-0.282806,0.174825,0.375698,-1.0
-0.774205,-0.565412,-0.043324,-0.800625,-0.689469,-0.011741,0.000693,0.701212,-0.073234,0.033423,-0.147871,-1.0,0.167561,0.473163,-0.962604
0.33698,-0.552361,-0.221381,0.634669,0.216467,0.713203,0.73501,0.652924,0.172183,0.549034,0.002172,-0.298191,-0.004106,0.51003,-0.964213
0.247,-0.293357,0.2635,0.862056,-0.362754,-0.058837,0.200791,0.033208,-0.104467,0.098975,0.682688,-0.337152,-0.464906,0.222663,-0.955825
0.251885,0.097428,0.973586,0.627531,-0.026106,0.29555,0.596194,0.577344,-0.03108,0.455548,0.448249,-0.159048,-0.357985,0.252815,-0.954068
-0.046771,-0.372092,-0.597059,-0.086898,-0.687857,-0.537145,0.791756,0.49287,-0.466833,-0.410787,0.329972,0.057832,-0.456787,-0.075514,-1.0
-0.731245,-0.98834,0.281145,0.148916,-0.75291,0.119947,0.224147,0.413777,-0.152447,0.020156,0.041444,-0.81401,0.066106,0.557231,-0.997241
-0.727376,-0.177894,0.476703,0.088775,-0.385118,0.147202,0.975023,0.429127,-0.782961,0.228226,-0.058554,0.005492,0.39575,0.297293,-1.0
0.36237,-0.123728,0.866955,0.387439,0.736375,-0.460787,0.818819,0.906443,0.55311,-0.334846,0.002378,0.042179,0.413166,-0.285968,-1.0
-0.803957,0.827848,0.295548,0.246036,0.16337,-0.561065,0.225358,0.666499,0.05975,-0.2029,-0.501085,0.614056,0.260766,-0.49566,-0.993445
0.551001,0.35609,0.287559,0.172114,-0.727396,0.186867,0.568378,0.675571,-0.476614,0.099971,0.440569,0.089767,-0.566674,0.003544,-1.0
0.820569,0.918799,-0.225358,0.845726,0.364415,-0.022962,0.554239,0.638982,0.354925,0.04757,0.209923,0.40183,-0.13946,-0.474586,-1.0
0.724937,-0.479568,0.616376,-0.133816,-0.637115,-0.493287,0.672481,0.740729,-0.438499,-0.392046,0.395553,0.014935,-0.546887,-0.056127,-1.0
0.218284,-0.480149,0.736938,-0.008531,-0.935207,0.102661,0.701141,0.550717,-0.475397,-0.04039,0.289684,-0.228556,-0.433267,0.339063,-0.912658
0.761027,-0.910146,-0.240061,-0.134395,-0.427446,0.107104,0.037203,0.430107,0.00457,0.027755,0.74129,-0.659679,-0.368524,0.320913,-0.991646
0.816294,0.788534,-0.382849,-0.314911,0.01061,-0.725006,0.824844,0.080349,-0.047368,-0.703339,0.085412,0.193557,-0.243179,-0.373876,-0.896122
-0.658448,0.442938,-0.419858,-0.679371,0.438901,-0.08283,0.144072,0.004827,0.083625,-0.038258,-0.823932,0.356446,0.546174,-0.278231,-1.0
0.963397,0.491686,0.480631,0.373551,-0.881052,-0.740041,0.006116,0.475006,0.016036,0.07207,0.741199,0.595713,-0.489,-0.300523,-1.0
-0.140625,0.282333,-0.830778,-0.518433,-0.202555,-0.15854,0.314641,0.460426,-0.240492,-0.17191,0.059923,0.739123,-0.037225,-0.433224,-0.99777
0.799422,0.719559,0.483402,-0.545815,-0.090779,0.950502,0.451505,0.825655,-0.019932,0.368927,0.591242,-0.115273,-0.524745,0.101114,-0.993412
-0.418961,-0.702261,-0.921883,-0.496309,0.81013,-0.331345,0.457114,0.905558,0.325013,-0.157295,-0.515632,-0.104922,0.461857,0.126308,-1.0
0.267634,-0.653234,0.001082,-0.447237,-0.854596,0.150259,0.37991,0.576173,-0.318115,0.002678,0.469389,-0.433717,-0.459588,0.308098,-0.91065
0.230123,-0.402103,0.869206,0.956623,-0.168066,-0.092495,0.5281,0.449709,-0.349045,-0.213264,0.483291,-0.266822,-0.389479,0.205275,-0.911552
-0.476179,-0.322304,0.386576,-0.952237,0.531781,-0.601006,0.349107,0.069821,0.094297,-0.155688,-0.656138,0.073095,0.477688,-0.223378,-0.933287
0.050869,-0.017654,-0.16813,0.7583,-0.252411,-0.209676,0.452003,0.747827,-0.234174,-0.152725,0.45803,0.25885,-0.493693,-0.254937,-0.97239
-0.484571,-0.880535,0.629565,0.803351,0.285491,0.375267,0.80371,0.647825,0.363785,0.501978,-0.163666,-0.177473,0.304788,0.51475,-1.0
-0.362313,0.905247,0.482376,0.542686,-0.236194,0.91631,0.549359,0.953272,-0.119073,0.456614,-0.432516,-0.005254,0.494529,-0.018933,-1.0
0.35986,-0.299447,0.076347,0.166498,-0.080104,0.867369,0.74442,0.225645,-0.082241,0.60061,0.166294,-0.273464,-0.070304,0.509413,-1.0
-0.873139,0.017072,-0.018677,0.410681,-0.549408,0.735762,0.376147,0.882473,-0.169607,0.209003,-0.314863,-0.580995,0.260606,0.571594,-1.0
0.205231,0.880024,-0.990955,-0.596222,0.44861,0.941356,0.921394,0.052912,0.303823,0.781326,-0.072355,-0.11566,0.418899,0.139314,-0.970928
-0.996138,-0.291605,-0.996653,-0.78285,-0.16788,-0.093261,0.695395,0.452228,-0.469314,-0.30394,-0.322028,-0.09764,0.422319,0.109765,-1.0
-0.100507,0.040394,-0.276988,0.165039,0.481565,0.929864,0.427055,0.745515,0.129129,0.207227,-0.38692,-0.5421,0.227791,0.389272,-0.961342
-0.095493,-0.222071,-0.702947,-0.47118,-0.705442,-0.014438,0.120124,0.323663,-0.079473,-0.067547,0.855881,-0.213899,-0.535278,0.236782,-0.997238
-0.784563,-0.315093,-0.703501,-0.096552,0.703784,-0.062426,0.790224,0.645641,0.748681,-0.082361,-0.201008,-0.09718,0.478923,0.036989,-0.98767
0.849053,-0.475701,-0.547296,-0.684536,0.887885,-0.423187,0.411136,0.304489,0.29556,-0.059568,-0.299162,-0.413986,0.26172,0.462151,-0.93558
0.560101,0.778663,-0.577981,-0.508084,-0.214137,-0.757673,0.950452,0.686261,-0.179358,-0.752942,0.016963,0.045969,-0.187139,-0.453857,-0.969366
-0.162114,-0.142174,-0.310003,0.160986,0.113039,-0.63505,0.469733,0.316188,0.069083,-0.334147,-0.293955,0.485757,0.236007,-0.4002,-0.910016
-0.759772,-0.361775,0.011971,-0.169728,-0.679944,0.276119,0.741755,0.599869,-0.559231,0.24451,-0.084658,-0.280079,-0.059651,0.589238,-0.958399
-0.111902,0.243861,-0.92373,0.051018,-0.732622,-0.853071,0.799455,0.755863,-0.347535,-0.4769,0.017676,0.104312,-0.193575,-0.439302,-0.952166
-0.84051,-0.810834,-0.00388,0.768641,0.336096,-0.19018,0.120033,0.298915,0.100426,-0.000294,-0.794443,-0.439368,0.351945,0.258105,-0.982666
0.498526,0.241115,0.162354,-0.110748,-0.097003,0.421804,0.69585,0.694789,-0.057454,0.611455,0.264685,-0.122661,-0.474389,0.159353,-0.93454
0.593489,0.184258,0.867854,0.475271,-0.407669,-0.255879,0.885266,0.04507,-0.60111,-0.419514,0.091934,0.012322,-0.483407,-0.191672,-0.982338
-0.42846,0.646329,-0.958476,0.919297,-0.029393,0.601629,0.117284,0.527826,0.020974,0.034141,-0.808737,0.146615,0.464193,-0.100141,-0.926967
0.817126,-0.255903,-0.51344,-0.901731,0.274472,0.503936,0.146639,0.812352,0.090119,0.106272,0.589775,-0.773514,-0.309357,0.323415,-1.0
-0.781533,-0.276541,-0.632059,0.569177,-0.255913,-0.437134,0.631083,0.727335,-0.306816,-0.395056,-0.353443,0.161833,0.42673,-0.153896,-1.0
0.371506,0.918001,-0.637195,-0.687666,0.058598,0.702281,0.583624,0.207545,0.051161,0.436964,0.39116,0.224283,-0.406929,-0.281054,-0.981584
-0.933655,-0.715995,-0.632066,-0.203774,0.704942,0.029196,0.955074,0.744519,0.724507,0.050498,0.022833,-0.123566,0.448275,0.214914,-0.949915
0.086958,-0.425548,0.69229,-0.889065,0.71844,0.736672,0.380769,0.547582,0.153594,0.194633,-0.25984,-0.532229,0.270937,0.458793,-0.972151
-0.610804,-0.785889,0.281394,-0.536915,0.168849,0.208079,0.964732,0.292006,0.49234,0.688452,0.017968,-0.053563,0.286223,0.383172,-0.908494
-0.438007,0.563073,-0.67871,-0.032314,-0.982529,-0.385778,0.866677,0.817859,-0.601833,-0.339435,0.046947,0.068305,-0.232374,-0.360313,-1.0
0.513738,0.398807,-0.501608,0.388852,-0.89323,-0.187312,0.520469,0.513449,-0.266303,-0.059751,0.479698,0.266131,-0.41385,-0.18862,-1.0
0.865339,-0.482744,0.963503,-0.682334,-0.524466,-0.792851,0.90673,0.073538,-0.4187,-0.599926,0.067641,-0.007548,-0.438248,-0.102376,-0.945559
-0.726593,-0.348275,-0.354009,-0.202939,-0.63076,0.156798,0.363271,0.112372,-0.286544,0.10924,-0.14247,-0.666367,0.085997,0.498398,-0.979324
-0.676379,-0.245948,-0.275665,-0.274648,-0.751805,-0.703188,0.731242,0.319595,-0.364771,-0.319829,-0.088989,0.216673,-0.087734,-0.483053,-1.0
0.839816,-0.552953,-0.020976,0.651253,0.22231,0.119255,0.135804,0.216784,0.038247,0.039159,0.541496,-0.619897,-0.398115,0.37943,-0.984633
-0.184724,0.950174,0.753814,-0.163572,0.7341,0.363331,0.092607,0.562557,0.01826,-0.052261,-0.792983,0.422659,0.430215,-0.36193,-1.0
-0.24995,0.551232,-0.329003,-0.433511,0.207585,0.848734,0.699838,0.347212,0.17143,0.519496,-0.321883,-0.162264,0.413111,0.315056,-1.0
0.995375,0.18373,-0.917449,-0.703919,-0.439651,0.064263,0.706098,0.968246,-0.614498,0.087169,0.337815,-0.013387,-0.50323,-0.033191,-0.857539
-0.298023,-0.499477,0.491253,-0.88757,0.078132,0.819075,0.176916,0.436969,0.087866,0.137571,-0.207039,-0.78427,0.099655,0.518552,-1.0
-0.179147,-0.961723,-0.973991,-0.002791,0.283439,0.070818,0.826958,0.743812,0.634015,0.163551,-0.095297,-0.128481,0.121862,0.553204,-1.0
-0.458552,-0.516614,0.926817,0.118913,-0.552088,-0.725001,0.315171,0.82483,-0.117756,-0.172553,0.3622,0.598376,-0.2719,-0.365236,-1.0
0.082732,-0.440627,-0.505763,-0.318816,-0.786817,-0.020237,0.417884,0.220341,-0.357771,0.00213,0.564227,-0.342979,-0.399372,0.278429,-0.954036
-0.895768,-0.580792,-0.42992,-0.358762,-0.584214,0.347324,0.549827,0.712556,-0.34088,0.202341,-0.076258,-0.459633,0.222429,0.505514,-0.926924
-0.396054,0.759845,0.219361,-0.471239,-0.941743,0.657366,0.624479,0.288114,-0.404937,0.279859,0.409851,0.002415,-0.529209,-0.086839,-0.954886
0.654692,-0.026142,0.841576,-0.063041,-0.696376,-0.67333,0.492084,0.951145,-0.269705,-0.229907,0.442363,0.199155,-0.473265,-0.218568,-1.0
0.339025,0.242187,0.731633,-0.845661,0.270731,-0.44296,0.085293,0.756482,0.053567,-0.067811,0.052723,0.90482,-0.062524,-0.466498,-1.0
-0.705687,-0.16468,0.576539,-0.192042,-0.200104,0.787323,0.262361,0.303438,0.001109,0.279838,-0.39023,-0.622139,0.139267,0.449672,-1.0
-0.621156,-0.747456,-0.371343,0.37016,0.3071,0.683485,0.10236,0.68773,0.153849,0.116916,-0.526071,-0.649005,0.282457,0.445267,-0.959346
0.512627,0.336194,0.496814,0.650096,-0.983964,0.454642,0.305863,0.652267,-0.14928,0.108325,0.652669,0.052664,-0.515899,0.123847,-1.0
-0.215274,-0.188773,0.79654,-0.109683,0.070864,-0.544465,0.685758,0.334081,0.008929,-0.511483,-0.146296,0.216564,0.202103,-0.423085,-1.0
-0.211892,-0.503375,-0.29219,-0.277592,-0.446318,0.227886,0.964681,0.451662,-0.731781,0.384724,-0.022248,-0.037809,-0.059901,0.500348,-0.997737
-0.687559,0.575751,-0.493727,0.166027,-0.19154,0.602373,0.509186,0.146974,-0.131675,0.363474,-0.473369,-0.0168,0.478784,0.021846,-0.982753
0.72048,-0.765606,0.077361,-0.779877,-0.818618,0.61281,0.876703,0.223582,-0.578609,0.393481,0.10092,-0.03914,-0.414048,0.406582,-1.0
0.499447,0.720537,-0.032654,0.19412,-0.419221,-0.178286,0.198442,0.691709,-0.242354,-0.121706,0.563827,0.545661,-0.348226,-0.20077,-1.0
0.001991,0.827914,0.294971,-0.366861,-0.519405,-0.6946,0.822059,0.143383,-0.326913,-0.59671,-0.014899,0.134212,-0.074807,-0.367272,-1.0
-0.001061,-0.868443,-0.159569,0.339483,0.484277,0.123068,0.273018,0.606397,0.175409,-0.010358,-0.296969,-0.633254,0.164583,0.475813,-1.0
0.436471,-0.148313,-0.369014,0.976983,0.554028,-0.631248,0.083645,0.071785,0.042341,-0.03376,-0.130286,0.948162,-0.009059,-0.477437,-1.0
0.366543,0.40592,0.044842,-0.58291,-0.324015,-0.390042,0.563429,0.669682,-0.326192,-0.356901,0.316346,0.304137,-0.278878,-0.321238,-0.980559
0.124935,-0.845851,-0.927145,0.794436,-0.171105,0.600723,0.262598,0.073779,-0.020921,0.170619,0.185831,-0.764129,-0.05311,0.503901,-1.0
0.361445,-0.0286,-0.282373,-0.930961,0.276511,-0.715856,0.609734,0.637556,0.238033,-0.476416,0.006466,0.344996,-0.080497,-0.502431,-1.0
-0.868434,-0.881159,-0.326456,0.120336,-0.895577,0.651325,0.519278,0.969655,-0.315741,0.287924,0.002807,-0.486004,-0.012787,0.48768,-0.958003
0.237954,-0.165058,0.288731,0.011612,0.696288,0.030658,0.203725,0.652797,0.162182,0.000259,-0.787078,-0.239683,0.379358,0.239133,-0.96333
-0.270321,0.669684,0.87667,-0.244207,-0.871185,-0.351149,0.650917,0.983742,-0.477497,-0.148892,0.082748,0.27512,-0.228175,-0.461271,-0.948166
-0.607866,0.252894,0.675974,-0.003341,-0.439707,0.499319,0.455146,0.553231,-0.267209,0.252338,-0.317576,-0.516086,0.385358,0.400386,-0.969568
-0.911296,0.233975,-0.641502,0.783899,-0.240131,-0.800358,0.161725,0.144723,-0.103551,-0.188412,-0.506778,0.77686,0.299922,-0.423258,-1.0
0.058102,-0.830366,0.535447,0.49409,-0.330959,0.062344,0.913809,0.016094,-0.770055,0.160444,-0.072161,-0.046925,-0.233931,0.424374,-1.0
0.700097,-0.28448,0.527828,-0.900766,0.88749,-0.432548,0.333569,0.95494,0.269573,-0.160396,-0.507765,0.357591,0.425482,-0.301566,-1.0
-0.354836,-0.094742,0.642958,-0.788777,-0.491394,-0.569356,0.143592,0.655676,0.019086,-0.104789,0.306862,0.804891,-0.143713,-0.481815,-1.0
-0.594195,-0.51455,0.583829,-0.135483,-0.842632,-0.713251,0.136807,0.243697,-0.025726,-0.067986,0.697673,0.536964,-0.405894,-0.42948,-0.969429
0.64462,-0.00627,0.082254,-0.373785,0.790341,-0.624267,0.008494,0.120133,0.010282,0.009407,-0.226271,0.979753,0.063609,-0.511992,-1.0
0.199906,0.540794,0.659755,0.425815,0.382504,0.862955,0.56308,0.526592,0.203409,0.356984,-0.281007,-0.412096,0.222157,0.411257,-0.990388
-0.01204,0.718198,-0.99644,0.160825,0.459955,0.374858,0.669849,0.3873,0.451318,0.267322,-0.206235,0.204774,0.460476,-0.303213,-1.0
-0.434759,-0.600753,0.90964,-0.8567,-0.612249,-0.851146,0.900182,0.518364,-0.435846,-0.545357,0.092,0.100832,-0.323013,-0.436026,-0.978404
-0.88583,0.153243,-0.102539,0.802057,-0.709329,-0.976878,0.105631,0.324808,-0.043841,-0.080286,-0.215255,0.875458,0.126049,-0.548345,-1.0
0.401423,0.230917,0.287646,-0.256285,-0.20626,-0.501527,0.373275,0.286228,-0.173652,-0.278056,0.373082,0.486493,-0.301309,-0.377308,-1.0
0.586955,-0.97448,0.255177,-0.725251,-0.31057,-0.267037,0.971464,0.463889,-0.526054,-0.376625,-0.003574,-0.047447,-0.459394,0.310558,-0.96994
-0.199336,-0.36771,-0.137378,-0.087308,-0.037224,0.597179,0.868367,0.722996,-0.130247,0.672004,-0.004574,-0.180358,0.119002,0.463717,-0.965904
-0.749591,0.846245,0.333613,0.236386,0.260769,-0.468203,0.581432,0.124412,0.239342,-0.363065,-0.360393,0.277245,0.204822,-0.413954,-1.0
0.424433,-0.245853,0.133673,-0.474064,-0.129446,-0.128988,0.80214,0.087283,-0.435664,-0.511328,0.18035,-0.117754,-0.569489,0.083483,-1.0
0.334759,-0.806072,-0.146201,0.280951,0.817579,-0.511841,0.887016,0.917544,0.676269,-0.398389,-0.072444,-0.093106,0.384705,0.277268,-0.950317
0.645102,0.831591,0.96995,-0.960632,0.575637,-0.947576,0.175557,0.194328,0.079949,-0.111577,0.046394,0.893031,-0.04833,-0.637091,-1.0
-0.894691,-0.327509,0.307846,-0.726419,0.33657,0.659996,0.407558,0.102043,0.156609,0.314816,-0.410056,-0.309194,0.314379,0.394083,-0.979487
0.015092,-0.730417,-0.520202,0.334693,0.45624,-0.509369,0.039081,0.105726,0.07304,-0.009674,-0.941308,-0.456682,0.466081,0.267459,-0.983098
0.300492,0.693758,-0.283704,-0.640488,-0.53231,-0.502984,0.279053,0.574365,-0.09786,-0.105658,0.403156,0.631033,-0.33742,-0.401195,-1.0
-0.231227,0.212037,0.569651,-0.668124,-0.701256,-0.144989,0.326452,0.91569,-0.212319,0.047261,0.492605,0.448169,-0.337238,-0.295325,-1.0
0.383257,-0.611883,-0.134577,0.063556,0.705588,-0.457138,0.064944,0.200153,0.047163,0.058933,-0.900931,-0.464465,0.512619,0.209087,-0.949802
-0.762166,0.042636,0.105272,0.296085,-0.749991,-0.220321,0.488746,0.074514,-0.356802,-0.076306,-0.148506,0.608877,-0.027491,-0.479227,-0.972848
-0.939243,0.679945,0.691394,0.724987,0.343898,0.295152,0.433567,0.388894,0.284059,0.267062,-0.600802,0.060194,0.449061,-0.206043,-0.995978
-0.733405,-0.510133,0.709609,0.076007,-0.301561,0.64494,0.466207,0.918596,-0.186889,0.314939,-0.174066,-0.478677,0.248528,0.444565,-0.958636
0.149636,-0.791743,0.571225,-0.423817,-0.696921,0.42009,0.537017,0.592529,-0.395908,0.266419,0.199606,-0.273825,-0.292154,0.394916,-0.918959
0.314899,0.601171,-0.113799,0.830784,0.633725,-0.131262,0.852353,0.255694,0.662493,-0.14352,-0.039881,0.139306,0.087045,-0.473156,-0.942114
0.455038,0.077756,-0.608201,-0.93752,-0.740074,0.888073,0.68074,0.357109,-0.509411,0.422511,0.30634,-0.162287,-0.378115,0.322596,-1.0
0.782108,-0.909578,-0.303045,0.884674,0.370929,0.904589,0.563603,0.800171,0.081335,0.403885,0.105076,-0.349221,-0.243638,0.495794,-0.890509
-0.405133,-0.376678,0.623198,-0.411668,-0.316767,-0.212327,0.522299,0.498218,-0.410809,-0.302134,-0.237733,-0.485717,0.328586,0.480093,-1.0
-0.99817,0.840697,-0.121468,-0.5808,0.604231,0.38986,0.437381,0.284968,0.273915,0.250666,-0.515087,0.13673,0.438594,-0.115577,-1.0
0.2749,0.657216,-0.164967,-0.378855,0.60527,-0.674411,0.082703,0.687511,0.013734,-0.06121,-0.225488,0.846105,0.153785,-0.506162,-1.0
-0.327065,0.753278,-0.924417,0.424759,-0.007998,-0.922831,0.494315,0.870103,-0.040173,-0.378932,-0.123751,0.516656,0.098814,-0.531918,-1.0
-0.129728,-0.776883,0.488054,0.058427,-0.894042,-0.419011,0.515518,0.40514,-0.377872,-0.236953,0.556104,-0.239525,-0.533094,0.132209,-0.966308
0.459025,-0.120247,0.656748,-0.008704,-0.575347,-0.191939,0.996057,0.729254,-0.885307,-0.228281,0.061035,0.033647,-0.549877,-0.015446,-0.975259
0.361585,-0.737855,0.905469,0.317236,0.820356,-0.311364,0.544777,0.76999,0.463521,-0.130385,-0.353848,-0.308814,0.44173,0.218257,-0.97275
0.617787,0.075266,0.92079,0.922784,-0.487738,0.802983,0.815091,0.152975,-0.298683,0.516275,0.117824,-0.027574,-0.372538,0.323792,-1.0
-0.261447,-0.917785,0.537001,-0.527784,-0.69821,0.408393,0.305802,0.847065,-0.143225,0.053789,0.292386,-0.770609,-0.220267,0.479274,-0.991538
-0.162052,0.904187,0.319304,0.710065,0.165454,-0.177385,0.221921,0.374727,0.173004,-0.098041,-0.226758,0.726834,0.04648,-0.489829,-0.995832
-0.620739,-0.349416,0.824985,0.399065,0.441928,0.591142,0.606551,0.096846,0.372971,0.339947,-0.260422,-0.25597,0.444845,0.245092,-1.0
-0.147618,0.571103,0.407271,0.062066,-0.989089,-0.509082,0.465075,0.34286,-0.32959,-0.140206,0.270909,0.449498,-0.369712,-0.34572,-0.913388
-0.14779,0.477054,0.854643,-0.609457,-0.359658,-0.200236,0.51318,0.993862,-0.33607,-0.128851,0.16642,0.485438,-0.177939,-0.479648,-0.979116
-0.878451,0.228799,0.20976,-0.707718,0.035268,0.097703,0.60804,0.403333,0.156948,0.495235,-0.360939,0.004975,0.54783,-0.148491,-1.0
-0.797258,-0.756448,0.678088,0.829251,-0.518963,0.640205,0.183668,0.9907,-0.069662,0.166542,-0.086779,-0.78996,0.055844,0.390255,-1.0
-0.299551,-0.357514,-0.073536,0.484664,0.601599,-0.656468,0.778649,0.204874,0.522964,-0.473489,-0.203097,0.105673,0.484207,-0.174637,-0.927445
-0.618261,0.8178,-0.512629,0.97966,-0.408293,0.290499,0.789838,0.905638,-0.464365,0.335634,-0.070675,0.227208,0.208948,-0.522179,-0.943242
0.706758,-0.363727,0.600194,-0.266772,-0.498369,0.145922,0.892295,0.168992,-0.628594,0.17839,0.037906,-0.155841,-0.501767,0.155311,-1.0
-0.128944,0.546496,-0.554948,0.522874,0.971655,-0.974953,0.81361,0.000163,0.598521,-0.430951,-0.02942,0.188508,0.255602,-0.339315,-1.0
0.359787,0.593147,0.723901,-0.310867,-0.505278,0.426469,0.547197,0.549354,-0.295017,0.270973,0.444487,0.106415,-0.462032,-0.108519,-1.0
0.108405,-0.493106,0.744115,-0.063145,-0.139471,-0.567941,0.796737,0.798051,-0.153448,-0.595353,0.153109,0.025181,-0.469273,-0.113681,-1.0
-0.078117,0.940222,-0.782291,-0.600449,-0.846941,-0.953739,0.670263,0.470354,-0.411021,-0.467122,0.084555,0.225833,-0.201667,-0.461679,-1.0
0.068677,-0.145941,-0.199449,0.021724,0.873894,-0.604007,0.918239,0.072234,0.55596,-0.385699,-0.072213,0.050005,0.471314,-0.180812,-1.0
-0.121017,0.715503,-0.95804,-0.833675,0.196391,-0.133986,0.420093,0.345494,0.297683,-0.224223,-0.259045,0.588661,0.225115,-0.509754,-0.907781
-0.634268,-0.931162,-0.303104,0.078288,-0.897911,-0.891675,0.941047,0.404261,-0.479387,-0.493941,0.084619,-0.011702,-0.500934,-0.057152,-1.0
0.336172,0.258855,0.19979,0.95219,0.622295,0.378064,0.648654,0.947365,0.477886,0.328639,-0.265215,-0.154422,0.486125,0.140986,-1.0
0.886784,-0.765728,0.770165,0.552357,0.760076,0.120872,0.991604,0.744034,0.787276,0.18243,-0.02875,0.04153,-0.152382,0.501363,-0.989103
0.845601,-0.620805,0.93868,-0.009936,-0.074954,0.005376,0.833293,0.943976,-0.634036,0.087266,0.108631,-0.184965,-0.393102,0.248572,-0.955189
0.589056,-0.914939,-0.83504,-0.415572,-0.036456,0.642278,0.138052,0.006295,-0.05182,0.124064,0.278431,-0.792393,-0.208328,0.505183,-1.0
0.922918,0.546936,-0.307152,-0.936033,-0.492471,0.319136,0.627995,0.283485,-0.303976,0.27163,0.37294,-0.056604,-0.470837,-0.107736,-0.998768
0.991933,-0.978732,-0.891463,-0.819298,0.229783,-0.659441,0.531841,0.530714,0.130291,-0.349058,0.390183,-0.193571,-0.425769,0.082401,-1.0
-0.007321,0.882241,-0.76581,-0.684441,0.28785,-0.554564,0.36232,0.77327,0.177654,-0.246566,-0.186609,0.52125,0.091912,-0.374849,-0.990409
-0.176239,-0.981932,0.105505,-0.87611,-0.170369,-0.240316,0.901028,0.56979,-0.441598,-0.67275,0.022213,-0.119398,0.018343,0.506402,-0.958836
0.521912,-0.883633,0.054894,0.740761,0.541521,0.938146,0.711796,0.554238,0.215132,0.551767,0.048401,-0.264756,0.017625,0.552922,-0.994476
0.496924,-0.336723,-0.389669,-0.100168,-0.519714,-0.679658,0.806068,0.37629,-0.386928,-0.537317,0.221019,-0.004368,-0.361881,-0.113865,-1.0
-0.19727,0.891416,-0.013663,0.474215,-0.481236,-0.814151,0.301219,0.971058,-0.126515,-0.254796,0.06245,0.57509,-0.072012,-0.479544,-1.0
0.909737,-0.718051,0.969027,0.115191,-0.446655,-0.945555,0.004202,0.86096,-0.024454,-0.061268,1.0,0.208392,-0.540821,-0.043703,-0.926947
0.299636,-0.556757,-0.006558,0.272571,-0.063235,0.926889,0.410504,0.452953,-0.051686,0.313728,0.107462,-0.524928,-0.106851,0.502135,-0.965336
-0.702413,0.220548,0.928034,0.658534,-0.166558,-0.474199,0.40272,0.368897,-0.152515,-0.23608,-0.402766,0.543026,0.370118,-0.380392,-1.0
0.181645,0.927818,0.079687,-0.415495,0.692963,0.748365,0.134479,0.960118,0.070164,-0.002476,-0.860591,0.317545,0.487947,-0.022407,-0.965167
0.023265,-0.92646,-0.932859,-0.093742,-0.344974,0.906402,0.609896,0.937987,-0.161954,0.416121,0.148381,-0.448528,-0.096319,0.5664,-1.0
0.633528,-0.375422,0.768186,-0.006815,-0.322873,0.84091,0.815804,0.337485,-0.156098,0.659055,0.107806,-0.15936,-0.347137,0.419681,-1.0
0.236648,0.294715,0.910727,-0.391787,0.894106,0.101225,0.463716,0.424062,0.401999,-0.062087,-0.521314,0.080913,0.585897,-0.178948,-1.0
-0.148061,-0.023817,0.731481,-0.449204,-0.956126,0.455049,0.870989,0.238519,-0.687338,0.323875,0.029957,0.01235,-0.37626,0.164974,-1.0
-0.421979,-0.455714,0.322281,-0.484236,0.812905,0.242173,0.692175,0.814615,0.574181,0.125595,-0.145528,-0.210163,0.437484,0.170526,-1.0
0.481313,-0.954534,-0.149148,0.242189,-0.419159,0.213505,0.885758,0.796576,-0.707622,0.322839,0.086704,-0.14892,-0.287654,0.411592,-0.901448
-0.013072,0.640377,-0.443114,-0.310439,-0.936076,0.910509,0.573982,0.537982,-0.241133,0.274323,0.341524,-0.202303,-0.491912,0.171679,-0.985357
0.16504,0.329082,0.57426,0.813886,0.413729,0.131305,0.759753,0.539823,0.602515,0.215212,-0.090765,0.059509,0.41033,-0.301987,-0.902232
-0.090762,0.443459,0.620357,-0.106502,0.203271,-0.66636,0.877465,0.621469,0.17427,-0.679387,-0.048549,-0.02204,0.094922,-0.523923,-0.968069
-0.854041,0.169554,-0.127907,-0.053829,-0.010601,0.376988,0.578986,0.58173,-0.009311,0.38631,-0.413291,-0.124602,0.477336,0.147845,-1.0
0.142603,-0.237424,-0.106308,0.001685,0.59222,0.328758,0.776617,0.138245,0.595765,0.233885,-0.147904,-0.153131,0.288048,0.537273,-0.999123
0.607465,0.02114,-0.483536,-0.096109,-0.180705,-0.245094,0.555487,0.435475,-0.269164,-0.316094,0.374913,0.167646,-0.431051,-0.180243,-1.0
0.668907,0.402954,-0.920259,0.918663,-0.758092,0.349418,0.568856,0.856055,-0.376697,0.124097,0.512446,0.034751,-0.474482,0.053827,-1.0
-0.796764,0.465544,0.60417,0.804417,0.555674,-0.54418,0.424248,0.51258,0.216094,-0.187925,-0.511996,0.379203,0.394739,-0.278275,-1.0
-0.125052,0.4835,0.193505,-0.473876,0.704349,0.884051,0.706658,0.814446,0.312695,0.421745,-0.192802,-0.159528,0.451059,0.247434,-0.960656
-0.489053,0.987925,0.44049,-0.603824,0.047391,0.529362,0.395694,0.686769,0.087565,0.307526,-0.425831,0.355631,0.33744,-0.392971,-1.0
-0.797116,-0.094792,-0.616671,0.074498,0.73707,-0.4329,0.577314,0.451737,0.448876,-0.285897,-0.404425,0.079053,0.543211,-0.110928,-1.0
0.070799,0.07462,-0.167949,0.587688,-0.357711,-0.426425,0.940105,0.241996,-0.521022,-0.599868,0.084141,0.059212,-0.356305,-0.370578,-1.0
0.075693,-0.031867,0.702996,0.219138,-0.532176,-0.605207,0.492877,0.580993,-0.28757,-0.233556,0.283325,0.256406,-0.324541,-0.306422,-1.0
-0.948496,-0.654895,-0.382324,0.032083,0.70931,0.371256,0.899665,0.313378,0.705139,0.329668,-0.112512,-0.044279,0.407712,0.219348,-0.954589
0.423233,-0.828869,0.626572,-0.201214,-0.018108,0.125031,0.980284,0.657638,-0.208765,0.833613,0.026872,-0.094511,-0.166849,0.435396,-0.923987
0.190852,0.890447,0.55718,-0.420054,0.654906,0.627975,0.648766,0.766343,0.392234,0.350209,-0.353373,0.195625,0.400254,-0.304551,-0.959404
-0.225804,-0.139996,-0.61647,-0.602367,0.837692,0.752562,0.615464,0.266256,0.335191,0.391655,-0.315618,-0.307481,0.338643,0.311154,-1.0
-0.399856,0.870385,0.367834,0.351277,-0.573931,-0.331114,0.830027,0.249664,-0.630475,-0.40051,0.013252,0.199249,-0.067649,-0.461519,-1.0
0.30849,-0.743928,-0.101257,-0.796278,0.333971,-0.65077,0.54146,0.288825,0.250315,-0.405312,-0.220279,-0.525619,0.144951,0.438929,-0.991129
0.615299,-0.212425,0.218228,-0.382382,-0.410331,0.915883,0.959902,0.439317,-0.394379,0.697402,0.129673,-0.018549,-0.435987,0.349997,-0.943945
-0.574141,-0.593685,-0.581501,0.370622,-0.107313,-0.991953,0.388666,0.602515,-0.003961,-0.315528,-0.517045,0.446173,0.392732,-0.228302,-1.0
-0.53723,-0.491983,0.107555,-0.205697,-0.828936,-0.240621,0.584911,0.734834,-0.333044,-0.137859,0.345373,-0.233746,-0.441925,0.319841,-0.962788
0.059618,0.426838,0.331297,0.751415,-0.184252,0.737027,0.690631,0.466543,-0.038346,0.630261,0.158367,-0.158828,-0.369462,0.38786,-0.907241
0.698059,-0.042404,-0.086265,-0.405296,-0.257875,0.961598,0.976816,0.175434,-0.164536,0.714774,0.081492,-0.012598,-0.366091,0.299536,-1.0
0.018419,-0.551278,0.198736,-0.180474,-0.740185,0.93889,0.676843,0.788651,-0.193098,0.415699,0.168216,-0.314506,-0.185632,0.455711,-1.0
0.169296,-0.664236,0.598554,0.257836,-0.354591,0.709073,0.830847,0.240043,-0.351496,0.510123,0.078027,-0.21714,-0.227109,0.491202,-1.0
0.463487,-0.962465,0.703748,0.05301,-0.095907,0.089019,0.470377,0.584201,-0.177526,0.243804,0.256848,-0.505402,-0.208738,0.436652,-0.978235
-0.172557,0.150969,0.411606,0.124313,-0.401521,-0.812812,0.111058,0.976277,-0.00616,-0.143685,0.197277,0.801841,-0.193377,-0.446123,-1.0
0.653457,-0.548721,-0.367972,0.114336,-0.904909,-0.734173,0.383607,0.189157,-0.265901,-0.202683,0.595135,-0.057861,-0.482572,-0.032024,-1.0
-0.621266,-0.424332,-0.834746,0.231766,-0.601846,0.718183,0.61728,0.525817,-0.270682,0.329941,0.036268,-0.432223,0.02197,0.459258,-1.0
0.745343,0.366379,0.240657,0.178144,0.070927,0.222343,0.035758,0.210243,0.066495,0.002109,0.896081,0.15217,-0.433345,-0.210062,-1.0
0.539247,0.730035,0.454885,0.656425,0.415571,0.692655,0.742995,0.238171,0.279941,0.504324,0.200573,0.07887,-0.49495,-0.249994,-0.994327
0.425563,0.050779,0.468207,-0.967699,-0.109641,-0.460093,0.705019,0.30173,-0.086244,-0.460008,0.2032,0.158055,-0.306417,-0.416174,-0.976475
0.027564,-0.806487,0.328603,0.998405,0.041473,0.292066,0.510838,0.589932,0.083729,0.406832,0.025061,-0.43938,0.007065,0.493007,-1.0
0.805344,-0.446785,0.19781,0.543062,0.78008,0.563073,0.140557,0.765505,0.130043,0.101834,0.003212,-0.768087,-0.021709,0.496162,-1.0
-0.417194,0.748696,0.763758,0.435498,-0.292056,-0.839925,0.140859,0.476293,-0.073451,-0.134985,-0.096833,0.848254,0.069032,-0.525528,-1.0
-0.041481,0.657471,0.133314,0.198853,0.885859,0.138763,0.475198,0.063635,0.429952,0.045747,-0.508604,0.22122,0.444343,-0.271242,-0.925154
0.632943,-0.547492,-0.21802,-0.854747,0.650254,0.54176,0.268906,0.028116,0.172722,0.123893,0.017549,-0.65025,-0.094093,0.529128,-1.0
-0.547553,-0.684558,-0.26309,-0.828622,0.010616,-0.829459,0.951295,0.164312,0.030816,-0.78991,0.00027,-0.054549,0.482269,-0.145536,-0.997382
-0.508655,0.672678,0.374916,-0.521297,-0.72079,0.167749,0.866056,0.091279,-0.585645,0.263302,0.084368,0.172298,-0.156984,-0.434484,-0.832865
-0.106771,0.075993,0.696534,-0.233405,-0.342084,0.314915,0.863152,0.210184,-0.531447,0.492663,0.045785,-0.088566,-0.288822,0.300107,-1.0
0.455264,0.596766,-0.640851,-0.884707,0.865913,-0.937674,0.109355,0.580682,0.048154,-0.115828,-0.250601,0.916297,0.114424,-0.485068,-1.0
0.268811,0.990674,-0.025751,0.547098,-0.923939,0.340756,0.802732,0.326887,-0.591382,0.271939,0.212183,0.079271,-0.439599,-0.218725,-1.0
0.06619,-0.70332,-0.448291,-0.240996,-0.695719,0.024006,0.453712,0.502047,-0.387359,-0.012548,0.420907,-0.464516,-0.371231,0.309191,-0.927647
0.451935,0.313172,-0.974496,0.660095,0.464361,0.00893,0.205509,0.791001,0.140642,0.043862,0.032946,0.859645,-0.002123,-0.492839,-1.0
-0.094047,-0.377576,-0.128729,0.422686,-0.180669,0.598664,0.974935,0.756563,-0.297763,0.720467,-0.02187,-0.117886,-0.063854,0.481876,-0.960598
-0.955302,-0.380839,-0.293768,-0.326139,-0.973913,0.038879,0.352395,0.587557,-0.351939,0.038806,0.029958,-0.675425,-0.023974,0.53806,-1.0
-0.63952,-0.67336,0.014061,0.799681,-0.861393,0.331059,0.052584,0.521064,-0.058475,-0.020106,0.267395,-0.950805,-0.068393,0.475276,-1.0
-0.835886,-0.556205,0.363984,-0.854292,0.661952,-0.001541,0.223865,0.048167,0.199052,-0.097452,-0.657813,-0.290142,0.436797,0.147204,-1.0
0.247076,0.755196,0.384759,-0.843376,-0.71424,-0.045296,0.926628,0.329793,-0.693755,-0.059613,0.088063,-0.057208,-0.339552,-0.377517,-1.0
-0.296016,0.565991,-0.868665,-0.987208,-0.867576,0.54221,0.007251,0.619039,-0.045245,0.014928,0.997499,0.053167,-0.56229,-0.081991,-0.988663
0.843318,-0.599518,0.203842,0.639046,-0.700415,-0.450314,0.675916,0.756072,-0.483179,-0.203001,0.285903,0.0087,-0.554344,0.067944,-0.989424
-0.820151,-0.115428,-0.212726,0.726889,-0.991291,-0.588993,0.358929,0.39779,-0.232783,-0.1681,0.300854,0.557645,-0.270484,-0.500666,-1.0
0.806296,-0.255359,-0.65863,0.155197,0.726784,-0.768895,0.212542,0.505599,0.064321,-0.141211,0.149858,0.695023,-0.045579,-0.42664,-0.942832
0.072318,0.166228,-0.53003,0.503033,-0.006355,-0.575339,0.378286,0.385031,0.064588,-0.288189,0.104708,0.630967,-0.088895,-0.499992,-0.993657
0.923019,0.268845,0.538324,-0.218687,0.111872,-0.213473,0.703034,0.033325,0.23364,-0.526011,0.320266,0.113075,-0.489183,-0.245101,-1.0
0.865247,-0.439975,0.991317,0.868263,0.515886,-0.96088,0.496648,0.400826,0.178639,-0.297604,0.392915,0.35411,-0.270749,-0.346107,-0.98754
-0.405493,0.404813,0.03723,-0.623049,-0.283207,-0.484891,0.060223,0.277481,0.026762,-0.000607,-0.068047,0.892433,0.042871,-0.497538,-0.986139
-0.775809,0.823368,-0.308977,-0.631537,-0.367431,0.699967,0.636243,0.259213,-0.298236,0.434231,-0.395018,0.103211,0.463148,-0.079081,-1.0
0.31651,0.98047,0.620101,0.130847,-0.53448,0.486282,0.261738,0.142131,-0.124668,0.16057,0.56273,0.393563,-0.418649,-0.318115,-1.0
0.84254,0.826751,-0.916308,0.165464,0.38113,-0.904218,0.003808,0.878332,0.05002,0.08901,0.272242,0.915862,-0.036302,-0.548811,-1.0
0.154478,-0.526687,-0.562748,0.338091,-0.588969,-0.507363,0.959139,0.199069,-0.610474,-0.451276,0.053723,-0.055566,-0.4934,0.006539,-1.0
-0.011492,0.516453,-0.422835,0.997987,0.957881,-0.571741,0.186959,0.957875,0.063598,-2.1e-05,-0.569024,0.648029,0.35358,-0.394637,-0.972718
0.891171,-0.879635,-0.090527,0.816428,0.268737,-0.810196,0.739833,0.734787,0.132576,-0.494926,0.265585,-0.061654,-0.457924,0.068341,-0.987565
0.805989,0.914886,-0.941686,0.595326,0.392055,-0.266964,0.478541,0.032655,0.254542,-0.279872,0.21713,0.463548,-0.160639,-0.486354,-0.991202
-0.841311,0.36883,0.723657,0.495,0.583245,0.279019,0.588377,0.730159,0.385603,0.205186,-0.409367,0.047728,0.448596,-0.022115,-1.0
0.800652,-0.634695,-0.428506,0.17022,0.685307,0.458166,0.619747,0.79726,0.434622,0.249136,0.033218,-0.314969,-0.08235,0.537789,-1.0
0.125092,0.659244,0.918061,0.78022,-0.385882,-0.981273,0.718513,0.872189,-0.141316,-0.555724,0.066966,0.252997,-0.084862,-0.51955,-1.0
-0.731227,-0.350123,0.713967,0.170231,0.717068,0.596746,0.37714,0.874161,0.255731,0.155239,-0.572405,-0.329266,0.392462,0.256243,-1.0
0.404283,-0.788555,0.974921,0.299752,0.515068,-0.92115,0.029651,0.783051,-0.001342,0.011827,-0.553189,0.801144,0.272341,-0.369045,-1.0
0.39045,-0.894309,0.248834,0.034904,-0.44859,0.98888,0.095985,0.415787,-0.011387,0.066053,0.277611,-0.885804,-0.231147,0.402228,-1.0
-0.64291,-0.924631,0.596272,0.749534,0.440755,-0.557912,0.836146,0.207816,0.382517,-0.452197,-0.27588,-0.054611,0.414255,0.113408,-0.992194
-0.743314,-0.998195,-0.808617,0.603997,0.43548,0.773515,0.528146,0.652468,0.205888,0.374182,-0.209841,-0.342198,0.200155,0.402333,-1.0
-0.87859,0.612207,0.5469,0.933675,0.119181,0.799333,0.038254,0.229799,0.017686,0.043818,-0.957822,-0.305876,0.459941,0.160334,-1.0
0.456206,-0.535353,-0.056605,0.496355,0.3314,0.198342,0.808716,0.933236,0.597088,0.284136,0.032927,-0.159805,-0.072308,0.397989,-0.876268
-0.260289,0.171482,0.389816,-0.560607,-0.919204,-0.231071,0.316426,0.484252,-0.286104,-0.154512,0.590402,0.256054,-0.473189,-0.288784,-0.98209
0.382594,-0.032421,-0.92927,-0.48548,0.900665,0.621951,0.425148,0.536957,0.276153,0.172011,-0.311577,-0.455017,0.235247,0.415091,-1.0
0.061963,-0.686896,-0.738661,0.597548,0.105329,-0.249484,0.964131,0.369108,0.270434,-0.725057,-0.015529,-0.005818,0.070598,0.509729,-0.97944
0.608845,0.153005,0.532418,-0.758213,-0.681324,0.098604,0.277191,0.688241,-0.189121,0.097666,0.727586,0.101715,-0.516405,-0.134204,-1.0
0.833819,-0.646189,0.309451,-0.355168,-0.847665,0.546081,0.9159,0.447411,-0.531941,0.330386,0.009688,-0.041928,-0.445836,0.222223,-1.0
0.917835,0.014116,0.588037,0.293368,0.779051,0.737448,0.826065,0.196404,0.515956,0.470144,0.061701,-0.148609,-0.071742,0.503164,-1.0
-0.308439,0.341814,-0.00482,-0.360423,-0.111331,-0.951314,0.250565,0.37408,0.034217,-0.212947,-0.167584,0.769722,0.06618,-0.441979,-0.957607
0.744156,0.401318,-0.002945,0.064184,0.072177,-0.737355,0.374989,0.376058,0.018858,-0.303956,0.294548,0.524376,-0.218497,-0.476852,-0.989643
0.617477,0.517869,-0.951958,-0.511211,0.59432,-0.221542,0.687152,0.468109,0.533944,-0.170086,0.005632,0.286927,-0.030066,-0.648194,-0.951775
0.026627,-0.755776,-0.508002,0.831273,0.478618,-0.084764,0.09647,0.854282,0.090657,-0.110874,-0.503698,-0.796146,0.293638,0.459337,-0.978239
-0.935365,-0.120916,-0.838987,0.633931,0.753249,0.576772,0.239063,0.321387,0.1491,0.112074,-0.638486,-0.286158,0.504327,0.293453,-1.0
0.358837,-0.724017,0.505016,-0.127705,0.373422,-0.656181,0.588247,0.42548,0.216345,-0.36224,-0.075956,-0.462633,0.054846,0.54574,-0.890504
0.330113,-0.679117,0.957031,0.628766,-0.163262,-0.956982,0.086103,0.31604,-0.001041,-0.080653,0.778868,0.423795,-0.373749,-0.205932,-1.0
0.534722,0.30648,0.847192,-0.205438,-0.252014,-0.195712,0.271157,0.216103,-0.229455,-0.240747,0.572879,0.349685,-0.567454,-0.23099,-1.0
-0.037243,-0.089681,-0.101177,-0.329812,-0.103024,0.33953,0.189473,0.613929,-0.033279,0.103048,0.020806,-0.905693,-0.092495,0.525871,-0.969832
0.657884,0.856212,-0.863607,-0.413352,0.727714,-0.854021,0.94396,0.966146,0.495189,-0.590605,-0.013851,0.003015,0.01057,-0.439286,-1.0
0.157633,0.71022,0.297067,-0.392427,0.875331,0.994002,0.261618,0.886689,0.095685,0.166691,-0.690731,-0.232775,0.449982,0.095917,-1.0
-0.766818,0.796768,0.878977,0.508456,0.497267,-0.910396,0.047316,0.813626,0.012668,-0.088219,-0.5094,0.696668,0.309805,-0.380429,-1.0
0.39707,0.838895,-0.85173,-0.374146,0.313728,0.202171,0.091527,0.361676,0.115099,0.058167,0.157738,0.858967,-0.062852,-0.440922,-0.979602
-0.490619,0.627165,-0.203975,-0.815318,0.060378,0.620158,0.939771,0.031096,-0.01526,0.727109,-0.085633,0.053338,0.518399,-0.00892,-0.922053
0.156767,0.86298,0.719814,-0.663748,-0.669441,-0.221964,0.825531,0.512349,-0.666418,-0.231617,0.10417,0.135909,-0.273625,-0.403978,-1.0
-0.143294,-0.938351,-0.129465,0.060012,0.456326,-0.853984,0.332429,0.467235,0.157831,-0.239921,-0.65011,-0.188134,0.42914,0.101989,-1.0
0.393552,-0.738309,0.53468,-0.934237,-0.461786,0.701019,0.477721,0.461543,-0.255171,0.363225,0.255599,-0.399992,-0.196931,0.372363,-0.887743
0.449218,-0.58,-0.441338,-0.011371,0.422931,0.084825,0.140118,0.032159,0.082588,0.090828,0.060546,-0.827402,-0.055739,0.50938,-0.968902
0.627832,0.485318,-0.469867,-0.981777,-0.172712,0.072548,0.845479,0.668841,-0.534249,0.262389,0.19383,0.018793,-0.375883,-0.270126,-1.0
-0.338395,-0.645549,0.926396,0.684181,0.886071,-0.321283,0.067961,0.702005,0.00794,-0.048516,-0.817141,-0.24279,0.455176,0.080862,-1.0
-0.990648,-0.738296,-0.737583,-0.24857,-0.991332,-0.824559,0.881328,0.672847,-0.567972,-0.515856,0.006581,0.155288,-0.034177,-0.469117,-0.999298
-0.96535,0.463616,-0.732872,-0.973404,-0.580373,-0.912052,0.459965,0.190037,-0.223014,-0.303873,-0.1394,0.450192,0.212374,-0.555798,-1.0
-0.402804,-0.584733,0.594201,-0.520982,0.785841,0.419161,0.432069,0.687004,0.239694,0.182746,-0.413182,-0.314108,0.390537,0.385082,-0.993904
-0.127035,-0.646703,0.239568,-0.378387,-0.652073,0.740945,0.694713,0.003535,-0.353148,0.366679,0.012896,-0.227625,-0.217876,0.512559,-1.0
-0.760121,0.695275,0.647073,0.18883,0.874524,0.944478,0.055645,0.325106,-0.019281,-0.047013,-0.933929,-0.1181,0.462876,0.114129,-1.0
0.177449,0.983507,-0.287871,0.067778,0.937084,-0.378041,0.582953,0.427676,0.387056,-0.163233,-0.226601,0.320702,0.208156,-0.434745,-1.0
-0.35653,0.704059,0.676486,0.768916,-0.406724,0.507243,0.499247,0.355157,-0.251199,0.239018,0.119961,0.533413,-0.099705,-0.546752,-0.968258
0.659707,0.46581,-0.00379,-0.696724,-0.321546,0.570645,0.082832,0.843907,-0.163979,0.121549,0.996952,-0.102388,-0.579809,0.101655,-0.920224
0.433862,0.079614,0.268627,-0.74015,-0.962508,0.19938,0.062452,0.818812,0.010173,-0.013564,0.957212,-0.134704,-0.442658,0.048284,-0.973814
0.15784,0.774443,-0.922594,-0.957457,-0.995456,0.825272,0.90259,0.974276,-0.578016,0.413274,0.120924,-0.145501,-0.459582,0.03842,-1.0
-0.129351,0.894556,-0.623873,0.096054,0.656802,0.334838,0.907549,0.271723,0.673479,0.379797,-0.076239,0.105728,0.429766,-0.31717,-1.0
0.163507,0.146147,-0.594132,-0.710861,0.81663,0.129491,0.351258,0.700173,0.305154,-0.016752,-0.546126,0.01358,0.434575,-0.001493,-1.0
0.827928,-0.109856,-0.662686,-0.115891,0.271348,0.085313,0.454477,0.085965,0.365271,0.065041,0.469583,-0.16525,-0.522991,0.266814,-0.912371
-0.949688,-0.570798,-0.071838,-0.806664,-0.901644,-0.671229,0.394359,0.136787,-0.194589,-0.11862,-0.270876,0.547938,0.171074,-0.461075,-0.981113
-0.851874,-0.596047,-0.689005,0.780342,-0.874602,0.486802,0.273638,0.733123,-0.215545,0.061875,-0.061934,-0.804057,-0.024634,0.44581,-0.932688
-0.351487,0.817693,-0.31145,-0.042899,-0.134367,0.221045,0.874803,0.235825,-0.320209,0.566769,-0.114937,0.129164,0.122942,-0.446842,-1.0
0.416915,0.703566,0.287986,0.927323,0.613626,0.04653,0.346243,0.212169,0.302718,0.085957,-0.125524,0.651877,0.117376,-0.485045,-0.963802
-0.819612,0.031659,-0.364029,-0.95047,0.718727,0.719864,0.43354,0.363317,0.193081,0.200051,-0.625262,-0.310127,0.496286,0.267288,-1.0
0.393323,-0.32405,-0.286941,0.443182,0.462717,-0.606977,0.852172,0.544319,0.423814,-0.541055,-0.132989,0.148722,0.122396,-0.437107,-1.0
-0.971093,-0.068788,-0.506462,0.214316,0.451791,-0.537149,0.480617,0.994636,0.278042,-0.311963,-0.503214,0.16867,0.553801,-0.150306,-1.0
0.601313,-0.678821,0.656336,0.319318,0.348137,-0.15127,0.443175,0.364377,0.382383,-0.188843,0.280918,-0.494842,-0.15689,0.41523,-0.95659
-0.995801,-0.062566,0.806329,0.028671,0.110335,-0.27336,0.591493,0.396648,0.171226,-0.416529,-0.479932,0.067956,0.533659,-0.126623,-0.99285
-0.048527,-0.591732,-0.197856,-0.263947,0.071302,-0.59075,0.282804,0.173078,0.036733,-0.21741,-0.736289,0.015562,0.509222,0.060486,-1.0
0.917417,-0.303964,-0.841014,0.980198,0.220303,0.862014,0.367122,0.559246,0.018783,0.263287,0.254024,-0.66671,-0.16346,0.474279,-1.0
0.287016,0.275143,-0.649983,0.437034,-0.519962,-0.53445,0.176462,0.968925,-0.195009,-0.122886,0.569,0.518415,-0.32431,-0.406034,-0.964478
0.364521,-0.118003,0.326277,0.862446,-0.879249,0.354795,0.862943,0.528219,-0.562236,0.223939,0.084374,-0.036164,-0.370944,0.182909,-1.0
-0.72243,-0.279527,-0.079062,-0.163622,-0.087731,0.072913,0.484965,0.444567,-0.341012,0.231741,-0.474632,-0.233341,0.422973,0.254417,-0.981181
-0.189646,0.779194,-0.461863,0.984726,-0.350062,0.706212,0.787014,0.266071,-0.268896,0.557832,0.199687,0.056704,-0.524147,-0.201044,-1.0
-0.398504,-0.411261,0.641566,0.676961,-0.048203,0.880884,0.0293,0.88525,-0.012802,0.026853,-0.237135,-0.912375,0.141723,0.436392,-1.0
-0.153926,0.547397,0.789,-0.493905,0.017957,0.979434,0.760248,0.315822,0.055979,0.616886,-0.038916,-0.231912,0.257056,0.526627,-1.0
0.701869,-0.125825,0.734471,-0.760708,0.233354,-0.559419,0.808406,0.782978,0.227054,-0.616109,0.202813,0.118351,-0.358994,-0.334418,-0.968177
-0.165847,-0.636003,0.808371,-0.972134,-0.61039,-0.14418,0.080823,0.107242,0.050784,-0.011936,0.554873,-0.714446,-0.342472,0.332146,-1.0
0.890806,0.966609,0.097234,0.43823,0.449814,-0.258978,0.171324,0.792666,0.080227,-0.100706,0.281788,0.773819,-0.233295,-0.476273,-1.0
-0.035319,-0.83922,-0.512964,0.356919,-0.447094,-0.810481,0.197085,0.656984,-0.062545,-0.237709,0.748021,-0.017467,-0.373497,-0.048172,-0.991458
-0.967944,-0.332351,-0.16436,0.09745,-0.415161,-0.769353,0.859949,0.435854,-0.365937,-0.654897,-0.137716,0.128868,0.356898,-0.204216,-1.0
0.974951,-0.820379,-0.131254,-0.282311,0.248372,0.006078,0.673649,0.559483,0.563945,-0.003846,0.203144,-0.291737,-0.336475,0.391114,-1.0
-0.180202,0.331241,0.089746,-0.482233,-0.085229,-0.731753,0.105727,0.006098,-0.063496,-0.0411,-0.168621,0.892337,0.041357,-0.492946,-0.939334
0.17894,-0.659631,-0.538539,-0.279749,-0.746168,-0.56261,0.079751,0.877895,-0.170276,-0.001743,0.918273,-0.130799,-0.505117,0.093503,-1.0
0.985551,-0.070103,-0.579693,-0.212066,0.705417,-0.464941,0.132052,0.09729,0.052047,0.002752,0.588864,0.638989,-0.220831,-0.457052,-1.0
0.762653,0.714633,0.321426,-0.244894,0.045889,-0.147564,0.40251,0.398088,0.113535,-0.312809,0.438726,0.35459,-0.34559,-0.412577,-0.994499
0.258546,-0.347021,0.287458,0.984838,0.876586,-0.618156,0.574742,0.710648,0.32046,-0.31306,-0.362481,0.195545,0.460352,-0.249432,-1.0
-0.678821,0.747942,0.947859,-0.08044,0.521694,0.915163,0.110473,0.689545,0.065121,0.097253,-0.931467,-0.092597,0.515123,0.042857,-0.98837
-0.646678,-0.008717,0.235974,-0.379535,0.630745,-0.214314,0.669886,0.458261,0.573825,-0.180481,-0.347396,0.129104,0.502885,-0.016258,-1.0
-0.96175,0.775407,0.309302,-0.979804,-0.20569,-0.716454,0.03107,0.743325,0.039671,0.000462,-0.42077,0.820437,0.147771,-0.45962,-0.942838
-0.318082,0.882397,0.939772,0.346125,-0.838958,0.65839,0.12234,0.420566,-0.062064,0.04239,0.882733,0.324565,-0.444347,-0.094177,-0.929897
-0.622467,0.536958,-0.053693,-0.730356,-0.080436,-0.62448,0.758395,0.429575,-0.025427,-0.649852,-0.043377,0.269563,0.177934,-0.47774,-1.0
-0.426153,-0.661991,0.605944,-0.453888,-0.967185,0.463882,0.809389,0.883319,-0.610476,0.264493,0.088868,-0.227288,-0.247178,0.337065,-0.979807
-0.0601,0.917518,-0.454673,-0.100304,-0.061535,-0.585058,0.542903,0.537677,-0.023114,-0.52778,0.078518,0.407186,-0.002271,-0.512597,-0.967335
0.231817,0.412728,0.146735,0.998654,0.406719,-0.617088,0.761703,0.072397,0.360941,-0.502042,-0.045711,0.317725,0.18208,-0.436042,-0.983296
0.140387,-0.401777,-0.61205,-0.342254,0.702991,-0.436844,0.019338,0.44445,-0.023365,-0.016959,-0.959466,0.036089,0.526748,0.124835,-1.0
0.856516,-0.042709,0.772447,-0.017634,-0.313619,-0.946428,0.545353,0.67133,-0.146786,-0.290897,0.293588,0.224635,-0.351811,-0.267959,-0.986628
0.284533,-0.644789,0.840289,0.077632,0.090981,-0.336828,0.384803,0.720555,-0.019034,-0.294603,0.306766,-0.51334,-0.269548,0.456818,-0.94637
0.03846,0.555246,-0.862422,0.614404,-0.611777,-0.885508,0.72579,0.346828,-0.397786,-0.402567,0.229383,0.126669,-0.285441,-0.422479,-1.0
-0.001504,0.162788,0.255928,-0.209686,-0.92183,-0.612059,0.589389,0.093352,-0.345388,-0.221051,0.332628,0.290159,-0.387366,-0.318846,-1.0
0.611303,0.25536,0.315125,-0.258894,0.291193,0.911571,0.255382,0.351726,0.059109,0.238589,0.297634,-0.653856,-0.329175,0.467775,-0.975311
-0.449999,0.035492,0.460661,-0.92207,-0.326604,0.921598,0.243832,0.147959,-0.132286,0.208545,-0.12351,-0.722629,0.067934,0.502657,-1.0
-0.089362,-0.551687,0.500486,-0.034943,0.399656,-0.109458,0.269407,0.09507,0.215852,-0.034548,-0.475092,-0.498302,0.338645,0.380143,-1.0
-0.867081,0.470013,-0.148323,-0.355926,0.811477,-0.228085,0.607486,0.246955,0.45822,-0.145843,-0.345392,0.212644,0.441879,-0.133123,-1.0
0.748075,-0.550267,-0.660332,0.294902,0.912255,0.594269,0.624778,0.612843,0.340173,0.209566,-0.040009,-0.359719,0.046335,0.491437,-1.0
-0.49249,0.570674,-0.784495,-0.499205,-0.664541,0.504143,0.033218,0.229938,-0.014886,0.026413,0.949547,0.302586,-0.378123,-0.20063,-1.0
0.019107,0.120761,-0.722937,0.368884,-0.472796,-0.668603,0.402965,0.641994,-0.174263,-0.2885,0.379262,0.403543,-0.234123,-0.364934,-0.985916
-0.609636,-0.535637,0.763857,0.253344,0.748312,-0.683982,0.938605,0.718957,0.520263,-0.49741,0.010979,0.077456,0.465257,-0.149797,-0.977265
-0.01205,0.920384,-0.412512,-0.218982,0.712646,0.660171,0.646494,0.567785,0.407025,0.372697,-0.267123,0.127155,0.439549,-0.14741,-1.0
0.972448,-0.963216,-0.821111,-0.288794,0.544732,-0.456719,0.620567,0.04569,0.399726,-0.366693,0.26847,-0.285932,-0.254439,0.419591,-1.0
0.294727,-0.697298,-0.132308,-0.557308,-0.27996,0.32143,0.669285,0.599021,-0.404308,0.379542,0.18265,-0.243311,-0.276687,0.397507,-0.957704
-0.505455,-0.942221,0.085299,-0.422088,-0.534564,-0.104685,0.00172,0.008412,0.01642,-0.047829,0.045951,-0.943667,0.020279,0.407487,-1.0
0.335066,0.828139,0.828029,-0.61847,0.392974,0.741386,0.687129,0.731001,0.209165,0.401449,-0.197718,0.281439,0.327438,-0.448639,-0.961047
0.93233,-0.180078,0.87436,0.932896,-0.802788,-0.798308,0.867964,0.61138,-0.590915,-0.586929,0.133014,0.139798,-0.44215,-0.17518,-0.956243
0.593165,-0.750851,0.733639,0.159484,-0.444103,0.693892,0.553525,0.284421,-0.271569,0.259173,0.260935,-0.35876,-0.373352,0.376822,-1.0
0.117423,-0.44637,0.887744,0.120726,0.047629,-0.325328,0.87552,0.475686,0.089081,-0.728303,0.082107,-0.018767,-0.274063,0.482991,-0.982428
0.726196,0.497666,0.738278,0.90017,-0.912322,0.30462,0.379146,0.938841,-0.290909,0.120261,0.562345,0.049654,-0.513499,-0.069176,-1.0
0.440803,0.641403,-0.072676,0.596556,0.425694,-0.011543,0.123823,0.965214,0.046023,-0.022632,0.025512,0.951877,0.022564,-0.532816,-0.942395
-0.244171,-0.744549,0.2455,-0.492285,-0.669204,0.08946,0.241649,0.428583,-0.266486,0.091637,0.298568,-0.677964,-0.16449,0.345754,-0.971292
0.134441,-0.647345,0.225681,0.339759,-0.438537,0.534652,0.589356,0.792482,-0.328517,0.326929,0.171879,-0.324313,-0.085981,0.374659,-1.0
0.31879,0.435359,0.273305,0.80358,0.495802,0.649925,0.751969,0.415591,0.307602,0.48511,-0.175741,-0.191627,0.328548,0.362538,-1.0
-0.464453,0.207604,0.879178,0.900459,-0.177725,-0.628868,0.397783,0.778426,-0.06905,-0.312968,-0.175052,0.513009,0.182307,-0.549302,-1.0
0.427995,-0.223235,-0.721765,0.144682,-0.587627,0.393362,0.1466,0.981846,-0.069323,0.138409,0.714435,-0.409153,-0.417307,0.264555,-0.967173
-0.580719,-0.816102,0.517884,-0.281684,0.257836,-0.03328,0.88772,0.761618,0.783779,-0.116155,-0.125676,-0.030664,0.315603,0.361829,-0.95659
-0.833758,0.952036,0.910202,0.60975,0.008228,0.129828,0.148384,0.702438,-0.044644,0.071232,-0.649542,0.585071,0.351562,-0.331703,-0.921523
-0.276218,-0.589801,0.014224,-0.883344,0.791712,-0.645179,0.793296,0.036827,0.434699,-0.296017,-0.201207,0.051806,0.530384,-0.091175,-1.0
0.145717,0.593682,-0.982381,-0.792217,0.877982,-0.108152,0.119418,0.407356,0.13549,-0.0448,-0.613983,0.668665,0.366248,-0.354583,-0.969959
-0.598627,-0.193975,0.140601,-0.775497,-0.328441,0.746452,0.55292,0.577345,-0.149834,0.37832,-0.212836,-0.414267,0.158635,0.456615,-0.997498
-0.182893,-0.388967,-0.088983,-0.69473,0.344588,0.351304,0.334271,0.419344,0.158935,0.208106,-0.383601,-0.511125,0.383247,0.401018,-1.0
0.04547,-0.820597,-0.060077,0.687724,-0.82949,-0.574982,0.319926,0.544422,-0.255097,-0.204724,0.569885,-0.194094,-0.379288,0.110752,-1.0
-0.416508,0.751521,-0.131036,-0.020819,0.78763,0.549593,0.411821,0.076631,0.256736,0.129225,-0.542497,0.250349,0.505645,-0.025079,-1.0
-0.970275,0.810719,0.882433,-0.118493,0.725731,0.592341,0.523434,0.549083,0.297062,0.364307,-0.433532,0.051424,0.444424,-0.01767,-0.988872
-0.443218,0.179737,0.20722,-0.74632,0.458751,0.340441,0.050155,0.664056,0.00111,0.032062,-0.967664,-0.219645,0.513492,-0.012837,-1.0
0.700066,-0.36751,-0.913867,0.15145,-0.896302,0.485913,0.338713,0.476159,-0.315602,0.180771,0.537239,-0.334446,-0.466284,0.241545,-0.892468
0.764615,0.128793,0.840996,-0.559778,0.550301,-0.119929,0.870039,0.411851,0.700345,-0.200178,-0.015843,0.071128,-0.376146,-0.413682,-0.933584
-0.722215,-0.14335,-0.41151,0.970446,0.28805,0.98055,0.954983,0.959133,0.184484,0.745697,-0.014126,-0.03831,0.312853,0.372449,-0.930568
0.537685,-0.813897,0.837761,0.023246,-0.138507,0.588985,0.243942,0.760185,-0.067281,0.199442,0.320188,-0.679885,-0.297864,0.495129,-0.942033
-0.049406,0.681068,0.389779,0.714644,0.524795,0.188861,0.261296,0.972854,0.266943,0.104321,-0.573708,0.448905,0.361194,-0.296041,-1.0
-0.242397,0.07464,-0.00144,0.838326,-0.033248,-0.357676,0.957523,0.17435,-0.126987,-0.784808,0.033262,0.106043,0.276232,-0.509454,-0.943637
-0.196848,0.690695,0.827319,-0.558799,-0.364012,0.403267,0.680841,0.395396,-0.413221,0.350246,0.232099,0.237346,-0.224601,-0.460456,-1.0
0.091943,-0.676655,0.224854,-0.698893,-0.911772,-0.762422,0.802553,0.380823,-0.467182,-0.474155,0.25841,-0.031903,-0.47123,-0.020945,-1.0
0.176442,-0.25874,-0.640086,-0.864394,-0.23465,0.335911,0.828553,0.759967,-0.370047,0.584561,0.100011,-0.13073,-0.269513,0.383607,-1.0
0.179657,0.459831,0.270589,0.538689,-0.183796,-0.791247,0.441467,0.162773,-0.099734,-0.402026,0.164922,0.457837,-0.123572,-0.460288,-0.998828
-0.740661,-0.741901,-0.210368,0.54752,-0.491371,0.545331,0.016269,0.556574,0.047978,-0.038792,-0.247066,-0.982947,0.076224,0.483216,-0.980591
0.83576,-0.383431,0.347112,-0.51112,0.945274,0.864544,0.821865,0.214074,0.461581,0.487995,-0.068394,-0.133628,0.062393,0.467684,-0.940502
0.788695,-0.196387,0.905382,-0.797565,0.836772,-0.34625,0.348942,0.118242,0.244291,-0.144135,-0.129924,0.667925,0.202276,-0.439988,-1.0
0.770767,0.352707,0.603533,0.694129,-0.482125,0.154695,0.514379,0.896625,-0.329319,0.140854,0.55145,0.102555,-0.432959,-0.108665,-0.936727
0.517864,0.044893,-0.358547,0.577645,-0.403691,-0.523778,0.483903,0.661875,-0.222992,-0.301048,0.384298,0.29249,-0.515856,-0.22446,-1.0
-0.33741,0.244008,-0.685034,-0.412286,-0.404397,-0.394425,0.256673,0.756795,-0.186924,-0.146323,0.108761,0.715267,-0.057451,-0.544255,-0.959819
-0.086752,-0.979142,0.011945,-0.727246,0.133639,0.847895,0.007826,0.61798,0.02562,0.034533,-0.066152,-1.0,0.124625,0.537896,-1.0
-0.700086,-0.277366,-0.398381,-0.5799,-0.745183,0.124728,0.983168,0.908722,-0.817873,0.186592,-0.003558,-0.091298,-0.084705,0.453924,-1.0
-0.859317,-0.655264,0.8191,0.768163,-0.749317,-0.704132,0.37486,0.298972,-0.209791,-0.18388,-0.574317,0.243666,0.586376,-0.161045,-1.0
-0.12369,0.514659,-0.337407,0.570488,-0.07756,-0.888623,0.910795,0.335784,-0.068129,-0.762356,-0.007324,0.124211,0.098921,-0.492818,-0.990542
-0.598369,0.087071,0.460472,0.42998,0.883116,0.463756,0.994767,0.770731,0.729997,0.302227,0.020486,-0.034538,0.427371,0.057201,-1.0
0.252839,-0.93082,-0.501227,0.867073,0.494103,0.508188,0.712288,0.337381,0.394437,0.430862,0.046923,-0.325692,0.208756,0.555327,-1.0
0.882631,0.373784,0.472187,-0.543796,0.325772,0.33652,0.163848,0.360094,0.006573,0.115742,0.818034,0.040011,-0.557404,-0.10256,-0.914863
-0.418285,0.677979,-0.31984,-0.122125,0.744645,0.304448,0.491026,0.083186,0.431736,0.119213,-0.461313,0.210608,0.476483,-0.147635,-0.991631
0.055352,-0.543363,0.668283,-0.000711,-0.693418,0.320478,0.358141,0.782093,-0.237889,0.055317,0.376813,-0.411138,-0.338635,0.39525,-0.995131
-0.415637,-0.891556,0.077638,0.978312,0.487389,6.5e-05,0.034337,0.548613,0.085676,0.018949,-0.754696,-0.65499,0.333847,0.351496,-1.0
-0.272802,0.309105,0.269913,0.2111,0.561916,-0.613234,0.451428,0.944441,0.2512,-0.304469,-0.382417,0.435578,0.393725,-0.377547,-0.956767
-0.701816,0.108915,0.688909,-0.703964,0.301345,0.756795,0.346368,0.748205,0.043865,0.211497,-0.513202,-0.389825,0.4486,0.248795,-1.0
-0.044605,0.215647,-0.390107,0.905281,-0.635328,0.938912,0.311431,0.304985,-0.169179,0.249618,0.45238,-0.556436,-0.270174,0.386732,-1.0
0.705269,0.086056,-0.873039,-0.385195,0.717859,-0.842415,0.553453,0.441327,0.23905,-0.258077,0.093861,0.545623,0.087707,-0.491651,-1.0
0.685351,-0.84071,-0.629971,0.804948,-0.136456,-0.920116,0.063927,0.95844,-0.051254,-0.009573,0.903439,0.108252,-0.483172,-0.039931,-0.946506
0.599553,-0.953971,0.554194,0.20127,0.88052,0.455462,0.249783,0.376964,0.236644,0.049283,-0.066019,-0.738817,0.040555,0.471603,-1.0
-0.329146,-0.092581,-0.827152,-0.319079,0.417109,-0.608204,0.768706,0.576646,0.380896,-0.50007,-0.149727,0.109321,0.438454,-0.328738,-1.0
-0.875853,-0.516067,-0.563557,-0.962875,-0.684368,-0.767006,0.814774,0.064299,-0.449223,-0.538259,-0.102279,0.115891,0.37451,-0.370837,-1.0
-0.977658,-0.013559,0.113533,0.347068,-0.925803,0.09361,0.520934,0.678319,-0.397041,0.152469,-0.166025,-0.337454,0.24561,0.426922,-1.0
-0.093472,0.646602,-0.220529,0.708144,0.142494,0.368838,0.295365,0.482543,0.073833,0.210768,-0.393546,0.50739,0.344323,-0.368411,-0.927667
-0.631544,0.942542,0.889607,0.291988,-0.532665,-0.817817,0.43177,0.992026,-0.118757,-0.257078,-0.041904,0.623879,-0.031749,-0.487697,-1.0
-0.771772,-0.618792,0.435863,-0.067177,0.678987,0.364069,0.657163,0.219892,0.361471,0.222616,-0.270264,-0.132264,0.416198,0.169217,-0.965428
-0.881434,0.354262,0.585025,-0.050311,0.753865,-0.434277,0.961359,0.410094,0.673546,-0.31615,-0.070022,0.119474,0.473235,-0.24762,-1.0
-0.552448,-0.583415,0.16595,-0.192813,-0.720816,0.83732,0.380928,0.873314,-0.283929,0.171423,0.189889,-0.584938,-0.057022,0.417035,-0.885047
0.079777,0.019781,-0.114846,-0.227009,-0.007465,-0.225677,0.086121,0.32784,0.021896,-0.065695,0.301423,0.852408,-0.153807,-0.468234,-1.0
0.678073,-0.526916,-0.2051,0.677902,-0.747996,0.173997,0.174369,0.976562,-0.092423,0.127762,0.664791,-0.373472,-0.399944,0.294598,-0.956496
-0.884609,0.126181,0.65114,-0.833464,0.657446,-0.51224,0.945899,0.728961,0.619982,-0.364827,-0.007449,0.066816,0.443996,-0.199383,-1.0
-0.079749,-0.670291,-0.378565,-0.311737,-0.39357,0.817991,0.976175,0.714629,-0.367985,0.717612,-0.04261,0.039104,-0.020761,0.465899,-0.978048
0.826215,-0.740197,0.526248,-0.615331,-0.256048,0.669423,0.433693,0.195631,-0.166056,0.360947,0.377252,-0.448656,-0.295676,0.491564,-0.971915
0.517583,-0.139223,-0.152124,-0.25098,0.709161,-0.256917,0.06232,0.503629,0.022941,0.078281,-0.803386,0.486049,0.43824,-0.153367,-1.0
0.356425,0.273556,0.062558,-0.151538,-0.659386,0.088323,0.482782,0.265081,-0.383206,0.018288,0.602929,0.06346,-0.487234,-0.064975,-0.998242
-0.606233,-0.110367,0.422328,-0.22733,0.005714,0.051527,0.500155,0.96502,0.045996,0.465512,-0.509948,-0.061666,0.363205,0.094459,-0.979045
0.631348,-0.482188,-0.857552,-0.318219,0.823956,0.389377,0.951402,0.440908,0.690396,0.296287,0.008751,0.024791,0.054595,0.470653,-0.949527
-0.726338,-0.238432,-0.893475,-0.121518,0.234343,0.092908,0.663323,0.602661,0.529443,0.241751,-0.267959,-0.128241,0.528105,0.177431,-1.0
0.673585,-0.924933,-0.153006,-0.760396,-0.372951,-0.968737,0.593753,0.324073,-0.180574,-0.395542,0.360069,0.043794,-0.447179,0.022723,-1.0
-0.17595,0.58147,-0.000857,-0.342322,0.431089,0.258134,0.067193,0.021314,0.002224,0.053043,-0.882455,0.381946,0.41326,-0.180169,-0.970239
0.837355,0.119985,0.947098,0.839701,0.601391,0.772991,0.879859,0.456476,0.511106,0.633956,0.09537,-0.09008,-0.19722,0.428382,-1.0
0.528433,-0.404703,-0.500615,0.9381,0.483018,0.985806,0.230632,0.79282,0.067783,0.18005,-0.047396,-0.771396,-0.019677,0.494565,-0.992463
-0.257487,0.991419,-0.116138,0.780144,-0.762123,-0.336927,0.310185,0.517797,-0.259946,-0.06605,0.214172,0.647136,-0.189318,-0.437149,-0.98894
-0.810597,-0.665213,0.154203,0.359738,0.681969,0.107223,0.093513,0.422954,0.04456,-0.070278,-0.754715,-0.377904,0.444782,0.120839,-0.960935
-0.273275,0.408868,0.927303,-0.418953,0.674469,0.199484,0.243465,0.152147,0.172283,0.064007,-0.776206,0.185464,0.51872,-0.106167,-1.0
0.273405,-0.917533,0.738939,-0.594202,0.553833,-0.623706,0.145669,0.255762,0.08928,0.01002,-0.51472,-0.628076,0.351868,0.344948,-1.0
-0.45015,-0.215521,0.268778,0.69807,0.939744,-0.483357,0.239329,0.947588,0.156004,-0.054546,-0.802802,0.161223,0.561909,-0.073069,-0.981724
0.461698,-0.460585,0.045583,-0.865401,0.827367,0.507967,0.122741,0.506434,0.055818,0.134846,-0.394986,-0.743915,0.262682,0.495225,-1.0
-0.440438,0.399217,-0.955028,0.808071,-0.8332,-0.329008,0.483268,0.712095,-0.304107,-0.113104,0.19867,0.393125,-0.243669,-0.319324,-0.976476
0.744453,-0.857127,0.037666,-0.838697,-0.046518,-0.40925,0.436265,0.626783,0.008221,-0.394381,0.5577,-0.278771,-0.453914,0.277773,-1.0
-0.520114,0.917432,0.270216,0.303426,0.878914,-0.065026,0.917405,0.59333,0.740506,0.02142,-0.008332,0.015696,0.423316,-0.234317,-1.0
0.884614,0.525983,-0.547781,0.843799,0.747716,0.335621,0.737218,0.699477,0.630828,0.266169,0.171153,0.109597,-0.282944,-0.397051,-0.995954
0.671414,-0.403328,0.974127,-0.177735,-0.667322,0.834798,0.938902,0.544536,-0.480404,0.552305,-0.024846,-0.115568,-0.393139,0.327138,-0.983882
-0.912406,0.589044,-0.439377,0.986106,-0.207496,-0.506668,0.25149,0.660357,-0.037446,-0.149474,-0.336574,0.665902,0.261998,-0.325394,-0.902913
-0.574302,-0.105041,-0.987035,-0.751444,-0.548016,-0.703502,0.13192,0.166577,-0.059311,-0.072904,-0.078828,0.86005,0.048679,-0.495511,-0.940873
0.708603,0.078939,0.888569,-0.969939,0.923895,-0.190386,0.940181,0.694385,0.699167,-0.060073,-0.019112,0.04838,0.312131,-0.34514,-1.0
-0.818771,0.173251,-0.780127,-0.32943,0.224645,-0.692306,0.426818,0.624788,0.068337,-0.240181,-0.44338,0.371174,0.402984,-0.230658,-1.0
-0.508739,0.499553,-0.163649,0.253543,0.097183,0.482895,0.171225,0.698758,-0.035426,0.226816,-0.901644,-0.08618,0.45717,-0.002241,-1.0
-0.822055,0.18951,0.255296,-0.130571,-0.606405,-0.122401,0.409256,0.008063,-0.222882,-0.021287,-0.398469,0.511171,0.325516,-0.356444,-1.0
0.18826,0.213144,-0.034114,0.228703,0.921654,-0.28131,0.263046,0.750183,0.260565,-0.023501,-0.609709,0.387287,0.419226,-0.302652,-1.0
0.282343,0.52175,-0.642158,-0.062373,-0.728579,0.474443,0.647874,0.711719,-0.366477,0.296967,0.351843,-0.050837,-0.508998,0.002438,-0.966406
0.788689,0.968401,0.817825,-0.467913,0.206156,0.816377,0.158323,0.055,-0.0349,0.118789,0.798507,0.124057,-0.509629,-0.151498,-0.977677
-0.622723,0.880622,0.941655,0.169868,-0.979517,0.981179,0.897233,0.313035,-0.490427,0.504827,0.035695,0.039202,-0.410541,0.10948,-0.936457
-0.350825,-0.031836,-0.444147,0.791225,-0.959848,-0.253077,0.78226,0.236664,-0.448864,-0.111738,0.280357,0.114783,-0.495504,-0.217964,-0.943215
0.014677,0.726754,0.231811,-0.930098,0.150263,-0.974279,0.158504,0.617718,0.032949,-0.103282,-0.057355,0.694982,-0.003581,-0.439152,-0.947568
0.95909,-0.277171,0.307917,0.109082,0.940928,0.588532,0.415038,0.282519,0.266172,0.090083,0.065085,-0.596358,-0.021941,0.569206,-0.932753
-0.990608,-0.59518,-0.842763,-0.562176,0.138366,0.386118,0.006561,0.322735,-0.002238,0.032086,-0.75464,-0.591271,0.365429,0.354427,-1.0
-0.120813,-0.246211,-0.156919,0.267873,-0.090785,-0.168158,0.11791,0.278613,-0.088536,-0.068199,-0.388991,-0.792513,0.161309,0.418951,-0.907074
-0.315936,0.206219,-0.13204,0.105012,-0.401235,-0.33577,0.227563,0.957866,-0.120218,-0.046448,0.195048,0.766237,-0.07925,-0.476494,-1.0
-0.307186,0.843004,0.131582,0.585334,-0.243294,0.003044,0.90361,0.766971,-0.826477,0.044917,-0.045952,0.082733,0.003782,-0.522187,-0.973899
0.398073,0.871173,0.415105,0.772751,-0.79066,-0.354618,0.18521,0.562586,-0.143601,-0.020232,0.544964,0.535594,-0.367068,-0.34647,-1.0
0.251257,0.015976,0.700189,0.09294,0.540042,-0.771046,0.138321,0.992107,0.117423,-0.089346,-0.346909,0.850211,0.172616,-0.496599,-1.0
-0.800058,0.048408,-0.319819,0.122669,0.902047,0.59502,0.539989,0.002887,0.353279,0.22492,-0.403969,-0.193973,0.534898,0.198835,-1.0
-0.859271,0.865587,-0.110369,-0.64679,0.457077,0.834084,0.791163,0.162446,0.381235,0.619055,-0.140921,-0.041849,0.508714,0.093335,-1.0
0.751358,0.165276,-0.135934,-0.146846,-0.809519,0.412079,0.786491,0.357987,-0.563903,0.278639,0.158297,0.07528,-0.507782,0.034946,-0.940442
-0.534151,0.689344,0.905739,0.38815,0.799681,-0.515146,0.210621,0.731104,0.124714,-0.004853,-0.657781,0.524522,0.417051,-0.28507,-0.918971
-0.145546,-0.187606,0.144397,-0.050788,-0.216583,-0.195465,0.031463,0.374194,-0.0175,-0.134834,0.94196,0.115175,-0.495777,-0.067616,-0.988904
-0.258191,0.503071,0.463677,-0.444333,-0.874276,-0.297444,0.324201,0.393425,-0.214813,-0.102588,0.45282,0.596238,-0.305619,-0.393181,-1.0
0.51326,0.172773,-0.215485,0.455199,-0.768724,-0.041598,0.243679,0.206646,-0.198804,0.013179,0.718874,0.116645,-0.472983,-0.012331,-0.977814
0.799721,0.865411,0.471844,0.989096,-0.809537,0.634091,0.789002,0.664004,-0.540159,0.398443,0.098204,0.016898,-0.486982,-0.008162,-1.0
-0.481523,0.123919,0.481655,-0.12822,-0.166578,0.362137,0.320715,0.146891,-0.192747,0.21085,-0.580656,-0.430065,0.392007,0.248521,-1.0
-0.55327,-0.082034,-0.651665,0.719747,0.310437,-0.606473,0.404812,0.767375,0.106671,-0.207038,-0.555404,0.406681,0.420644,-0.203071,-0.967274
0.654763,0.003319,0.266451,0.671856,0.330998,-0.071986,0.613205,0.601834,0.497592,-0.090508,0.331239,0.137375,-0.521462,-0.221636,-0.903989
-0.639237,0.710944,0.728348,-0.102224,-0.870864,0.106055,0.769294,0.986191,-0.609526,0.054152,0.064751,0.224904,-0.156365,-0.506817,-1.0
-0.390517,0.748437,-0.052793,0.068424,0.224838,-0.002408,0.568628,0.18794,0.432001,-0.039636,-0.322359,0.308744,0.388525,-0.364123,-1.0
0.551035,-0.559781,-0.595107,-0.046772,0.999263,-0.808887,0.77214,0.540171,0.470459,-0.298134,-0.130155,0.152256,0.491726,-0.224287,-0.973902
0.290702,-0.646161,0.829677,-0.360142,-0.63137,0.978129,0.804894,0.411365,-0.355376,0.525119,0.108255,-0.141746,-0.272302,0.411626,-1.0
0.978734,0.326509,-0.784072,-0.182957,-0.500065,-0.890343,0.631771,0.310382,-0.234891,-0.438841,0.209533,0.219118,-0.338842,-0.336275,-0.959943
-0.150467,-0.267432,0.038196,-0.671725,-0.044053,-0.990003,0.878547,0.377637,0.014645,-0.707043,-0.049001,0.125258,0.040047,-0.556595,-1.0
-0.662913,0.081227,0.587643,0.840358,0.227661,-0.010318,0.324543,0.493852,0.275996,0.040211,-0.619747,0.083265,0.528215,0.003798,-1.0
0.24069,0.955808,-0.042866,-0.00457,0.941477,-0.432797,0.659307,0.371197,0.54706,-0.283102,-0.119717,0.190718,0.240004,-0.407162,-1.0
0.095907,0.752462,0.290884,0.570069,-0.36647,-0.935765,0.727587,0.130009,-0.250899,-0.539388,0.076471,0.355146,-0.133165,-0.542561,-0.969695
0.040101,0.262047,0.07919,0.845145,-0.874211,0.281968,0.032192,0.442413,-0.043268,-0.037695,0.990219,0.011725,-0.426714,-0.025132,-0.978348
-0.546225,0.269201,0.728737,0.961722,-0.781626,0.643285,0.304964,0.652256,-0.196307,0.096279,0.35144,-0.618725,-0.2503,0.464417,-0.986864
0.12479,0.243913,-0.767734,-0.27129,0.025601,-0.702203,0.897043,0.387298,0.107766,-0.735191,-0.023112,0.12655,-0.05257,-0.54079,-0.986428
-0.072661,0.351442,-0.626962,-0.409629,-0.190989,-0.800625,0.293668,0.120748,-0.036357,-0.21715,0.089375,0.742341,-0.071109,-0.571212,-0.96839
-0.949827,0.054069,-0.526314,-0.872949,0.446581,-0.577166,0.060514,0.380685,-0.041046,0.01867,-0.893283,0.453209,0.439168,-0.212399,-0.984092
0.81914,0.962491,0.346196,-0.841911,0.891715,-0.768079,0.745667,0.503773,0.453926,-0.376523,0.079146,0.291903,0.135941,-0.513694,-1.0
-0.190747,-0.901845,-0.958334,-0.07427,-0.861972,-0.053251,0.160078,0.08736,-0.140403,-0.022488,0.556484,-0.617023,-0.337004,0.316651,-0.900043
0.733139,-0.64307,0.948656,-0.418419,-0.208672,-0.344333,0.72314,0.909975,-0.376065,-0.568674,0.228059,-0.082764,-0.45434,0.105362,-0.992137
0.597186,-0.75787,-0.057426,0.701946,-0.418241,0.728018,0.021885,0.565568,-0.027883,0.047891,0.592536,-0.919285,-0.307433,0.497644,-1.0
-0.811465,0.951212,-0.279388,-0.237555,-0.296269,-0.228203,0.464266,0.024541,-0.182841,-0.344777,-0.223371,0.500474,0.166037,-0.411825,-0.911215
0.86715,0.361745,-0.660407,0.736551,0.081027,-0.26514,0.211016,0.06449,0.103887,-0.186148,0.524033,0.512524,-0.378734,-0.313094,-0.981398
0.4269,-0.879572,0.303217,0.245598,0.165197,0.477808,0.885738,0.56369,0.295363,0.607936,0.017235,-0.120865,-0.147959,0.475851,-0.953648
0.21527,0.961013,0.399307,0.452278,-0.950619,-0.569821,0.129065,0.494186,-0.100971,0.043484,0.590728,0.618026,-0.257605,-0.341739,-0.959157
0.497526,-0.309906,-0.067168,-0.572346,0.863567,0.434414,0.40802,0.229223,0.311673,0.057345,-0.322032,-0.581345,0.212501,0.448426,-1.0
0.094514,0.65897,-0.626614,0.053635,0.232067,0.5715,0.153269,0.464573,0.107128,0.181668,-0.644767,0.498371,0.372707,-0.223069,-1.0
0.618248,0.542773,0.426517,-0.984253,-0.666764,-0.874333,0.914105,0.334273,-0.389206,-0.606613,0.087216,0.148908,-0.468998,-0.348757,-1.0
0.489518,0.962916,-0.103178,0.046663,0.587679,-0.244227,0.526861,0.696324,0.384527,-0.202063,-0.079859,0.494148,0.106478,-0.422292,-1.0
0.236328,-0.572204,0.813855,-0.44039,0.425347,0.73876,0.90947,0.789683,0.333526,0.599429,0.025469,-0.078028,0.07986,0.49241,-0.999261
-0.504693,0.667051,0.254903,-0.574099,-0.420842,-0.837471,0.09651,0.030571,0.041689,-0.094568,-0.024253,0.945149,-0.097452,-0.476685,-0.998215
0.752875,-0.972021,0.823465,0.429081,0.034611,0.401895,0.913499,0.345697,0.159034,0.699086,0.017571,-0.125717,-0.185246,0.479251,-1.0
-0.823513,0.804371,-0.560645,0.38907,-0.614593,-0.121255,0.002432,0.033303,-0.031402,0.012548,-0.269537,0.906365,0.030871,-0.5744,-0.898603
-0.112086,-0.578792,0.584449,-0.839301,0.963276,0.333236,0.549809,0.682757,0.489663,0.147138,-0.262651,-0.379748,0.391574,0.328225,-0.965795
0.193341,0.987679,0.443499,0.413649,-0.320138,0.885413,0.874152,0.367302,-0.220843,0.556507,0.174557,0.063134,-0.446475,-0.090055,-1.0
-0.266643,0.755461,-0.887279,-0.823019,0.532057,-0.275844,0.017662,0.469597,0.008954,-0.041746,-0.636382,0.772552,0.28895,-0.466626,-0.902559
-0.649998,0.731641,0.054428,0.049216,0.421806,0.411071,0.446343,0.112884,0.292701,0.260936,-0.496896,0.250098,0.485062,-0.105826,-1.0
-0.593066,0.497621,0.501893,0.169258,-0.36097,0.321914,0.885454,0.579449,-0.431749,0.425767,-0.111931,0.068888,0.355233,-0.362948,-1.0
-0.229784,-0.76264,-0.463012,-0.286231,0.054592,-0.96375,0.492329,0.303407,-0.027414,-0.349749,-0.350577,0.387629,0.420292,-0.256514,-0.993959
-0.193563,-0.358816,-0.663995,-0.396309,0.289727,0.045875,0.597332,0.461251,0.633047,0.053867,-0.294363,-0.291059,0.438294,0.35998,-1.0
-0.136871,-0.245317,-0.143605,0.25289,-0.221625,-0.836286,0.181763,0.318732,-0.05467,-0.226397,0.117433,0.724908,-0.087913,-0.559867,-1.0
0.220675,0.586224,0.080168,0.210183,0.186892,0.254576,0.970339,0.391496,0.508435,0.675724,0.143483,0.079198,0.034593,-0.471302,-1.0
0.13616,-0.80017,0.811461,-0.743935,-0.429472,0.634512,0.952118,0.70222,-0.470413,0.631959,-0.072281,-0.109538,-0.263097,0.480494,-0.993682
0.414327,-0.035865,0.759401,-0.204104,0.595199,0.59906,0.940867,0.393293,0.410424,0.539293,-0.00237,-0.052554,0.198666,0.559221,-1.0
-0.053786,-0.167292,0.383862,-0.287989,0.491985,-0.583577,0.411228,0.6721,0.276958,-0.297347,-0.310826,0.389817,0.389304,-0.298789,-0.885238
-0.182864,0.419182,0.247244,0.941927,-0.785727,0.301614,0.455197,0.320246,-0.336325,0.092573,0.552318,0.132537,-0.361292,-0.114388,-0.996546
-0.576744,-0.50377,-0.2193,0.281654,0.222599,-0.231189,0.61671,0.959081,0.345449,-0.413812,-0.371019,-0.135516,0.428127,0.216259,-1.0
0.34447,-0.422312,0.893723,0.571148,0.462456,-0.098414,0.499055,0.149471,0.410519,-0.053693,-0.260276,-0.44994,0.222122,0.421856,-0.984108
0.45246,-0.295374,0.946952,-0.360963,0.924245,0.87997,0.424197,0.315881,0.192442,0.33558,-0.19228,-0.650705,0.212607,0.490997,-0.938171
0.498704,-0.081574,-0.650651,0.361914,0.551015,-0.159348,0.613079,0.54617,0.499909,-0.16568,-0.253832,0.337676,0.305725,-0.385383,-0.975921
-0.091461,0.636903,-0.92161,0.505231,-0.074157,-0.272746,0.009291,0.056519,-0.026204,0.018833,-0.064195,0.994348,0.157317,-0.523943,-1.0
0.388544,0.644139,0.925652,0.861476,-0.513359,-0.048136,0.129144,0.937522,-0.113621,-0.065298,0.659532,0.525311,-0.375477,-0.222363,-0.972341
0.583063,0.882739,-0.453158,0.777323,0.13973,0.534931,0.529375,0.679221,0.005252,0.395643,0.311918,0.229355,-0.330029,-0.347326,-1.0
-0.081237,0.879231,0.922605,-0.443356,-0.100066,0.223333,0.376489,0.245689,-0.115233,0.307954,0.099639,0.630636,-0.016613,-0.541722,-0.985117
0.701569,0.347861,0.391347,0.437461,-0.575114,0.813911,0.492322,0.874155,-0.26141,0.336933,0.461059,-0.116096,-0.558848,0.163403,-0.926446
-0.235945,0.259156,0.262881,0.0534,-0.971491,0.989258,0.240171,0.6686,-0.159841,0.107652,0.585479,-0.508917,-0.381826,0.29239,-0.957418
-0.812146,-0.485781,-0.552041,0.560689,-0.006338,0.787136,0.331519,0.684638,0.048104,0.240107,-0.432951,-0.597349,0.239333,0.402088,-1.0
0.972854,0.634373,-0.49691,0.227027,-0.671003,-0.894781,0.924276,0.39946,-0.447853,-0.565564,0.081441,-0.037183,-0.364481,-0.404244,-0.980484
0.081111,-0.481609,-0.935892,-0.748112,-0.662274,0.192947,0.803552,0.061288,-0.56878,0.130954,0.198102,-0.127941,-0.274819,0.273738,-1.0
-0.946554,-0.133866,-0.374554,0.278848,-0.128235,0.465327,0.537605,0.97726,-0.055036,0.418373,-0.278451,-0.261398,0.381098,0.215126,-0.999743
0.833392,0.233376,-0.350648,0.147033,-0.761124,0.144639,0.066703,0.469737,-0.015502,0.032393,0.961698,0.09266,-0.528467,0.022418,-1.0
-0.431813,0.100549,-0.104851,-0.038756,-0.862662,-0.068943,0.34364,0.249552,-0.241432,-0.08068,0.591161,0.312504,-0.489662,-0.202725,-1.0
-0.347564,-0.147031,0.323118,0.213928,0.538036,-0.710216,0.117031,0.318588,0.125351,-0.122693,-0.689041,0.519858,0.413313,-0.234104,-1.0
-0.603345,0.320725,0.210307,0.105503,0.463846,0.601204,0.242053,0.509206,0.223774,0.159103,-0.728718,-0.137614,0.386605,0.150624,-0.99712
-0.184452,0.852504,-0.201179,-0.112191,-0.59983,0.24737,0.821855,0.368302,-0.62207,0.195894,0.016578,0.08669,-0.375816,-0.453899,-0.99667
-0.937002,-0.650951,-0.541853,-0.445753,0.853544,-0.720535,0.316858,0.03609,0.259073,-0.23058,-0.702687,0.004257,0.560428,-0.035651,-1.0
0.598741,0.644781,0.485925,-0.617327,0.329205,-0.319809,0.668449,0.714761,0.394352,-0.24912,0.120651,0.357598,-0.167066,-0.550874,-0.940983
0.99116,0.405703,-0.41783,-0.479151,0.736293,-0.433636,0.334918,0.820261,0.266993,-0.211865,0.172854,0.63536,-0.108868,-0.608258,-0.959752
0.635086,0.005123,-0.918862,-0.448957,-0.753074,0.786345,0.205514,0.582308,-0.210106,0.112041,0.62269,-0.361389,-0.520046,0.259588,-0.927571
0.794382,0.647671,-0.486145,0.036226,-0.681598,-0.478523,0.310368,0.351184,-0.144194,-0.109414,0.520352,0.376077,-0.417386,-0.332677,-1.0
-0.432881,0.830318,-0.06944,-0.666418,0.566199,-0.241072,0.594588,0.021824,0.396562,-0.125835,-0.262281,0.270305,0.383724,-0.392714,-0.978052
-0.648667,-0.91449,-0.691944,0.892137,-0.610833,-0.858421,0.874286,0.764798,-0.440062,-0.552793,-0.008591,-0.065611,0.280287,0.466341,-0.993656
-0.765963,-0.75217,-0.689273,0.83621,0.449271,0.850438,0.166775,0.072756,0.111885,0.098771,-0.527934,-0.680225,0.283191,0.329194,-1.0
0.33559,0.487254,-0.881927,-0.752314,0.549606,0.947355,0.475118,0.630747,0.188459,0.27625,-0.247405,-0.455881,0.274071,0.44693,-1.0
-0.559607,-0.644724,-0.452271,-0.900348,-0.861023,0.457373,0.572493,0.882629,-0.489722,0.23626,0.096036,-0.431027,-0.138646,0.442209,-0.942636
-0.817134,-0.099273,0.096296,-0.455998,-0.920854,-0.175056,0.527878,0.86671,-0.415556,-0.103305,0.388265,0.193285,-0.267744,-0.304467,-0.957829
0.215016,0.657401,0.750793,0.513581,0.898379,0.383573,0.825252,0.213591,0.574429,0.266617,-0.176377,0.12049,0.475691,-0.302266,-0.979312
-0.887204,-0.313352,-0.687085,-0.354211,0.691268,0.002054,0.604624,0.824139,0.474107,0.042229,-0.418133,-0.034923,0.586747,0.065054,-0.957418
0.589759,0.943803,0.729426,-0.820788,0.756318,0.326312,0.330157,0.104771,0.306944,0.138025,-0.133155,0.670377,0.148526,-0.530222,-0.944639
-0.929868,0.325602,-0.780059,-0.605166,-0.046509,-0.254687,0.898681,0.84375,-0.086366,-0.632706,-0.186883,0.028866,0.426594,-0.168454,-1.0
0.88979,-0.032244,-0.113468,0.257222,0.14473,-0.967679,0.020819,0.151068,0.004295,-0.036014,0.61974,0.727106,-0.301625,-0.439013,-1.0
0.360098,0.083579,-0.687229,0.725082,0.21233,0.737251,0.46843,0.840996,0.132123,0.379132,0.07597,-0.541107,-0.087248,0.494063,-0.911474
0.703289,0.067571,0.804542,-0.903199,0.286272,0.002592,0.525901,0.617479,0.5335,0.08034,0.460713,0.040389,-0.512898,-0.128378,-1.0
0.677466,-0.737172,-0.387924,0.53718,-0.186568,0.661924,0.244045,0.730002,-0.044197,0.209485,0.323804,-0.75178,-0.233154,0.487244,-0.93608
0.571375,-0.817399,-0.993958,-0.604024,0.207156,0.688293,0.885198,0.748484,0.202615,0.663512,0.010964,-0.175274,-0.175261,0.590986,-0.975433
0.181825,-0.603596,0.466815,0.262884,-0.553391,0.253934,0.331401,0.202996,-0.315352,0.158088,0.478273,-0.579658,-0.298014,0.357082,-0.945716
0.74554,-0.607873,-0.686731,-0.567506,0.39783,-0.349079,0.958781,0.467652,0.531301,-0.530825,0.070801,-0.063437,-0.442394,0.401978,-1.0
-0.849979,0.949209,0.479735,0.546364,0.621104,0.414727,0.741127,0.035319,0.526943,0.221876,-0.280776,0.223316,0.478275,-0.119334,-1.0
-0.954783,-0.37876,-0.17009,0.554656,0.233774,0.702325,0.262617,0.68583,0.030922,0.196966,-0.475491,-0.514828,0.408317,0.334258,-0.90102
-0.082278,0.013414,-0.35583,0.872983,0.311986,0.984534,0.457527,0.775751,0.115901,0.341657,-0.195136,-0.417033,0.127121,0.563861,-0.93714
-0.796595,-0.474789,-0.258081,0.404959,-0.954627,-0.895304,0.404683,0.306813,-0.186641,-0.299518,0.102931,0.544477,-0.154658,-0.44717,-0.99813
0.197374,0.222709,0.019134,0.048992,0.814994,0.875295,0.912667,0.751516,0.541949,0.520143,-0.053182,-0.095327,0.341479,0.444107,-0.888414
-0.869679,-0.081236,-0.757796,0.6041,0.409307,-0.261532,0.041246,0.852074,0.09169,-0.030782,-0.963112,0.129583,0.560384,-0.108359,-0.981362
-0.998013,-0.90433,0.873423,-0.716306,0.656505,-0.035562,0.473334,0.185417,0.389612,0.007383,-0.507788,-0.310807,0.36557,0.209805,-1.0
0.970235,-0.651238,-0.486111,0.563496,-0.871868,0.424084,0.697405,0.490809,-0.451338,0.205417,0.279968,-0.159732,-0.424341,0.267103,-1.0
0.454687,0.849306,-0.02548,-0.881791,-0.317012,-0.3209,0.839575,0.415969,-0.468151,-0.451682,0.121808,0.139291,-0.213357,-0.373662,-0.963212
-0.269216,-0.864972,0.444463,0.413004,0.209957,-0.658542,0.443987,0.785234,0.075941,-0.327695,-0.584577,-0.162674,0.453483,0.236985,-1.0
-0.33471,0.40404,0.485786,-0.121869,0.107228,-0.756605,0.927686,0.934708,0.107934,-0.796018,0.00772,0.036926,0.162221,-0.404966,-1.0
0.165636,0.81264,-0.893173,-0.45524,-0.257004,-0.008104,0.478325,0.868256,-0.382104,0.001967,0.275474,0.397883,-0.21742,-0.49866,-0.928351
0.290624,-0.424843,0.782587,-0.092272,0.297287,0.049189,0.248732,0.891136,0.215914,0.059607,-0.029386,-0.745234,0.012952,0.528149,-1.0
-0.656302,-0.374881,-0.457244,0.650712,-0.988294,0.889369,0.031473,0.676041,0.02257,0.069007,0.220626,-0.926363,-0.059927,0.526898,-0.914993
0.400405,0.464067,0.111044,1.8e-05,-0.304792,-0.989308,0.01679,0.830189,0.064209,-0.088969,0.446,0.917672,-0.25988,-0.512957,-0.987549
-0.491752,-0.815238,0.458568,0.265377,-0.780513,0.654526,0.941197,0.367314,-0.501915,0.437052,0.077387,-0.068329,-0.1442,0.445812,-1.0
-0.709481,0.388687,-0.898634,0.02738,-0.948067,-0.483506,0.454853,0.096742,-0.297256,-0.183333,0.034409,0.505954,-0.098347,-0.461956,-0.926849
0.678795,0.776234,-0.206456,-0.750558,0.557335,0.466621,0.101961,0.216592,0.035451,0.035001,0.3295,0.835236,-0.197625,-0.444203,-1.0
-0.674386,-0.146512,0.000158,0.082927,-0.48405,-0.484773,0.705217,0.118168,-0.334466,-0.41718,-0.177299,0.202216,0.260621,-0.441885,-0.953903
0.802666,0.485013,0.253127,0.603691,0.992638,0.6871,0.716852,0.870547,0.421318,0.282619,-0.259515,-0.243063,0.423802,0.378072,-0.944132
-0.602391,-0.527226,-0.129034,-0.696616,0.279064,-0.111939,0.486961,0.748312,0.434246,-0.14318,-0.406656,-0.284365,0.468765,0.229062,-1.0
-0.342126,0.375298,0.271473,0.105771,-0.185276,-0.832492,0.632458,0.506355,-0.033031,-0.504388,0.135284,0.299007,-0.05752,-0.498959,-1.0
-0.107406,0.869816,-0.979989,-0.899912,0.017287,-0.192771,0.756645,0.024701,0.013052,-0.573335,-0.000453,0.293292,0.067303,-0.441413,-0.892772
-0.182861,-0.169298,-0.057098,-0.454891,-0.0022,-0.153925,0.349178,0.218434,-0.074449,-0.220587,-0.696871,-0.009326,0.518071,0.055702,-0.970754
0.284238,-0.116097,0.664876,0.137119,0.90289,-0.490961,0.986826,0.20267,0.718818,-0.38185,0.007992,0.017949,0.479776,-0.219409,-1.0
0.893807,0.805824,-0.357783,-0.105536,-0.139261,-0.3589,0.95896,0.266806,-0.385135,-0.722333,0.041081,-0.020091,-0.307111,-0.296628,-1.0
-0.634159,-0.312871,0.37776,0.276826,-0.048395,-0.792855,0.474462,0.768433,-0.107076,-0.32536,-0.540801,0.393182,0.368773,-0.350617,-0.98397
0.048934,0.448257,0.016958,-0.347859,-0.412588,0.653616,0.936959,0.180574,-0.437655,0.62347,0.072247,-0.084857,-0.48821,0.265137,-0.926606
-0.065342,0.942662,0.069458,0.370451,-0.055052,0.010279,0.401752,0.60375,-0.325217,0.071319,0.022488,0.552893,0.020393,-0.394937,-1.0
0.404965,0.908634,-0.88454,-0.219788,0.419,0.292207,0.151704,0.213217,0.163929,0.090479,0.022456,0.783599,0.010904,-0.616474,-0.919053
0.808001,-0.836774,-0.394064,-0.075276,-0.503881,-0.226049,0.550982,0.374154,-0.448596,-0.133359,0.404351,-0.1712,-0.422213,0.21068,-0.991595
-0.28845,0.440267,-0.171183,0.798063,-0.346554,0.851275,0.931484,0.718922,-0.292013,0.624779,-0.022021,-0.004667,-0.109537,0.533306,-0.968987
-0.721007,-0.213763,0.761586,-0.070356,-0.626995,0.676061,0.088626,0.992019,-0.002169,0.075311,-0.031059,-0.913066,0.14162,0.479224,-0.952568
0.191417,-0.56619,0.912969,-0.409243,-0.79907,-0.94817,0.990262,0.283363,-0.570667,-0.61607,0.067538,0.034389,-0.413401,-0.085929,-1.0
0.522509,-0.444185,-0.454256,0.156137,-0.269328,-0.809958,0.765167,0.289555,-0.203467,-0.618091,0.225119,0.111722,-0.417301,-0.214319,-0.969002
-0.10858,0.671842,-0.351518,-0.510603,-0.907399,0.57257,0.816777,0.008787,-0.527624,0.383215,0.208267,0.086041,-0.515748,0.014819,-0.993142
0.665632,0.054827,0.616591,0.972707,-0.049196,-0.200422,0.05926,0.516087,-0.024071,0.00566,0.964797,0.278386,-0.462283,-0.142356,-0.927176
0.428892,0.060738,0.948378,-0.508424,0.353305,-0.081576,0.200965,0.932457,0.118331,-0.031597,0.458493,0.653491,-0.191981,-0.491048,-1.0
-0.755232,0.523288,-0.570844,-0.671138,0.67473,0.1661,0.106957,0.418157,0.088456,-0.009534,-0.898794,0.259113,0.569377,-0.129579,-1.0
0.549932,0.269124,-0.765945,0.868778,0.054559,0.541079,0.580787,0.666441,0.045694,0.501583,0.396187,-0.226906,-0.496188,0.323965,-1.0
0.536774,0.098899,0.538375,-0.851831,-0.014305,-0.167336,0.703305,0.024897,-0.014693,-0.578907,0.266663,0.090865,-0.438934,-0.218643,-1.0
-0.822715,-0.983366,-0.69916,0.266942,-0.875298,-0.082776,0.191934,0.371322,-0.147166,-0.04819,0.024418,-0.788374,-0.053425,0.471139,-1.0
0.107917,-0.955446,-0.428979,0.848892,0.140252,0.842026,0.450168,0.972437,0.041972,0.358208,-0.065274,-0.534992,0.102747,0.511317,-0.950204
-0.159142,0.018162,-0.149426,-0.614532,-0.698866,-0.169059,0.452695,0.31626,-0.403443,-0.14664,0.538387,0.11607,-0.536557,-0.186215,-0.983084
0.050643,0.827851,-0.935496,-0.63945,0.776826,0.030686,0.280818,0.305228,0.153495,0.022132,-0.502084,0.519444,0.313328,-0.388352,-0.997026
0.7907,-0.424109,0.16864,0.65588,0.897708,0.029012,0.185733,0.978163,0.085969,-0.071558,-0.16079,-0.909789,0.125127,0.42814,-1.0
0.204638,0.749884,-0.191712,-0.795398,0.186375,-0.245098,0.385212,0.824816,0.175273,-0.19979,0.017353,0.639386,-0.051024,-0.545432,-1.0
0.496552,0.17643,0.556567,0.709185,-0.391739,0.573661,0.79301,0.188562,-0.353093,0.554796,0.155421,-0.077324,-0.531461,0.173502,-1.0
-0.938556,-0.391518,-0.473225,-0.097312,-0.004958,-0.100921,0.580692,0.690959,0.017889,-0.425993,-0.43684,-0.203071,0.501308,0.140377,-1.0
-0.907662,-0.672047,-0.562287,0.116529,-0.473138,0.978192,0.399234,0.502162,-0.179703,0.311982,-0.140899,-0.615485,0.218367,0.471179,-1.0
0.51497,0.541518,0.042672,0.119652,-0.795137,-0.023477,0.957873,0.05697,-0.763332,-0.049329,0.040958,-0.05772,-0.517096,-0.161952,-0.959357
0.539924,-0.624133,0.246182,0.550466,-0.915507,0.31392,0.550043,0.021696,-0.474907,0.186875,0.422469,-0.292137,-0.406192,0.281948,-1.0
0.16727,0.749036,0.699147,-0.446009,0.708711,-0.676911,0.606541,0.468026,0.340858,-0.363004,-0.175123,0.291688,0.170765,-0.409139,-0.994791
0.970593,-0.966626,-0.765976,0.888509,-0.269593,-0.052013,0.539856,0.435625,-0.416902,-0.025098,0.329409,-0.33272,-0.357523,0.341334,-0.992236
0.306032,-0.700948,-0.186826,-0.859223,-0.553232,-0.620991,0.689281,0.696271,-0.359006,-0.433896,0.331272,-0.002695,-0.460159,0.045947,-0.975435
-0.79234,-0.217512,0.707245,0.532896,0.748005,-0.421067,0.555893,0.514051,0.331159,-0.135908,-0.442088,0.122547,0.524329,-0.112818,-0.957582
-0.249764,0.787639,-0.489191,0.742767,0.717034,0.272187,0.092931,0.680806,0.022169,-0.001348,-0.743246,0.415114,0.470302,-0.168553,-0.978602
0.250411,-0.295563,-0.075721,-0.199898,-0.017028,-0.423379,0.285379,0.5407,-0.014567,-0.297316,0.596978,0.29852,-0.365934,-0.247268,-0.98457
-0.767884,-0.015989,-0.766919,-0.66129,-0.889732,-0.772037,0.286202,0.016708,-0.174794,-0.081228,0.07288,0.79028,-0.013593,-0.562391,-1.0
-0.911429,-0.823029,0.195439,-0.410464,0.73816,-0.776712,0.481708,0.886143,0.176963,-0.177474,-0.526916,0.045178,0.516141,-0.028357,-0.963242
0.440654,0.488566,0.078283,-0.265864,0.599671,0.635911,0.093168,0.647738,0.031009,0.110358,-0.730248,-0.590704,0.31812,0.282508,-0.949354
-0.23892,0.260698,-0.613368,0.083384,0.998062,0.137389,0.339719,0.386946,0.303892,0.087287,-0.659841,0.11471,0.575038,-0.028711,-1.0
-0.754583,0.851788,0.490066,-0.897768,-0.939134,-0.688508,0.08325,0.646037,-0.067254,-0.104588,0.076305,0.882986,-0.141904,-0.425202,-0.966333
0.400637,-0.896758,0.091048,0.45687,-0.795763,0.654118,0.585109,0.148263,-0.318121,0.346617,0.319611,-0.398196,-0.32586,0.315928,-0.97924
-0.853254,0.880289,-0.024155,-0.650615,0.810061,0.815111,0.463057,0.627208,0.250284,0.285884,-0.549721,-0.010625,0.499958,0.000453,-1.0
0.055771,-0.435613,0.952662,-0.881,-0.53382,0.74655,0.096516,0.290369,-0.156995,0.065651,0.417645,-0.826062,-0.210131,0.414161,-0.989639
-0.998652,-0.549431,-0.379564,-0.66088,0.490504,0.559258,0.292451,0.696591,0.15601,0.173074,-0.556414,-0.436801,0.478213,0.296288,-0.950019
-0.376598,0.070468,-0.585143,0.342908,-0.375253,-0.787396,0.271443,0.421245,-0.035976,-0.166396,-0.001993,0.705849,0.047145,-0.573941,-0.989057
0.832588,0.879109,-0.929487,-0.09297,-0.838239,0.731397,0.115351,0.592085,-0.07746,0.056923,0.917395,0.0155,-0.445184,-0.034706,-0.935148
0.718615,0.182799,-0.402673,-0.725091,0.229516,-0.451815,0.66818,0.631448,0.227002,-0.492955,0.248467,0.285785,-0.284668,-0.316814,-0.942661
0.696917,0.930551,0.344855,-0.777438,-0.621007,-0.953584,0.344085,0.08058,-0.209824,-0.242615,0.310386,0.575129,-0.359544,-0.50265,-0.967497
-0.773122,-0.073044,0.242625,0.700127,-0.502603,0.871571,0.36502,0.866894,-0.108894,0.213289,-0.221074,-0.538519,0.197972,0.458661,-0.983315
-0.755739,-0.509893,-0.529705,-0.330421,0.298136,0.119463,0.510383,0.04289,0.348153,0.09226,-0.324047,-0.201317,0.472629,0.34132,-1.0
0.817523,0.17166,-0.849272,-0.572344,-0.578682,0.2535,0.807619,0.036779,-0.617714,0.261161,0.07762,-0.006296,-0.507475,0.104056,-1.0
0.54111,0.017378,-0.318864,0.846329,-0.159159,-0.425145,0.543209,0.121881,-0.15429,-0.450355,0.495352,0.164842,-0.461379,-0.203754,-0.98269
-0.270514,-0.285262,-0.715133,-0.11035,0.195189,-0.190802,0.978703,0.129874,0.490646,-0.578033,-0.036409,0.140006,0.466672,-0.008251,-0.947348
0.799986,0.511353,-0.639031,-0.244955,0.536981,-0.0163,0.120942,0.369693,0.130786,0.048118,0.432018,0.851911,-0.306013,-0.455895,-1.0
-0.167614,0.130767,-0.619148,-0.398295,0.124716,-0.717549,0.862221,0.936189,0.076795,-0.58658,-0.066072,0.205273,0.152411,-0.523642,-0.933506
-0.518566,0.703897,-0.707036,0.512805,-0.590966,0.952745,0.922782,0.344294,-0.367987,0.727772,0.024814,-0.099947,-0.115946,0.495553,-0.941365
0.952204,-0.391156,-0.256849,0.470943,-0.961999,0.034131,0.294225,0.168571,-0.281867,0.003979,0.695872,-0.170134,-0.46891,0.175907,-1.0
-0.791435,-0.105516,-0.058034,0.725236,0.243625,-0.585837,0.078798,0.218664,-0.011897,-0.052591,-0.810963,0.385276,0.51558,-0.227967,-1.0
0.64521,-0.849477,-0.115125,-0.322176,0.445797,-0.925275,0.723377,0.564445,0.180678,-0.590579,0.3458,0.128759,-0.372633,-0.273728,-0.964294
0.26722,-0.994613,-0.643025,-0.029271,0.641271,-0.224656,0.584123,0.460047,0.489141,-0.178975,-0.202819,-0.428662,0.254998,0.45736,-0.992834
-0.93572,-0.45537,0.981243,0.121124,-0.555997,0.985376,0.266796,0.900176,-0.106792,0.154392,-0.202757,-0.607096,0.138894,0.459965,-1.0
-0.096267,-0.413957,0.267573,0.101941,0.271518,-0.114545,0.955083,0.489149,0.58793,-0.264465,0.045032,-0.057114,0.456759,0.246709,-1.0
0.613852,-0.691953,0.16512,-0.266746,0.091391,-0.056459,0.420968,0.921495,0.251761,-0.182761,0.305322,-0.502811,-0.291372,0.332111,-1.0
0.502238,-0.909755,-0.39782,-0.166004,0.532807,0.767662,0.635964,0.196881,0.266045,0.434827,0.018234,-0.413521,0.068542,0.471584,-0.97833
-0.499835,-0.786181,0.882915,0.440771,-0.836662,-0.975931,0.752362,0.178458,-0.447092,-0.505083,0.254514,0.066369,-0.429366,-0.203392,-1.0
-0.598598,-0.399182,-0.553787,0.15651,-0.682223,0.733704,0.393931,0.89948,-0.256166,0.252028,0.096864,-0.607963,-0.117241,0.465856,-1.0
-0.705581,-0.614888,0.963426,0.184431,0.115999,0.233385,0.48399,0.462419,0.196971,0.441335,-0.368827,-0.338077,0.363741,0.280504,-0.98777
-0.728221,-0.088018,-0.222807,-0.957885,0.626674,0.609379,0.44501,0.796051,0.30162,0.270315,-0.504671,-0.269217,0.435739,0.18389,-0.959574
0.459626,0.791453,0.856323,0.022048,-0.950333,0.379344,0.429534,0.550908,-0.313822,0.093784,0.546876,0.147864,-0.477913,-0.206469,-0.919105
-0.42934,-0.913564,0.413674,0.022885,-0.860514,-0.447224,0.746231,0.851164,-0.479307,-0.228308,0.174114,-0.18859,-0.340704,0.335299,-0.968067
0.049384,0.089416,0.887597,0.881957,-0.65555,0.080913,0.594257,0.400781,-0.471944,0.005574,0.36048,-0.034646,-0.502054,-0.066268,-0.944516
-0.676182,-0.483591,0.194994,-0.73122,0.722726,0.47278,0.353036,0.516009,0.281882,0.184692,-0.601545,-0.408544,0.44964,0.398968,-1.0
-0.741843,-0.260631,0.103176,0.858927,-0.610197,0.228872,0.032163,0.359738,-0.058658,0.008613,-0.190415,-0.949934,0.106066,0.548468,-1.0
-0.200944,0.698468,-0.556259,-0.982701,-0.399065,-0.636026,0.333969,0.26611,-0.192174,-0.316311,0.046513,0.689861,0.004651,-0.452349,-0.993879
-0.650051,-0.820892,-0.708318,-0.560999,0.317702,-0.697638,0.207899,0.094328,0.005018,-0.122542,-0.760174,-0.065506,0.500819,0.065415,-1.0
0.712528,0.31569,-0.683696,0.308071,-0.201613,-0.980555,0.004443,0.712498,0.022923,-0.030949,0.657595,0.858283,-0.338694,-0.416502,-0.950634
-0.555776,0.523174,0.330455,0.623237,-0.002519,0.314216,0.796103,0.760556,-0.013261,0.734279,-0.188079,0.068549,0.479848,-0.152337,-1.0
0.689341,-0.833573,-0.961985,0.666397,-0.722819,0.962053,0.719384,0.474912,-0.449974,0.469526,0.179178,-0.289943,-0.277951,0.38728,-0.986778
0.870239,0.943142,-0.473758,0.89824,0.123711,0.524573,0.538417,0.090932,0.094693,0.448973,0.437907,0.237039,-0.432817,-0.316935,-0.940698
0.541497,-0.579753,-0.76507,-0.052667,-0.180502,-0.978109,0.62978,0.927183,-0.158101,-0.541787,0.321224,0.253599,-0.420055,-0.26155,-1.0
-0.149824,0.208039,-0.622676,-0.935783,0.43775,0.288051,0.69727,0.486553,0.408144,0.34364,-0.181883,-0.077523,0.533863,0.091253,-1.0
-0.698892,0.424456,-0.914521,0.053652,-0.789167,-0.128922,0.592667,0.641358,-0.430079,-0.072779,0.065533,0.422409,-0.075262,-0.445007,-1.0
0.404163,0.777254,0.155212,0.874159,-0.136442,-0.071817,0.009281,0.898493,0.095246,0.016845,0.53238,0.823229,-0.300532,-0.475602,-0.90605
0.757497,-0.695573,-0.642095,0.635841,-0.894467,0.496463,0.391766,0.112483,-0.219176,0.161024,0.540199,-0.298086,-0.413914,0.336512,-1.0
0.971848,0.838981,-0.423266,0.220953,0.273661,-0.424208,0.480015,0.320691,0.209599,-0.210174,0.235185,0.581593,-0.234505,-0.505421,-0.945203
0.600703,0.408789,-0.852007,0.01105,-0.00579,-0.44492,0.860701,0.274267,-0.124987,-0.680712,0.032835,0.108458,-0.239232,-0.46234,-0.96316
0.814946,0.831828,-0.328373,0.802653,-0.222575,0.810522,0.735833,0.611557,-0.202668,0.500355,0.206527,0.00859,-0.50223,0.056219,-0.957238
-0.960671,-0.44356,-0.675336,0.247716,-0.529318,-0.393568,0.501018,0.081436,-0.260164,-0.263259,-0.507533,-0.085805,0.434775,0.109122,-1.0
-0.514402,-0.160204,-0.017598,0.274635,-0.717733,0.11087,0.482423,0.090703,-0.384757,0.16684,0.381343,-0.360409,-0.276251,0.467317,-1.0
0.150633,0.214372,0.923942,0.776913,0.588404,0.141377,0.515969,0.352351,0.507351,0.087289,-0.410207,0.070547,0.40583,-0.132598,-0.956557
0.100812,0.367125,-0.213114,-0.119086,-0.958239,0.19216,0.604247,0.720545,-0.576155,0.160817,0.437592,0.070273,-0.512686,-0.163916,-1.0
-0.334422,0.00954,-0.92209,0.154918,0.37191,0.436635,0.361828,0.971753,0.188007,0.133008,-0.537318,-0.316648,0.40649,0.284147,-0.974057
-0.650764,-0.25232,-0.894658,0.232642,-0.585811,0.089036,0.56109,0.880579,-0.363093,0.087259,-0.053951,-0.447165,0.020099,0.549666,-1.0
-0.724805,0.259426,-0.789721,0.493628,0.684418,-0.22283,0.658263,0.034514,0.50787,-0.142211,-0.432897,0.139299,0.428613,-0.081727,-1.0
-0.33529,-0.648745,-0.431337,0.710128,-0.071875,0.479274,0.873492,0.962656,-0.10713,0.60665,-0.046519,-0.168858,0.167568,0.531832,-1.0
-0.126947,-0.64583,-0.481034,-0.217956,-0.739732,-0.681875,0.037391,0.786951,-0.042817,-0.023962,0.885173,0.065472,-0.401053,-0.08802,-0.994758
-0.265096,-0.735421,-0.080133,-0.14445,-0.978774,-0.3416,0.443033,0.77036,-0.332072,-0.069569,0.556514,-0.274119,-0.410917,0.257401,-1.0
-0.783937,-0.207619,-0.628335,0.267751,-0.969361,-0.01314,0.25543,0.89332,-0.187109,-0.171249,0.442993,-0.611046,-0.342305,0.34348,-1.0
-0.114279,-0.921926,0.736992,0.790203,-0.795259,-0.71467,0.539185,0.863709,-0.34725,-0.251231,0.386449,-0.065611,-0.485054,0.192506,-1.0
0.515782,0.841247,-0.709722,0.773112,-0.282064,-0.858623,0.806256,0.254391,-0.245881,-0.551236,0.07905,0.230022,-0.286935,-0.394559,-0.929073
-0.002073,0.21044,0.279655,-0.262351,-0.292171,0.164938,0.494394,0.189709,-0.343666,0.137906,0.473627,0.087944,-0.533703,-0.097174,-1.0
-0.368883,0.700558,-0.696042,-0.233606,-0.124993,0.888721,0.227056,0.577269,-0.006674,0.2044,-0.56398,-0.499882,0.403684,0.16301,-1.0
-0.350661,-0.820595,0.721363,0.149721,0.920207,-0.139514,0.166741,0.028919,0.058683,-0.080139,-0.700498,-0.411171,0.476264,0.243948,-1.0
-0.562473,0.486395,-0.511232,-0.601843,0.491181,0.669867,0.908722,0.783602,0.460281,0.603797,-0.146644,0.031253,0.455103,0.127744,-1.0
0.951307,0.528343,-0.132121,0.001048,-0.51546,0.709512,0.052861,0.468384,0.038171,0.051134,0.920476,-0.118578,-0.45287,0.137354,-0.896869
0.693329,0.403356,0.31086,0.37323,-0.767641,0.411296,0.926362,0.378746,-0.661881,0.380627,0.086429,0.017866,-0.504327,0.023556,-1.0
0.743997,0.067601,-0.456363,-0.613561,0.786099,0.123011,0.748582,0.684493,0.536683,0.05994,-0.081539,-0.228674,0.263824,0.407826,-1.0
-0.280682,-0.631914,-0.14747,-0.423642,-0.3255,-0.720019,0.374961,0.163623,-0.173137,-0.29083,0.354136,0.573759,-0.190207,-0.52049,-1.0
0.43177,0.647845,-0.223563,0.523633,0.181815,-0.805917,0.448325,0.642177,0.079341,-0.295627,0.147387,0.523285,-0.079026,-0.448624,-1.0
-0.847945,0.419428,0.783477,-0.185093,-0.839209,0.404961,0.838953,0.969814,-0.635493,0.335216,-0.155951,0.126514,0.305362,-0.417521,-0.947583
0.022421,0.903162,-0.935452,-0.398273,-0.072339,-0.55241,0.458431,0.021196,-0.125087,-0.323709,-0.056316,0.651637,0.006283,-0.449713,-1.0
-0.889229,0.913023,-0.314282,-0.089671,0.808282,0.508795,0.455424,0.466791,0.375185,0.189953,-0.587344,0.111202,0.418761,-0.141829,-1.0
-0.916631,-0.019669,-0.088319,0.524295,0.483805,0.953552,0.94352,0.997822,0.281889,0.681501,-0.033718,0.01292,0.453737,0.265527,-0.98944
-0.073962,-0.617823,-0.549735,-0.772471,-0.524212,-0.798158,0.826656,0.199396,-0.381061,-0.491391,0.079942,0.026401,-0.43712,-0.088814,-1.0
-0.073848,-0.556153,0.727386,-0.905485,0.071373,-0.792482,0.297826,0.621493,0.020051,-0.28381,-0.35022,0.639362,0.200027,-0.371757,-1.0
0.611801,0.770434,-0.056598,0.799818,-0.435199,0.5405,0.874868,0.273192,-0.425376,0.548586,0.13968,0.022973,-0.457484,-0.080701,-0.924186
-0.116695,0.717908,-0.817854,0.508942,0.257035,0.411317,0.325536,0.722666,0.152447,0.140686,-0.520244,0.414671,0.394099,-0.206025,-0.993604
-0.577904,0.307952,-0.71585,0.435475,-0.386283,-0.880803,0.200698,0.395011,-0.117903,-0.117829,-0.150579,0.768869,0.066014,-0.450497,-0.964409
0.611104,0.037721,0.321351,0.625746,-0.87892,-0.053168,0.716191,0.432468,-0.519857,-0.08074,0.247465,0.010833,-0.484395,-0.020726,-0.972995
-0.522792,-0.852923,0.624643,0.070045,0.763008,-0.303138,0.577508,0.5139,0.461867,-0.172162,-0.325626,-0.140943,0.465012,0.172806,-1.0
-0.694647,0.575041,0.462348,0.964913,-0.106657,-0.911907,0.32138,0.338079,-0.079037,-0.296937,-0.171536,0.623033,0.181487,-0.406137,-0.980451
0.092147,-0.213977,-0.618913,0.870101,0.083858,0.704835,0.404945,0.737388,0.080646,0.345416,0.030011,-0.587261,-0.004639,0.563299,-1.0
0.471969,0.720057,0.940342,0.873069,-0.36607,-0.755279,0.686604,0.119016,-0.331194,-0.592109,0.2023,0.307689,-0.183527,-0.35828,-1.0
0.690296,-0.755499,0.569726,-0.57552,-0.920562,0.598403,0.063446,0.14219,-0.073506,0.09879,0.58293,-0.624963,-0.351988,0.345786,-0.982034
0.290522,-0.859541,-0.963056,-0.80172,-0.385868,0.720303,0.640341,0.443169,-0.256319,0.442956,0.1156,-0.316285,-0.13948,0.475587,-1.0
-0.625234,0.898368,-0.339666,0.260033,-0.366189,0.426214,0.734999,0.351898,-0.40262,0.386496,-0.194911,0.176744,0.321304,-0.449472,-1.0
-0.847135,0.078739,-0.376406,0.424177,0.863117,0.29114,0.824161,0.828989,0.622867,0.271269,-0.1869,-0.025576,0.523747,-0.011318,-1.0
0.675369,0.823754,-0.171969,-0.691152,-0.145246,-0.121836,0.668299,0.005488,-0.327473,-0.27979,0.192572,0.31222,-0.314303,-0.395576,-0.943225
0.962442,0.501806,-0.11018,-0.664837,0.117513,-0.125778,0.66103,0.237851,0.457764,-0.340707,0.317518,0.254119,-0.381151,-0.242557,-1.0
-0.108373,0.940769,-0.662717,0.865704,0.357436,-0.662788,0.473999,0.04286,0.146,-0.31842,-0.118552,0.470573,0.132251,-0.399613,-1.0
0.416877,-0.859445,0.226577,0.294706,-0.809983,-0.201887,0.623266,0.869939,-0.427016,-0.080211,0.40751,-0.157765,-0.368826,0.226083,-0.970219
0.594471,-0.443973,0.640416,0.73507,0.400841,-0.090749,0.177754,0.45269,0.125731,-0.08193,0.366334,-0.761781,-0.384641,0.376181,-1.0
-0.284688,0.464526,-0.978071,-0.600111,-0.231403,0.763068,0.768964,0.595365,-0.163915,0.548492,-0.011836,-0.261859,0.032771,0.465671,-1.0
0.30282,-0.180266,0.498995,0.705272,0.809525,0.491685,0.142089,0.563536,0.153643,0.07071,-0.579725,-0.678498,0.321033,0.45123,-0.891885
0.499596,0.186155,0.019336,-0.753854,-0.744279,-0.066699,0.190463,0.753156,-0.172084,0.013487,0.822831,0.260198,-0.457775,-0.121907,-1.0
-0.684404,-0.088591,0.726262,0.603284,-0.740748,0.207123,0.2731,0.70363,-0.158677,0.074541,0.086253,-0.829458,-0.108159,0.441429,-0.99575
-0.567113,0.717066,0.635253,-0.223606,-0.272601,-0.843403,0.59252,0.793642,-0.154466,-0.500472,-0.081052,0.375899,0.074417,-0.568838,-1.0
-0.174641,0.929469,0.08448,0.614673,-0.589052,0.908705,0.337354,0.803197,-0.107127,0.205418,0.686355,-0.004101,-0.554914,0.025444,-0.99982
0.802264,0.088827,-0.992211,-0.3271,-0.47913,0.035111,0.619275,0.03419,-0.601537,0.086688,0.329594,0.009087,-0.499174,0.03333,-1.0
0.990764,-0.435141,-0.848025,-0.618949,0.779494,-0.297313,0.606672,0.251402,0.481833,-0.162144,0.345013,-0.181646,-0.377226,0.215559,-1.0
-0.4465,0.905557,0.872311,0.134328,0.517661,-0.466049,0.51014,0.417176,0.355365,-0.246029,-0.37504,0.442747,0.259398,-0.420948,-1.0
-0.602226,0.258676,0.250008,0.892656,0.123645,-0.260554,0.120242,0.995874,0.10998,-0.122839,-0.684957,0.530364,0.437968,-0.325985,-0.97156
0.715076,0.302027,-0.433928,-0.803768,-0.445532,-0.660444,0.141172,0.360905,-0.059121,-0.135272,0.657474,0.617594,-0.484473,-0.400583,-1.0
0.106119,0.486926,-0.554874,-0.701743,-0.77344,-0.482974,0.607875,0.991252,-0.393603,-0.319037,0.253488,0.202797,-0.412944,-0.328336,-1.0
-0.164664,0.540586,-0.53855,0.790717,0.254353,-0.600107,0.514273,0.551627,0.14509,-0.395131,-0.215252,0.497044,0.195035,-0.477479,-0.989907
0.851313,0.050466,0.763967,-0.553631,0.733022,0.285558,0.968625,0.568024,0.725686,0.250134,-0.011582,-0.035714,-0.19682,0.38321,-1.0
0.629787,-0.455625,-0.22457,-0.34553,-0.523453,-0.018886,0.573122,0.179643,-0.401643,-0.017448,0.420367,-0.121683,-0.408329,0.194199,-1.0
0.20391,-0.927052,0.266256,-0.774107,-0.89157,0.574688,0.274839,0.492671,-0.216543,0.03378,0.424075,-0.628496,-0.274802,0.414691,-0.986428
-0.249351,-0.023537,-0.691757,-0.253529,0.479809,0.56314,0.853558,0.024139,0.426453,0.542519,-0.096466,-0.144624,0.377268,0.323313,-0.968228
-0.466565,0.855856,-0.386908,0.180718,0.285457,0.438503,0.844703,0.414075,0.344579,0.495796,-0.142196,0.155603,0.413079,-0.223624,-0.941659
0.102127,0.484364,0.246041,0.919614,0.736456,-0.812261,0.015014,0.698227,0.026716,-0.039959,-0.400302,0.859916,0.203601,-0.47945,-1.0
0.677473,-0.066601,-0.494564,-0.675774,0.364427,0.43789,0.384312,0.092336,0.129827,0.161269,0.417053,-0.592442,-0.333806,0.391534,-0.975555
-0.058508,0.436158,-0.512313,-0.051486,0.458326,0.606531,0.43418,0.886899,0.284267,0.323919,-0.543507,-0.151087,0.453651,0.168741,-1.0
-0.832924,-0.429691,0.553694,-0.781847,0.796948,-0.492031,0.061056,0.385915,0.064864,0.029652,-0.895671,0.118706,0.522867,-0.009112,-0.968793
-0.82557,-0.420392,-0.397591,0.607533,-0.104214,-0.009377,0.503955,0.642748,-0.473081,-0.025166,-0.446887,-0.281036,0.384614,0.18229,-1.0
-0.458744,-0.453142,0.831913,0.665627,-0.671701,0.896175,0.204853,0.392748,-0.11702,0.215454,0.139408,-0.778973,-0.054148,0.472566,-1.0
0.065192,-0.973551,-0.278805,0.160207,0.686954,-0.871046,0.521439,0.573265,0.293277,-0.272051,-0.461264,-0.089189,0.423561,0.008237,-1.0
-0.914357,0.413312,-0.540184,-0.388304,-0.03517,0.255814,0.104383,0.564798,0.006217,-0.016836,-0.890483,0.174014,0.471635,0.08582,-0.988172
-0.687087,-0.592323,-0.515468,-0.779136,-0.177329,0.693146,0.1018,0.741245,0.037254,0.092039,-0.349523,-0.784268,0.091361,0.473014,-0.99313
-0.471439,0.356206,0.92871,0.539126,0.853019,-0.23836,0.23769,0.304705,0.150103,-0.019313,-0.640401,0.315087,0.44522,-0.266085,-0.972133
0.548093,0.893609,-0.685627,-0.18256,-0.167926,0.260592,0.636392,0.970512,-0.358912,0.492964,0.199631,0.223126,-0.265029,-0.347652,-1.0
0.029847,-0.580039,0.625486,0.108902,0.22608,0.660379,0.947237,0.690114,0.301352,0.692277,-0.022414,-0.01899,0.132742,0.494983,-0.999638
-0.189991,0.732164,0.910685,-0.969537,-0.64542,0.926442,0.970762,0.135208,-0.442816,0.574159,-0.01597,0.053114,-0.496718,0.185141,-1.0
-0.323016,-0.272621,0.932863,0.060418,-0.8916,-0.722677,0.873313,0.863362,-0.638927,-0.472939,0.019118,0.13992,-0.352076,-0.279024,-1.0
0.30439,0.147169,0.940178,0.528424,0.41551,0.408366,0.007374,0.301515,0.052356,0.078154,-0.427513,-0.847034,0.126231,0.491549,-1.0
0.719658,-0.887984,-0.659423,-0.764582,0.396761,-0.671501,0.203184,0.142649,0.11783,-0.116338,0.648101,-0.400803,-0.401484,0.245281,-0.87482
0.548518,-0.646649,0.938526,0.024561,0.900538,-0.550175,0.887268,0.046317,0.49509,-0.37215,-0.119436,-0.075241,0.494393,0.018073,-1.0
-0.893985,-0.256964,0.756622,-0.129719,0.847727,0.702576,0.59548,0.911451,0.40956,0.306432,-0.320403,-0.132172,0.42083,0.235627,-1.0
0.845842,0.129844,-0.661811,-0.993816,0.658662,0.176052,0.361778,0.637753,0.274426,0.091936,0.574312,-0.139133,-0.513935,0.098425,-0.925964
0.413384,-0.099197,-0.543951,-0.271301,-0.822084,0.609373,0.921655,0.301865,-0.634015,0.434912,0.086507,-0.013278,-0.538132,0.336678,-1.0
0.54058,0.872382,-0.634154,0.821323,0.279444,0.342264,0.67249,0.838037,0.358804,0.36118,0.147495,0.276641,-0.152919,-0.41012,-1.0
0.428289,0.849216,0.068949,0.80953,0.57143,-0.36602,0.168091,0.973888,0.124721,-0.052791,-0.066476,0.788895,0.092406,-0.557922,-0.943846
-0.003889,-0.965268,-0.362221,-0.381323,-0.426735,0.33545,0.325723,0.671421,-0.115642,0.133868,0.285567,-0.66498,-0.125942,0.375737,-1.0
-0.846938,-0.504353,-0.250719,0.531797,-0.426357,-0.944616,0.259836,0.550686,-0.126024,-0.116354,-0.430628,0.558597,0.396765,-0.365369,-1.0
-0.876021,-0.099535,0.593212,-0.561195,-0.961252,0.578252,0.10605,0.164224,-0.055139,0.121317,0.151471,-0.969155,-0.052383,0.515863,-0.950767
0.64695,-0.155554,0.062869,0.262399,-0.265891,-0.348102,0.369103,0.131818,-0.113616,-0.127075,0.663564,0.10497,-0.485128,-0.039539,-0.92567
-0.568036,0.170847,0.550292,0.175399,-0.478081,0.273013,0.523717,0.503296,-0.331404,0.198218,-0.33456,-0.318922,0.351087,0.314371,-0.989755
-0.519242,0.185675,0.921276,-0.923826,0.942005,-0.56993,0.324911,0.576283,0.264487,-0.124568,-0.644954,0.340087,0.523916,-0.217623,-1.0
-0.613148,0.175103,0.90993,-0.719379,-0.537418,0.6002,0.207898,0.02142,-0.120966,0.108655,-0.165709,-0.895731,0.15901,0.523472,-0.985814
0.226355,-0.782404,-0.594498,0.8983,-0.101051,0.658153,0.128303,0.68235,-0.001511,0.139281,0.280662,-0.836553,-0.090595,0.422375,-1.0
-0.441638,-0.747821,0.602153,-0.766683,0.931785,-0.37932,0.357785,0.896381,0.294363,-0.152881,-0.667658,-0.080916,0.471026,0.156321,-1.0
-0.915558,0.203401,0.956005,-0.487165,0.61614,-0.133088,0.792658,0.725012,0.628703,-0.090593,-0.24968,-0.03191,0.504324,-0.008979,-1.0
-0.550643,-0.760735,-0.640659,0.030855,-0.038942,-0.591758,0.477735,0.668581,0.01683,-0.477016,-0.574904,-0.107985,0.517976,0.112401,-1.0
0.247478,-0.219302,0.002028,0.05732,0.940219,0.883747,0.394656,0.759665,0.230341,0.174235,-0.251869,-0.536598,0.323489,0.446058,-1.0
-0.899367,-0.388294,0.759184,-0.299201,0.024472,0.220536,0.573692,0.739815,0.099286,0.436137,-0.377645,-0.194484,0.364735,0.294439,-0.942721
-0.229198,0.19807,-0.097072,-0.554517,0.120114,0.29455,0.13953,0.807332,-0.029906,0.074307,-0.737251,-0.137342,0.429315,0.026472,-1.0
0.805145,0.983571,0.48261,-0.889126,-0.884116,-0.788056,0.406537,0.696384,-0.176465,-0.347658,0.361535,0.270137,-0.338314,-0.476441,-0.934561
0.928513,-0.228305,0.391144,0.383734,-0.945844,-0.634376,0.068766,0.801926,-0.001214,-0.01344,0.919184,0.218221,-0.494297,-0.14352,-1.0
0.636137,0.559352,0.496957,-0.857412,0.48408,-0.763359,0.466859,0.950331,0.141677,-0.291178,0.059036,0.539086,-0.039846,-0.482686,-1.0
-0.507241,-0.120931,0.872528,0.03542,0.005695,0.053433,0.257002,0.817399,0.103942,0.155042,-0.692787,-0.1992,0.40328,0.157384,-0.942148
0.660845,0.000756,0.231805,-0.490334,-0.525502,0.247201,0.686213,0.871343,-0.550995,0.166692,0.333167,-0.039143,-0.529041,0.134002,-1.0
0.22347,-0.5236,-0.370305,0.637041,0.791566,0.317496,0.97033,0.653656,0.746674,0.365772,-0.068358,-0.089675,0.248454,0.410794,-0.979917
0.529659,-0.826771,-0.846324,-0.778336,-0.042002,0.348265,0.738987,0.814143,-0.128736,0.586287,0.09578,-0.234612,-0.304605,0.480636,-1.0
-0.004173,-0.789606,-0.972685,-0.974868,-0.147339,0.239958,0.275502,0.630522,-0.150998,0.158476,0.136309,-0.714076,-0.038905,0.528685,-0.94368
0.291434,0.702143,-0.393076,-0.928374,-0.884071,-0.678022,0.218443,0.143496,-0.102843,-0.063087,0.493959,0.568976,-0.379516,-0.477688,-0.99993
0.639411,0.389052,-0.523493,-0.571725,-0.631183,0.947973,0.712139,0.369587,-0.321654,0.466335,0.220762,-0.336906,-0.43402,0.144253,-0.956145
-0.776858,-0.405156,0.011968,-0.797112,-0.600356,0.500963,0.36376,0.287715,-0.217796,0.121338,-0.191377,-0.561291,0.057004,0.510187,-1.0
-0.705833,0.127532,0.975289,-0.736216,-0.796449,-0.315443,0.026678,0.051031,-0.000345,0.048716,0.113193,1.0,-0.051944,-0.498153,-1.0
-0.562585,0.153748,0.085891,-0.538346,0.945178,-0.114286,0.087612,0.076135,0.010322,-0.074785,-0.862332,0.127264,0.491057,0.01194,-1.0
0.165538,-0.452815,0.353186,0.506246,0.977867,-0.256156,0.560994,0.554437,0.554693,-0.040508,-0.41969,-0.168788,0.567447,0.070136,-1.0
0.076166,0.019347,-0.423014,0.639775,-0.27884,-0.59561,0.930518,0.661674,-0.35864,-0.610349,0.116357,0.147218,-0.249534,-0.39055,-0.995166
0.02744,-0.058457,-0.991421,0.871508,0.699668,0.307918,0.426012,0.049816,0.364256,0.138451,-0.462348,-0.216625,0.363314,0.253543,-0.98396
-0.271265,0.163791,0.921841,-0.340495,-0.017946,0.333669,0.079371,0.80515,-0.01686,-0.037627,-0.795175,-0.443413,0.404905,0.316986,-0.97736
-0.879232,-0.564932,-0.831711,-0.385734,0.822058,0.94548,0.072052,0.232036,-0.035893,0.015741,-0.656944,-0.511829,0.331553,0.4191,-0.929337
-0.76307,-0.496303,-0.818913,0.154778,-0.122117,-0.195136,0.45147,0.855903,-0.201819,-0.299166,-0.509369,-0.258252,0.453713,0.197711,-1.0
0.656442,0.86524,0.115823,0.361432,0.682583,0.669751,0.999014,0.44125,0.577292,0.617726,-0.098973,-0.045365,0.056781,-0.475171,-1.0
-0.83136,-0.395059,-0.934983,-0.631947,0.862207,0.798398,0.648137,0.563445,0.434512,0.400315,-0.292596,-0.22307,0.357673,0.325711,-1.0
0.176419,0.941031,0.502448,-0.049515,0.074112,-0.812774,0.925212,0.393182,0.061831,-0.764,0.046691,0.026147,-0.094768,-0.544806,-0.960658
0.883764,-0.428619,-0.534869,0.337034,-0.526123,-0.768992,0.023658,0.752429,-0.005414,-0.091966,0.886328,0.32749,-0.427592,-0.172965,-1.0
0.497145,0.117766,-0.568264,-0.238619,0.926102,-0.736923,0.176261,0.832032,0.029714,-0.08696,-0.389053,0.635432,0.175441,-0.44606,-0.941854
0.196546,0.930623,0.331833,0.136653,-0.023625,-0.885528,0.932993,0.928245,-0.080337,-0.718095,-0.020902,0.097464,-0.13208,-0.416069,-0.999872
0.408842,0.71324,-0.464927,0.496725,-0.626478,0.074192,0.235662,0.572371,-0.203625,0.069628,0.604631,0.529937,-0.394868,-0.275517,-0.942118
-0.802797,-0.37298,-0.993553,-0.894934,-0.395717,0.64048,0.163466,0.730346,-0.2477,0.133534,-0.295712,-0.831574,0.215385,0.454342,-1.0
0.879767,0.400297,0.843446,0.213282,-0.515263,0.085443,0.525611,0.629984,-0.458149,0.07349,0.43851,0.086131,-0.58727,-0.100898,-0.9005
0.74655,0.360595,-0.30518,-0.091751,-0.272063,-0.622561,0.14439,0.202268,-0.103572,-0.143475,0.637125,0.598955,-0.335542,-0.353903,-0.891251
0.566958,-0.225171,0.980417,-0.259365,0.779807,-0.951855,0.338374,0.325992,0.136634,-0.084537,-0.145622,0.68202,0.167415,-0.54198,-0.993777
0.015937,0.027167,0.253922,-0.606844,-0.969887,0.216564,0.214961,0.11184,-0.104482,-0.058125,0.75171,-0.153682,-0.474472,0.094376,-0.989788
-0.183586,0.112414,-0.747389,-0.708831,-0.124813,-0.741021,0.631292,0.890917,-0.113932,-0.486189,0.020142,0.419044,0.117434,-0.560589,-0.94159
0.817836,-0.252225,0.244127,-0.493633,0.724628,-0.754317,0.278419,0.551872,0.080333,-0.185606,0.215681,0.64643,-0.054864,-0.477536,-0.998691
-0.79907,-0.196822,0.73085,0.99482,0.730289,-0.707385,0.057616,0.637379,-0.021318,-0.01269,-0.867685,0.381148,0.48216,-0.18545,-0.989834
-0.000894,0.67601,-0.473444,-0.605772,-0.339926,0.861578,0.601955,0.878735,-0.188813,0.390367,0.316314,-0.273787,-0.424069,0.243117,-0.884698
-0.577681,-0.383865,0.574118,0.875917,0.986876,-0.481405,0.224192,0.354005,0.15676,-0.147203,-0.84592,0.083642,0.472095,-0.006408,-1.0
-0.199614,0.636627,0.256527,0.946261,-0.248742,-0.541784,0.289972,0.295506,-0.056557,-0.263179,-0.02465,0.729914,0.039928,-0.410186,-1.0
0.470648,0.30142,0.174961,0.326008,-0.877657,-0.717831,0.349926,0.289723,-0.226221,-0.177125,0.553703,0.386729,-0.506923,-0.342748,-1.0
-0.254138,-0.043925,0.513404,-0.031043,0.970746,0.614041,0.325483,0.26952,0.193945,0.255755,-0.578603,-0.240741,0.431089,0.143428,-0.993405
-0.594329,-0.237945,0.405129,0.076353,0.05767,0.915728,0.662078,0.886306,-0.063979,0.491373,-0.164455,-0.359964,0.259236,0.481834,-1.0
-0.758016,0.411611,-0.349232,0.787941,0.751,0.168555,0.965106,0.494673,0.782271,0.203473,-0.023057,0.100318,0.49346,-0.086309,-0.979023
0.306845,-0.131466,-0.005869,-0.367709,-0.256486,0.646328,0.168599,0.007631,0.008011,0.082825,0.435627,-0.591663,-0.351999,0.352253,-1.0
0.029831,-0.148392,-0.594993,0.88014,0.498305,-0.521283,0.50978,0.555568,0.230802,-0.296765,-0.388019,0.322498,0.364402,-0.293655,-0.995388
-0.004513,0.166591,0.74944,-0.491178,-0.274765,0.533135,0.897215,0.210427,-0.361277,0.672125,-0.007436,-0.08155,-0.367649,0.405482,-1.0
-0.505402,0.526965,-0.340775,0.551738,-0.622895,0.361394,0.875299,0.556249,-0.62954,0.309228,0.068501,0.090163,-0.337651,-0.412817,-0.974352
0.562483,0.56989,0.906571,0.188,-0.397357,0.224338,0.554253,0.344924,-0.469671,0.23966,0.362807,0.132176,-0.450245,-0.134536,-1.0
0.654125,-0.325617,0.452002,-0.60431,0.773229,0.439814,0.01293,0.908233,0.068037,0.020003,-0.205049,-0.949787,-0.035324,0.501702,-0.938155
-0.89859,-0.68211,-0.923742,-0.023693,0.284062,0.187766,0.820832,0.316121,0.617136,0.29336,-0.092413,-0.166351,0.434924,0.300116,-0.939464
0.646165,0.646544,0.355954,0.513918,-0.193214,-0.114818,0.650391,0.220486,-0.492189,-0.347863,0.225954,0.160506,-0.453273,-0.321096,-0.997522
-0.670647,-0.719402,-0.710541,-0.301613,-0.195355,-0.140549,0.501613,0.878566,-0.241248,-0.255639,-0.294173,-0.381771,0.246796,0.333366,-1.0
0.740789,0.110695,-0.663733,-0.980901,-0.082623,-0.901435,0.197179,0.132787,-0.027603,-0.13358,0.474754,0.622966,-0.270956,-0.356762,-1.0
0.512242,0.139863,0.461335,-0.558142,-0.864615,0.673604,0.83772,0.095476,-0.553886,0.38018,0.10381,-0.077824,-0.416955,0.251363,-0.969636
0.599145,-0.66711,0.751701,-0.361969,-0.825461,-0.188178,0.983997,0.251902,-0.761824,-0.187244,0.104533,0.038243,-0.513646,0.1899,-0.930467
-0.660486,0.348282,-0.077797,0.854283,-0.046865,0.754902,0.584841,0.506715,-0.037612,0.509751,-0.341626,-0.218863,0.385815,0.265195,-1.0
-0.767617,-0.408042,-0.982447,-0.150815,0.940171,-0.375507,0.374917,0.040354,0.2306,-0.166709,-0.612673,0.070122,0.551987,0.02291,-0.905572
-0.098155,0.960218,-0.062782,0.473115,0.805327,0.246282,0.619313,0.291477,0.449068,0.121655,-0.291469,0.111751,0.483392,-0.328757,-1.0
-0.374053,-0.00029,-0.53268,-0.052952,0.959164,0.367989,0.8724,0.893137,0.745647,0.251091,-0.113747,-0.04175,0.591377,0.131172,-0.973424
0.705412,0.839116,-0.253451,0.752371,-0.554861,-0.569881,0.712602,0.536239,-0.452272,-0.457905,0.170396,0.137606,-0.452421,-0.397557,-1.0
0.051314,0.783388,0.529012,-0.033866,-0.848187,-0.482788,0.743627,0.930676,-0.538425,-0.291313,0.119651,0.232019,-0.28001,-0.44185,-0.985842
-0.747433,-0.45528,-0.093754,-0.075123,-0.447623,0.833699,0.104978,0.566305,-0.034022,-0.008673,-0.194552,-0.847636,0.119941,0.481673,-1.0
0.907776,0.037734,0.813814,-0.409653,0.240359,0.637061,0.957811,0.559217,0.185758,0.677719,-0.046017,0.058498,-0.366207,0.320609,-0.979761
0.008549,-0.729688,0.675575,0.067435,-0.354816,0.410199,0.764483,0.568738,-0.415216,0.522342,-0.031324,-0.241977,-0.127808,0.421739,-1.0
0.485499,0.988986,0.434858,0.225906,-0.384407,-0.556528,0.160565,0.147495,-0.02446,-0.126654,0.395599,0.650339,-0.261189,-0.540698,-1.0
-0.18923,0.007329,-0.795968,0.237216,-0.875997,-0.615457,0.822913,0.788922,-0.542421,-0.368994,0.03205,0.104285,-0.467866,-0.319459,-0.959527
-0.355684,-0.591354,0.565097,-0.388539,-0.40206,-0.261283,0.544627,0.780452,-0.325737,-0.260327,0.072311,-0.47897,-0.025298,0.594699,-0.997355
0.982986,-0.885207,0.889329,-0.605276,0.477221,0.507509,0.584859,0.824232,0.312901,0.337,0.128766,-0.401032,-0.189044,0.447665,-0.980515
0.113967,-0.826305,-0.59708,0.039652,0.852186,0.482462,0.953179,0.791419,0.595127,0.393364,-0.073385,-0.031704,0.294874,0.443212,-0.897098
0.842049,0.99735,0.683293,-0.718533,0.313757,0.129799,0.199953,0.06863,0.188977,0.108624,0.383016,0.711316,-0.232228,-0.351764,-1.0
-0.369487,-0.155607,-0.5854,-0.701396,0.729104,0.858618,0.029645,0.2414,0.009825,0.014327,-0.712957,-0.656805,0.386355,0.481591,-1.0
-0.063455,0.355488,0.960961,-0.399847,-0.371333,0.269113,0.493207,0.856455,-0.307212,0.207335,0.539734,0.114194,-0.530345,-0.094381,-1.0
0.814686,0.336205,0.476608,-0.961656,-0.025141,-0.340144,0.553243,0.626458,-0.03355,-0.48013,0.306828,0.307665,-0.332191,-0.440899,-1.0
0.83468,-0.310567,0.093173,-0.212682,-0.182088,0.66323,0.004672,0.522214,0.080025,-0.015884,0.665656,-0.618991,-0.476457,0.353036,-0.959747
-0.751381,-0.272133,0.16819,-0.646417,-0.593915,0.667692,0.55785,0.782041,-0.3721,0.33822,-0.05902,-0.360144,0.062604,0.492871,-0.95453
0.027583,0.904967,0.144239,-0.532402,0.531381,-0.368974,0.011305,0.159903,0.00034,0.032117,-0.357986,0.990693,0.112976,-0.482167,-1.0
0.534129,-0.704964,-0.129656,0.200505,0.243096,-0.529484,0.696453,0.393206,0.207126,-0.609091,0.30905,-0.144905,-0.517496,0.258643,-1.0
-0.437414,0.236424,-0.615027,0.539985,0.04486,0.012027,0.915007,0.91979,0.715989,0.234734,-0.012668,-0.035324,0.383127,-0.247492,-0.962647
0.115141,0.325685,0.422977,-0.759734,-0.000419,0.722887,0.024891,0.967132,0.011033,0.050803,0.231322,-0.911574,-0.224285,0.432086,-0.936618
-0.080992,0.740414,-0.236786,0.658456,0.863873,-0.378115,0.021632,0.560497,0.076079,-0.030363,-0.63368,0.7858,0.357871,-0.358038,-0.979224
0.955029,0.928572,0.081448,-0.689642,0.918064,-0.930647,0.800317,0.178811,0.452337,-0.46242,0.043568,0.241545,-0.040458,-0.406596,-1.0
-0.834314,-0.488304,0.357395,-0.336701,0.411133,0.643418,0.390227,0.499463,0.090097,0.383446,-0.453538,-0.383589,0.369026,0.318701,-0.974009
0.136673,-0.726723,-0.055054,0.657957,-0.509081,0.035296,0.63349,0.43831,-0.46571,0.062275,0.294483,-0.335439,-0.277473,0.442136,-0.973492
0.009209,0.865236,0.737223,-0.319618,0.761634,0.728211,0.657186,0.306097,0.384738,0.38076,-0.256771,0.0002,0.42183,-0.104373,-0.901528
-0.02726,0.254592,0.530746,0.030335,-0.70414,0.734645,0.544101,0.506237,-0.32136,0.228467,0.452844,-0.217988,-0.397941,0.207341,-0.94013
0.636672,0.739561,0.244278,0.435127,-0.697069,0.729856,0.344273,0.508916,-0.158899,0.312601,0.750984,0.054719,-0.479579,-0.029231,-0.982961
-0.640166,0.967041,-0.466126,0.415072,-0.161087,-0.318338,0.298371,0.027559,-0.076912,-0.100552,-0.186237,0.574217,0.182364,-0.403327,-0.974044
-0.580142,-0.056939,0.619741,0.715819,-0.572005,0.603569,0.983638,0.516651,-0.480812,0.634286,0.095745,0.018368,0.083753,0.549145,-0.976562
-0.919211,-0.6837,-0.456977,-0.013218,0.572257,-0.692625,0.823966,0.450434,0.464009,-0.458896,-0.212319,0.079267,0.521946,0.001576,-1.0
-0.043931,0.60756,0.721479,0.076541,0.536584,-0.670657,0.578502,0.156802,0.222311,-0.363684,-0.119273,0.375489,0.213047,-0.48634,-0.940405
-0.667876,0.20664,-0.381357,-0.350972,-0.608405,-0.387772,0.490103,0.273166,-0.323407,-0.208615,-0.062438,0.496179,0.070139,-0.509264,-1.0
0.941848,0.055283,-0.719813,-0.096411,-0.535114,0.976217,0.400027,0.082929,-0.216762,0.325505,0.57206,-0.314037,-0.423259,0.252467,-1.0
0.387123,-0.024247,-0.118095,0.680794,-0.298483,-0.798664,0.388107,0.574271,-0.094689,-0.267116,0.383284,0.392618,-0.351704,-0.455412,-1.0
-0.319975,0.287229,-0.90727,0.656994,-0.665079,-0.874867,0.816074,0.83687,-0.376261,-0.549009,0.107291,0.227428,-0.064031,-0.45468,-1.0
0.907249,0.066494,0.143193,-0.32015,-0.900581,0.391547,0.552184,0.025828,-0.340606,0.193924,0.497491,-0.089677,-0.484401,0.001349,-1.0
0.570741,-0.558502,0.749617,0.167447,-0.441734,-0.441467,0.138871,0.239696,-0.100787,-0.128683,0.761053,-0.104457,-0.439386,0.072384,-0.994839
-0.310226,-0.813212,0.003768,-0.127659,-0.001244,0.556481,0.519599,0.057265,0.043132,0.356858,-0.103176,-0.459076,0.166229,0.470959,-1.0
-0.25757,-0.872193,0.033833,-0.887619,-0.346923,0.966249,0.656024,0.966895,-0.192882,0.417028,0.025417,-0.386408,-0.025027,0.53358,-0.974047
0.410806,-0.591486,0.946108,-0.880066,-0.108698,-0.165526,0.085374,0.29817,-0.012974,-0.091663,0.759043,-0.613685,-0.418082,0.319743,-0.990672
-0.540889,-0.962074,-0.525014,0.27334,-0.874507,-0.902299,0.716522,0.306865,-0.469527,-0.404013,0.267552,-0.029267,-0.506088,0.078505,-0.996471
0.99891,-0.142094,0.641592,-0.426366,-0.319753,-0.257325,0.239944,0.154807,-0.200334,-0.092854,0.800325,0.11513,-0.48451,0.008223,-1.0
-0.25009,-0.63206,-0.39591,0.965361,-0.946941,0.350256,0.012,0.416737,-0.020551,0.084424,0.629643,-0.816132,-0.259332,0.412239,-1.0
0.073677,0.371163,-0.354619,-0.475137,-0.35597,0.553187,0.488418,0.036309,-0.195524,0.309731,0.504036,-0.237634,-0.394057,0.238729,-1.0
0.770508,0.906085,0.749131,0.263452,0.664705,-0.107769,0.097404,0.191985,0.086483,-0.076655,0.073641,0.846515,-0.097167,-0.376842,-0.923117
-0.173825,0.591457,-0.003582,0.342226,0.272874,-0.101254,0.999987,0.43935,0.694849,-0.337157,-0.052433,-0.013808,0.200847,-0.45312,-0.969035
0.479226,0.457601,0.213692,0.111218,0.39927,-0.931908,0.551541,0.288628,0.221166,-0.37537,0.067438,0.43329,0.06379,-0.471633,-1.0
-0.117328,-0.472822,-0.284806,0.254489,0.211804,0.641017,0.072477,0.958945,0.050093,0.114569,-0.188672,-0.95491,0.10525,0.419416,-0.955006
-0.134574,0.573891,-0.000135,-0.129858,0.671729,0.611461,0.559869,0.332247,0.236445,0.238057,-0.578169,0.010853,0.639425,-0.040755,-0.990248
-0.996099,0.645826,-0.176319,0.538972,-0.169116,0.12744,0.097179,0.765615,-0.084897,0.091603,-0.760312,0.514996,0.479178,-0.211896,-1.0
0.853226,0.313916,0.63193,0.876763,0.384498,0.924806,0.242509,0.269974,0.033735,0.242623,0.382539,-0.569186,-0.309917,0.398775,-0.942752
-0.72825,0.067985,0.463526,0.714902,-0.733595,0.939134,0.367785,0.090033,-0.112854,0.200378,0.031294,-0.559737,-0.005935,0.523205,-0.925031
-0.943936,-0.351498,-0.097411,0.508028,-0.899942,-0.622394,0.617836,0.988355,-0.390049,-0.250319,-0.052456,0.486428,0.094096,-0.560813,-0.995656
-0.79497,-0.614202,-0.702401,-0.92012,-0.467159,0.51375,0.997763,0.113948,-0.591983,0.686625,-0.048373,0.033014,0.215488,0.413927,-0.960409
-0.858726,-0.909496,-0.715435,-0.612901,-0.136145,0.133009,0.881396,0.518006,-0.469112,0.504614,-0.008391,-0.072396,0.315073,0.339206,-1.0
0.937678,-0.787458,0.488565,0.863915,0.95304,-0.481493,0.906195,0.021107,0.631025,-0.312228,0.078386,-0.121806,0.072785,0.558427,-1.0
-0.620646,-0.726973,-0.621936,0.693993,-0.767391,-0.847016,0.704165,0.41723,-0.422713,-0.352946,0.235908,0.234251,-0.445872,-0.407466,-1.0
0.100179,-0.64205,-0.819432,-0.517792,-0.207301,0.76508,0.428926,0.878766,-0.010376,0.366685,0.18351,-0.641304,-0.059778,0.572336,-1.0
0.353556,0.528846,-0.960928,-0.086298,-0.306218,0.730019,0.568449,0.67317,-0.281397,0.421509,0.336371,-0.135238,-0.414831,0.226916,-0.874223
0.80177,-0.937879,0.158979,-0.659789,-0.014614,0.31964,0.518314,0.28367,-0.005447,0.370309,0.298158,-0.517083,-0.314431,0.329966,-0.987725
0.804244,0.844328,0.774578,0.902142,0.876374,-0.253128,0.506629,0.682992,0.349641,-0.042426,-0.128227,0.502063,0.08221,-0.509165,-0.968185
-0.644076,-0.547745,-0.511319,0.800763,-0.331465,0.704599,0.439674,0.826353,-0.162272,0.336871,-0.245149,-0.568571,0.1223,0.50702,-0.968721
0.575013,0.743789,0.110861,-0.518233,-0.029199,-0.075133,0.031208,0.672272,-0.017752,0.009814,0.506122,0.71045,-0.362605,-0.414142,-1.0
0.846371,-0.327189,0.358306,0.312447,-0.061137,-0.919699,0.913268,0.502135,0.000591,-0.70907,0.032485,0.048609,-0.523287,-0.291926,-1.0
0.86892,-0.351266,0.872452,-0.672994,0.040784,-0.422448,0.855427,0.026254,-0.039085,-0.58094,0.154856,0.033003,-0.476739,-0.101,-0.945025
-0.323992,-0.79264,-0.605963,0.537677,0.843207,0.513557,0.549235,0.422957,0.319264,0.099292,-0.308396,-0.325718,0.322216,0.439577,-0.926375
0.512464,-0.179051,0.232206,-0.071506,0.755871,0.750106,0.120133,0.978323,0.112387,0.039793,-0.208208,-0.797111,0.177498,0.586828,-1.0
-0.172047,0.226675,0.22444,-0.585946,-0.11305,0.984921,0.219217,0.790532,-0.040736,0.166837,-0.080261,-0.821914,0.06639,0.624912,-1.0
0.835064,-0.17725,-0.026238,0.978088,0.128598,0.580668,0.423799,0.177878,0.143206,0.244065,0.354995,-0.40889,-0.359793,0.442657,-0.983971
-0.933246,-0.335234,-0.443518,0.422233,-0.713182,-0.789975,0.315939,0.570158,-0.185853,-0.111629,-0.347428,0.702274,0.213544,-0.405414,-1.0
-0.983927,0.074398,0.477571,0.91636,-0.228698,0.695867,0.061986,0.371717,-0.013223,0.130932,-0.786108,-0.590874,0.437857,0.314738,-1.0
-0.549409,0.996295,-0.057412,-0.001175,-0.39038,-0.940728,0.943919,0.189294,-0.280275,-0.762036,0.014794,0.019271,0.118314,-0.511572,-1.0
0.575383,-0.4904,-0.354226,0.274419,0.415552,0.560416,0.625896,0.214979,0.36704,0.372889,0.013235,-0.431308,-0.11071,0.570585,-0.990373
0.776011,0.581774,-0.302598,0.638508,0.084927,-0.841398,0.19798,0.126569,0.073115,-0.149345,0.357894,0.82068,-0.218709,-0.473984,-1.0
-0.433687,0.358964,0.497294,-0.647513,-0.434809,0.897023,0.503554,0.847455,-0.211234,0.377988,0.023181,-0.486487,0.125994,0.442998,-0.966965
-0.560394,0.959861,0.717479,-0.060463,-0.274167,-0.220698,0.691308,0.847689,-0.499733,-0.412447,-0.014181,0.328305,0.05947,-0.468904,-0.952329
0.316318,0.47513,0.371092,-0.136184,0.496441,-0.577919,0.497633,0.479597,0.196907,-0.319041,-0.110113,0.447154,0.160436,-0.478093,-0.97603
-0.052265,0.200746,-0.62078,-0.02794,-0.177059,-0.791396,0.020154,0.854701,0.063062,-0.044993,0.156571,1.0,-0.099871,-0.455104,-1.0
0.575794,-0.883451,0.002745,0.262686,-0.18117,0.713375,0.118846,0.886112,-0.04561,0.071458,0.39361,-0.793845,-0.234519,0.579145,-1.0
0.461246,0.869964,0.310999,0.55607,0.756981,-0.925966,0.980618,0.48402,0.508294,-0.752649,-0.098874,-0.075125,0.055925,-0.540789,-1.0
0.577346,0.375301,0.506261,-0.875091,0.738644,0.953768,0.963203,0.840987,0.488498,0.56344,-0.015309,-0.047571,0.101191,0.564104,-1.0
0.360911,0.016858,-0.725403,-0.47701,-0.389605,0.926787,0.549758,0.548377,-0.136074,0.458052,0.334069,-0.405128,-0.327657,0.282579,-0.948133
-0.172782,0.890484,0.922129,0.784407,-0.749513,-0.713714,0.086911,0.678362,-0.010292,-0.08724,0.332417,0.866502,-0.157141,-0.465536,-1.0
0.607314,-0.171915,0.097348,-0.052141,-0.060051,-0.156756,0.091161,0.972307,0.061788,0.069936,0.94309,0.04248,-0.492092,0.038664,-1.0
0.301577,-0.130144,-0.392033,-0.444133,0.903841,-0.06656,0.222784,0.373227,0.207636,-0.127985,-0.758176,-0.138964,0.564983,0.182134,-0.960382
0.180396,0.52636,0.902206,-0.805916,0.021174,0.120378,0.046191,0.586272,0.077137,0.100451,0.316584,0.834619,-0.176325,-0.451878,-0.983819
-0.084136,-0.256973,0.808334,0.940791,-0.033889,-0.991204,0.773363,0.791699,-0.02184,-0.724638,-0.0282,0.331864,-0.029358,-0.482564,-0.940423
0.300117,0.573199,-0.476976,-0.172004,0.152735,0.466867,0.291552,0.257023,-0.011699,0.203705,0.580122,0.356254,-0.409397,-0.247856,-1.0
-0.530369,-0.729603,0.076514,0.208304,-0.443724,0.920781,0.896118,0.787631,-0.291373,0.532374,-0.012204,-0.161003,0.01015,0.509504,-0.918932
-0.277046,0.900635,-0.372311,0.919255,0.805033,-0.959166,0.237833,0.692228,0.137911,-0.143829,-0.368319,0.650823,0.262521,-0.408413,-1.0
0.532608,-0.882523,-0.660238,-0.228526,-0.105157,-0.125087,0.364786,0.859187,-0.21838,-0.276603,0.510477,-0.613505,-0.309612,0.423169,-0.924283
0.75022,0.555846,0.387345,0.579567,-0.311126,0.42153,0.065782,0.356207,-0.147774,-0.023803,0.958865,0.066811,-0.495287,-0.057529,-0.977033
0.045277,0.569263,-0.349607,-0.218107,0.530539,0.895876,0.520604,0.592539,0.202575,0.393239,-0.370759,-0.194639,0.309179,0.277365,-1.0
-0.103799,0.053978,0.37131,0.049811,0.004609,0.477264,0.633751,0.140046,-0.029085,0.611533,-0.114207,-0.379811,0.072282,0.49485,-1.0
-0.229086,0.671081,-0.184812,-0.91866,-0.955977,0.55868,0.473418,0.628822,-0.301034,0.213515,0.576289,0.095518,-0.471502,-0.184067,-0.974931
-0.237835,-0.841076,-0.664397,0.965565,-0.939044,-0.796368,0.704289,0.531322,-0.445207,-0.395556,0.303323,-0.029592,-0.421181,0.036977,-0.920319
-0.584085,-0.441734,0.595635,0.836472,-0.002889,-0.165652,0.460021,0.950383,0.042704,-0.350664,-0.515713,-0.21761,0.479737,0.230614,-1.0
-0.87152,-0.921991,0.272946,-0.325773,-0.041254,0.741077,0.934295,0.0461,0.0236,0.703125,-0.046965,-0.144485,0.237474,0.46636,-1.0
-0.494799,0.234881,-0.442755,-0.872127,-0.575105,-0.445478,0.626574,0.01471,-0.432273,-0.360174,0.02901,0.40921,-0.049217,-0.462019,-1.0
0.27676,0.180079,-0.814812,0.677843,-0.539251,-0.345285,0.429996,0.833791,-0.304822,-0.169944,0.523416,0.316548,-0.40656,-0.237207,-0.986904
-0.63382,0.287858,0.831658,-0.693493,0.358909,-0.954485,0.613982,0.090888,0.105368,-0.460864,-0.157187,0.392035,0.224362,-0.412949,-0.903561
0.930924,0.316767,0.134464,-0.231938,-0.381199,-0.248053,0.830765,0.059412,-0.598029,-0.343417,0.138184,0.067876,-0.470928,-0.208186,-1.0
-0.295053,-0.128251,-0.297096,-0.821575,-0.806651,0.583293,0.742449,0.918273,-0.568744,0.34126,0.200567,-0.158606,-0.262146,0.398199,-0.969189
-0.222274,0.063942,-0.111449,0.118343,0.640288,-0.580914,0.146946,0.768726,0.148418,-0.134686,-0.606125,0.509797,0.400251,-0.295528,-0.972029
0.078997,-0.363845,-0.411849,-0.208808,-0.204499,-0.453811,0.154546,0.022745,-0.043531,-0.12714,0.864681,0.288451,-0.472288,-0.193368,-1.0
-0.829199,0.620472,0.937272,0.082158,-0.988838,0.035898,0.053773,0.699598,-0.021984,-0.034006,0.178953,0.954759,-0.120587,-0.538291,-0.996641
-0.729565,0.280509,-0.536776,0.47986,-0.003009,-0.551786,0.886048,0.825104,0.02936,-0.774318,-0.127041,0.139573,0.325612,-0.317735,-0.940611
-0.491287,-0.297157,0.827337,0.751003,0.929752,-0.259924,0.791191,0.003632,0.685419,-0.161776,-0.184145,-0.011884,0.517287,0.041403,-0.966139
-0.947714,0.327033,0.301222,-0.180346,-0.66021,0.444392,0.996682,0.263904,-0.624969,0.570886,0.026823,-0.034968,0.487475,0.174781,-0.96124
-0.026962,0.635525,-0.07373,-0.405927,-0.624475,-0.009763,0.016907,0.6304,-0.019987,-0.087088,0.687664,0.789144,-0.405224,-0.375723,-1.0
0.041666,0.844544,-0.035583,-0.175716,0.080033,0.72098,0.966668,0.29077,0.026536,0.746946,0.036879,0.060412,0.074068,-0.503539,-0.98186
-0.377155,0.141491,-0.709505,0.536862,0.54213,0.04301,0.353432,0.229808,0.205023,0.055184,-0.726504,0.197634,0.527241,-0.047194,-0.88046
0.662288,-0.200662,-0.059947,-0.589699,0.364821,-0.292781,0.05212,0.803956,0.014408,-0.109638,0.946315,0.276829,-0.414076,-0.047842,-1.0
0.358715,-0.259405,0.753115,0.54277,0.162186,-0.194846,0.516728,0.231895,0.305156,-0.362302,0.394775,-0.146885,-0.561739,0.116929,-0.863657
0.057054,-0.911715,-0.943012,0.492692,-0.119115,-0.791889,0.150342,0.410853,-0.017148,-0.003546,0.759337,-0.519507,-0.364796,0.305976,-0.975492
-0.744421,0.678596,0.466119,-0.675482,-0.800343,0.596905,0.332157,0.41959,-0.192536,0.168494,0.391563,0.553993,-0.297948,-0.485675,-1.0
0.050824,-0.215635,0.252042,-0.092319,-0.05553,-0.047639,0.989414,0.712069,-0.666081,-0.516543,0.036704,-0.089506,-0.253689,0.429584,-1.0
0.326308,0.065741,-0.65014,0.862072,0.49182,-0.835614,0.197695,0.251727,0.093228,-0.151043,-0.187033,0.80296,0.09536,-0.514605,-0.986234
0.645736,-0.163951,0.824221,-0.280749,-0.909834,-0.365541,0.216041,0.845433,-0.200942,-0.134319,0.808893,0.118463,-0.462188,-0.030212,-1.0
-0.255814,0.166404,0.502036,-0.962614,-0.430595,0.220099,0.630024,0.262056,-0.548714,0.253334,0.377022,-0.185444,-0.499415,0.178075,-1.0
0.24245,-0.36366,0.618659,-0.700981,0.754643,0.572358,0.042527,0.503489,0.041074,0.024904,-0.330786,-0.773192,0.273025,0.493081,-1.0
-0.345559,0.283544,-0.452165,0.16354,-0.864187,0.043329,0.202104,0.532689,-0.119615,0.017012,0.707414,0.346207,-0.454366,-0.285172,-0.931825
0.61946,-0.148287,0.008886,-0.336722,-0.596931,0.577185,0.452792,0.819492,-0.276752,0.239523,0.432913,-0.240352,-0.426335,0.248406,-1.0
-0.036902,0.243998,0.092435,0.145932,-0.192953,-0.858866,0.2485,0.422017,-0.039568,-0.170034,0.187239,0.839405,-0.065965,-0.483958,-0.996107
-0.75134,-0.471016,-0.984286,0.534363,0.346835,0.199577,0.009477,0.689633,-0.0241,-0.040803,-0.844897,-0.472118,0.472139,0.266551,-0.889994
0.55946,-0.18141,-0.180619,0.930912,-0.419001,-0.615169,0.143389,0.263989,-0.023827,-0.168793,0.76726,0.328024,-0.44473,-0.160383,-0.950335
-0.388121,0.622998,-0.603013,0.060406,-0.491499,-0.983844,0.102078,0.122415,-0.065862,-0.152486,0.061925,0.954465,-0.09971,-0.543673,-0.964057
-0.149125,0.116656,-0.857826,0.570416,-0.918954,-0.079884,0.737723,0.416558,-0.650504,-0.111394,0.276567,0.041463,-0.500722,-0.05858,-0.968578
-0.609273,0.145739,0.382327,0.715764,-0.774982,-0.879678,0.772081,0.020901,-0.492008,-0.402218,0.119797,0.230087,-0.121706,-0.465238,-1.0
-0.420983,-0.167942,0.883517,0.188844,-0.733547,0.858343,0.133444,0.374149,-0.049706,0.041747,0.198316,-0.92718,-0.127244,0.434061,-0.999335
-0.54838,-0.073447,0.381453,0.961262,0.175336,0.101426,0.173543,0.583566,0.084517,0.077445,-0.771892,-0.212086,0.483191,0.062516,-1.0
0.548681,0.798019,0.049029,0.230837,0.094872,-0.366788,0.842757,0.532216,0.086955,-0.66231,0.044431,0.181901,-0.213396,-0.557282,-1.0
-0.30202,-0.892619,0.877261,0.387461,-0.338476,-0.708591,0.726229,0.068605,-0.277499,-0.519476,0.082245,-0.257244,0.015682,0.543783,-0.952431
0.939791,-0.466917,-0.033581,0.378308,0.181131,0.196555,0.836651,0.520026,0.534352,0.527862,0.15359,-0.054982,-0.403557,0.316123,-1.0
-0.064864,0.290718,0.665088,0.229656,0.92879,-0.342441,0.449884,0.674479,0.331243,-0.094071,-0.595884,0.300356,0.460969,-0.249233,-0.995028
-0.666826,-0.443872,0.964154,-0.7045,-0.060244,-0.363343,0.679038,0.237904,-0.138715,-0.442208,-0.238491,-0.038952,0.453909,0.129174,-0.982457
0.34052,-0.238155,-0.486454,-0.660288,-0.126597,-0.542747,0.379741,0.073468,-0.043469,-0.284203,0.509775,0.375528,-0.326558,-0.323248,-1.0
0.209557,-0.637194,-0.312873,0.790908,-0.488935,-0.897055,0.845762,0.864282,-0.348233,-0.493572,0.106814,-0.04742,-0.512004,-0.279571,-0.970278
0.289279,-0.721417,-0.342055,-0.655805,0.353705,0.272278,0.929317,0.802968,0.607711,0.423723,-0.004592,-0.086987,0.055189,0.494547,-1.0
0.174927,0.668013,0.215502,0.664338,-0.744753,-0.831998,0.484929,0.861794,-0.271469,-0.294675,0.263075,0.447074,-0.265347,-0.357621,-1.0
-0.96261,0.354265,0.162088,0.585852,0.200029,0.546282,0.887971,0.382075,0.266139,0.657372,-0.146146,0.067039,0.586708,0.057076,-1.0
-0.267823,-0.861333,-0.273869,0.515063,0.636569,0.847835,0.336459,0.439194,0.202765,0.129271,-0.320441,-0.676049,0.234908,0.395562,-1.0
0.157189,0.333772,-0.67322,0.298384,0.872775,0.418391,0.376906,0.134,0.222288,0.027592,-0.566116,-0.091034,0.435285,0.087236,-0.993781
0.437388,-0.781167,0.417203,0.912485,0.946112,-0.665744,0.533083,0.652915,0.416226,-0.280429,-0.480295,-0.130977,0.495775,0.111744,-1.0
0.289809,-0.52447,0.833926,0.74167,-0.829617,0.83741,0.055491,0.906007,-0.050241,-0.107762,0.569967,-0.770642,-0.449228,0.412446,-1.0
0.037759,0.597628,0.82795,-0.76329,0.367939,0.205587,0.271039,0.094759,0.257257,0.11343,-0.428591,0.559541,0.383272,-0.353648,-1.0
-0.065312,0.449737,-0.547765,-0.833072,-0.093158,-0.648865,0.892997,0.733382,-0.110929,-0.696293,0.011316,0.070771,-0.045652,-0.522036,-0.983987
-0.998565,-0.112019,0.844044,-0.17535,-0.591703,-0.973438,0.090428,0.603395,0.004154,-0.032236,-0.403176,0.796169,0.258079,-0.337467,-1.0
-0.820468,-0.547242,-0.207682,0.160908,0.994266,0.316242,0.17231,0.724405,0.080696,0.048273,-0.700867,-0.407305,0.395243,0.194873,-1.0
-0.115919,0.734835,0.761203,0.917901,-0.165007,-0.017004,0.308107,0.043722,-0.229007,-0.028935,-0.016318,0.591037,-0.08196,-0.424244,-1.0
-0.422396,0.973624,0.113458,-0.958555,0.553067,-0.565349,0.073635,0.837135,0.004508,-0.034022,-0.466829,0.824833,0.32659,-0.316735,-0.983038
-0.621317,0.989598,0.370661,-0.448304,-0.248854,-0.006162,0.036326,0.855498,-0.030599,-0.005602,-0.296326,0.890341,0.16453,-0.504698,-1.0
-0.692038,-0.491454,0.671165,-0.656535,0.57498,0.004824,0.266091,0.332841,0.158631,-0.025285,-0.733646,-0.317931,0.561354,0.182974,-1.0
0.447409,-0.797621,0.118062,-0.388663,-0.254569,0.363598,0.961474,0.331215,-0.393777,0.624932,-0.06899,-0.055991,-0.235664,0.399275,-0.97854
0.805288,0.505747,-0.142389,-0.063073,-0.539349,-0.308504,0.022729,0.370776,0.000525,-0.012292,0.785608,0.493269,-0.507448,-0.18445,-0.963202
-0.544953,0.809081,0.276724,-0.250054,-0.312791,-0.521922,0.455102,0.782613,-0.20114,-0.328811,-0.175779,0.68344,0.082143,-0.555212,-0.992353
0.074618,0.287486,0.041209,0.938976,0.919155,0.641756,0.3733,0.902418,0.279625,0.231262,-0.553008,-0.258893,0.538658,0.177818,-1.0
0.991592,0.730271,-0.630537,0.213762,0.763201,-0.073883,0.162282,0.843196,0.119483,-0.075411,0.325748,0.785173,-0.193796,-0.470782,-1.0
0.868203,0.564,-0.660486,0.396315,0.582543,-0.564089,0.932438,0.348916,0.583385,-0.445209,0.005112,0.093464,-0.107046,-0.524315,-1.0
0.217659,-0.442815,0.60556,-0.238804,-0.136851,0.686108,0.185712,0.342051,-0.059811,0.074435,0.264278,-0.711792,-0.149356,0.496283,-1.0
-0.828642,-0.021452,0.268944,-0.969318,-0.823108,0.665696,0.911582,0.376144,-0.667449,0.481817,0.101774,-0.07935,-0.014905,0.408573,-1.0
-0.166332,-0.816066,-0.933398,0.870616,0.205847,-0.317004,0.663928,0.076216,0.288524,-0.470813,-0.160746,-0.314561,0.251592,0.467364,-0.984993
0.946357,-0.458438,-0.606867,-0.414093,-0.590346,0.629245,0.854842,0.679648,-0.480059,0.565618,0.118733,-0.041281,-0.37908,0.286591,-0.942797
0.329435,-0.581975,-0.321444,0.827438,-0.349406,0.890765,0.276138,0.068652,-0.03295,0.177477,0.313625,-0.640591,-0.173149,0.368695,-0.975414
-0.500702,-0.625741,-0.856208,-0.724908,0.359892,0.121888,0.153219,0.16635,0.128083,0.050926,-0.625877,-0.597153,0.331422,0.285282,-1.0
0.02976,-0.441782,0.686519,-0.428613,-0.364792,0.4135,0.667604,0.171856,-0.323161,0.347784,0.121365,-0.278988,-0.135664,0.412706,-1.0
0.222646,-0.849702,-0.2229,-0.861182,0.527235,-0.247104,0.312338,0.841592,0.261415,-0.107406,-0.317051,-0.565834,0.123726,0.4125,-1.0
-0.578448,0.142802,0.678353,0.182747,0.915043,0.933179,0.847686,0.691375,0.45886,0.410405,-0.113627,-0.075922,0.467808,0.184715,-0.990004
0.733334,0.312568,-0.936379,-0.690161,0.168169,0.035922,0.967142,0.758838,0.75608,0.134588,-0.058151,0.069451,-0.434699,-0.153601,-0.929796
0.304577,-0.708395,0.857836,-0.023644,-0.707934,-0.568687,0.72469,0.673533,-0.454592,-0.398503,0.301544,0.022057,-0.61089,0.007371,-0.996598
0.246759,0.075029,-0.183534,-0.298849,-0.509972,0.351171,0.154931,0.813793,-0.156255,0.054477,0.80084,-0.260511,-0.499144,0.189064,-1.0
0.49593,0.239799,0.073738,0.45704,0.109148,-0.804511,0.99303,0.610803,0.043568,-0.806885,0.115166,0.021274,-0.150412,-0.424689,-0.914164
-0.375378,-0.511327,-0.163654,0.752173,-0.142887,0.174034,0.682194,0.194118,-0.35195,0.485108,-0.040126,-0.260575,0.23587,0.490784,-0.974005
0.690783,0.4583,-0.107293,0.312959,-0.717597,-0.110475,0.380406,0.884034,-0.363449,-0.08265,0.529815,0.232002,-0.496449,-0.264141,-0.982725
0.919477,-0.114195,0.377208,-0.912529,0.314802,0.909429,0.83689,0.632887,0.208639,0.653619,0.154098,-0.064329,-0.329414,0.38823,-1.0
0.959844,-0.790784,-0.590969,0.723298,-0.57545,0.776999,0.307802,0.261597,-0.189767,0.195949,0.372018,-0.491747,-0.475115,0.421399,-0.992634
-0.498055,-0.00622,0.424088,-0.164281,0.249981,0.212529,0.886605,0.10866,0.548475,0.464036,-0.116197,-0.034619,0.380591,0.099023,-1.0
0.262999,0.230326,0.577317,-0.315122,-0.760508,0.809795,0.923215,0.356935,-0.503981,0.580555,0.072128,-0.018949,-0.39527,0.191959,-1.0
0.987904,-0.494427,0.974089,0.578383,0.316572,0.101117,0.813286,0.354136,0.625155,0.180308,0.103582,-0.119109,-0.498073,0.348693,-0.976635
-0.389008,0.018856,0.772768,-0.512831,-0.696718,0.394279,0.622947,0.536735,-0.41953,0.280531,0.181168,-0.257104,-0.352177,0.408439,-1.0
0.937549,-0.097953,0.822014,0.28873,-0.603275,-0.671341,0.047744,0.687784,-0.08435,-0.016953,0.803239,0.2661,-0.483605,-0.151485,-0.994449
-0.156436,0.691899,-0.37101,-0.009788,-0.608255,0.709064,0.465687,0.169491,-0.263402,0.251706,0.588237,-0.064376,-0.447165,-0.001569,-1.0
0.554173,0.487593,0.700897,0.679349,0.883099,0.307183,0.383505,0.174117,0.21476,0.021626,-0.61259,0.260988,0.458358,-0.251135,-0.994626
0.572204,0.281001,0.413625,0.3027,-0.400095,0.801947,0.66938,0.277098,-0.29866,0.424156,0.250266,-0.15478,-0.407974,0.269245,-0.933382
0.671959,0.183689,0.748569,-0.454008,0.64721,-0.551126,0.712603,0.034383,0.425107,-0.384704,-0.009165,0.353101,-0.034351,-0.481032,-0.991422
-0.857958,-0.189859,-0.53529,0.633989,-0.740481,-0.557069,0.139788,0.956505,-0.125739,-0.081112,-0.243008,0.851503,0.019975,-0.416393,-0.997672
0.319245,-0.263712,-0.705016,-0.489775,0.590424,-0.216649,0.905834,0.637643,0.617579,-0.22553,-0.085853,-0.01531,0.488275,0.15308,-0.932625
0.537791,-0.686243,0.642322,-0.635993,-0.66904,0.278215,0.726951,0.234689,-0.45207,0.245285,0.328106,-0.1512,-0.423951,0.252227,-0.938748
-0.95747,-0.41473,-0.495781,-0.48063,-0.055157,0.321809,0.777067,0.506496,-0.089627,0.576517,-0.18516,-0.111701,0.459806,0.322549,-1.0
-0.355254,-0.663469,0.863695,-0.810309,0.182053,0.584946,0.498799,0.961766,0.03601,0.346467,-0.334791,-0.49571,0.154525,0.572547,-0.990269
0.482506,0.179497,-0.552458,-0.439661,0.53051,-0.350759,0.545298,0.051273,0.412154,-0.268696,0.057973,0.447682,0.138278,-0.557795,-0.976636
-0.249783,-0.441928,0.927702,0.182684,0.670768,-0.55804,0.066364,0.08082,0.033903,-0.099324,-0.918094,0.145599,0.4068,-0.00686,-0.982677
0.92546,-0.245253,-0.269465,-0.531311,-0.392281,-0.590162,0.960309,0.580172,-0.41322,-0.634361,0.085975,0.082179,-0.43284,-0.156291,-1.0
0.920709,0.747022,0.971941,-0.837902,-0.800851,-0.622285,0.827872,0.210784,-0.549263,-0.409567,0.205235,0.075833,-0.413091,-0.231716,-1.0
-0.280757,-0.080904,0.429505,-0.404257,0.077503,-0.870053,0.111352,0.470938,-0.041335,-0.12007,-0.406755,0.797854,0.262565,-0.423014,-0.962197
-0.525961,-0.726527,0.712472,-0.777686,0.116141,-0.95414,0.492888,0.812467,0.07953,-0.476853,-0.514632,0.260905,0.505977,-0.259513,-1.0
0.947353,0.056612,-0.98509,0.165135,-0.731452,-0.71029,0.921969,0.039412,-0.508289,-0.521279,0.148137,0.071822,-0.364271,-0.158084,-1.0
0.926299,0.027729,0.32965,0.028063,0.809989,-0.802247,0.440842,0.289842,0.241291,-0.347974,0.087035,0.479538,-0.020646,-0.538799,-0.996909
-0.324335,-0.741169,-0.495654,0.653855,-0.439497,-0.2803,0.156532,0.085588,-0.219379,-0.069273,0.25829,-0.771614,-0.121016,0.518121,-0.997191
0.852821,0.720857,-0.594352,0.527875,-0.798897,0.721914,0.67251,0.54068,-0.391437,0.501863,0.295899,-0.020777,-0.392964,0.004338,-0.914496
-0.406659,-0.960601,0.719481,-0.129563,-0.82621,0.91232,0.303314,0.927751,-0.128203,0.224834,0.118892,-0.55832,-0.158611,0.468594,-0.975434
0.860689,0.372228,0.96422,-0.558325,-0.040093,0.906365,0.564934,0.807642,-0.086327,0.430833,0.343688,-0.295075,-0.451641,0.257064,-1.0
0.676229,0.015992,-0.43392,-0.740999,0.883976,0.029731,0.635661,0.6211,0.46539,0.12411,-0.234426,-0.028041,0.509926,0.03014,-0.996842
-0.977968,-0.863908,0.650236,0.776746,-0.266257,0.95615,0.638593,0.58998,-0.075829,0.45686,-0.08981,-0.367024,0.1163,0.456999,-1.0
0.986412,0.622998,0.38061,-0.214694,-0.378389,-0.234539,0.93782,0.274998,-0.556658,-0.365675,0.08131,0.026714,-0.486845,-0.378766,-1.0
-0.746153,-0.231739,-0.113438,0.186168,-0.808781,-0.782814,0.472283,0.965504,-0.279374,-0.363535,0.158582,0.481441,-0.001371,-0.506817,-0.983872
-0.122148,-0.457562,-0.390028,0.434939,-0.782745,0.932997,0.412258,0.63596,-0.197039,0.239423,0.12857,-0.534316,-0.183121,0.401057,-1.0
-0.462275,0.474631,0.877155,-0.756849,-0.08951,-0.297126,0.319143,0.025702,-0.070301,-0.252713,-0.329123,0.63389,0.247295,-0.400355,-0.957427
-0.828865,-0.810998,0.279044,0.842289,-0.932882,0.976294,0.386116,0.949542,-0.156651,0.2932,-0.03394,-0.641705,0.014231,0.496644,-1.0
-0.645235,-0.94467,-0.812618,0.637291,0.139907,0.080723,0.191772,0.020968,0.060685,-0.071131,-0.542128,-0.711397,0.260675,0.321738,-1.0
-0.44214,0.267335,-0.349163,-0.030427,-0.109733,0.538856,0.300609,0.678146,-0.047585,0.150092,-0.482082,-0.489024,0.372597,0.326612,-0.989419
0.094677,0.850595,0.415712,0.360132,-0.808364,0.572264,0.935409,0.008564,-0.627401,0.393919,0.030854,0.035509,-0.484662,-0.181626,-1.0
0.275798,-0.03957,0.476266,-0.933885,0.911982,-0.943565,0.433858,0.880363,0.2271,-0.227062,-0.230987,0.546403,0.317397,-0.420674,-0.94776
-0.306936,-0.808793,0.907278,-0.83896,0.315638,-0.285268,0.153398,0.204053,0.106618,-0.035131,-0.599091,-0.490673,0.333877,0.244287,-1.0
0.526118,-0.913075,-0.314627,-0.787089,-0.288349,-0.145653,0.371449,0.005785,-0.34485,-0.086036,0.464105,-0.385823,-0.421261,0.351208,-1.0
0.360115,-0.379869,0.175782,-0.595535,-0.292189,0.276603,0.25778,0.3996,-0.123646,0.009606,0.543512,-0.530838,-0.401884,0.446434,-0.970132
0.597167,-0.355327,-0.649175,0.627282,-0.052858,0.55646,0.871764,0.596075,-0.113347,0.724591,0.097305,-0.113174,-0.31996,0.3773,-0.978315
0.7547,-0.475268,0.293969,-0.7446,-0.515047,-0.920739,0.475702,0.350848,-0.186793,-0.383281,0.495824,0.24583,-0.397585,-0.193968,-0.998778
-0.010462,-0.035416,-0.332946,0.652251,0.647483,-0.90709,0.806679,0.997985,0.398955,-0.52774,-0.173968,0.199552,0.335702,-0.410249,-0.969878
-0.298816,0.670157,-0.231608,-0.40559,-0.078216,0.490815,0.922223,0.451976,-0.176037,0.693665,-0.100739,0.052579,0.34527,-0.467576,-0.936057
0.684782,-0.84847,0.704355,-0.892236,-0.785837,-0.125663,0.296184,0.608369,-0.118037,-0.119444,0.690911,-0.379468,-0.439635,0.174569,-1.0
0.023415,0.087686,-0.657794,0.424693,0.322874,0.742752,0.578713,0.537545,0.16449,0.404254,-0.172793,-0.421141,0.121024,0.428645,-1.0
-0.103257,0.655995,0.716665,-0.932349,-0.424085,0.772917,0.812482,0.258099,-0.419329,0.645878,0.240534,-0.014562,-0.508581,0.153784,-0.996727
0.55113,-0.834523,-0.867771,-0.091723,-0.600161,0.631984,0.311238,0.098847,-0.195827,0.156929,0.473572,-0.559566,-0.364004,0.403272,-1.0
0.972921,0.382815,-0.989946,-0.351469,-0.357842,-0.507479,0.088252,0.424216,-0.02078,-0.015739,0.793781,0.613014,-0.391953,-0.270996,-1.0
-0.911182,0.728063,-0.621731,-0.184269,0.286335,0.330012,0.74906,0.925777,0.415957,0.446949,-0.265991,0.103914,0.508376,-0.245684,-1.0
0.774518,-0.080926,0.661007,-0.999416,0.070923,0.503094,0.604319,0.658373,0.032893,0.390801,0.30827,-0.196567,-0.372152,0.313203,-0.985154
0.715412,0.827881,-0.27301,0.681087,0.352138,0.488486,0.15607,0.136712,0.051653,0.059846,0.568717,0.59589,-0.414523,-0.404082,-0.953804
0.893094,0.948783,-0.891071,0.662349,-0.620496,0.758741,0.890121,0.255214,-0.390702,0.595153,0.123458,0.010297,-0.552253,-0.012978,-1.0
0.691867,0.954198,-0.099344,0.958081,-0.323956,-0.507574,0.01599,0.833588,-0.047283,0.020543,0.538622,0.845515,-0.354711,-0.390039,-1.0
-0.86323,0.598016,0.465128,-0.145948,-0.638198,0.671033,0.096888,0.212146,-0.123681,0.121739,-0.795174,-0.343601,0.42679,0.242033,-0.924778
0.935228,-0.173244,0.549702,-0.956237,-0.157933,-0.678766,0.879911,0.661203,-0.263908,-0.64883,0.076702,0.078906,-0.421622,-0.195174,-1.0
-0.43165,0.807209,0.402916,0.727489,0.839863,0.040055,0.592651,0.33824,0.424638,0.00534,-0.310288,0.229049,0.402389,-0.231762,-0.994249
0.947556,-0.384992,0.372985,-0.320683,-0.049677,-0.653193,0.104796,0.091334,0.07177,-0.089903,0.777617,0.256176,-0.414928,-0.157331,-0.95147
-0.220522,-0.614577,-0.716352,0.975173,0.821433,-0.940832,0.914592,0.102718,0.539955,-0.504057,-0.089419,-0.027226,0.527808,-0.124809,-0.977046
-0.902369,-0.451628,0.032919,0.760017,0.214658,0.340711,0.441129,0.937429,0.200622,0.323215,-0.431497,-0.386388,0.410646,0.281321,-1.0
0.944028,-0.212734,-0.17627,0.336236,-0.670265,0.198522,0.411041,0.737543,-0.301063,0.066714,0.596372,-0.071004,-0.5193,0.256086,-1.0
0.226036,-0.491522,0.752751,-0.160323,0.058895,0.833847,0.260043,0.495289,0.009639,0.231522,0.067781,-0.733713,-0.086208,0.490097,-1.0
-0.662658,0.119361,0.507426,0.61648,0.03269,-0.196484,0.108692,0.87843,-0.072847,-0.040004,-0.8332,0.442662,0.466864,-0.219807,-0.930438
-0.239943,0.245778,-0.453518,-0.098419,-0.333068,-0.709417,0.208433,0.202921,-0.038601,-0.086932,0.078964,0.819809,-0.099518,-0.424408,-0.922869
-0.286828,0.52673,0.70195,-0.883402,-0.45134,0.865096,0.644523,0.141878,-0.254619,0.405571,0.200973,-0.287055,-0.143783,0.475041,-0.967733
0.06324,0.625559,-0.691043,-0.660973,-0.751162,0.040465,0.049899,0.757555,0.022056,-0.008376,0.766847,0.436702,-0.31449,-0.217755,-0.961757
-0.570683,0.189128,-0.034438,-0.868425,-0.809965,-0.579945,0.175365,0.673053,-0.161232,-0.148121,0.182844,0.688926,-0.147634,-0.499989,-0.900631
-0.854085,0.551251,0.857408,0.055066,0.786202,-0.39715,0.493168,0.596643,0.363339,-0.231985,-0.414799,0.227459,0.469473,-0.272678,-0.947594
-0.514423,0.283679,-0.206126,-0.152712,-0.127011,-0.0513,0.529639,0.878324,-0.312513,-0.105002,-0.355226,0.262738,0.342785,-0.34433,-0.968401
-0.450266,-0.21455,-0.165321,-0.003,-0.505653,-0.54841,0.967891,0.238013,-0.554779,-0.592952,-0.02959,-0.046221,-0.043153,-0.513137,-0.952699
0.376759,0.860652,-0.049202,0.141928,0.264501,0.58493,0.502346,0.505591,0.076183,0.462123,0.157169,0.314633,-0.18083,-0.516188,-0.975009
-0.957837,-0.129035,-0.594076,0.667422,0.743305,0.053841,0.073549,0.502778,0.086325,0.003628,-0.914839,-0.087708,0.454613,0.084989,-1.0
-0.066799,0.789604,-0.194368,-0.121514,-0.001843,-0.681069,0.02529,0.491849,-0.002239,0.034293,-0.15074,1.0,0.124045,-0.48008,-1.0
-0.179583,-0.312417,0.758074,-0.256542,-0.100105,0.312747,0.83549,0.56053,-0.241542,0.664165,-0.092404,-0.130246,0.024864,0.494438,-1.0
-0.39692,0.386086,0.260127,0.370722,0.31868,-0.500543,0.283269,0.51627,0.204496,-0.148804,-0.552777,0.48783,0.307793,-0.41772,-0.94807
-0.731875,0.750913,-0.036536,-0.032989,0.464596,0.491834,0.848309,0.141424,0.46461,0.557347,-0.135579,0.000521,0.425712,-0.125107,-1.0
0.894462,-0.810767,-0.638309,-0.502743,0.934303,-0.2616,0.669613,0.890646,0.54935,-0.104103,-0.122328,-0.379547,0.084758,0.529803,-1.0
-0.765456,-0.625286,-0.170702,-0.756065,-0.839643,-0.113487,0.340104,0.227921,-0.18305,-0.089479,0.037266,-0.664722,-0.017829,0.506979,-0.979958
0.494337,0.936558,0.968031,0.497853,-0.336647,0.160592,0.493905,0.872444,-0.356509,0.194283,0.419099,0.25427,-0.321502,-0.332425,-0.994487
0.797257,0.718571,-0.657212,-0.058756,-0.512797,0.199854,0.158057,0.698424,-0.184916,0.032696,0.686554,0.292588,-0.472283,-0.218768,-1.0
-0.122746,0.697997,-0.958928,-0.497423,-0.361256,0.581647,0.381121,0.073312,-0.117824,0.30523,0.507007,0.227728,-0.459227,-0.199981,-0.956946
0.106628,0.241033,0.497357,-0.433807,0.969517,-0.38708,0.181219,0.669012,0.194177,-0.01616,-0.632363,0.521047,0.341062,-0.371987,-0.998026
0.349314,-0.639591,0.299706,0.508082,-0.484032,-0.359207,0.968683,0.010264,-0.626029,-0.45642,0.018829,-0.029068,-0.512819,0.147177,-1.0
-0.316702,0.932564,0.382669,0.51244,0.341386,0.611779,0.300106,0.714131,0.0631,0.200974,-0.585933,0.226761,0.551098,-0.227656,-1.0
0.395747,0.799783,0.186624,0.89541,0.272233,0.999691,0.411693,0.819823,-0.020058,0.270338,0.334132,-0.502891,-0.328,0.475204,-0.968576
-0.405262,-0.026798,-0.419749,0.281487,0.067053,0.607141,0.770662,0.203547,0.135423,0.652237,-0.095291,-0.230353,0.409537,0.460776,-0.989649
-0.106218,0.918869,-0.116574,0.602096,0.257395,-0.849716,0.91862,0.951462,0.205268,-0.691473,-0.026575,0.086801,0.120746,-0.596265,-0.88198
0.719618,0.336595,0.821866,0.803722,0.08425,0.086604,0.558406,0.019262,0.243502,0.380746,0.394933,0.123596,-0.475405,-0.096752,-1.0
-0.696863,-0.839589,-0.624049,0.347619,-0.651735,0.890363,0.15668,0.35154,0.03386,0.105563,-0.062343,-0.902974,-0.002243,0.471893,-0.949447
-0.542078,-0.930964,-0.329934,-0.167802,0.362397,0.867221,0.311353,0.552649,0.087633,0.176941,-0.315218,-0.625905,0.168158,0.410887,-0.995608
-0.311597,0.275079,-0.573966,0.318985,0.334658,-0.59828,0.829442,0.047785,0.397629,-0.549164,-0.066378,0.106159,0.36405,-0.378728,-0.959493
0.84925,-0.080528,0.141648,0.967217,0.224299,0.332725,0.048723,0.752589,0.06216,0.080827,0.790185,-0.555638,-0.448768,0.262029,-0.927315
-0.150992,0.032828,0.443095,0.686026,-0.903255,0.849798,0.144485,0.926672,-0.066254,0.057618,0.613552,-0.676825,-0.403351,0.354545,-1.0
-0.599365,0.610926,0.776127,-0.91581,-0.410225,0.460424,0.975742,0.194921,-0.537391,0.574597,0.029248,0.025473,0.366619,-0.322106,-0.970576
-0.067942,0.063337,-0.484945,-0.509752,0.212784,-0.897021,0.901101,0.785524,0.156309,-0.681982,-0.024978,0.084339,0.149624,-0.511196,-0.95873
-0.514058,-0.168807,-0.654815,-0.530191,-0.178139,0.372361,0.975013,0.220206,-0.282023,0.773814,0.027416,-0.00687,0.30884,0.400438,-0.940595
-0.510658,-0.707849,0.099866,-0.182404,-0.530392,-0.490416,0.937252,0.920248,-0.526375,-0.558951,0.018783,-0.128309,-0.074277,0.527671,-0.998403
0.543576,0.425393,0.349561,0.038856,0.923899,0.251801,0.295405,0.625626,0.291764,0.104008,-0.584696,0.30916,0.351114,-0.219252,-1.0
-0.442555,0.696241,-0.037309,0.438035,-0.043831,-0.766017,0.764209,0.240618,-0.010227,-0.558195,-0.05695,0.256563,0.104305,-0.427145,-0.942902
0.363041,0.61718,-0.607068,0.485653,-0.054733,-0.761727,0.531868,0.206255,-0.01647,-0.344142,0.175436,0.521861,-0.082733,-0.393424,-1.0
-0.896366,-0.095378,0.047843,0.312805,0.772387,-0.903204,0.349908,0.707465,0.088443,-0.21046,-0.644708,0.300428,0.432289,-0.250938,-1.0
0.482196,-0.778842,-0.785191,-0.509711,-0.822692,0.723533,0.950074,0.802999,-0.561644,0.494097,-0.062299,-0.023278,-0.296354,0.372253,-0.972272
-0.056739,0.695121,-0.082376,-0.305714,-0.520033,0.248242,0.390328,0.356189,-0.297636,0.101274,0.42226,0.328421,-0.339545,-0.390756,-1.0
0.263025,-0.757287,0.932099,0.520816,0.562733,0.792096,0.033775,0.000129,-0.039205,0.020096,-0.293381,-0.917219,0.075919,0.45463,-0.981398
0.757485,-0.221242,0.434663,0.806467,-0.040811,-0.70408,0.758562,0.501101,-0.037401,-0.515383,0.152926,0.183947,-0.43931,-0.334131,-0.940537
-0.916893,-0.839627,0.283085,-0.151484,0.761559,-0.510308,0.692529,0.767909,0.496637,-0.261304,-0.296417,-0.114417,0.504435,0.11478,-0.957549
0.830424,-0.310248,0.928326,0.362153,0.485263,-0.02563,0.193743,0.571809,0.099219,-0.05952,0.57835,-0.539838,-0.3926,0.380257,-0.984174
0.562265,-0.010425,-0.441611,-0.707181,-0.178384,-0.95415,0.018072,0.355796,0.100523,-0.022075,0.595731,0.839393,-0.268106,-0.426235,-0.968983
-0.227887,-0.784789,0.532442,-0.665173,0.847296,0.080541,0.232806,0.052205,0.204067,0.059478,-0.631282,-0.518637,0.355637,0.336288,-1.0
0.00851,0.207963,0.363651,0.650135,0.59036,0.644633,0.620788,0.11939,0.372901,0.275526,-0.232104,-0.200254,0.367074,0.299757,-1.0
-0.494564,0.697287,-0.072422,-0.683718,-0.701192,0.373549,0.266524,0.833622,-0.148652,0.084285,0.303473,0.586931,-0.201336,-0.364015,-1.0
-0.202507,0.355673,0.72232,-0.283387,0.029245,-0.356611,0.027275,0.594395,0.013868,-0.017678,-0.279106,0.831778,0.181567,-0.449836,-1.0
-0.150498,0.713335,0.946668,0.442099,0.985878,-0.068305,0.804063,0.254753,0.537966,-0.049592,-0.207708,0.107642,0.409397,-0.276374,-1.0
0.49285,-0.28396,-0.646441,0.465265,-0.888971,0.288025,0.570649,0.998947,-0.437494,0.111506,0.443712,-0.173506,-0.426777,0.142609,-1.0
-0.586449,-0.765628,0.838039,-0.158357,-0.357606,-0.582314,0.216575,0.269897,-0.166991,-0.141882,-0.658178,-0.36502,0.437379,0.186714,-1.0
0.697173,-0.659687,-0.809558,-0.626817,0.588566,0.478737,0.068173,0.339452,0.053555,-0.017485,0.14937,-0.929714,-0.000392,0.599047,-1.0
-0.821369,-0.561272,0.485745,-0.444587,-0.18208,-0.150864,0.26435,0.368577,-0.170423,-0.12483,-0.609387,-0.366913,0.348281,0.244454,-1.0
-0.300336,0.919656,0.784095,-0.040878,0.857102,-0.777394,0.964036,0.244691,0.535753,-0.470663,-0.043365,-0.009573,0.24836,-0.531582,-1.0
0.335927,0.331746,0.591523,-0.464291,-0.84798,-0.129279,0.941808,0.106185,-0.812632,-0.120497,0.071165,-0.010302,-0.35718,-0.123387,-0.944108
-0.930356,-0.808303,0.826918,-0.544351,0.978718,0.569507,0.268496,0.606383,0.187665,0.071728,-0.616206,-0.381093,0.34303,0.313197,-1.0
0.702075,-0.90319,-0.19223,0.308006,-0.028216,-0.053059,0.604801,0.454429,-0.185741,-0.409118,0.322444,-0.238584,-0.232041,0.301142,-0.979833
0.75065,0.472706,-0.122683,0.169448,-0.886424,-0.298926,0.64597,0.50232,-0.506919,-0.133102,0.251144,0.157443,-0.420705,-0.261657,-0.985738
0.164553,0.187906,0.259957,0.096716,-0.267616,0.108982,0.003385,0.922274,-0.057489,-0.008289,0.999608,0.105574,-0.486618,-0.130729,-0.975076
-0.928527,0.433453,0.668349,-0.048979,-0.457985,0.821546,0.217666,0.530349,-0.152656,0.128065,-0.707139,-0.433098,0.392752,0.362475,-1.0
-0.778695,0.67017,-0.232452,0.721555,-0.082799,-0.395384,0.717275,0.861708,0.003093,-0.54044,-0.211655,0.314898,0.253578,-0.472246,-0.973924
-0.745527,0.784237,-0.228246,0.991556,-0.700832,-0.633429,0.226335,0.797905,-0.023959,-0.019793,-0.005021,0.695299,0.072428,-0.549236,-0.978602
0.334586,-0.139385,0.086682,-0.05291,-0.768329,-0.656287,0.830884,0.706296,-0.487157,-0.455757,0.136104,0.043962,-0.490919,-0.203524,-1.0
0.590417,0.923712,0.829701,0.697845,0.846153,-0.557709,0.216785,0.154912,0.135448,-0.103143,-0.099465,0.765706,0.049205,-0.592465,-0.993326
0.812865,0.518825,0.152343,-0.085458,0.332813,0.955764,0.843904,0.98613,0.197843,0.679961,0.088701,-0.077135,-0.413152,0.316049,-0.956568
0.199225,0.117938,0.426585,-0.910727,0.979793,0.590823,0.668129,0.266489,0.358244,0.331166,-0.319853,-0.181103,0.403673,0.213919,-1.0
-0.617605,0.793705,0.251698,0.725756,-0.913719,0.572148,0.536891,0.096922,-0.397438,0.255034,0.311565,0.257705,-0.476031,-0.309259,-1.0
-0.213415,-0.622209,0.290184,-0.468238,-0.73583,0.261671,0.815476,0.474176,-0.599224,0.311213,0.068058,-0.199509,-0.225583,0.506455,-0.913735
0.611142,0.460659,-0.481246,0.671772,-0.603076,-0.49615,0.779135,0.516259,-0.459733,-0.412536,0.174427,0.168021,-0.327938,-0.251099,-1.0
-0.801143,-0.640816,0.924769,-0.058666,-0.381532,-0.083969,0.597305,0.165625,-0.494141,-0.173691,-0.230976,-0.282556,0.317794,0.381594,-0.975835
0.984777,0.941816,-0.4548,0.698618,0.40091,-0.079906,0.613395,0.585736,0.420253,-0.12202,0.223064,0.341438,-0.186933,-0.390483,-0.975021
-0.550914,-0.578782,-0.448887,0.732696,-0.43743,-0.109142,0.312946,0.477213,-0.250591,-0.131764,-0.216052,-0.699619,0.173344,0.448742,-1.0
0.748197,0.538704,-0.872787,0.318467,-0.811398,0.259371,0.912323,0.232122,-0.715927,0.240817,0.026313,-0.04977,-0.511167,-0.086746,-1.0
-0.378311,-0.522907,0.942845,0.732531,0.563742,0.24121,0.777216,0.772135,0.595479,0.218785,-0.13035,-0.146843,0.347264,0.22434,-0.951837
0.994019,-0.606896,-0.028762,0.465783,-0.6903,-0.171114,0.553667,0.038785,-0.456979,-0.081256,0.514065,-0.059031,-0.455723,0.247291,-1.0
0.855919,0.40976,-0.056828,-0.409232,0.059244,0.790553,0.404058,0.955425,-0.051432,0.314886,0.503002,-0.206653,-0.359334,0.205701,-0.933938
-0.616284,0.090937,0.743544,-0.658016,0.998649,0.380204,0.430845,0.902776,0.318264,0.137766,-0.512364,-0.078387,0.405089,0.042159,-1.0
0.318051,0.543148,0.811796,0.027486,0.512642,-0.138306,0.655613,0.318403,0.517863,-0.165897,-0.132064,0.332001,0.022217,-0.447115,-0.92121
0.326073,0.597182,-0.073648,-0.273178,-0.564225,0.222612,0.129518,0.661601,-0.024788,-0.008485,0.742315,0.353121,-0.441834,-0.227516,-0.923268
0.251695,0.869073,-0.650136,-0.887013,-0.241611,0.044379,0.517297,0.238162,-0.406896,0.055456,0.298478,0.417741,-0.321178,-0.395864,-1.0
-0.954163,-0.857592,-0.467659,0.436118,-0.628039,0.497754,0.684911,0.774425,-0.449322,0.412945,-0.019179,-0.314529,0.11841,0.502753,-1.0
-0.918516,0.672836,-0.024575,0.686029,0.68838,0.392679,0.109425,0.616897,0.115924,0.016612,-0.871344,0.238011,0.542512,-0.060304,-0.959884
0.705682,0.069011,-0.755689,0.437951,0.125459,-0.910747,0.275923,0.593671,0.043157,-0.190702,0.360703,0.617399,-0.260339,-0.451198,-0.967458
0.697509,-0.050865,-0.266685,0.799785,0.37282,-0.679247,0.640331,0.577361,0.304237,-0.387305,0.18141,0.251153,-0.119565,-0.437441,-0.994953
0.453332,0.260022,-0.507366,-0.464649,0.208303,-0.29489,0.359176,0.130739,0.241036,-0.152848,0.306922,0.618879,-0.231162,-0.481818,-0.977545
0.636764,0.544387,0.530706,0.582871,-0.903718,-0.051184,0.866943,0.02156,-0.695283,-0.03727,0.169835,0.005469,-0.55715,-0.157855,-1.0
-0.650275,0.62509,-0.193615,0.834208,0.368955,-0.208667,0.47852,0.641812,0.317189,-0.129671,-0.365485,0.381246,0.431512,-0.338958,-1.0
-0.075913,0.624821,0.32936,-0.592427,-0.75087,0.7357,0.629334,0.061169,-0.328412,0.43387,0.354408,-0.022104,-0.58549,0.057176,-0.988778
0.607668,-0.828631,-0.07787,0.276278,0.207119,-0.638858,0.627388,0.292137,0.098336,-0.538095,0.332584,-0.13089,-0.363955,0.183538,-0.983648
0.697206,0.370979,-0.909354,-0.469973,0.157224,0.303766,0.754064,0.859867,0.31106,0.595438,0.250825,0.070427,-0.473437,0.01432,-1.0
0.426545,0.209503,-0.339771,-0.30115,-0.902814,0.639486,0.39799,0.404752,-0.246116,0.159688,0.585317,-0.241886,-0.520396,0.198548,-1.0
-0.969219,0.322862,-0.857432,0.751454,-0.03813,-0.95275,0.401979,0.07424,-0.004808,-0.334577,-0.312603,0.426632,0.232005,-0.34003,-0.943054
-0.348936,0.134269,0.113859,0.825993,0.028466,0.21107,0.81278,0.038825,0.112381,0.581289,-0.180464,-0.018112,0.48226,0.231099,-1.0
0.507591,0.965704,-0.419185,0.907307,-0.013032,0.894846,0.410737,0.171783,-0.013194,0.283128,0.545429,0.166196,-0.446339,-0.051194,-0.93021
0.165218,-0.739468,0.47338,-0.647233,0.881852,0.237117,0.558597,0.134531,0.445658,0.101094,-0.30587,-0.397676,0.247323,0.480034,-0.907417
-0.988462,-0.723043,0.358062,0.165199,-0.668224,-0.124774,0.043894,0.470833,-0.025299,-0.071367,-0.439871,-0.826581,0.222524,0.489681,-1.0
0.494519,0.755232,0.200499,0.167846,-0.152014,0.534215,0.889308,0.670647,-0.201875,0.673445,0.236646,-0.04291,-0.483107,-0.120752,-0.942941
0.762914,-0.843549,0.78338,0.065477,0.602282,-0.27959,0.974826,0.722719,0.707989,-0.300696,0.065498,0.005782,-0.236619,0.493451,-1.0
-0.871379,-0.23564,0.364907,-0.232866,-0.004257,0.180563,0.208358,0.480847,-0.054808,0.083043,-0.67404,-0.370906,0.385117,0.238956,-1.0
0.961604,-0.370749,0.318663,0.493471,0.227803,-0.06277,0.072072,0.85792,0.036892,-0.00128,0.886238,-0.412404,-0.403475,0.204335,-0.906476
-0.106735,-0.340511,-0.21439,0.052344,0.269325,0.759861,0.829973,0.864454,0.149519,0.667261,-0.066759,-0.116947,0.167281,0.421064,-0.960373
0.407226,-0.062253,0.713902,-0.469314,-0.986567,0.060771,0.902018,0.561775,-0.755539,0.069134,0.137318,0.056477,-0.559564,0.076752,-1.0
0.496275,-0.615784,0.386861,0.910961,0.27165,0.016234,0.363371,0.316151,0.385076,-0.012601,0.247331,-0.597495,-0.15546,0.509273,-0.938025
0.923783,-0.52656,-0.958333,0.657569,0.497878,0.855881,0.12423,0.762702,-0.077891,0.066086,0.296612,-0.87362,-0.196336,0.456978,-1.0
0.319701,-0.237734,0.656826,0.744616,-0.48118,0.134488,0.294146,0.909758,-0.225123,0.08131,0.627502,-0.376505,-0.489489,0.169491,-0.979411
0.782951,0.072922,-0.720732,0.334155,-0.98428,-0.668339,0.096309,0.513135,-0.048526,-0.086266,0.906287,0.470539,-0.459336,-0.255784,-0.958527
-0.03095,-0.888225,-0.59545,-0.255237,0.357176,0.903392,0.153496,0.995347,0.009931,0.046584,-0.145364,-0.736018,0.04805,0.606523,-1.0
-0.000967,0.531655,-0.44641,-0.109604,-0.568846,0.162615,0.552852,0.567959,-0.429247,0.228744,0.317944,0.221611,-0.395269,-0.274344,-0.936087
0.843016,0.271284,-0.043403,-0.470393,-0.192054,0.156814,0.168359,0.798527,-0.149086,0.052262,0.785681,0.076548,-0.44481,-0.027168,-1.0
-0.419474,0.093647,0.686893,-0.156558,0.869351,0.72513,0.412892,0.105025,0.218933,0.213168,-0.444229,-0.264626,0.446763,0.157185,-1.0
0.116139,0.993823,0.745246,0.729529,0.801658,-0.233019,0.494986,0.548804,0.362656,-0.090188,-0.252216,0.434999,0.278188,-0.336789,-0.954266
-0.779937,-0.256982,-0.460797,-0.073295,0.94518,-0.972891,0.944379,0.259532,0.468228,-0.570322,-0.0495,0.011181,0.444259,-0.171899,-0.979362
0.191868,-0.110388,0.044996,-0.417761,0.239882,0.573743,0.497506,0.160342,0.172442,0.41462,-0.058811,-0.401846,0.034348,0.566162,-0.977537
0.703954,0.316164,0.952558,-0.083937,0.051926,-0.613129,0.493641,0.103078,0.019218,-0.410878,0.344405,0.321063,-0.302027,-0.364861,-0.923467
-0.546019,0.141991,-0.25693,-0.041037,-0.145719,-0.710852,0.579019,0.628041,-0.130203,-0.409993,-0.112664,0.421269,0.220482,-0.498155,-1.0
0.34627,0.838228,0.716871,-0.228687,0.529909,0.833648,0.25947,0.432576,0.203725,0.161133,-0.753006,-0.009599,0.472671,0.057596,-0.951226
-0.936516,-0.929302,-0.458451,-0.320365,-0.765899,0.437205,0.913838,0.376488,-0.650217,0.340555,0.021164,-0.086182,0.068076,0.485928,-0.984129
0.328997,-0.197276,-0.830241,0.540661,0.766569,-0.968158,0.621532,0.208233,0.313099,-0.35866,-0.21438,0.269147,0.19635,-0.475916,-1.0
0.241003,-0.961577,-0.990566,-0.653868,0.902214,-0.921276,0.965949,0.13805,0.511376,-0.579903,-0.113388,-0.032668,0.606522,0.110941,-1.0
0.856728,0.655301,0.621216,-0.691359,-0.266265,-0.792571,0.497739,0.001763,-0.034189,-0.361236,0.310684,0.447627,-0.323164,-0.311869,-1.0
0.040274,-0.363175,-0.054691,0.167253,-0.063149,0.143146,0.948228,0.196925,-0.358504,0.755152,-0.08135,-0.064191,-0.109037,0.456302,-1.0
-0.97897,0.214501,-0.868699,0.629748,0.379455,0.81951,0.100924,0.130164,0.011887,-0.035874,-0.828142,-0.401535,0.473011,0.156002,-1.0
-0.348126,-0.700142,0.69707,-0.351065,-0.668609,-0.86808,0.952827,0.742019,-0.522533,-0.59105,0.035502,-0.087104,-0.357676,-0.279111,-1.0
-0.431674,-0.365031,-0.688622,-0.652588,-0.794219,0.347941,0.499484,0.046801,-0.338651,0.159649,0.176725,-0.4503,-0.233927,0.373267,-1.0
-0.617428,-0.37724,-0.762826,0.425094,-0.213142,0.932172,0.371994,0.151303,0.048643,0.316378,-0.139394,-0.580528,0.186046,0.400383,-0.983202
-0.433295,-0.746744,-0.773643,0.261463,-0.356439,0.496704,0.446303,0.502046,-0.213733,0.313387,0.00696,-0.55022,0.066096,0.589343,-0.999333
-0.605554,-0.887166,-0.179103,0.434639,0.901749,-0.177793,0.783446,0.767238,0.709645,-0.106909,-0.164184,-0.049041,0.54549,0.137263,-0.990832
-0.64277,-0.573564,-0.146006,0.21301,0.183462,-0.498001,0.046829,0.519196,0.055428,0.011385,-0.872325,-0.038695,0.546197,0.049457,-0.921851
-0.744199,-0.919077,0.849817,0.255857,0.630504,-0.590845,0.250354,0.929616,0.076425,-0.059325,-0.717929,-0.142845,0.432578,0.091355,-0.997075
-0.556728,-0.576423,0.873395,0.159643,-0.720424,-0.192973,0.066523,0.066553,-0.045629,0.045244,0.369037,-0.901269,-0.22828,0.431416,-1.0
0.849831,0.602943,-0.028523,0.11365,-0.075094,-0.476135,0.367184,0.452193,-0.018909,-0.367576,0.395747,0.46017,-0.348108,-0.424079,-1.0
-0.510304,-0.036862,0.328287,-0.181339,-0.02957,0.813041,0.697018,0.458296,-0.078163,0.531979,-0.198913,-0.36282,0.222249,0.414562,-0.963223
-0.67242,0.955286,-0.38474,-0.215431,0.583912,-0.093886,0.879701,0.019646,0.72182,-0.091029,-0.073563,0.046567,0.381278,-0.336079,-1.0
0.252151,-0.977571,0.741135,0.191641,0.160024,0.800766,0.505006,0.938394,0.113762,0.382944,0.051664,-0.502443,-0.017091,0.525686,-0.990495
-0.138859,-0.542826,-0.799728,-0.48185,-0.35705,-0.065224,0.678921,0.680831,-0.576314,-0.076802,0.087336,-0.274041,-0.250374,0.489114,-1.0
-0.477384,0.585139,-0.307341,-0.052822,-0.979406,-0.356928,0.815573,0.72336,-0.607925,-0.171611,0.152509,0.17654,-0.1821,-0.459894,-1.0
0.226123,0.116958,-0.155484,-0.985442,-0.391068,0.7883,0.484224,0.192591,-0.255343,0.39334,0.303322,-0.393859,-0.33753,0.332832,-0.923615
-0.829001,-0.489625,-0.689275,-0.968824,0.327976,0.398838,0.97998,0.470493,0.466863,0.601831,-0.052868,0.038522,0.367388,0.276599,-0.976246
0.126027,0.438198,-0.154844,-0.186037,-0.234202,0.613705,0.888038,0.750687,-0.295799,0.72796,0.144967,-0.066392,-0.411844,0.166763,-0.998921
-0.759038,-0.080371,-0.222364,0.686234,0.871558,-0.942366,0.261274,0.626793,0.040538,-0.179647,-0.696245,0.305676,0.447665,-0.271274,-0.98988
-0.575258,0.431358,-0.344803,0.360934,0.563186,-0.774871,0.502272,0.545318,0.299641,-0.341433,-0.264714,0.420128,0.304245,-0.45878,-1.0
-0.045766,-0.433181,-0.389184,0.839487,0.041324,-0.480647,0.522699,0.40407,0.045017,-0.414632,-0.442341,0.238193,0.477956,-0.228051,-1.0
-0.75685,-0.686197,-0.077698,-0.065374,-0.336542,-0.241662,0.889727,0.996889,-0.657548,-0.361457,-0.036865,-0.139615,0.383064,0.30315,-0.966413
-0.841614,-0.814954,0.975471,-0.77852,-0.573642,0.183679,0.824649,0.718026,-0.570312,0.267983,-0.092294,-0.189896,0.170893,0.393068,-0.999904
0.157884,-0.266242,0.693184,0.565058,-0.014962,-0.08857,0.883981,0.495166,-0.142325,-0.702798,0.096641,-0.049635,-0.328684,0.309806,-0.999434
0.072785,0.731975,0.650283,-0.380803,-0.242232,0.452043,0.346171,0.221492,-0.198727,0.292363,0.520005,0.411568,-0.422248,-0.37969,-1.0
0.065352,-0.980545,-0.038972,-0.856056,-0.301221,-0.347107,0.249342,0.092599,-0.136569,-0.143196,0.359361,-0.65762,-0.213548,0.421074,-0.972886
-0.208369,-0.543484,0.633119,-0.529812,0.616893,-0.797139,0.681726,0.348431,0.33649,-0.425638,-0.235684,0.055752,0.469351,-0.061349,-0.95776
0.544621,-0.415758,-0.611421,0.076023,-0.201476,0.360143,0.000321,0.644348,0.018565,-0.049352,0.682925,-0.775723,-0.378033,0.356594,-1.0
-0.017094,0.924103,-0.318602,-0.350361,0.464323,-0.68935,0.555807,0.274353,0.319368,-0.297716,-0.170844,0.352788,0.169109,-0.519035,-0.948762
-0.926733,-0.472712,0.255434,0.426146,0.873192,-0.025004,0.825833,0.285411,0.745665,0.037575,-0.102321,-0.090649,0.352253,0.130129,-0.906285
-0.56107,0.030075,-0.681788,0.303955,0.32373,0.321123,0.653898,0.450595,0.284389,0.427471,-0.36655,-0.107162,0.387988,0.195129,-1.0
0.420591,0.556058,0.989523,0.123972,-0.198013,0.670894,0.322973,0.824035,-0.019846,0.357719,0.667956,-0.109183,-0.545839,0.052327,-0.996791
-0.634653,0.200581,0.686352,0.095836,-0.695952,0.830889,0.39926,0.833195,-0.225107,0.271821,-0.065304,-0.467177,0.0072,0.497902,-0.969217
0.345692,-0.856035,-0.962064,-0.101179,-0.94452,0.249122,0.356822,0.638989,-0.276943,0.08297,0.538062,-0.430068,-0.43836,0.308176,-0.867682
-0.605443,0.516222,-0.975016,0.484675,0.336705,-0.014592,0.634938,0.369872,0.457188,-0.042157,-0.34879,0.175417,0.401153,-0.17661,-0.948696
0.895251,0.937363,-0.934781,-0.742363,-0.542175,-0.070018,0.149611,0.926839,-0.149889,0.103449,0.658853,0.426994,-0.352841,-0.292042,-1.0
-0.657506,-0.766538,-0.954348,-0.135996,-0.248487,-0.079444,0.713807,0.695668,-0.53382,-0.14845,-0.186958,-0.247573,0.299738,0.476747,-0.955386
-0.799584,0.31138,0.170082,0.199197,0.155843,0.919895,0.249624,0.267892,0.010075,0.18752,-0.625607,-0.373231,0.385995,0.259101,-0.958266
-0.061809,0.067727,-0.614159,-0.322493,-0.257147,-0.653585,0.987182,0.696902,-0.34869,-0.774604,-0.044435,0.038287,-0.07406,-0.540041,-1.0
0.779731,0.97048,0.649402,0.551537,0.725647,-0.759262,0.345188,0.816855,0.139206,-0.259268,0.074455,0.662693,-0.025573,-0.446578,-0.930261
0.939966,0.333488,0.666527,-0.87126,0.272196,-0.352613,0.456318,0.422623,0.230965,-0.287523,0.400132,0.444731,-0.354229,-0.449076,-0.955406
-0.698272,0.794779,0.093814,-0.297378,0.005704,0.986818,0.299105,0.320333,-0.076416,0.22307,-0.684377,-0.205217,0.483295,0.138853,-1.0
0.710525,-0.609598,0.945134,0.639568,-0.159752,0.650844,0.113196,0.077112,0.106433,0.057055,0.62784,-0.737867,-0.313926,0.28284,-0.949893
0.871569,-0.271248,0.239974,0.300452,-0.87862,-0.307204,0.065683,0.496853,0.003937,0.004389,0.961562,0.092409,-0.529806,0.082682,-0.958905
0.416323,-0.54892,0.0479,0.006736,-0.518173,-0.137011,0.246587,0.189999,-0.076596,-0.081072,0.685937,-0.314071,-0.44489,0.165476,-1.0
0.081358,0.814984,0.856175,0.536462,0.791367,-0.205786,0.311932,0.524654,0.271764,-0.069881,-0.392135,0.538028,0.268718,-0.430151,-1.0
-0.392206,-0.576289,0.486321,-0.655728,0.674596,0.817399,0.787755,0.335598,0.443416,0.465445,-0.119635,-0.161682,0.23993,0.338262,-0.989949
-0.259779,0.551974,-0.22767,0.697032,0.250532,0.039505,0.993976,0.691016,0.824718,0.080039,0.029371,0.022207,0.37363,-0.314788,-0.927882
-0.37664,0.99885,-0.514335,-0.602909,-0.109187,-0.369309,0.998456,0.593972,-0.218045,-0.810516,0.051994,-0.001548,0.008892,-0.444678,-1.0
0.733632,-0.366166,0.416109,0.545033,-0.480373,0.347753,0.613819,0.732732,-0.450589,0.280223,0.264424,-0.206359,-0.462784,0.248437,-1.0
-0.646919,-0.543854,-0.091059,-0.126572,0.231966,0.506764,0.215176,0.746789,0.062483,0.17643,-0.515142,-0.66455,0.363384,0.276074,-0.977692
-0.564365,0.189749,-0.878097,-0.657384,0.925167,-0.476025,0.1164,0.047679,0.027252,-0.094717,-0.742091,0.458483,0.452065,-0.227549,-1.0
-0.259293,0.844105,0.60363,0.412064,0.938919,0.983675,0.774133,0.368015,0.487139,0.449717,-0.139868,-0.107797,0.44867,0.10457,-0.955255
-0.773983,-0.302223,0.314253,-0.321423,-0.944624,-0.077078,0.28338,0.372282,-0.239311,-0.029251,0.374054,-0.586625,-0.337663,0.395964,-1.0
0.827732,-0.525747,0.291436,-0.368907,0.387219,0.277266,0.632625,0.824198,0.381059,0.261124,0.232507,-0.334093,-0.201514,0.379615,-0.923895
0.474159,0.148382,-0.632405,-0.792286,0.165767,0.531531,0.134468,0.437853,0.147252,0.037171,0.573534,-0.667182,-0.315126,0.402895,-1.0
0.388176,0.958079,0.802075,-0.242803,-0.144176,-0.141253,0.287994,0.560493,-0.149794,-0.147431,0.248273,0.693512,-0.29085,-0.521358,-0.953568
0.064835,-0.597093,0.39216,0.941247,0.460319,0.483175,0.149727,0.731393,0.131,0.052862,-0.193762,-0.875376,0.120824,0.477072,-0.969984
-0.64757,-0.561119,0.219434,0.271168,0.938627,0.93584,0.291743,0.444436,0.16925,0.154042,-0.600619,-0.51914,0.398301,0.30584,-1.0
0.621522,0.322343,0.365707,-0.396481,-0.839302,-0.700918,0.477877,0.702247,-0.271315,-0.16622,0.45569,0.239013,-0.29015,-0.32335,-0.999956
-0.397091,-0.342891,-0.322933,-0.361327,0.888661,0.53276,0.353775,0.502509,0.292612,0.103337,-0.540406,-0.358188,0.357744,0.265178,-1.0
0.073972,0.596021,-0.965312,0.575196,0.963452,-0.005361,0.338291,0.653319,0.223641,-0.004494,-0.464994,0.435036,0.374433,-0.308239,-1.0
0.633926,-0.567614,0.67689,0.675507,-0.871323,0.867759,0.098882,0.450207,-0.118093,0.076429,0.601331,-0.677706,-0.343669,0.408852,-1.0
0.880094,-0.980041,-0.62978,0.608617,-0.721322,-0.649572,0.31552,0.758843,-0.155202,-0.154441,0.720802,-0.077911,-0.44809,0.141566,-1.0
0.119501,-0.522154,-0.37922,-0.2761,0.799291,-0.643555,0.116043,0.625383,0.071667,-0.067256,-0.856562,0.165557,0.431225,0.045769,-0.907137
-0.104969,-0.622349,-0.511944,0.602972,0.658727,0.969718,0.946029,0.567819,0.399687,0.640021,-0.102323,0.078625,0.172078,0.421554,-1.0
0.46148,0.311155,0.205482,0.747554,-0.907143,-0.277881,0.482991,0.426302,-0.316999,-0.096696,0.519631,0.1885,-0.501179,-0.220193,-0.966105
0.688769,0.575291,-0.36749,-0.959131,0.90233,-0.619722,0.398031,0.156626,0.348253,-0.165634,0.000945,0.545822,0.040186,-0.497902,-0.983146
0.037395,0.261807,0.162196,0.941984,-0.411788,0.168282,0.815325,0.639168,-0.586671,0.263074,0.131231,0.030073,-0.429147,-0.130661,-0.989399
-0.025975,-0.680153,-0.517984,-0.377351,0.636855,0.635511,0.947873,0.71582,0.488472,0.549499,-0.066022,-0.134131,0.213083,0.373779,-1.0
0.966412,-0.379714,0.811474,-0.36293,-0.633458,-0.519708,0.391555,0.522362,-0.185439,-0.217974,0.594431,0.080645,-0.560303,-0.034008,-1.0
-0.25475,0.079303,0.937875,0.837184,0.01772,0.187772,0.527721,0.772092,0.026936,0.407515,-0.493448,-0.173292,0.380387,0.244082,-0.936379
0.355423,0.971665,0.715937,-0.549891,0.922521,0.351462,0.136362,0.360233,0.109182,0.030927,-0.540687,0.765951,0.293897,-0.354969,-1.0
0.438756,-0.632115,0.250254,0.455294,0.341406,-0.669711,0.790031,0.904192,0.334817,-0.623042,0.088605,0.091823,-0.387491,-0.205992,-0.936201
0.520806,-0.244734,0.621892,0.32436,-0.389686,-0.561358,0.243221,0.578892,-0.074999,-0.224259,0.788945,0.248153,-0.460947,-0.143136,-0.994766
-0.179292,0.122385,-0.387337,0.047168,-0.017597,-0.132212,0.268846,0.095328,0.069767,-0.199655,-0.41021,0.683142,0.295695,-0.474624,-1.0
-0.98109,-0.004315,-0.070382,0.078229,-0.472072,0.345974,0.671425,0.521679,-0.381947,0.303548,-0.358933,-0.129712,0.447587,0.406124,-0.952411
-0.362133,-0.161568,0.933106,-0.127772,0.439556,-0.027667,0.384445,0.976546,0.322513,-0.056639,-0.508226,-0.072899,0.512202,0.033791,-1.0
0.254077,-0.751865,-0.189163,0.296829,0.103706,-0.100532,0.310549,0.01374,0.152285,-0.132909,0.150143,-0.69969,-0.101569,0.478526,-0.927874
-0.092111,-0.257925,-0.467677,0.342621,0.571715,0.618607,0.792692,0.485157,0.468355,0.536438,-0.182335,-0.175938,0.278221,0.328666,-1.0
0.885828,-0.888976,-0.220147,-0.94324,-0.739851,-0.779518,0.298189,0.071797,-0.189134,-0.242995,0.74164,-0.062579,-0.486712,0.021202,-1.0
0.276993,-0.698476,0.512583,-0.157261,0.297168,-0.897832,0.792038,0.375703,0.228967,-0.547704,0.049506,0.27847,0.0588,-0.514424,-0.975978
-0.005955,-0.628524,-0.437504,-0.77786,-0.349743,0.295912,0.511054,0.106641,-0.299247,0.252267,0.128819,-0.496676,-0.184771,0.387695,-1.0
-0.785829,0.530476,0.231354,0.065049,-0.615659,0.318232,0.372906,0.124698,-0.208743,0.235078,-0.46409,0.412769,0.319719,-0.412499,-1.0
-0.536229,0.392184,-0.534271,0.025867,0.531122,0.108737,0.649539,0.062912,0.635629,0.075816,-0.292853,0.143365,0.486436,-0.082857,-1.0
0.790082,-0.952796,0.268345,-0.129442,0.196168,-0.542815,0.348877,0.789639,0.077196,-0.224261,0.462251,-0.438964,-0.420552,0.217806,-0.965697
0.251458,0.78318,0.789194,0.773539,0.568679,-0.828279,0.594855,0.363992,0.263033,-0.449136,-0.069591,0.403716,0.109681,-0.512323,-0.933971
0.117705,0.583408,0.738219,0.736973,0.898805,0.402132,0.569417,0.900741,0.45263,0.1917,-0.349453,0.08686,0.461728,-0.147412,-1.0
-0.514143,0.800565,0.642364,-0.190094,0.653053,0.726822,0.653934,0.910969,0.313833,0.332473,-0.416095,0.032675,0.482985,-0.017,-0.951295
-0.578553,-0.355787,0.342643,-0.0473,0.804882,0.895933,0.150148,0.291977,0.128111,0.014673,-0.551463,-0.515343,0.362828,0.357431,-0.987998
0.521193,-0.318053,0.174678,0.464367,-0.949925,-0.913316,0.008118,0.305976,-0.022374,0.05941,0.877775,0.356684,-0.447417,-0.176319,-1.0
0.601188,-0.873785,-0.042664,-0.361884,-0.77814,0.233792,0.386263,0.900406,-0.359851,0.116301,0.567489,-0.404918,-0.465059,0.265035,-0.967288
-0.779504,0.85211,0.583821,-0.717673,0.777267,-0.642006,0.551578,0.177768,0.364178,-0.291963,-0.321643,0.323777,0.366595,-0.288874,-1.0
0.830941,0.206181,0.665557,-0.199727,0.2456,0.226242,0.91094,0.998994,0.535282,0.507524,0.049635,-0.015989,-0.52064,0.013816,-1.0
0.184257,-0.306109,0.151061,0.972282,0.511072,-0.562717,0.162212,0.925524,0.102272,-0.171095,-0.726486,0.562728,0.393376,-0.362921,-1.0
-0.637333,0.326429,0.794267,-0.506064,0.878957,0.568735,0.540938,0.348671,0.433763,0.237026,-0.537435,-0.161603,0.519767,0.047542,-1.0
0.935847,0.38922,0.267083,-0.61837,-0.896287,-0.698761,0.649656,0.774641,-0.418658,-0.326057,0.374007,0.177601,-0.534878,-0.220627,-0.979561
-0.091535,-0.965642,-0.280043,-0.478767,0.196933,-0.507835,0.975665,0.451761,0.296698,-0.671444,-0.079527,-0.024258,0.251149,0.51881,-1.0
0.905675,0.514859,-0.063183,0.722058,-0.326812,-0.179981,0.901554,0.351118,-0.614698,-0.345087,0.122751,0.02337,-0.376691,-0.19018,-0.953656
-0.523962,0.620585,0.057122,0.124766,0.196967,-0.130436,0.72577,0.107604,0.4529,-0.256649,-0.11714,0.231075,0.366525,-0.335474,-1.0
0.799119,0.649651,0.7369,-0.768107,0.444249,-0.696859,0.935394,0.779549,0.440882,-0.618244,0.011857,0.072378,-0.142055,-0.505279,-1.0
-0.133071,0.874501,0.704599,0.262114,-0.720055,0.966527,0.745406,0.807794,-0.341014,0.496384,0.227652,-0.097261,-0.490034,0.00751,-0.970722
-0.24658,0.665099,-0.023306,0.938844,-0.296235,-0.52635,0.193106,0.467237,-0.037968,-0.165992,0.04406,0.793348,-0.048736,-0.478425,-0.917346
-0.142451,-0.919467,-0.7526,0.125979,-0.676301,0.936076,0.032138,0.328349,0.011086,-0.065384,0.30524,-0.920889,-0.262089,0.397207,-0.996289
-0.919909,-0.298444,-0.441116,0.08889,0.96028,-0.877814,0.484201,0.70684,0.307919,-0.273625,-0.455197,0.221488,0.489608,-0.15697,-0.954012
0.526498,0.645667,-0.004112,0.868923,-0.572381,-0.723555,0.185477,0.293281,-0.049688,-0.053355,0.549999,0.627347,-0.294948,-0.382,-1.0
-0.720589,0.897058,0.351641,0.646317,0.3866,-0.721742,0.605963,0.772011,0.194479,-0.460417,-0.16147,0.418271,0.264021,-0.479456,-0.974049
-0.193359,0.026572,-0.771444,0.227626,-0.541409,0.715667,0.269807,0.224907,-0.099284,0.144801,0.316619,-0.669548,-0.196934,0.396986,-1.0
0.309645,-0.217182,-0.685681,-0.386042,-0.033316,0.47771,0.080318,0.351488,0.014467,0.064978,0.36588,-0.891767,-0.186136,0.474795,-1.0
-0.175399,0.187587,0.214292,-0.93732,0.213498,0.26066,0.625644,0.17582,0.336434,0.401523,-0.365939,0.011995,0.465538,0.138464,-0.919292
-0.785235,0.546182,0.277109,0.981744,0.076642,0.330047,0.850862,0.481454,0.308589,0.540791,-0.111173,0.131479,0.462255,-0.08181,-0.932342
0.519184,0.36441,0.471702,-0.824214,-0.670529,0.625246,0.293882,0.670581,-0.191737,0.140291,0.767858,-0.142974,-0.436926,0.103363,-1.0
-0.838076,-0.713819,-0.504554,0.73933,0.20141,-0.037898,0.351536,0.383975,0.189737,-0.0291,-0.570574,-0.406372,0.379758,0.222838,-0.98156
0.022216,0.178676,0.699229,0.268198,0.766734,0.716169,0.376377,0.782105,0.202119,0.173387,-0.464287,-0.353862,0.424079,0.305964,-0.986483
0.930807,0.675254,-0.071192,-0.396266,0.831057,-0.15335,0.013657,0.18843,0.033159,-0.014042,0.077149,1.0,0.003257,-0.382152,-0.962627
0.646727,0.827575,-0.513252,0.579872,0.492307,-0.00723,0.114593,0.155961,0.159825,-0.010388,0.139391,0.817818,-0.093011,-0.48559,-0.963783
0.55533,0.814512,0.182807,0.125051,0.027762,-0.839918,0.565938,0.806096,0.101255,-0.411189,0.109592,0.32617,-0.177301,-0.537545,-0.949774
0.564866,0.33951,0.259832,-0.829601,0.829914,0.683469,0.915044,0.79193,0.567849,0.304826,-0.157187,-0.178855,0.368386,0.408115,-0.951352
0.734889,-0.378009,-0.633438,0.689766,0.156105,-0.626094,0.257838,0.468333,0.017362,-0.246704,0.685473,0.297346,-0.411987,-0.168366,-0.964078
-0.790558,-0.455156,0.438241,0.204443,-0.34183,0.554428,0.044397,0.018876,0.019102,0.011078,-0.310373,-0.829279,0.174412,0.523677,-1.0
-0.531298,0.453364,-0.409515,0.490568,-0.534738,0.307297,0.603877,0.405509,-0.418542,0.174241,-0.013434,0.424444,-0.025746,-0.495045,-1.0
0.134141,0.11009,-0.294045,-0.402223,-0.271179,-0.948484,0.629286,0.797312,-0.181476,-0.540663,0.13607,0.300044,-0.133305,-0.433331,-1.0
0.765399,0.036285,0.517121,-0.831126,-0.975877,-0.31884,0.854135,0.970725,-0.770622,-0.218281,0.120565,0.041417,-0.560387,-0.165629,-1.0
-0.580848,-0.135621,0.519346,-0.334993,0.508453,-0.155447,0.061839,0.214486,0.077253,0.015864,-0.941183,0.005117,0.427473,-0.008965,-1.0
0.371272,0.226453,0.05083,-0.563739,0.052264,-0.236032,0.323449,0.99345,0.059883,-0.254832,0.27931,0.546644,-0.274251,-0.414202,-0.985223
0.582012,0.073313,0.289177,-0.313136,0.270823,-0.411324,0.013994,0.894639,-0.030067,0.050456,0.519251,0.834631,-0.211201,-0.369903,-0.947478
0.81948,0.440186,0.903084,0.159298,-0.777157,-0.547118,0.931258,0.964505,-0.509618,-0.393746,0.001235,0.041912,-0.314765,-0.243815,-1.0
0.248088,-0.669923,0.091595,-0.803272,0.928857,-0.848529,0.059832,0.050013,0.113229,-0.046976,-0.878477,0.241631,0.467306,-0.089087,-1.0
-0.710823,-0.866557,-0.103245,-0.727119,-0.930453,-0.519348,0.811907,0.499148,-0.598616,-0.278095,0.147688,-0.176585,-0.234697,0.427738,-0.991123
-0.60786,0.227343,0.214904,0.216129,0.937419,-0.740909,0.78892,0.797322,0.457882,-0.395627,-0.236064,0.160246,0.404663,-0.249571,-0.929116
0.299693,-0.40202,-0.271315,-0.957658,0.00397,0.855765,0.985423,0.253732,0.004864,0.789932,0.03728,-0.006277,-0.181442,0.554746,-0.999321
0.8306,0.418284,0.154838,0.420561,0.964173,0.128217,0.412323,0.434277,0.284797,0.044956,-0.211335,0.416497,0.232289,-0.411326,-0.95349
0.95792,-0.577141,-0.770405,0.764311,-0.348292,0.814551,0.68189,0.948737,-0.274556,0.49617,0.199467,-0.149857,-0.34599,0.428326,-1.0
-0.110335,0.34171,0.460142,0.788509,0.292595,0.70739,0.677574,0.336089,0.190491,0.454387,-0.329549,-0.20149,0.334249,0.226927,-0.993799
0.315051,0.543154,0.641446,0.699431,-0.06801,0.00511,0.224337,0.605254,-0.168638,-0.057619,0.316359,0.679277,-0.294436,-0.44625,-1.0
0.723168,0.184766,-0.004017,-0.864227,-0.201317,0.216005,0.124254,0.908005,-0.141468,0.064377,0.810618,-0.057399,-0.453661,-0.032097,-1.0
-0.320379,-0.814969,-0.092406,0.77501,0.300616,-0.008743,0.685313,0.297716,0.499928,-0.015336,-0.213015,-0.204566,0.402106,0.344038,-1.0
-0.222771,0.801327,-0.553853,-0.20598,-0.302741,-0.212515,0.859968,0.749614,-0.627132,-0.390544,-0.0183,0.069412,-0.133432,-0.520314,-1.0
-0.699784,0.505485,-0.568576,-0.54019,-0.084022,0.281211,0.326405,0.287236,-0.038428,0.237089,-0.603621,0.253018,0.557977,-0.116206,-0.989204
-0.905753,-0.200021,-0.818078,-0.208249,0.634466,0.551153,0.340804,0.171605,0.126109,0.174116,-0.617531,-0.22613,0.479513,0.189635,-0.810038
-0.920602,0.938192,-0.21614,-0.637048,-0.185104,-0.553406,0.002108,0.1482,0.042532,0.022333,-0.42656,0.863608,0.176377,-0.44431,-0.963332
0.476509,-0.173968,0.751647,0.332968,0.984289,-0.127223,0.148167,0.020669,0.126089,0.075596,-0.904808,-0.10884,0.506496,0.027549,-0.992707
0.241446,0.920281,-0.101598,0.159442,0.30067,-0.768978,0.735087,0.385375,0.169869,-0.516963,-0.084159,0.226801,0.051335,-0.575608,-0.920493
-0.247306,0.587033,0.205364,-0.448817,-0.599999,-0.202077,0.521226,0.836987,-0.414281,-0.168776,0.229146,0.281752,-0.119842,-0.394498,-1.0
0.443594,-0.998928,-0.824192,0.34478,0.244993,-0.48734,0.901829,0.790376,0.326637,-0.582521,0.01464,-0.050638,-0.2056,0.463586,-0.968143
0.540727,-0.905466,-0.796618,-0.956529,0.561463,0.118102,0.665069,0.190933,0.504351,0.171284,-0.007631,-0.326126,-0.016267,0.452942,-0.941483
0.438368,-0.21122,0.30652,0.288443,0.936953,-0.049554,0.281727,0.179411,0.248876,-0.001155,-0.712914,-0.201084,0.474096,0.182553,-0.967898
-0.365025,-0.431677,0.111779,-0.248731,0.187868,0.695776,0.19607,0.398224,0.104116,0.183933,-0.291665,-0.669158,0.228326,0.440482,-1.0
0.337467,-0.999069,-0.847206,-0.329327,0.228513,0.233415,0.159916,0.037394,0.093542,0.109092,0.026789,-0.921048,0.028266,0.55839,-1.0
-0.389273,-0.130357,-0.536617,0.414291,-0.920825,0.114016,0.847783,0.688364,-0.691099,0.199942,0.096194,-0.008231,-0.453563,0.139445,-1.0
0.517546,-0.612526,0.456295,-0.973298,0.582305,0.284061,0.155241,0.891292,0.173055,0.074883,-0.090782,-0.78859,-0.006728,0.482146,-1.0
-0.36885,-0.105462,0.826295,0.164903,0.154568,0.580141,0.8773,0.029157,0.249939,0.65757,-0.068851,-0.094947,0.304272,0.402708,-1.0
-0.068985,-0.632055,-0.291464,-0.745943,-0.091871,-0.640113,0.545229,0.360969,-0.026932,-0.437569,0.443865,0.12421,-0.549076,-0.100422,-1.0
0.167163,-0.588111,-0.874718,-0.023964,-0.386957,0.436501,0.610042,0.82988,-0.332793,0.316532,0.089189,-0.365124,-0.184753,0.462742,-0.988981
0.300316,-0.765276,-0.164792,0.070562,0.277082,0.837551,0.543711,0.333384,0.13835,0.367751,-0.019526,-0.47061,0.096591,0.612126,-0.987489
0.542453,0.938393,0.378119,-0.406811,0.090603,-0.376469,0.750979,0.272009,0.161087,-0.617738,0.146669,0.223002,-0.143681,-0.447114,-1.0
0.186183,0.435133,0.04275,0.983342,-0.345569,-0.637315,0.321857,0.540342,-0.118916,-0.290748,0.312415,0.578622,-0.170999,-0.382984,-1.0
0.670745,0.420522,0.648072,0.411666,0.143076,-0.338908,0.023985,0.867192,0.012121,-0.010679,0.534991,0.76239,-0.281998,-0.423746,-1.0
0.16505,-0.530585,0.352727,0.894155,0.916326,-0.54193,0.748377,0.664111,0.453738,-0.281937,-0.27964,-0.031872,0.508147,0.023242,-1.0
-0.068702,0.811728,0.115431,-0.61831,0.21375,-0.897895,0.12912,0.775971,-0.041388,-0.076009,-0.137623,0.779125,0.11194,-0.469238,-1.0
-0.23063,-0.334726,-0.169741,0.512243,-0.323813,-0.898278,0.749188,0.866298,-0.253408,-0.632167,0.020632,0.221231,-0.056666,-0.499411,-0.999424
-0.388493,0.486581,0.814963,-0.001832,0.189329,-0.020556,0.7179,0.309017,0.590084,-0.034381,-0.230121,0.260814,0.481055,-0.295293,-1.0
0.262107,-0.317758,-0.040003,-0.180148,-0.890151,0.539976,0.640319,0.538244,-0.478842,0.206448,0.373226,-0.236074,-0.419107,0.2215,-1.0
0.634067,-0.670244,-0.710525,-0.353021,0.38285,-0.941969,0.240248,0.234103,0.046446,-0.176536,0.49051,0.570631,-0.319929,-0.355402,-1.0
-0.904906,-0.835393,0.637595,0.965912,-0.734898,-0.457706,0.902524,0.323154,-0.579526,-0.417344,-0.050168,-0.056077,0.12008,0.419455,-1.0
-0.072823,0.091432,0.498529,-0.992452,0.081803,0.762196,0.508343,0.061892,0.081238,0.376047,-0.069637,-0.526218,0.090779,0.592378,-1.0
0.407044,0.152501,0.767591,-0.455932,-0.890577,0.164462,0.195811,0.196125,-0.178213,0.005522,0.866062,-0.02697,-0.452503,-0.040747,-0.976611
0.837615,-0.22223,0.124245,0.571633,-0.983571,-0.040865,0.310936,0.273424,-0.241135,-0.067024,0.660702,-0.130051,-0.529317,0.100138,-1.0
0.003996,0.001948,-0.54291,-0.293285,-0.535924,-0.227374,0.934163,0.641014,-0.64222,-0.209761,0.088508,0.106511,-0.543617,-0.222677,-1.0
0.650657,-0.82574,-0.134546,-0.431446,0.761859,0.824994,0.185374,0.098589,0.144938,0.132821,-0.227823,-0.821343,-0.043914,0.513932,-1.0
-0.158695,-0.861779,0.079996,-0.696884,-0.10064,0.047111,0.645019,0.218881,-0.473804,0.313693,-0.005124,-0.312039,0.083972,0.551578,-1.0
0.803944,-0.410547,-0.919135,0.99581,0.864081,-0.532184,0.350823,0.715103,0.28376,-0.141932,-0.331789,0.5079,0.220733,-0.422294,-0.962327
0.993532,-0.004468,0.921835,0.22407,0.087936,0.047205,0.40078,0.081379,0.380949,0.146649,0.557852,-0.021213,-0.513594,-0.018403,-0.954413
0.565399,0.843163,-0.335799,0.100926,-0.781347,0.420335,0.854316,0.981239,-0.652154,0.36849,0.146197,0.003897,-0.519285,-0.111657,-0.994345
0.290313,-0.894484,-0.259205,-0.827156,0.080457,-0.049441,0.837412,0.17418,0.567601,-0.378133,0.158394,-0.184036,-0.21575,0.459597,-0.945237
0.849603,-0.169982,0.792563,-0.101423,0.462472,0.387429,0.249289,0.057853,0.213682,0.15451,0.473603,-0.516469,-0.323878,0.491095,-1.0
0.646319,-0.955359,-0.940142,0.731375,0.632716,-0.424866,0.175975,0.269268,0.01914,-0.018948,0.062308,-0.929978,0.091901,0.513744,-0.964247
0.768351,-0.402645,0.066196,0.005869,-0.63103,0.30599,0.549181,0.506164,-0.41388,0.105856,0.321448,-0.209729,-0.481386,0.236315,-0.905472
-0.335332,-0.500676,-0.562842,-0.12043,-0.361927,-0.970457,0.002055,0.34242,-0.078329,0.014458,-0.042595,1.0,-0.07694,-0.507214,-0.972411
0.946036,-0.681564,0.154006,0.269966,0.804584,0.215254,0.992623,0.641781,0.749334,0.270536,0.060089,-0.011431,-0.065396,0.504704,-1.0
-0.30753,0.359821,-0.089262,-0.92947,0.820652,0.977311,0.56293,0.506851,0.273199,0.352408,-0.309645,-0.196853,0.331403,0.250626,-0.985778
-0.708438,-0.926272,-0.987595,-0.897131,-0.574722,0.192222,0.27128,0.444805,-0.19611,0.145749,-0.142614,-0.74089,0.111842,0.475392,-1.0
0.387974,-0.179341,-0.645071,0.86723,0.867303,0.901224,0.618601,0.804257,0.369917,0.377194,-0.161715,-0.366571,0.223676,0.47578,-0.974831
-0.387549,-0.758813,0.104684,-0.550662,-0.289017,-0.464728,0.734783,0.027858,-0.341159,-0.544357,-0.087776,-0.259495,0.166439,0.549966,-1.0
0.351222,0.005591,-0.08205,0.987015,0.34897,-0.490569,0.50056,0.124286,0.237895,-0.296906,0.037525,0.292835,-0.028527,-0.520009,-1.0
-0.899757,-0.960073,0.174223,0.649697,-0.25091,0.7168,0.471502,0.834609,-0.010909,0.358619,-0.147805,-0.490104,0.180516,0.463117,-1.0
0.997797,0.875137,-0.451088,-0.248264,0.255503,-0.498914,0.560742,0.024852,0.277611,-0.384545,0.121512,0.429076,-0.231271,-0.347581,-1.0
0.77125,-0.561107,-0.303592,-0.770755,0.353709,-0.74427,0.87159,0.666273,0.307494,-0.545499,0.057274,0.019518,-0.454583,-0.19693,-0.994382
0.31143,0.28751,-0.489311,-0.280121,0.830144,0.655199,0.775467,0.382493,0.468639,0.486373,-0.085083,-0.13452,0.454486,0.350554,-1.0
0.847568,0.224721,-0.684873,-0.251368,0.817917,-0.386386,0.434635,0.838305,0.359882,-0.1892,0.060544,0.506429,-0.045343,-0.508248,-1.0
0.547938,0.440588,-0.858501,-0.166553,0.195604,0.97256,0.450665,0.47687,0.046334,0.38072,0.380577,-0.464031,-0.247894,0.465502,-1.0
0.349917,-0.531375,0.241089,0.729722,-0.247622,-0.486944,0.777527,0.172652,-0.228862,-0.550003,0.143966,-0.085485,-0.462605,-0.022314,-0.929369
-0.304738,0.102161,0.117308,-0.782807,0.205576,-0.685743,0.777195,0.540391,0.19394,-0.528355,-0.036018,0.260622,0.279204,-0.423388,-0.9424
-0.490667,0.76739,-0.299416,0.571481,-0.338069,-0.655423,0.876382,0.986828,-0.257963,-0.655342,0.016955,0.141977,0.154412,-0.428016,-1.0
-0.032799,0.240479,0.295315,0.982609,0.566744,-0.750806,0.549181,0.54144,0.234037,-0.317088,-0.207541,0.259383,0.286658,-0.469817,-0.944241
-0.931832,0.557207,-0.360567,0.242434,-0.210884,0.285672,0.244747,0.927614,-0.08383,0.046423,-0.658999,0.223598,0.530594,-0.158581,-1.0
-0.012614,-0.155939,0.295736,-0.217504,-0.18306,0.349753,0.530134,0.699774,-0.186176,0.396117,0.111868,-0.468552,-0.163186,0.518264,-0.941452
-0.457078,-0.083424,-0.988008,-0.569697,-0.883008,-0.702125,0.854106,0.751674,-0.535209,-0.445294,0.108706,0.161197,-0.364835,-0.458578,-0.979327
-0.316501,0.541517,-0.769748,0.075077,0.645595,0.973762,0.513261,0.076651,0.219699,0.279055,-0.513804,-0.182947,0.471952,0.263174,-1.0
-0.862554,-0.720881,-0.306044,-0.493247,-0.984432,0.948751,0.317227,0.092375,-0.247184,0.171002,0.059241,-0.721234,-0.052935,0.454054,-1.0
-0.037234,-0.066447,0.398861,-0.532303,-0.230681,0.925159,0.537121,0.247164,-0.159715,0.422681,0.15821,-0.444209,-0.147112,0.474588,-1.0
0.991978,-0.819221,-0.117871,0.403522,0.103888,-0.682232,0.929781,0.212224,0.184424,-0.690432,0.058497,-0.006412,-0.511983,0.034188,-0.997164
-0.391638,0.869887,-0.245015,0.804596,-0.553623,0.941412,0.1809,0.762639,-0.153325,0.146453,0.723125,-0.383806,-0.406684,0.129625,-0.925666
0.493027,0.299681,0.857239,-0.634583,0.07253,-0.896491,0.721556,0.274612,0.043882,-0.577691,0.010726,0.247435,-0.074994,-0.475701,-1.0
-0.043505,-0.464544,-0.239281,-0.184319,0.152851,0.530917,0.647956,0.283986,0.147521,0.50003,-0.172243,-0.332425,0.157922,0.421808,-1.0
0.405547,-0.561907,-0.453322,0.939198,-0.261264,0.761763,0.689121,0.22717,-0.203308,0.475191,0.152033,-0.318748,-0.202323,0.41953,-0.968304
-0.084585,-0.93072,0.991483,-0.872479,-0.690449,-0.982415,0.796916,0.7415,-0.399007,-0.580055,0.16233,0.020152,-0.494362,-0.020864,-1.0
0.427652,0.09056,-0.323539,0.061919,0.43744,0.144564,0.115055,0.131355,0.034439,0.060156,-0.12463,-0.85369,0.143809,0.47428,-1.0
-0.818043,-0.878552,0.414568,-0.426099,0.172046,-0.549983,0.844832,0.563418,0.184115,-0.630594,-0.178129,-0.082152,0.418272,0.209683,-1.0
-0.142254,-0.128615,0.732939,0.025003,0.064415,-0.278937,0.46082,0.409606,0.005438,-0.324684,-0.449942,0.295944,0.436289,-0.339735,-1.0
0.694121,-0.381044,-0.568196,0.764073,-0.867615,0.947142,0.70954,0.861003,-0.350436,0.348801,0.273869,-0.151053,-0.37019,0.438167,-1.0
0.211448,-0.960461,0.484385,0.266002,0.866937,0.036883,0.1827,0.664062,0.196858,-0.015431,-0.411384,-0.607415,0.294683,0.419077,-0.99862
0.894827,0.311473,-0.091777,0.479006,0.937851,0.753658,0.912103,0.798767,0.590814,0.386763,0.009095,-0.072833,0.048039,0.48348,-0.999682
0.160606,-0.083165,-0.272227,0.730528,0.398616,0.52817,0.034243,0.549704,0.006593,0.003148,-0.353311,-0.974125,0.207236,0.397609,-1.0
-0.109608,0.169889,-0.509216,0.717023,-0.863,0.15718,0.563598,0.696865,-0.412491,-0.042986,0.436882,0.011733,-0.444119,0.031877,-0.976026
0.184419,0.954985,0.652212,-0.361608,-0.461369,-0.763412,0.735865,0.640056,-0.371674,-0.534824,0.091169,0.272449,-0.093705,-0.518885,-1.0
-0.185655,0.412437,-0.684704,0.652687,0.040936,0.156888,0.376115,0.328458,0.039985,0.258427,-0.385268,0.472734,0.25512,-0.342098,-1.0
-0.747112,-0.533505,0.973962,-0.942625,-0.605686,-0.172011,0.696421,0.810895,-0.474254,-0.045987,-0.128845,-0.246159,0.289968,0.468321,-0.962944
0.735423,0.597413,-0.082121,-0.80198,-0.080417,-0.30437,0.355524,0.428531,-0.110487,-0.355099,0.476348,0.429385,-0.335758,-0.394308,-0.985302
0.935756,-0.365426,-0.28084,-0.834497,0.269462,-0.795585,0.629555,0.925249,0.151693,-0.466243,0.288156,0.134605,-0.467192,-0.246504,-0.984598
0.040023,0.176111,-0.012898,0.973445,-0.994607,-0.288599,0.317158,0.614277,-0.232036,-0.100109,0.63183,0.236321,-0.488277,-0.21487,-1.0
-0.222032,-0.078086,-0.516145,-0.784167,-0.911242,0.350766,0.380044,0.52209,-0.276463,0.083726,0.587164,-0.36104,-0.503878,0.166678,-0.87136
0.62319,-0.94684,-0.095082,0.142825,0.377606,0.217908,0.364839,0.280789,0.192324,0.255306,0.111751,-0.60652,-0.137501,0.484575,-1.0
0.20448,0.020874,0.941307,-0.95942,0.623236,0.071209,0.935498,0.945598,0.759639,0.020646,-0.057623,-0.012277,0.520612,0.049877,-1.0
-0.823179,0.909163,0.754734,0.592804,-0.496381,-0.831407,0.975262,0.419204,-0.376378,-0.701339,-0.018999,0.121982,0.023698,-0.465047,-0.99011
0.138198,-0.791086,-0.454524,-0.075267,0.710349,-0.24019,0.209406,0.495143,0.175284,-0.140006,-0.498283,-0.613148,0.343696,0.327456,-1.0
-0.809127,0.263697,0.851735,-0.630275,-0.890194,-0.63249,0.604714,0.799285,-0.314065,-0.222949,0.037237,0.397848,-0.129026,-0.446113,-0.962391
0.677299,-0.242076,-0.563268,-0.089948,0.186071,0.209112,0.737368,0.466561,0.369886,0.402485,0.238552,-0.170097,-0.369105,0.323683,-0.989991
0.603669,0.692946,0.206465,-0.498704,0.131416,0.940274,0.364745,0.181627,0.062213,0.310983,0.653985,-0.262185,-0.468091,0.277828,-0.945245
-0.502504,0.807417,-0.168015,0.6875,0.158453,-0.186582,0.368987,0.074737,0.257203,-0.188677,-0.312212,0.492827,0.231152,-0.370552,-0.996264
0.397825,-0.128583,-0.837166,0.76821,-0.874189,0.848791,0.767083,0.914786,-0.37463,0.501515,0.189068,-0.113258,-0.397327,0.290009,-0.984324
-0.77613,-0.182083,-0.399286,0.380224,0.284371,0.448983,0.213054,0.117075,0.144668,0.285511,-0.601805,-0.333223,0.404554,0.250533,-1.0
-0.512829,0.038427,-0.166922,0.359709,0.68487,0.626442,0.054488,0.407926,-0.009915,-0.007337,-0.89421,-0.522455,0.364983,0.188879,-1.0
0.897237,0.480012,-0.890153,0.071213,-0.279198,-0.622138,0.373164,0.044833,-0.164648,-0.252898,0.391937,0.463115,-0.344916,-0.347819,-0.975672
0.509804,0.358006,0.45687,-0.516685,0.138637,0.087273,0.305595,0.012113,0.231729,0.099609,0.577401,0.374342,-0.422682,-0.297813,-0.97368
-0.682396,-0.859057,-0.482326,0.00932,-0.155355,-0.216382,0.260184,0.305368,-0.133562,-0.221849,-0.457357,-0.573304,0.27739,0.310467,-0.962666
0.06572,-0.992336,-0.416833,0.355506,0.374546,-0.136568,0.690958,0.974248,0.522956,-0.167439,-0.164261,-0.296618,0.139515,0.478154,-0.997859
-0.653654,-0.011938,0.573653,0.395858,-0.354897,0.527414,0.755163,0.884682,-0.395666,0.431138,-0.095171,-0.252777,0.219379,0.464312,-0.97611
0.68808,0.627081,-0.987615,-0.265664,-0.144107,-0.546327,0.195328,0.006862,-0.057767,-0.173344,0.47346,0.617979,-0.313212,-0.476363,-1.0
0.457527,0.681899,-0.279436,-0.135091,0.480575,0.659182,0.603598,0.969894,0.259239,0.408339,-0.190417,0.273925,0.321632,-0.368568,-0.937181
-0.156367,0.867715,-0.167786,0.063689,0.126691,-0.712725,0.645556,0.621462,0.001126,-0.537996,-0.020599,0.267157,0.049043,-0.549751,-1.0
0.77547,-0.642218,0.192307,0.293501,0.552945,0.749222,0.183894,0.066372,0.17103,0.113171,0.133578,-0.806328,-0.051859,0.591731,-0.998109
-0.712685,-0.563721,0.544546,-0.929652,-0.641824,0.460776,0.94242,0.7745,-0.574628,0.520723,-0.062123,-0.018524,0.021077,0.573033,-1.0
0.171875,0.823459,-0.991258,0.420003,-0.923198,0.733608,0.148483,0.686036,-0.066527,0.082784,0.792884,0.120643,-0.44875,-0.013173,-0.954186
0.401172,0.520726,0.899302,-0.89943,0.526677,-0.030399,0.531036,0.071636,0.334443,-0.060653,-0.103848,0.546144,0.113957,-0.43725,-0.954146
-0.982466,0.911334,-0.954205,-0.970633,0.332804,0.994016,0.459989,0.588414,0.235754,0.431349,-0.550871,-0.029776,0.562031,-0.016086,-1.0
0.743684,0.562803,-0.806641,0.516732,-0.766731,-0.567326,0.477046,0.625601,-0.310134,-0.176,0.403234,0.32741,-0.441478,-0.213928,-0.976714
0.51928,-0.955357,0.434979,-0.629773,-0.969066,-0.783595,0.984596,0.23209,-0.558308,-0.550608,0.033165,-0.040139,-0.533679,0.033102,-0.917968
-0.821936,-0.092506,0.909408,0.149162,0.494848,-0.91505,0.439717,0.11004,0.1183,-0.298978,-0.491646,0.248316,0.431915,-0.206966,-1.0
0.97224,-0.005282,-0.948402,0.388873,0.178231,-0.733692,0.011912,0.919064,0.040789,-0.025793,0.77068,0.724595,-0.41664,-0.351751,-1.0
-0.606291,0.511819,-0.988154,0.323202,0.982813,0.247679,0.224449,0.891967,0.153744,-0.070432,-0.750755,0.18267,0.601419,-0.065634,-1.0
0.215661,0.356119,-0.385359,-0.693128,0.146094,0.26196,0.120208,0.249078,0.158047,0.15366,0.588647,0.744964,-0.281951,-0.395074,-0.996133
0.531214,-0.943438,-0.939285,0.961221,-0.807923,0.835244,0.330084,0.650292,-0.186875,0.170401,0.428041,-0.548118,-0.281849,0.418837,-0.872484
-0.058341,-0.101732,0.105913,0.134798,-0.165083,0.635942,0.480944,0.131755,-0.108969,0.329579,0.126604,-0.551248,-0.051301,0.516435,-1.0
0.688032,0.300676,-0.60903,-0.078127,-0.466895,-0.143445,0.202878,0.404141,-0.18114,0.022975,0.826686,0.261177,-0.492094,-0.112733,-1.0
-0.238358,0.598469,-0.108543,0.668425,0.085,-0.88239,0.960336,0.99347,0.089263,-0.717775,0.091925,0.008947,0.124357,-0.444922,-1.0
0.585934,-0.099594,-0.926773,0.329283,-0.428144,-0.043931,0.224647,0.225562,-0.16935,-0.010658,0.800231,-0.076806,-0.519433,0.050627,-1.0
0.044804,0.049235,-0.10569,0.094684,-0.756926,0.133395,0.234364,0.079017,-0.213573,-0.034099,0.648749,-0.054828,-0.448876,0.167823,-1.0
-0.256253,-0.057251,0.960833,-0.852213,-0.217449,-0.863818,0.414214,0.099335,-0.138393,-0.292349,0.041866,0.593679,-0.022178,-0.485365,-1.0
-0.759517,0.761766,0.143933,-0.630288,-0.469364,-0.991582,0.248678,0.279256,-0.100225,-0.267789,-0.131575,0.784,0.095441,-0.503472,-0.980635
0.140161,0.381558,-0.473984,-0.260089,-0.584359,0.465912,0.915361,0.196819,-0.574104,0.422304,0.122474,-0.016543,-0.463523,0.061784,-0.938532
-0.131759,0.088504,0.883367,-0.107241,-0.136964,-0.329598,0.579493,0.397974,-0.215919,-0.383705,-0.032981,0.378492,0.02494,-0.505239,-1.0
-0.688595,0.534556,0.481984,-0.827163,-0.187566,-0.690609,0.24979,0.781391,-0.020566,-0.241017,-0.291859,0.613226,0.281325,-0.444961,-1.0
0.695505,0.77519,-0.692597,-0.771771,-0.988609,0.856002,0.119827,0.141181,-0.100393,0.055769,0.828041,0.048442,-0.457083,0.047273,-0.995851
-0.699105,0.123417,-0.063876,-0.066798,-0.118717,0.521854,0.106281,0.571315,-0.025807,0.117632,-0.777437,-0.563755,0.369587,0.265108,-1.0
0.366513,-0.72492,-0.31696,-0.544314,0.112448,0.124377,0.313418,0.875417,0.186144,0.180606,0.146779,-0.793968,-0.140686,0.4812,-0.966879
-0.289303,-0.541258,-0.78337,0.251004,0.593957,0.708381,0.062698,0.612585,-0.016751,0.118146,-0.565744,-0.80902,0.255198,0.505289,-0.972152
-0.730501,-0.016656,-0.681015,0.440394,-0.472474,0.441168,0.985415,0.535251,-0.538459,0.597159,-0.079087,-0.028186,0.271138,0.374653,-0.952304
0.73939,-0.411117,-0.524637,0.437775,-0.108778,-0.823996,0.971019,0.038787,-0.137829,-0.695658,-0.021964,-0.039287,-0.513787,-0.22391,-1.0
0.156737,0.753009,0.587391,-0.516295,0.457091,0.104552,0.490356,0.194482,0.35365,0.030973,-0.249054,0.391509,0.143425,-0.425447,-0.990033
-0.355397,0.529582,0.692471,-0.736699,0.195812,0.078524,0.00653,0.086367,-0.002813,0.038229,-0.775759,0.628478,0.364021,-0.246178,-1.0
0.555997,-0.970523,0.840243,-0.405,-0.720503,0.980129,0.525664,0.458986,-0.228297,0.274339,0.137597,-0.453253,-0.189888,0.35472,-1.0
0.574606,-0.237633,0.490588,0.832866,0.854372,-0.11002,0.589936,0.393524,0.363583,-0.035009,-0.404488,-0.215536,0.502761,0.279358,-1.0
-0.443038,0.175459,-0.81746,0.901676,0.008594,0.24409,0.548373,0.903305,0.060033,0.446533,-0.50849,-0.059968,0.487968,0.075568,-1.0
-0.571909,-0.615684,-0.365248,-0.834169,-0.917851,0.032027,0.983891,0.207347,-0.800023,0.032705,0.028358,-0.044399,-0.208802,0.424995,-0.986168
-0.83439,0.902202,-0.79852,0.152671,0.285264,0.970366,0.686441,0.870526,0.207412,0.512411,-0.397862,-0.02045,0.499478,0.039035,-0.96114
0.551255,0.748781,-0.064226,0.003776,-0.889037,-0.943316,0.269765,0.584329,-0.049716,-0.308212,0.460063,0.588443,-0.252963,-0.368103,-0.960822
-0.658742,-0.235621,0.986106,-0.462985,-0.742304,-0.298568,0.781921,0.346457,-0.532797,-0.191676,0.160785,0.120986,-0.349978,-0.295156,-0.99268
0.642832,0.266335,0.893383,-0.967829,-0.510963,-0.841546,0.845649,0.136452,-0.406441,-0.586984,0.096706,0.177363,-0.444298,-0.321473,-0.985835
0.898737,0.516224,-0.049189,-0.406082,0.869608,0.728401,0.822979,0.550219,0.474973,0.407704,-0.033046,-0.203395,-0.066848,0.398814,-1.0
0.987439,-0.923715,0.539961,-0.657888,-0.120387,0.86071,0.092137,0.504975,0.036431,0.084238,0.423085,-0.817768,-0.326842,0.397085,-1.0
-0.380002,0.086202,-0.740233,-0.390034,-0.602896,-0.325208,0.100623,0.979129,-0.128277,-0.026251,0.485265,0.770072,-0.228816,-0.522051,-1.0
0.804881,0.066537,0.417378,0.221845,0.912297,-0.025581,0.470494,0.502611,0.382031,0.012356,-0.406595,0.332366,0.34706,-0.306858,-0.993747
-0.533126,-0.656886,-0.656342,0.716706,-0.294587,0.310297,0.280075,0.445358,-0.078902,0.197431,-0.208813,-0.691998,0.167464,0.469672,-1.0
-0.340354,0.625187,-0.093174,0.777347,-0.295725,-0.968914,0.378695,0.338838,-0.076967,-0.326801,-0.029056,0.557248,-0.024888,-0.506332,-1.0
0.762662,0.233961,0.693746,0.740744,-0.667379,0.821589,0.702846,0.570359,-0.384479,0.398689,0.31476,-0.121137,-0.443535,0.267465,-1.0
0.53009,-0.372056,-0.315778,0.920133,0.733491,-0.960712,0.647576,0.681083,0.263147,-0.46663,-0.218698,0.323801,0.190864,-0.499697,-0.932759
0.114113,0.206424,-0.686236,-0.499581,-0.075089,-0.715864,0.565669,0.203052,-0.066149,-0.482341,0.098454,0.349642,-0.012468,-0.466273,-0.981398
-0.032079,-0.721932,-0.866358,0.579496,-0.261577,0.875762,0.433428,0.361763,-0.056678,0.305304,-0.011953,-0.554971,-0.163659,0.583942,-0.996792
-0.333002,0.252964,-0.447747,0.631202,0.351487,-0.92705,0.476357,0.866913,0.159953,-0.353639,-0.318714,0.487187,0.315464,-0.360837,-1.0
0.762416,0.366748,0.677492,0.182936,-0.700518,-0.529187,0.106192,0.419986,-0.070909,-0.046338,0.791156,0.407092,-0.496925,-0.304869,-0.918552
0.451231,-0.084083,-0.037702,0.515431,-0.48269,-0.541859,0.025726,0.69641,0.05634,-0.038486,0.897444,0.397677,-0.363037,-0.127939,-0.994524
0.643318,0.476493,0.363632,-0.000863,0.81841,0.728612,0.221407,0.355211,0.18552,0.115597,-0.519291,-0.652981,0.36424,0.427572,-1.0
0.296105,0.523861,-0.301073,-0.93184,-0.45887,-0.582562,0.875125,0.253865,-0.407235,-0.526515,0.079903,0.102095,-0.246701,-0.453073,-1.0
0.159756,-0.83718,-0.785015,0.098557,-0.246177,-0.184994,0.548852,0.96115,-0.358955,-0.287294,0.202885,-0.456251,-0.227558,0.395203,-1.0
0.699175,-0.14954,-0.055513,0.30865,0.440583,0.020795,0.041578,0.776742,0.070454,0.041646,0.76008,-0.642255,-0.42698,0.27161,-0.978839
0.909024,0.662691,0.644912,-0.308609,0.65515,0.082773,0.130794,0.798833,-0.033797,0.159321,0.414014,0.875307,-0.189404,-0.498039,-0.970933
0.493388,0.706898,-0.682536,0.606349,-0.918555,0.093334,0.431227,0.088863,-0.369023,-0.056463,0.495177,0.33023,-0.46064,-0.140944,-1.0
-0.759971,0.631103,-0.131333,0.077396,0.7748,-0.281144,0.239004,0.83773,0.212063,-0.093486,-0.664929,0.358194,0.394684,-0.308429,-0.965308
-0.621157,-0.665913,-0.265299,-0.005351,0.890999,0.587453,0.444007,0.761722,0.287282,0.213494,-0.439572,-0.385978,0.377315,0.337033,-0.997667
0.854724,-0.241595,-0.489398,-0.535758,-0.803627,0.71182,0.028819,0.872325,-0.039744,0.073762,0.770005,-0.457163,-0.495754,0.261948,-1.0
-0.396567,-0.664254,-0.938714,0.281713,-0.640721,0.867736,0.373048,0.37612,-0.160723,0.262683,0.070927,-0.622219,-0.044507,0.534248,-1.0
0.125575,-0.93874,0.171487,-0.122985,0.301099,0.71774,0.528336,0.090585,0.136172,0.365464,-0.071127,-0.437354,0.085446,0.421733,-1.0
0.978664,-0.666663,-0.226594,0.447292,0.766986,-0.268943,0.560441,0.369339,0.431761,-0.14232,0.186134,-0.445119,-0.297695,0.343884,-1.0
-0.018161,-0.221104,-0.037955,-0.192912,0.831864,-0.876973,0.443047,0.281376,0.198632,-0.327268,-0.370258,0.417646,0.437997,-0.274078,-1.0
0.875921,0.173209,0.721421,-0.493741,0.248317,-0.801232,0.619208,0.667024,0.165747,-0.468208,0.145394,0.304004,-0.200679,-0.452956,-0.923447
0.281276,0.190232,0.252666,0.071029,0.778123,-0.561754,0.653361,0.822463,0.507889,-0.241198,-0.051279,0.179043,0.286533,-0.416813,-1.0
-0.338181,0.368819,-0.785609,0.547623,-0.211601,0.236822,0.556489,0.56572,-0.315503,0.307937,-0.209035,0.315511,0.311568,-0.347753,-0.941236
-0.528186,0.367687,-0.904133,-0.269403,0.22629,0.913404,0.376881,0.466237,0.151524,0.447687,-0.491915,-0.362466,0.350768,0.332271,-0.996155
0.383061,0.028261,-0.941768,-0.204097,0.389087,0.479719,0.490469,0.204847,0.236008,0.317117,0.004457,-0.463192,0.075834,0.456938,-0.964991
0.970622,0.802664,0.442531,0.504244,-0.79053,0.366482,0.971051,0.295549,-0.753071,0.320901,0.075344,-0.051521,-0.505112,-0.059061,-1.0
0.694517,-0.385017,0.782989,-0.012978,-0.682109,-0.412285,0.540547,0.288489,-0.356686,-0.289544,0.456591,0.11584,-0.531198,-0.11747,-1.0
0.250057,0.578652,-0.625253,-0.227957,-0.022905,0.32062,0.71118,0.589827,-0.123373,0.616328,0.208939,0.270227,-0.36587,-0.285429,-1.0
-0.567096,-0.246626,-0.057198,0.663773,0.643224,0.681661,0.924076,0.090075,0.427996,0.558151,-0.060037,-0.100307,0.374214,0.431137,-1.0
0.589972,-0.515767,0.051896,-0.494692,0.201014,0.383833,0.12177,0.336949,0.057995,0.178417,0.362239,-0.817182,-0.168757,0.470878,-1.0
0.284357,0.502572,0.253294,-0.193358,0.538678,0.334337,0.736587,0.303136,0.523313,0.330091,-0.16028,0.041005,0.390149,-0.2787,-1.0
-0.552802,0.736177,0.405374,0.834865,-0.771347,0.4163,0.377712,0.552211,-0.217989,0.045692,0.308266,0.581245,-0.248444,-0.409465,-1.0
0.690719,-0.890241,-0.605685,0.620481,-0.246501,-0.128961,0.138539,0.4722,-0.108331,-0.134958,0.705177,-0.51639,-0.337532,0.385821,-1.0
-0.857687,-0.406675,-0.866717,0.288582,-0.882976,0.540552,0.07713,0.579165,-0.079304,0.063137,-0.02554,-0.969968,0.036149,0.489754,-0.928892
-0.083458,-0.239372,-0.021152,0.400258,-0.639216,0.476606,0.693905,0.107878,-0.440212,0.302738,0.189135,-0.19111,-0.23968,0.324086,-1.0
0.799413,-0.560197,-0.906818,-0.422995,0.241132,0.770988,0.925471,0.857445,0.264901,0.726308,0.049322,-0.072294,-0.143503,0.460966,-1.0
-0.201437,0.107394,-0.362726,0.691737,0.686384,-0.321649,0.500397,0.047226,0.362403,-0.163486,-0.390754,0.209639,0.493111,-0.146698,-0.953907
-0.298152,0.107239,-0.970754,0.162482,0.831491,0.691594,0.210786,0.893735,0.107125,0.183737,-0.713504,-0.379082,0.422168,0.190034,-0.962876
0.091256,0.052456,0.153307,0.674663,0.994907,0.725735,0.470714,0.350293,0.361196,0.260413,-0.397697,-0.286532,0.375516,0.395612,-1.0
-0.35243,-0.332151,-0.631333,-0.1951,-0.435297,-0.925441,0.930055,0.517508,-0.200966,-0.616759,0.046638,0.099582,-0.067214,-0.523606,-1.0
0.474185,-0.762803,0.376576,0.136973,0.68147,-0.551649,0.73758,0.354384,0.418977,-0.366598,-0.154945,-0.17814,0.252165,0.384697,-1.0
-0.673465,0.073879,-0.689441,-0.555853,0.55894,-0.312451,0.294022,0.85441,0.184037,-0.25125,-0.7384,0.19912,0.500409,-0.126113,-1.0
-0.710207,0.635423,0.434757,-0.857178,0.935109,-0.368192,0.739324,0.309058,0.588891,-0.177169,-0.293746,0.258002,0.507968,-0.289535,-0.957759
-0.186169,0.44675,-0.64921,-0.371343,0.844827,0.542216,0.226946,0.553924,0.170119,0.095416,-0.804184,0.004645,0.46518,0.0658,-1.0
-0.348159,-0.815808,0.289859,0.531106,0.682781,-0.058662,0.263914,0.522245,0.15642,-0.025886,-0.490304,-0.507462,0.433876,0.335105,-1.0
0.596191,-0.27368,0.901199,0.230167,-0.369027,0.213065,0.229415,0.320687,-0.216484,0.02562,0.643468,-0.28071,-0.375988,0.282219,-1.0
-0.011935,0.50693,-0.699342,0.053307,0.630415,0.442412,0.425043,0.495558,0.222893,0.200563,-0.551581,0.085417,0.551065,-0.052433,-0.957148
0.88999,-0.257286,0.731761,-0.789035,-0.169247,-0.540629,0.257609,0.869743,-0.157353,-0.298042,0.804318,0.071057,-0.423308,-0.234246,-1.0
-0.528924,-0.403128,-0.932005,-0.871532,-0.354944,0.698054,0.252431,0.192009,-0.063721,0.150774,-0.130786,-0.715865,0.064585,0.455971,-0.994305
-0.075827,-0.910855,-0.496702,-0.272408,0.573613,-0.114148,0.604019,0.560015,0.494519,-0.068667,-0.258048,-0.224006,0.416066,0.409044,-1.0
-0.493984,-0.917696,-0.26342,-0.688228,0.195298,0.293976,0.836905,0.71725,0.367685,0.566992,-0.085698,-0.187514,0.260037,0.357667,-0.96821
-0.527148,0.794084,0.977373,0.359039,-0.07556,-0.138092,0.575725,0.615033,-0.177759,-0.390672,-0.113744,0.37771,0.232119,-0.479937,-1.0
0.479528,-0.202534,0.12131,0.862781,0.382746,0.967602,0.680754,0.771631,0.26073,0.460766,0.033049,-0.288985,-0.032701,0.452418,-0.951475
0.037669,0.880301,-0.430257,-0.687295,0.038599,0.139589,0.749044,0.753379,0.137478,0.562253,0.103188,0.229155,0.009361,-0.449495,-1.0
0.799541,0.164254,-0.235453,-0.82836,-0.975337,0.409289,0.175781,0.167891,-0.192453,0.034646,0.864161,-0.149248,-0.529245,0.052166,-1.0
-0.768837,-0.498858,-0.213746,-0.616032,0.302802,0.540089,0.504924,0.142489,0.20089,0.297558,-0.410041,-0.285971,0.376641,0.336552,-1.0
0.521712,0.724938,0.955075,-0.874334,0.392285,-0.161958,0.200592,0.944027,0.136874,-0.094262,0.065894,0.817707,-0.02186,-0.364383,-1.0
-0.366558,0.046042,0.757807,0.193336,0.811554,0.195915,0.218383,0.331321,0.174489,0.055696,-0.719419,-0.132864,0.60715,0.148184,-1.0
0.645661,-0.226247,-0.529907,-0.854106,0.198167,0.892074,0.407062,0.829256,0.0007,0.336979,0.202489,-0.503272,-0.147044,0.527834,-1.0
0.75472,0.319022,0.550996,-0.862456,-0.458233,-0.178413,0.551783,0.394189,-0.366148,-0.240801,0.492916,0.218702,-0.371176,-0.161107,-0.968507
-0.912775,0.560054,-0.987344,-0.504095,0.228456,0.635392,0.473968,0.753116,0.055124,0.263,-0.541277,-0.085169,0.482522,0.009067,-1.0
-0.557762,0.355046,-0.880735,-0.510824,0.036763,0.980108,0.641882,0.268008,0.036686,0.457186,-0.319807,-0.286068,0.415083,0.352708,-0.990942
0.516919,-0.992539,0.674425,-0.164081,-0.14495,-0.687713,0.604557,0.553106,-0.121549,-0.537811,0.406711,-0.116094,-0.473961,0.225901,-1.0
0.243801,0.918116,-0.735295,-0.724589,-0.918842,-0.460166,0.215222,0.231038,-0.126415,-0.166069,0.532801,0.487473,-0.426043,-0.496851,-0.999203
-0.301051,0.405128,-0.815734,0.648708,0.332192,-0.762215,0.055015,0.866198,-0.003066,0.009085,-0.476985,0.847042,0.245669,-0.435628,-1.0
0.868924,0.561402,0.134395,-0.985146,-0.145847,0.523909,0.603279,0.926619,-0.154381,0.516091,0.381483,0.016632,-0.475629,-0.081078,-1.0
-0.128104,-0.24076,0.394016,0.074738,0.322611,0.496249,0.061422,0.902153,0.023418,0.029102,-0.527064,-0.853468,0.219064,0.425927,-1.0
0.419272,0.407974,0.335182,-0.338049,0.670512,0.308816,0.365305,0.575512,0.307291,0.013207,-0.645137,0.20492,0.461716,-0.210942,-1.0
-0.289918,0.593139,-0.407072,-0.97285,-0.027295,-0.65631,0.868246,0.325861,-0.028344,-0.668789,-0.026562,0.050708,0.028197,-0.51802,-1.0
0.566259,0.228787,-0.322487,-0.120853,-0.544547,-0.41289,0.304549,0.063304,-0.148072,-0.133118,0.651442,0.416835,-0.322817,-0.252824,-1.0
-0.750976,0.955249,-0.976179,0.87917,0.695866,0.81279,0.352077,0.461926,0.155012,0.210089,-0.571076,0.064822,0.490271,-0.039707,-1.0
-0.881961,-0.153853,0.60994,0.705437,0.409981,0.345962,0.347343,0.594295,0.156648,0.239862,-0.665268,-0.269401,0.503259,0.159603,-0.976771
-0.872939,0.548513,0.761379,-0.185325,-0.55664,-0.275704,0.643038,0.212674,-0.403146,-0.213873,-0.082804,0.398739,0.220719,-0.465147,-1.0
0.091165,-0.670378,-0.575518,-0.614151,0.463086,0.344923,0.518748,0.794004,0.379771,0.197931,-0.130611,-0.481501,0.168426,0.521125,-1.0
-0.51509,0.483827,0.315044,-0.243888,0.408961,-0.325783,0.364095,0.569663,0.164118,-0.066182,-0.492656,0.453991,0.369717,-0.33127,-1.0
-0.371336,-0.522958,0.599425,0.904094,0.438716,0.425938,0.071082,0.348689,-0.01403,0.062318,-0.582708,-0.633635,0.319111,0.3632,-1.0
-0.67264,-0.176436,-0.007271,-0.067438,0.061229,0.278337,0.195642,0.727094,-0.001484,0.139197,-0.715588,-0.404134,0.39775,0.255245,-0.930815
-0.79457,0.297793,-0.41414,-0.987093,0.16021,-0.383545,0.541531,0.988473,0.210183,-0.379457,-0.370397,0.256167,0.407736,-0.199896,-1.0
0.028115,0.056622,0.423382,0.110748,-0.144595,-0.042511,0.159259,0.418071,-0.113679,-0.093549,0.759009,0.390672,-0.488672,-0.238473,-1.0
0.404001,-0.483507,0.125583,0.391073,0.11203,-0.868587,0.850214,0.212701,-0.001213,-0.643231,0.077315,0.150704,-0.387664,-0.449618,-1.0
-0.806191,-0.985779,-0.291872,0.664535,-0.743067,-0.816184,0.459789,0.256648,-0.306985,-0.271678,-0.208875,-0.578208,0.166422,0.582928,-0.933977
0.726238,0.993337,0.701351,-0.01544,0.725553,0.889381,0.955508,0.628481,0.535937,0.598517,-0.046285,0.116444,0.025221,-0.491853,-0.97568
-0.230604,0.496043,0.712136,-0.588257,-0.83777,0.19607,0.788377,0.98339,-0.704259,0.083776,0.128,0.074539,-0.389723,-0.104587,-1.0
-0.127096,-0.807683,-0.386267,-0.223681,-0.918366,-0.850446,0.954401,0.525227,-0.548687,-0.490471,0.089268,-0.018855,-0.453113,-0.105694,-0.977758
-0.265985,0.103241,0.926769,0.038323,-0.07913,-0.159328,0.280007,0.037115,-0.112597,-0.240295,-0.42543,0.508038,0.322023,-0.39602,-1.0
0.051511,0.70422,0.69725,0.623228,0.398241,-0.813526,0.288208,0.967209,0.153456,-0.236704,-0.120258,0.713426,0.112779,-0.493912,-1.0
0.792816,-0.547801,0.30928,0.767163,-0.742712,0.711561,0.232919,0.962175,-0.143934,0.0853,0.536508,-0.416811,-0.332172,0.385668,-1.0
-0.697703,-0.90688,-0.393447,-0.316974,0.443609,0.46482,0.08801,0.357399,0.060297,0.065807,-0.623343,-0.694812,0.361584,0.422531,-1.0
0.724169,-0.613938,-0.993081,0.024029,0.035681,0.28177,0.05784,0.116398,-0.009236,0.047876,0.56306,-0.75524,-0.192788,0.363871,-0.886227
-0.435058,-0.621908,-0.114309,-0.958373,-0.441185,0.665267,0.475748,0.621704,-0.27267,0.329494,0.041129,-0.556904,-0.033701,0.525916,-1.0
-0.01271,-0.931418,-0.586261,-0.168666,-0.289131,-0.550578,0.800214,0.468501,-0.269079,-0.52391,0.108007,-0.218602,-0.305777,0.369962,-0.981302
-0.738342,-0.357819,-0.804516,-0.796326,-0.519853,-0.189205,0.353943,0.355778,-0.30928,-0.131854,-0.411615,-0.377854,0.327503,0.271928,-1.0
0.901634,-0.984126,0.0778,-0.322726,0.300189,-0.968966,0.302858,0.328662,0.139754,-0.281427,0.620882,-0.100908,-0.48536,-0.022886,-1.0
-0.319999,0.572287,0.864629,-0.541191,0.604431,-0.519184,0.813161,0.702276,0.554805,-0.528888,-0.143451,0.178462,0.387395,-0.324642,-1.0
-0.948664,-0.717567,-0.263814,-0.611428,-0.730412,0.959161,0.143316,0.101825,-0.135232,0.134708,-0.130976,-0.856963,0.041028,0.491536,-0.997432
-0.684068,-0.257842,-0.173551,0.992113,-0.995658,0.513255,0.53772,0.752559,-0.386227,0.273275,0.227957,-0.372423,-0.231248,0.396846,-1.0
-0.016811,-0.135973,0.61301,-0.195571,0.378668,0.146787,0.105366,0.400562,0.089803,0.228546,-0.756383,-0.513446,0.505864,0.23401,-0.966116
-0.09752,-0.961625,0.101935,-0.162955,-0.591356,-0.336943,0.677795,0.104489,-0.445367,-0.198686,0.113357,-0.206698,-0.325553,0.362501,-1.0
-0.598932,0.012428,-0.772752,-0.895163,0.921994,-0.613274,0.213757,0.851134,0.114432,-0.014846,-0.76664,0.321059,0.373183,-0.180282,-1.0
-0.875587,0.787573,-0.806968,0.891363,0.948466,-0.673966,0.548399,0.348155,0.289202,-0.253067,-0.399414,0.335055,0.349442,-0.326081,-0.944521
0.099252,0.098951,0.416605,-0.21131,-0.074631,0.266691,0.140007,0.431107,0.079681,0.117745,0.571062,-0.679086,-0.335266,0.324222,-0.985921
0.823162,0.750426,-0.946795,0.063372,-0.55502,-0.12112,0.385942,0.311465,-0.274982,0.002028,0.496481,0.314355,-0.359891,-0.233339,-1.0
0.409568,0.932716,0.303405,-0.674678,-0.619784,-0.227379,0.965703,0.938778,-0.699557,-0.244472,0.042393,0.08867,-0.329322,-0.336614,-1.0
-0.548494,0.311533,0.671644,-0.633264,-0.905472,-0.155338,0.795146,0.060025,-0.633931,-0.142507,0.11809,0.097573,-0.344186,-0.360514,-1.0
-0.417146,0.337328,-0.294242,-0.540429,0.799793,-0.198027,0.096044,0.442877,0.117859,-0.015792,-0.888029,0.427936,0.487968,-0.225323,-0.961076
0.566997,0.606439,0.838778,0.450882,0.795986,-0.698571,0.434606,0.213424,0.275275,-0.220332,-0.036858,0.553593,0.063068,-0.458135,-1.0
0.089736,-0.869388,0.476722,-0.757965,0.252453,0.433723,0.832914,0.807064,0.343327,0.500714,-0.069498,-0.253077,0.047766,0.480435,-1.0
0.222558,0.4447,0.09241,-0.88865,0.276059,-0.24799,0.291934,0.127502,0.224132,-0.166312,-0.072384,0.739571,0.0261,-0.427214,-1.0
-0.069047,-0.756477,0.361559,-0.4834,0.799076,-0.526624,0.147968,0.066127,0.083227,-0.086509,-0.847361,-0.287193,0.459344,0.135097,-1.0
-0.039843,-0.780838,0.775392,-0.472304,-0.078762,-0.703268,0.030312,0.110161,-0.015849,0.010262,0.425455,-0.952688,-0.254934,0.457576,-1.0
0.805274,-0.348872,-0.203998,-0.369462,-0.400363,0.406747,0.976041,0.588616,-0.597148,0.512845,0.054269,0.017383,-0.457516,0.256353,-1.0
0.276491,0.561343,0.249654,-0.056742,0.890349,-0.619861,0.934335,0.499221,0.666801,-0.430607,-0.01108,0.0835,0.257598,-0.482826,-0.977211
0.409244,-0.488926,-0.822311,0.893738,-0.609811,-0.616676,0.224828,0.415711,-0.107185,-0.132893,0.747705,0.014098,-0.522032,-0.049648,-1.0
0.106351,0.506617,0.856307,0.918503,0.089482,-0.155471,0.70726,0.272058,0.293641,-0.566268,-0.012272,0.362796,0.015917,-0.460434,-0.994445
-0.252017,0.995004,0.311822,0.328945,0.172702,0.094161,0.541585,0.704494,0.343726,0.194553,-0.17491,0.38681,0.28238,-0.455527,-1.0
0.164371,0.647402,-0.891914,0.409633,0.142112,0.487629,0.578867,0.372307,0.108155,0.389699,0.123814,0.446728,-0.119476,-0.442223,-1.0
0.787244,-0.032295,0.574099,-0.590704,-0.925422,0.509651,0.572674,0.362315,-0.341671,0.308183,0.417346,-0.111294,-0.513586,0.219092,-1.0
-0.356694,0.536352,-0.769964,0.399169,0.414772,0.778836,0.592135,0.626014,0.234269,0.437212,-0.387644,-0.102942,0.490441,0.141798,-0.897734
0.951985,0.747944,0.103672,-0.081281,0.380574,0.937161,0.328441,0.815756,0.138333,0.170414,0.679728,-0.197302,-0.464296,0.09658,-0.913161
0.748597,-0.001781,0.778941,-0.728568,0.26149,-0.972508,0.507354,0.269439,0.052806,-0.369696,0.204877,0.434134,-0.280387,-0.347948,-0.94401
-0.931727,-0.486816,0.751191,0.876895,-0.94008,-0.136841,0.443574,0.416807,-0.372013,0.010588,0.037893,-0.500699,-0.003842,0.454724,-1.0
0.528715,-0.034067,0.49091,0.493257,0.517471,-0.749536,0.226577,0.572566,0.188138,-0.245447,-0.01976,0.747263,-0.04178,-0.537435,-1.0
0.529214,-0.643129,0.89144,-0.729761,-0.394861,0.727709,0.17073,0.688958,-0.062205,0.147941,0.412556,-0.634166,-0.328032,0.471527,-0.94297
0.453045,-0.247533,-0.999551,-0.829079,-0.573592,0.756696,0.267439,0.585542,-0.073136,0.211824,0.434185,-0.552115,-0.34305,0.2734,-0.985811
-0.117116,0.352597,0.129988,0.443981,-0.626624,-0.626973,0.840055,0.829115,-0.540589,-0.491337,0.081386,0.19056,-0.230284,-0.421497,-1.0
0.506991,-0.599718,-0.088651,0.962177,-0.015565,-0.691605,0.280689,0.11699,0.001681,-0.204002,0.744534,0.144101,-0.529357,-0.127329,-0.941367
0.485589,-0.528403,0.460452,0.027919,-0.293594,0.282118,0.184729,0.071463,-0.031936,0.055362,0.633754,-0.591867,-0.355911,0.275096,-0.974787
0.359156,0.919586,0.960652,0.497753,0.855107,-0.981532,0.750587,0.158258,0.37341,-0.363394,-0.110072,0.212795,0.069289,-0.500602,-0.9426
-0.552267,0.453274,-0.376395,0.197011,-0.733302,-0.969103,0.356207,0.535393,-0.179547,-0.255594,0.054772,0.600058,-0.108489,-0.45756,-1.0
-0.546445,0.993865,0.421832,-0.336456,0.305764,-0.270046,0.286584,0.277853,0.1689,-0.18652,-0.413714,0.566277,0.286586,-0.410191,-1.0
-0.948278,0.085018,0.074292,-0.424322,-0.927333,0.106637,0.209104,0.368332,-0.220149,0.062242,-0.533782,-0.495454,0.342866,0.375204,-0.990368
-0.440749,0.769467,-0.499028,0.824035,0.778371,-0.526229,0.48131,0.79586,0.262628,-0.168897,-0.337143,0.37429,0.349948,-0.420933,-0.982376
0.289874,0.314452,0.157928,-0.043639,0.056571,-0.012249,0.935459,0.217714,0.71137,-0.169354,0.067899,-0.100764,-0.285437,-0.434908,-1.0
-0.831622,0.840329,0.227174,0.840949,0.095269,-0.09968,0.64955,0.935381,0.376176,-0.344028,-0.372648,0.27385,0.390234,-0.411983,-0.999709
-0.585046,-0.6306,-0.133953,-0.004199,0.590762,0.124038,0.281989,0.808494,0.19392,0.07134,-0.620849,-0.534851,0.423418,0.284567,-0.986376
0.221936,0.576254,0.732043,-0.822259,-0.316715,0.75708,0.045511,0.404473,-0.049184,0.047762,0.990653,-0.295871,-0.401382,0.113394,-1.0
0.380718,-0.976597,0.53929,0.111258,0.979121,0.043373,0.894152,0.607631,0.718853,-0.040836,-0.134606,-0.065167,0.32801,0.468022,-0.994497
-0.507051,0.366526,-0.371949,-0.846936,0.056885,0.285967,0.761618,0.721915,0.108735,0.583016,-0.225348,0.035886,0.459558,-0.042611,-1.0
0.595198,-0.888176,0.031551,-0.241065,0.427815,-0.961665,0.201688,0.976498,0.082773,-0.131752,0.722311,0.364783,-0.47428,-0.196713,-0.973953
0.412801,-0.375929,0.665222,-0.515838,-0.098077,0.81085,0.502391,0.291731,-0.080397,0.450167,0.215202,-0.540692,-0.203005,0.43784,-1.0
0.941809,-0.00374,-0.740718,-0.055657,0.996902,-0.841029,0.809918,0.72932,0.433732,-0.345599,-0.069214,0.184008,0.037429,-0.447291,-0.933358
-0.774099,0.900084,0.093692,-0.549198,0.729334,0.769819,0.955583,0.169337,0.468472,0.520392,-0.073706,-0.074422,0.505985,-0.024154,-1.0
-0.108638,0.828151,0.634095,-0.834275,-0.5287,0.633499,0.381136,0.014346,-0.245613,0.275008,0.577177,0.237179,-0.424097,-0.240403,-1.0
0.085443,0.873566,0.298005,-0.749705,0.781992,-0.355959,0.309274,0.554704,0.234606,-0.090025,-0.387605,0.562456,0.342239,-0.42639,-1.0
0.504206,0.341271,-0.84568,0.585587,-0.537685,-0.456267,0.296968,0.067032,-0.208394,-0.129812,0.618415,0.376678,-0.41848,-0.324626,-1.0
0.412013,0.275432,-0.725243,-0.465522,-0.289831,0.883264,0.474831,0.172979,-0.062169,0.369149,0.438112,-0.312761,-0.500008,0.283827,-0.953702
0.259455,0.197634,0.197227,-0.927792,0.91188,0.592986,0.893863,0.099833,0.632682,0.393437,-0.097876,-0.084879,0.490703,0.251335,-1.0
-0.186136,-0.239537,-0.033007,0.658677,-0.269595,-0.929083,0.906999,0.066905,-0.271107,-0.697046,0.111257,0.189683,-0.101524,-0.488149,-1.0
0.986422,-0.585578,-0.43078,-0.61194,-0.670201,0.519231,0.534907,0.919416,-0.425875,0.230281,0.361594,-0.260486,-0.456435,0.24253,-0.945879
-0.58722,-0.471178,-0.793318,0.028439,-0.915159,-0.084462,0.983557,0.832762,-0.774486,-0.077412,0.030532,0.007384,-0.239619,0.391448,-0.953237
-0.157078,-0.513632,-0.628189,0.387088,0.171007,0.717584,0.139264,0.42442,0.041691,0.136226,-0.220614,-0.842356,0.146666,0.370386,-0.967699
-0.830195,-0.150032,0.147249,-0.139026,0.02825,0.369068,0.544682,0.45614,0.058861,0.423788,-0.48907,-0.170846,0.392795,0.221176,-0.979732
-0.383682,0.669134,0.130681,0.056379,0.835531,0.876778,0.659963,0.099574,0.317635,0.406336,-0.405775,-0.07758,0.418959,0.090525,-0.949978
-0.015598,-0.758489,0.224401,-0.160535,0.692256,0.423227,0.686531,0.209099,0.444004,0.350866,-0.203082,-0.151891,0.263077,0.398601,-1.0
0.201679,-0.805492,-0.494197,-0.825171,0.673033,-0.860629,0.460935,0.455608,0.192371,-0.346347,-0.622515,0.010991,0.499507,0.008257,-1.0
-0.550906,-0.932356,-0.587219,0.489029,-0.25118,0.399742,0.699414,0.863455,-0.297909,0.538877,-0.06292,-0.277831,0.077894,0.440317,-0.932132
-0.158655,-0.169482,0.353871,0.033732,0.214421,0.21615,0.279066,0.291907,0.200285,0.073472,-0.468842,-0.643732,0.261378,0.408821,-1.0
0.293754,-0.44521,-0.073173,0.75411,-0.719058,0.533561,0.781316,0.508704,-0.50344,0.361601,0.189168,-0.201423,-0.326372,0.315008,-0.901478
0.217982,0.670553,0.121945,-0.13116,0.223376,0.57584,0.139422,0.548788,0.06957,0.044028,-0.013538,0.922088,-0.078558,-0.556581,-0.976672
-0.451181,-0.163914,-0.944791,0.738955,-0.577281,-0.949082,0.647926,0.606283,-0.302743,-0.364331,0.007696,0.358484,-0.07591,-0.50628,-1.0
-0.279526,0.773241,-0.163609,-0.655048,0.559915,0.356676,0.451764,0.030926,0.286811,0.135272,-0.494402,0.279432,0.357133,-0.211654,-0.989724
0.509706,-0.014583,0.749508,0.692073,0.030285,0.856716,0.689178,0.7062,0.093264,0.506168,0.202851,-0.325179,-0.170363,0.355735,-1.0
0.87248,0.075085,0.10915,0.326886,-0.943253,-0.317658,0.065559,0.66745,-0.148847,-0.001055,0.93393,0.171473,-0.450927,-0.169331,-1.0
0.386143,-0.572024,-0.934559,0.696675,-0.639691,-0.021214,0.424181,0.669448,-0.321112,-0.010863,0.509086,-0.261206,-0.562103,0.293211,-1.0
-0.27423,-0.056306,0.821883,0.949716,0.846622,-0.01771,0.43763,0.557336,0.310385,0.023524,-0.581622,-0.101632,0.560703,0.064087,-0.990105
0.676271,0.681634,0.027918,-0.3589,0.216897,0.080382,0.357212,0.47198,0.309974,0.094102,0.455419,0.478777,-0.256944,-0.495409,-0.956771
-0.246851,0.767584,-0.420816,-0.07172,-0.324705,-0.298903,0.685801,0.595706,-0.433849,-0.430543,-0.054554,0.33816,-0.029143,-0.425315,-1.0
0.253716,0.043357,0.280623,-0.058279,0.417809,0.793798,0.618101,0.021193,0.194635,0.443447,-0.078062,-0.382418,0.107345,0.509115,-1.0
0.775514,0.701651,0.061725,0.393088,-0.147007,-0.343135,0.809602,0.067862,-0.348918,-0.568883,0.090053,0.128812,-0.259583,-0.347108,-0.944479
-0.660462,0.317791,-0.540331,-0.217737,-0.4621,0.527735,0.811756,0.724696,-0.35779,0.622441,-0.181419,-0.098046,0.250769,0.368462,-1.0
-0.113696,-0.713777,-0.902699,-0.194094,0.685876,0.678292,0.925028,0.916296,0.54678,0.399561,-0.071929,-0.044522,0.241169,0.441636,-1.0
0.054966,0.79599,-0.37497,-0.75672,-0.720215,-0.525403,0.966716,0.011701,-0.73732,-0.427114,0.019216,0.007955,-0.212721,-0.420506,-0.995753
-0.35608,0.171883,-0.196252,-0.526324,0.405589,0.108502,0.284431,0.833266,0.048683,0.014278,-0.690707,0.068279,0.523708,-0.006099,-0.981883
-0.7778,0.584707,0.994877,0.472328,-0.492696,0.046046,0.049714,0.268963,-0.095051,0.073028,-0.511663,0.819354,0.280652,-0.399426,-0.91969
-0.617127,-0.697188,0.625915,-0.34737,-0.285128,-0.090524,0.530561,0.821363,-0.441188,-0.093412,-0.150338,-0.398617,0.239621,0.434418,-0.993537
0.112962,-0.474911,-0.067888,-0.578815,0.868904,0.461467,0.298308,0.221124,0.248668,0.150753,-0.457847,-0.576566,0.311006,0.437721,-1.0
-0.099256,-0.323963,-0.162692,-0.095557,0.045926,-0.375913,0.798731,0.434748,-0.010667,-0.699714,-0.222274,0.137164,0.523123,-0.189001,-0.936813
0.654495,0.465539,-0.361417,-0.966172,0.559132,0.102587,0.834209,0.191589,0.608436,0.117796,0.067942,0.119855,-0.173473,-0.479987,-1.0
-0.284235,-0.192675,-0.207472,0.818577,-0.780912,-0.453289,0.807368,0.984302,-0.558589,-0.414577,0.207946,0.115344,-0.405243,-0.155829,-1.0
0.839302,0.377468,-0.339832,-0.235116,-0.963237,-0.922254,0.949916,0.801605,-0.543119,-0.56374,-0.037875,-0.034402,-0.452695,-0.244375,-0.96813
0.850315,0.41907,-0.638839,0.631855,-0.35203,0.531316,0.730335,0.644898,-0.299649,0.533221,0.248008,-0.077729,-0.4599,0.043676,-1.0
-0.489368,0.709309,0.724907,-0.116607,0.143463,0.924675,0.885041,0.277384,0.088913,0.694366,-0.144109,-0.033498,0.45565,0.147669,-1.0
-0.500474,0.798986,-0.821352,-0.23311,0.68864,0.382693,0.117431,0.421402,0.038679,0.037898,-0.801649,0.322298,0.437136,-0.134011,-1.0
-0.140499,-0.627243,0.243124,0.555282,0.909655,-0.808918,0.403395,0.158869,0.276948,-0.267497,-0.650796,0.089151,0.537634,-0.117932,-1.0
0.588779,0.986524,-0.5482,-0.753856,-0.505615,-0.676671,0.485085,0.910102,-0.227452,-0.369489,0.213454,0.364298,-0.280319,-0.347392,-1.0
-0.64935,-0.542071,-0.137455,0.668513,0.804921,-0.447356,0.720982,0.489353,0.523764,-0.373741,-0.25291,-0.085569,0.44111,-0.014988,-1.0
-0.390541,-0.131444,0.35577,-0.720571,-0.644613,0.247677,0.882952,0.779366,-0.537495,0.174284,0.083165,-0.069134,-0.293442,0.426845,-0.959489
0.684898,-0.895042,-0.421781,-0.636994,0.79704,0.661284,0.108527,0.481326,0.138375,0.079551,-0.042615,-0.84816,0.101372,0.446053,-0.959301
-0.845916,0.437734,-0.33271,0.581126,0.988895,-0.721242,0.609385,0.039797,0.307509,-0.225374,-0.259983,0.263668,0.442598,-0.186413,-0.978086
0.535447,-0.092963,-0.086272,0.09417,-0.395694,-0.853125,0.268805,0.966165,-0.169213,-0.182519,0.427875,0.407656,-0.385934,-0.383432,-0.938133
0.794089,-0.367619,-0.722532,-0.619025,-0.142976,-0.439556,0.558146,0.962834,-0.171378,-0.4114,0.460473,0.047096,-0.412096,-0.040841,-1.0
0.466552,-0.875833,0.614943,-0.50359,0.246246,0.521887,0.292941,0.506361,0.083186,0.20123,0.118756,-0.683433,-0.119522,0.496884,-1.0
-0.134069,0.046425,-0.53533,-0.805902,-0.70165,-0.069322,0.800052,0.699111,-0.691418,-0.047467,0.328755,0.040317,-0.469244,-0.086682,-1.0
0.315126,-0.143154,0.248002,-0.947573,-0.98008,0.741904,0.708944,0.71934,-0.498799,0.293621,0.203789,-0.162201,-0.44386,0.332974,-1.0
0.038878,0.852379,0.979109,-0.705935,-0.558172,-0.096497,0.794056,0.918725,-0.656776,-0.134826,0.156194,0.131704,-0.276604,-0.409239,-0.990847
-0.367667,-0.401433,0.658398,0.32286,0.248628,0.323995,0.577519,0.706361,0.310362,0.320754,-0.167615,-0.28553,0.350734,0.470506,-0.974855
-0.608768,-0.707716,0.13507,-0.62838,0.947849,-0.661192,0.100679,0.723682,0.012988,-0.101474,-0.947746,-0.052601,0.5243,-0.01175,-0.974977
-0.675512,-0.108992,-0.179237,-0.290729,0.735491,-0.828142,0.464083,0.455142,0.255187,-0.183483,-0.401673,0.223078,0.438289,-0.184978,-0.97209
-0.449385,-0.99838,0.044686,-0.951244,-0.459182,0.143462,0.548403,0.156373,-0.36493,0.126163,0.059109,-0.538248,0.044708,0.491998,-0.910435
-0.840335,-0.72518,-0.608856,-0.464397,-0.809147,0.625065,0.38031,0.125219,-0.225214,0.163964,-0.061304,-0.594048,0.046412,0.460625,-0.989369
0.971947,-0.105615,-0.210416,0.719686,-0.88835,0.458283,0.263165,0.772557,-0.17834,0.137071,0.70629,-0.255841,-0.467573,0.143038,-1.0
0.575353,0.460493,0.012821,0.306602,0.987854,-0.652337,0.927075,0.609004,0.594981,-0.423493,-0.064196,0.119661,0.174011,-0.430944,-0.931895
-0.500309,-0.799387,-0.389841,0.642988,-0.488149,-0.744406,0.339228,0.468655,-0.097808,-0.219315,-0.09184,-0.649396,0.055597,0.515526,-1.0
0.910685,0.437575,-0.631273,0.747587,0.168561,0.13952,0.479641,0.419386,0.253812,0.1208,0.501896,0.254891,-0.529854,-0.226941,-1.0
-0.231456,0.619608,-0.670043,0.015243,-0.518223,-0.263498,0.674913,0.423733,-0.454913,-0.096233,0.119768,0.294873,-0.159637,-0.436206,-1.0
0.416489,-0.047618,-0.759102,0.452979,0.130838,0.130781,0.055004,0.595467,0.045809,0.087486,0.869217,-0.470642,-0.429041,0.31588,-1.0
-0.990183,0.683156,0.378395,-0.835512,0.105673,-0.923961,0.028431,0.569931,0.010279,-0.035492,-0.552988,0.875281,0.250835,-0.391377,-1.0
0.766127,-0.788092,-0.100673,-0.595937,-0.80551,0.296683,0.524803,0.050795,-0.445544,0.132303,0.363512,-0.229809,-0.393604,0.249052,-0.986707
0.797703,-0.404881,0.040641,0.53769,0.796176,0.863516,0.785546,0.90602,0.432016,0.40872,0.047109,-0.267527,0.01898,0.548221,-1.0
0.104992,0.05576,-0.730889,0.314241,-0.420268,0.864869,0.800397,0.34202,-0.225368,0.58222,0.217009,-0.234845,-0.26263,0.439785,-1.0
0.229895,0.862574,0.037272,0.041744,-0.620132,-0.022913,0.159122,0.983716,-0.165483,-0.043977,0.534025,0.615358,-0.372979,-0.339469,-0.963764
-0.81784,0.339727,-0.504248,-0.1526,0.516177,-0.805587,0.655025,0.376779,0.12009,-0.443895,-0.315975,0.174936,0.348019,-0.27509,-1.0
-0.324523,-0.994452,-0.095361,0.367968,-0.530825,0.698344,0.384676,0.251887,-0.215264,0.201895,0.114581,-0.553627,-0.00944,0.460875,-0.936919
-0.764586,-0.051119,-0.511079,0.695627,0.173549,-0.429467,0.348647,0.100317,0.090625,-0.30953,-0.603179,0.224984,0.497297,-0.119594,-0.960228
0.845387,-0.46794,0.513613,0.94906,0.067243,-0.103711,0.463833,0.583574,0.217605,-0.310501,0.531852,-0.262599,-0.503595,0.17718,-1.0
0.068741,0.767426,0.551568,0.662264,-0.685383,0.974292,0.012722,0.982087,-0.002326,-0.029567,0.962141,-0.241073,-0.515645,0.16968,-1.0
-0.687117,0.531847,-0.109333,0.964052,-0.589581,0.995808,0.759169,0.42503,-0.372175,0.524705,-0.01877,-0.185576,0.149138,0.496336,-0.957098
0.115299,-0.455224,0.571369,-0.160235,0.674039,0.598839,0.787358,0.633059,0.582619,0.404059,-0.091086,-0.143755,0.228309,0.445635,-1.0
-0.630781,-0.849092,-0.669302,-0.896841,0.805798,0.446726,0.231729,0.364018,0.146214,0.129315,-0.632913,-0.517519,0.359363,0.329675,-0.96926
-0.984223,0.45217,-0.005898,-0.571891,0.612125,-0.863323,0.147401,0.757131,0.055598,-0.126974,-0.667185,0.52331,0.39257,-0.368647,-0.909402
0.89894,0.732123,0.177794,-0.931337,-0.74285,-0.64475,0.841943,0.474177,-0.556578,-0.560227,0.077557,0.13712,-0.419552,-0.2796,-1.0
0.981431,0.297781,-0.629512,-0.606616,-0.725945,0.474376,0.67615,0.803729,-0.410298,0.279606,0.374669,-0.092383,-0.481635,0.082024,-0.959452
-0.930747,0.322202,0.607294,0.374292,-0.388664,0.181406,0.668214,0.436076,-0.429536,0.186933,-0.319899,0.154182,0.413143,-0.132959,-0.987532
0.388715,0.263188,0.07652,0.275236,-0.828322,0.409031,0.889325,0.680689,-0.520749,0.344184,0.103482,-0.05731,-0.446675,0.066387,-0.983699
-0.936262,0.67127,0.266911,-0.744537,0.766719,0.1721,0.486736,0.833414,0.354064,0.094289,-0.474064,0.097681,0.487459,-0.164001,-1.0
0.196636,0.533327,0.527263,0.222563,0.542179,0.687467,0.845663,0.148655,0.381223,0.529394,-0.14639,-0.1371,0.515058,0.204646,-0.969415
-0.216487,-0.2856,-0.405073,-0.237791,0.169588,0.993857,0.30263,0.25264,0.147504,0.245416,-0.166095,-0.637963,0.105224,0.488167,-0.998685
0.516744,-0.561613,0.639142,-0.219705,0.924619,0.77313,0.902121,0.441828,0.522744,0.461972,-0.002388,-0.121813,0.127912,0.436655,-0.989852
-0.549883,-0.534563,0.238029,0.849746,-0.769746,-0.180619,0.570206,0.694792,-0.456753,-0.067551,0.229334,-0.372237,-0.286183,0.422597,-0.980156
0.178954,0.479012,0.580553,0.044623,0.487681,0.722104,0.267838,0.712672,0.087219,0.186401,-0.538791,-0.374741,0.378822,0.344067,-0.984218
-0.794191,-0.59693,-0.545988,-0.958675,0.301294,-0.449234,0.285337,0.466657,0.192928,-0.202705,-0.676047,-0.089724,0.513643,-0.034153,-1.0
-0.625128,-0.305762,0.851226,0.057396,0.465189,-0.559659,0.579685,0.778314,0.220888,-0.334018,-0.459958,0.164413,0.403048,-0.10466,-0.981777
0.312959,0.488131,-0.806133,0.02957,0.51475,0.423097,0.72363,0.234256,0.420608,0.434001,-0.337541,0.023363,0.452226,-0.065056,-0.950437
0.507869,0.350613,-0.535651,-0.528658,0.35818,-0.556709,0.597093,0.407048,0.255753,-0.437265,0.036038,0.457061,-0.086979,-0.53108,-1.0
0.022011,0.088927,-0.886989,-0.357953,-0.216264,0.522129,0.940454,0.631274,-0.319165,0.612968,-0.085598,-0.04242,-0.293629,0.389164,-1.0
-0.23925,-0.613242,0.654793,0.434508,0.404114,-0.038543,0.387181,0.278511,0.358347,-0.066398,-0.480829,-0.368556,0.374619,0.315276,-1.0
-0.651631,-0.78915,-0.285046,-0.331633,-0.791397,-0.134563,0.174619,0.017173,-0.097543,-0.106474,0.054143,-0.841463,-0.165467,0.499025,-0.962196
0.916609,0.133156,0.393406,-0.058142,0.451424,0.953954,0.764566,0.231733,0.170445,0.502029,0.169938,-0.271647,-0.197801,0.436303,-0.950649
0.413692,-0.076794,-0.586007,-0.436946,-0.904008,-0.945005,0.957318,0.1982,-0.542576,-0.581547,-0.018714,0.01065,-0.378048,-0.287612,-1.0
-0.521655,0.087476,-0.871041,0.760735,-0.624993,0.475948,0.02839,0.765393,-0.053071,-0.0713,0.251948,-0.831336,-0.103073,0.431197,-0.955219
-0.802919,0.951201,0.234644,0.29833,-0.440584,0.261247,0.021424,0.725197,-0.006853,-0.028775,-0.488381,0.911397,0.194825,-0.495868,-1.0
0.157274,-0.558139,0.272349,0.0815,-0.388912,-0.747434,0.887048,0.527194,-0.394081,-0.52377,0.146407,0.146753,-0.438182,-0.101686,-0.923414
-0.239693,-0.959711,-0.140126,-0.533629,-0.360571,-0.150284,0.725944,0.823313,-0.549431,-0.16919,0.076842,-0.28681,-0.119498,0.429463,-0.949956
-0.487567,0.066107,-0.855344,0.741264,0.18498,-0.710006,0.134663,0.104328,-0.022046,-0.125924,-0.579707,0.658617,0.302361,-0.302954,-0.958152
0.851038,-0.598604,-0.818158,-0.640219,-0.390285,-0.873467,0.039989,0.529609,-0.066885,-0.034161,0.931109,0.231617,-0.414093,-0.069716,-1.0
0.40387,-0.602217,0.452731,-0.768663,0.333326,0.713511,0.12228,0.101337,0.108981,0.111735,0.125353,-0.942528,0.065101,0.458363,-1.0
-0.455886,0.048974,0.031831,-0.154855,0.436764,0.858194,0.512864,0.665347,0.262018,0.296923,-0.330464,-0.273424,0.419953,0.302479,-1.0
-0.139756,0.645457,0.564997,0.39428,0.706468,0.406859,0.095404,0.11943,0.131999,0.141934,-0.85624,0.276535,0.49749,-0.177746,-0.959687
0.436708,-0.325444,0.000218,0.144191,0.148081,0.437407,0.962072,0.825507,0.344984,0.843112,0.043436,0.054271,-0.236602,0.412032,-0.980742
0.509795,0.718416,-0.494695,-0.548079,-0.756099,0.574141,0.822309,0.023385,-0.521087,0.48914,0.191181,0.093502,-0.550699,-0.079071,-1.0
-0.494117,-0.96781,0.303109,-0.903532,-0.682516,0.19499,0.862486,0.231706,-0.60263,0.163911,-0.004445,-0.122491,-0.135114,0.53028,-1.0
-0.467067,-0.754816,0.564144,-0.552634,0.665456,-0.263198,0.260053,0.335736,0.135868,-0.053424,-0.645619,-0.350777,0.490261,0.263049,-1.0
0.473174,0.76483,-0.211946,-0.944983,-0.934791,-0.246696,0.242818,0.145544,-0.288019,-0.091039,0.602699,0.432445,-0.439447,-0.236531,-0.932372
0.428787,0.110175,-0.854411,0.385561,-0.01711,-0.718656,0.373233,0.833706,0.057227,-0.289137,0.353783,0.552656,-0.238523,-0.425677,-1.0
0.364164,-0.68465,0.564567,0.531097,0.073369,-0.192187,0.856979,0.435167,0.256884,-0.527156,0.134741,-0.166749,-0.230836,0.416405,-0.917605
-0.89702,-0.767236,-0.253242,0.920052,0.792559,-0.091007,0.143257,0.808821,0.147865,-0.024589,-0.764877,-0.370898,0.4141,0.181301,-1.0
0.052314,0.052917,-0.466205,-0.0286,-0.127634,0.407481,0.090391,0.47491,0.043209,0.141766,0.476725,-0.816211,-0.194776,0.416179,-1.0
0.63634,-0.244623,0.498334,-0.894639,0.448095,0.084557,0.837279,0.982735,0.698561,0.110866,0.096449,-0.029329,-0.208958,0.444945,-1.0
0.615178,-0.36669,0.80163,-0.494949,0.816175,0.0105,0.440781,0.210248,0.399322,-0.009439,-0.351839,-0.641961,0.225359,0.459961,-0.952691
0.440194,-0.227977,-0.901419,0.677593,-0.042093,0.088795,0.37574,0.066189,-0.115136,0.272576,0.493468,-0.263464,-0.426339,0.363226,-0.979871
0.408356,0.00313,-0.302283,0.439949,0.916414,-0.866617,0.108167,0.141481,0.081804,-0.029532,-0.498538,0.772428,0.248312,-0.515147,-0.99879
-0.941919,-0.25662,-0.735532,0.163209,-0.017084,0.62067,0.516712,0.660147,-0.070689,0.379661,-0.421721,-0.426749,0.338337,0.32468,-0.968903
0.388567,0.573421,-0.710121,-0.176527,-0.307806,-0.998719,0.196535,0.767401,-0.171746,-0.103485,0.294147,0.722216,-0.197106,-0.408122,-0.966303
-0.394703,0.222495,0.315809,0.420284,-0.938219,0.971004,0.637706,0.953296,-0.42041,0.405202,0.184674,-0.339169,-0.406382,0.440567,-1.0
0.888465,0.093968,-0.130143,0.83565,0.038199,-0.49581,0.585563,0.162676,-0.051063,-0.415178,0.275715,0.243914,-0.36482,-0.39129,-1.0
0.076782,-0.856783,0.133928,0.107737,0.218891,-0.222997,0.150119,0.439008,0.090694,-0.146029,-0.246918,-0.855965,0.089706,0.578477,-0.959592
0.752614,-0.914228,0.959698,0.990217,0.532831,0.528047,0.647863,0.264744,0.327533,0.378727,0.102407,-0.415097,-0.059623,0.497149,-1.0
-0.312558,-0.392383,0.423698,-0.688779,-0.183867,0.461191,0.840203,0.408684,-0.234968,0.656384,-0.049275,-0.193337,0.158284,0.514539,-1.0
0.877317,0.56079,0.464524,0.159257,-0.878824,-0.53341,0.720531,0.364158,-0.490434,-0.328965,0.253628,0.180671,-0.495977,-0.213634,-0.966147
-0.466656,0.681735,0.176505,0.656802,0.009401,0.157612,0.710687,0.787861,-0.015188,0.6135,-0.199816,0.274501,0.38733,-0.362851,-0.971389
0.721492,-0.03668,-0.688329,0.620729,0.01129,-0.124184,0.579396,0.724907,0.062611,-0.506524,0.428548,0.045608,-0.518111,-0.124165,-0.979122
0.968,0.562092,0.212175,0.619366,0.227027,-0.39379,0.092119,0.729372,0.057003,-0.071977,0.55763,0.741552,-0.247506,-0.395347,-0.96174
0.497549,0.04647,0.976948,0.50819,-0.169484,-0.885048,0.807798,0.135306,-0.113039,-0.729315,0.096072,0.115242,-0.33083,-0.362228,-0.983002
-0.595835,-0.905588,0.598067,0.947758,-0.113486,-0.92908,0.88629,0.979459,-0.124123,-0.73449,-0.191863,-0.025013,0.52059,-0.092755,-1.0
-0.02645,0.262399,-0.133137,0.441662,-0.11778,0.692596,0.946569,0.808099,-0.117084,0.810683,0.005101,-0.079496,-0.072418,0.494571,-1.0
0.388764,-0.211862,-0.569291,-0.841678,0.236932,-0.324677,0.958771,0.84393,0.378094,-0.618545,0.022575,-0.03528,-0.388214,-0.333751,-1.0
-0.783272,-0.342838,0.850178,0.006548,0.061694,0.01692,0.116361,0.537708,0.128733,0.003398,-0.804448,-0.358125,0.435325,0.370338,-0.930037
0.998202,0.571869,-0.545094,0.749603,-0.744033,0.580066,0.20837,0.702253,-0.127607,-0.027388,0.776475,-0.055493,-0.444785,0.047862,-1.0
0.349974,-0.736069,0.237681,0.726513,-0.567467,-0.136405,0.345321,0.770328,-0.251049,-0.131874,0.535001,-0.307275,-0.418403,0.290149,-1.0
-0.562475,-0.248703,0.98303,-0.126275,0.604566,-0.778026,0.711408,0.258627,0.242575,-0.482332,-0.243995,0.047973,0.418211,-0.232985,-0.97507
0.378889,-0.617553,0.465005,-0.908276,-0.407912,0.821117,0.361796,0.32363,-0.140572,0.236868,0.244093,-0.618271,-0.220455,0.430425,-1.0
-0.469674,0.251211,-0.376507,-0.6889,-0.702768,0.989697,0.031566,0.283377,0.009957,0.070616,0.335503,-0.90682,-0.125347,0.530953,-0.94331
-0.599405,-0.626798,-0.066739,0.789608,-0.000321,-0.91681,0.323341,0.975404,-0.077168,-0.24924,-0.611288,0.331418,0.341631,-0.235732,-0.944152
0.743043,-0.696536,-0.139524,-0.116766,0.592475,0.33593,0.029557,0.890186,-0.017275,-0.001881,0.097459,-0.862531,-0.106743,0.507582,-1.0
-0.373115,-0.004635,-0.393173,-0.855646,-0.403061,0.545411,0.046287,0.376723,-0.016206,0.042206,0.05165,-1.0,0.005523,0.446881,-1.0
-0.066243,0.1806,0.133744,-0.95311,-0.934146,0.447567,0.56051,0.738176,-0.360386,0.172632,0.440734,-0.093562,-0.465021,0.181722,-1.0
-0.508446,-0.816783,-0.249525,0.017208,0.886462,-0.567305,0.232209,0.699483,0.112651,-0.216349,-0.805025,-0.063137,0.482497,0.142861,-1.0
0.381184,-0.42357,-0.251377,-0.143814,0.395403,0.636383,0.035256,0.644735,-0.061036,0.075427,0.03759,-0.949924,0.018459,0.505947,-1.0
-0.848469,0.579286,0.985253,-0.891255,-0.558225,0.905903,0.874052,0.809486,-0.327721,0.610463,-0.114687,-0.071305,0.373185,0.284957,-1.0
-0.231414,0.418076,0.1782,0.508797,0.31814,-0.89568,0.12366,0.111217,0.057162,-0.137122,-0.242092,0.828432,0.208538,-0.46304,-1.0
-0.103185,-0.887877,-0.562905,0.242932,-0.633837,0.39483,0.381014,0.120715,-0.265726,0.080606,0.157553,-0.595073,-0.216777,0.395926,-1.0
-0.575162,-0.890006,0.173317,0.51303,-0.781742,-0.669687,0.174247,0.84272,-0.037924,-0.083279,0.660053,-0.601499,-0.386543,0.414515,-1.0
0.712023,0.253769,0.867289,-0.738238,-0.070399,0.682297,0.302579,0.025019,0.023363,0.285847,0.626032,-0.41658,-0.396911,0.210764,-0.961071
0.649397,0.914648,-0.096267,-0.787534,-0.803651,-0.024981,0.15035,0.165586,-0.09619,0.028486,0.729744,0.50522,-0.444249,-0.177052,-0.99752
-0.346577,0.508352,0.538602,0.204056,-0.050131,-0.096203,0.11402,0.278683,-0.022588,-0.128109,-0.391413,0.845631,0.32257,-0.470267,-1.0
-0.946686,-0.681588,-0.46838,-0.433285,0.691995,0.924154,0.233415,0.976044,0.086558,0.101956,-0.484668,-0.450035,0.277248,0.387803,-1.0
0.277174,-0.063322,0.219456,0.390942,-0.733146,0.611554,0.955263,0.178192,-0.523089,0.445998,0.025703,-0.017752,-0.443665,0.260803,-0.955724
-0.795749,0.627485,0.270043,0.78626,0.303722,-0.219483,0.763617,0.094115,0.533071,-0.259021,-0.156818,0.13439,0.387806,-0.321702,-1.0
0.848742,0.781764,0.757359,0.649772,-0.984623,0.996023,0.904769,0.859082,-0.527091,0.438364,0.181514,-0.00187,-0.528174,-0.002904,-1.0
0.328595,-0.983501,-0.186881,0.077778,-0.451304,0.758293,0.396183,0.132266,-0.159762,0.347307,0.25938,-0.528985,-0.234403,0.527392,-1.0
-0.895921,-0.486937,-0.098875,-0.522391,-0.730415,0.462141,0.571645,0.817795,-0.338148,0.213796,-0.080757,-0.329649,0.168049,0.493722,-1.0
-0.249165,-0.741257,0.495125,-0.906392,-0.628057,-0.150585,0.408429,0.67203,-0.363494,-0.0296,0.339432,-0.511453,-0.366764,0.355495,-1.0
0.840577,-0.026365,0.727469,-0.881679,-0.423359,-0.004234,0.016242,0.50318,-0.01478,-0.033149,0.959564,0.003121,-0.453151,-0.022215,-1.0
0.953729,0.734554,0.198788,0.871858,0.07039,-0.015856,0.800758,0.401931,0.592572,-0.199611,0.262323,0.168706,-0.420827,-0.280142,-1.0
-0.513085,0.319418,-0.626724,0.128797,-0.839141,-0.228795,0.966064,0.554302,-0.61942,-0.22541,0.034255,0.017108,-0.285509,-0.422954,-1.0
0.158967,-0.143151,0.812471,0.176154,-0.085446,-0.866263,0.054295,0.763347,0.045467,-0.023146,0.31793,0.878388,-0.109799,-0.411877,-0.967427
-0.820379,0.808082,0.166265,-0.243761,-0.021097,-0.445906,0.681998,0.689466,-0.120278,-0.604798,-0.16868,0.333351,0.22131,-0.458408,-0.996431
-0.531136,0.5855,0.645101,-0.244224,0.225608,-0.305472,0.155611,0.203882,0.103286,-0.063204,-0.649578,0.727462,0.255182,-0.440468,-1.0
0.491069,0.860158,0.11896,0.899776,0.209234,-0.144085,0.180185,0.300675,0.188882,-0.133589,0.232087,0.744599,-0.183651,-0.453401,-1.0
0.476537,0.094881,-0.199076,0.876371,0.146684,0.590627,0.94295,0.046818,0.120292,0.787965,0.030524,-0.006285,-0.368028,0.296285,-1.0
-0.716463,0.1583,0.615103,0.08233,0.062476,0.561183,0.56298,0.927367,0.085488,0.498872,-0.326952,-0.103049,0.385494,0.260934,-1.0
0.696895,0.629651,0.71594,0.4156,-0.657935,-0.422292,0.350013,0.486686,-0.288007,-0.182547,0.492759,0.398326,-0.345415,-0.27397,-1.0
-0.287093,0.826695,0.524592,0.0656,-0.488728,-0.260984,0.179441,0.779097,-0.169449,-0.103306,0.148104,0.805276,0.01995,-0.51354,-1.0
0.019495,0.250972,0.544897,0.705425,0.183057,0.082929,0.351338,0.715141,0.226618,0.156078,-0.387694,0.409445,0.375009,-0.409049,-0.982292
0.168808,0.383966,0.552223,0.833756,-0.61819,-0.024375,0.197771,0.465489,-0.108513,0.003784,0.742825,0.375783,-0.487718,-0.273296,-1.0
-0.292202,0.948927,-0.579578,-0.574853,0.050391,-0.118263,0.695491,0.723948,0.261638,-0.583271,-0.257597,0.338942,0.07655,-0.506586,-0.953845
-0.581992,-0.892384,-0.204893,0.845612,0.710867,0.83547,0.748601,0.139149,0.46256,0.455966,-0.164382,-0.259331,0.213547,0.447596,-1.0
-0.231601,0.329343,-0.552929,0.323705,0.674179,0.514676,0.17613,0.563285,0.07828,0.049569,-0.856017,-0.191154,0.500221,0.120333,-1.0
0.531945,0.095486,-0.805341,-0.156233,0.397475,0.95357,0.017919,0.025231,0.004205,0.087096,0.075348,-1.0,0.004416,0.501885,-1.0
0.008476,0.995308,-0.508374,0.30128,0.60707,0.12343,0.660673,0.278698,0.505525,0.103816,-0.171055,0.279394,0.242367,-0.362367,-0.953549
-0.109801,0.633165,0.586543,-0.642803,0.921798,0.562612,0.542479,0.548183,0.37344,0.214798,-0.424675,0.040728,0.464071,-0.04312,-1.0
-0.659991,0.339098,0.907832,-0.800702,-0.254695,-0.134341,0.36108,0.535717,-0.353693,-0.149355,-0.408898,0.418313,0.30443,-0.420609,-1.0
-0.670607,0.832691,0.816247,-0.372718,-0.639881,-0.372432,0.894096,0.460735,-0.683322,-0.228984,0.013613,0.144681,0.000664,-0.515255,-1.0
-0.04928,0.4147,0.811316,0.368472,-0.878576,0.572279,0.730236,0.845961,-0.488333,0.320647,0.250368,-0.157394,-0.547798,0.145332,-0.998594
-0.75523,0.37718,0.476462,-0.729814,-0.570637,-0.484403,0.035369,0.03734,0.02844,-0.065031,-0.217061,0.978053,0.159057,-0.483369,-1.0
0.794882,0.010139,0.153867,0.99626,-0.920471,-0.161643,0.363794,0.373187,-0.233748,0.011665,0.660092,0.022111,-0.506511,-0.064046,-1.0
-0.262946,-0.49486,-0.217524,0.726047,0.969992,0.990926,0.872289,0.083689,0.442084,0.48446,-0.139444,-0.136719,0.305303,0.407018,-0.910303
-0.380035,0.726415,0.282464,-0.024689,0.262152,0.468507,0.337351,0.856411,0.084276,0.260313,-0.610035,0.272484,0.370204,-0.126154,-1.0
-0.209065,-0.802447,-0.147234,0.930367,-0.908952,0.840799,0.460164,0.2712,-0.240951,0.16597,0.220821,-0.446978,-0.169314,0.439117,-1.0
0.524495,0.296635,-0.508995,-0.234514,0.356199,0.847801,0.338817,0.912782,0.061035,0.170915,0.153213,-0.646767,-0.089589,0.471384,-0.939582
-0.698289,-0.637453,-0.171727,0.514669,0.505554,-0.025184,0.813975,0.75656,0.585654,-0.079443,-0.140328,-0.063953,0.444997,0.25037,-1.0
0.995135,-0.126847,0.339952,0.804821,0.94327,0.876891,0.406874,0.65323,0.273349,0.215514,-0.009228,-0.609738,-0.064272,0.498776,-1.0
-0.384906,-0.713819,-0.792345,-0.542463,0.402769,0.444816,0.026026,0.633909,-0.068278,-0.023983,-0.589552,-0.75608,0.267197,0.4972,-1.0
0.722537,-0.210899,-0.528634,-0.729971,0.461545,-0.799207,0.169389,0.688141,0.096859,-0.077675,0.320765,0.757499,-0.240507,-0.487048,-0.9108
-0.244226,-0.61815,-0.35945,-0.653444,0.838181,-0.760884,0.804611,0.511424,0.467353,-0.362336,-0.195656,0.029232,0.439615,-0.027376,-0.985797
-0.138018,0.844231,-0.74352,-0.446007,-0.381879,-0.52867,0.1751,0.942118,-0.063737,-0.067987,0.075442,0.786428,-0.123354,-0.520714,-1.0
0.442623,0.928756,0.071627,-0.507498,0.14706,-0.533657,0.906278,0.379037,0.09934,-0.751833,-0.003221,0.191694,-0.086422,-0.489037,-1.0
-0.824699,-0.967618,-0.986854,-0.175508,0.469746,0.522424,0.76249,0.334325,0.434544,0.408486,-0.157368,-0.14447,0.315552,0.393404,-1.0
0.26095,0.66196,0.574587,0.339442,-0.949823,-0.223677,0.983411,0.342835,-0.764567,-0.13526,-0.06106,0.055522,-0.333504,-0.313765,-1.0
-0.195356,0.731423,-0.398132,0.95396,-0.470197,-0.35232,0.226861,0.199565,-0.173835,-0.092705,0.122164,0.806488,-0.10867,-0.411852,-0.980563
-0.588826,-0.685527,-0.53748,-0.230746,0.008033,0.523921,0.429907,0.915879,-0.037516,0.316349,-0.342995,-0.432083,0.226913,0.379558,-1.0
-0.425982,-0.021835,-0.59555,-0.769099,0.397741,0.655074,0.504446,0.282686,0.089431,0.287682,-0.327968,-0.341814,0.361192,0.343137,-1.0
0.870228,0.199872,0.454334,0.122496,-0.672955,-0.236491,0.677891,0.434937,-0.533241,-0.214824,0.335692,0.127475,-0.48429,-0.172562,-0.999113
0.799989,0.705306,0.859815,-0.999714,0.968991,0.001129,0.987055,0.052847,0.80017,-0.071963,0.023946,0.018608,0.116714,-0.466832,-1.0
0.270726,0.175509,0.751088,0.241278,-0.558109,0.402096,0.660988,0.780085,-0.369202,0.26067,0.429658,-0.106884,-0.435566,0.184457,-0.926167
-0.395376,0.648633,-0.837164,-0.053907,-0.260869,-0.895431,0.62487,0.889071,-0.215349,-0.490947,-0.039083,0.301146,-0.104026,-0.584147,-0.955902
0.826828,-0.153424,0.935899,-0.35388,-0.607652,-0.895208,0.114411,0.793767,0.050834,-0.151493,0.857376,0.329494,-0.442182,-0.176973,-0.916535
0.111678,0.660454,0.976723,-0.234155,0.667157,0.968183,0.153315,0.735618,0.023526,0.013508,-0.721908,-0.49792,0.384314,0.279988,-0.878296
0.6233,-0.46994,0.140435,-0.600376,-0.955212,0.98192,0.64346,0.8648,-0.293381,0.378093,0.306319,-0.271121,-0.347064,0.350743,-0.990519
0.243919,-0.63718,-0.99837,-0.459595,0.680629,-0.697134,0.752033,0.012476,0.402636,-0.414843,-0.210338,0.040283,0.534039,-0.086376,-0.969797
0.534542,-0.685071,-0.426089,-0.22362,0.510005,-0.31128,0.743317,0.173097,0.406589,-0.297649,-0.069767,-0.284029,0.067317,0.500793,-1.0
-0.859989,0.779127,-0.924623,-0.215047,0.378776,-0.030318,0.647283,0.282662,0.526161,-0.033326,-0.289138,0.188292,0.396114,-0.322799,-0.953117
-0.452794,-0.812315,0.586403,-0.794515,0.971706,0.542823,0.674544,0.603546,0.46875,0.32456,-0.304375,-0.250882,0.31115,0.349413,-0.947957
0.349635,0.518862,0.333376,0.507509,0.271299,-0.232738,0.089136,0.694303,0.084791,-0.10819,0.115659,0.914597,-0.042965,-0.438341,-1.0
0.447631,-0.564572,0.28251,-0.878863,-0.274373,0.441919,0.259755,0.35051,-0.116013,0.210364,0.400679,-0.663075,-0.424031,0.359748,-1.0
-0.816106,0.534297,0.883097,-0.619147,0.737717,-0.473938,0.513602,0.61221,0.306067,-0.285202,-0.443253,0.286345,0.44801,-0.250987,-1.0
-0.882228,0.478671,0.070764,-0.112477,0.289502,0.288269,0.882597,0.692489,0.496113,0.484526,-0.091737,0.027259,0.51447,-0.063471,-1.0
-0.801393,-0.917029,0.454938,0.023222,-0.537507,0.340537,0.676308,0.237238,-0.478921,0.281441,-0.034652,-0.272263,0.184843,0.543031,-0.938041
0.687779,0.607724,0.798668,-0.380027,-0.957492,-0.269197,0.799029,0.045417,-0.613585,-0.142165,0.104705,0.04715,-0.510338,-0.211841,-1.0
-0.20475,0.211187,0.169139,-0.750348,-0.628008,0.851134,0.718189,0.76242,-0.344217,0.428015,0.198259,-0.223634,-0.184391,0.372308,-0.933309
-0.656964,0.220711,-0.376773,-0.582975,0.599624,0.117546,0.857428,0.255939,0.669885,0.097102,-0.187362,0.112336,0.456447,0.053102,-1.0
-0.249947,0.622919,0.215632,0.276811,-0.670536,0.507545,0.50515,0.436761,-0.377102,0.140814,0.436956,0.062924,-0.424545,-0.115082,-1.0
-0.894312,0.177482,-0.531356,-0.37289,-0.428823,0.296124,0.971501,0.911584,-0.631439,0.424502,-0.082997,0.04279,0.521989,-0.00211,-1.0
0.065002,-0.609013,-0.185555,-0.927076,-0.494693,-0.341195,0.776412,0.353425,-0.492406,-0.339096,0.277913,-0.125421,-0.475289,0.256348,-0.970265
0.262198,0.675613,-0.090276,0.537172,-0.628998,-0.017849,0.063534,0.545846,-0.058417,0.020228,0.79908,0.611374,-0.398572,-0.309611,-1.0
0.414116,0.625773,-0.681846,0.556229,-0.451431,-0.16896,0.904802,0.135753,-0.722333,-0.206548,0.052596,0.091447,-0.344558,-0.374024,-0.983588
0.724648,-0.786926,0.00888,-0.346991,0.590378,-0.857006,0.653861,0.714699,0.282846,-0.457038,0.309121,0.15813,-0.430151,-0.239732,-1.0
0.452597,-0.05578,0.699693,-0.378151,-0.942879,-0.643074,0.108085,0.972852,-0.089017,-0.051244,0.804717,0.317573,-0.411159,-0.245446,-0.980237
-0.527641,-0.768911,-0.591294,0.699085,0.577821,0.109762,0.142789,0.862626,0.147381,-0.00021,-0.704871,-0.463563,0.324437,0.308975,-0.910477
0.365227,0.020735,0.741851,0.027063,-0.828974,-0.646712,0.589128,0.012999,-0.398271,-0.242429,0.365299,0.1597,-0.419179,-0.248993,-0.973939
-0.610044,0.943951,-0.074701,-0.660281,0.789235,-0.462206,0.599976,0.545671,0.34737,-0.328622,-0.302899,0.293967,0.397908,-0.402283,-0.912296
-0.120522,-0.477159,-0.460329,-0.380199,-0.547557,-0.662963,0.028328,0.882131,-0.014829,0.006008,0.870342,0.34274,-0.376387,-0.248016,-1.0
-0.560855,-0.766356,0.904147,-0.208183,-0.983761,0.88111,0.953541,0.361861,-0.593338,0.579113,0.011646,6.6e-05,-0.15426,0.475473,-0.965369
0.225084,-0.704948,6.1e-05,-0.150685,0.456641,0.262645,0.693855,0.610769,0.438061,0.293197,-0.065191,-0.30378,0.092122,0.459313,-0.893501
-0.191781,0.828665,0.994324,0.157375,-0.589532,-0.914648,0.261899,0.686918,-0.062204,-0.056507,0.170943,0.693386,-0.149148,-0.50055,-0.9544
-0.85505,0.857301,0.197496,-0.795305,-0.882562,0.943143,0.49305,0.625705,-0.249481,0.2317,0.158425,-0.503911,-0.152911,0.469452,-1.0
-0.409533,0.523141,0.839488,0.014151,-0.319732,0.367826,0.343328,0.898621,-0.205912,0.150312,-0.348179,0.59233,0.23412,-0.47384,-1.0
0.38874,0.136007,-0.638239,-0.423617,0.973329,0.539358,0.818418,0.902562,0.524207,0.386273,-0.12089,-0.126698,0.414626,0.41256,-0.993327
0.838453,-0.394864,-0.681457,0.176223,-0.901898,0.745373,0.419979,0.253911,-0.259332,0.236951,0.462197,-0.288388,-0.466223,0.253913,-1.0
0.84271,0.052592,-0.423783,-0.445653,-0.461851,-0.271944,0.746706,0.077446,-0.541917,-0.27687,0.30669,0.070058,-0.470393,-0.137078,-0.905655
0.285113,0.358481,-0.407776,-0.924413,-0.201761,-0.132774,0.227846,0.521203,-0.237687,-0.107673,0.487535,0.47646,-0.3746,-0.425911,-1.0
-0.934894,-0.122644,0.421059,-0.538054,0.995386,0.138954,0.261252,0.563818,0.213404,0.065413,-0.778577,-0.092201,0.51293,0.075548,-1.0
0.595613,-0.266564,-0.911416,-0.466511,-0.221957,-0.960338,0.717882,0.805528,-0.098829,-0.630433,0.185183,0.252171,-0.432281,-0.288689,-0.967093
0.465738,0.905292,-0.227671,0.898977,0.651824,0.299124,0.317481,0.513245,0.278852,0.127958,-0.164556,0.5896,0.077356,-0.556057,-0.945532
0.781987,0.570651,-0.814374,-0.463243,-0.90513,0.84843,0.504748,0.068195,-0.30605,0.184025,0.503511,-0.039328,-0.481817,0.11409,-0.946221
-0.773909,0.08519,-0.690719,0.05319,0.36186,0.614561,0.447304,0.744507,0.192122,0.311019,-0.484558,-0.243804,0.482056,0.189118,-0.947137
0.26009,0.25752,-0.553709,0.380658,0.094154,0.204426,0.441597,0.176566,0.131009,0.373627,0.535686,0.143853,-0.461573,-0.108508,-1.0
0.232481,0.105173,-0.581338,0.656186,-0.403741,0.511731,0.713082,0.937499,-0.435807,0.48878,0.26515,-0.133042,-0.411201,0.289229,-1.0
0.254605,0.291011,-0.129995,0.894907,-0.571401,-0.127319,0.011407,0.78436,0.026605,-0.037942,0.789815,0.514001,-0.373981,-0.236632,-0.96623
-0.970184,-0.318647,-0.660617,0.97841,0.035657,0.494154,0.134834,0.215232,-0.04502,0.017102,-0.720437,-0.50557,0.445362,0.358599,-0.96357
0.659089,0.03509,0.336122,-0.215898,-0.117425,0.803664,0.013864,0.158292,-0.01418,0.044187,0.790849,-0.827764,-0.269315,0.291063,-0.968548
-0.985559,0.180753,0.834624,0.403708,-0.285353,-0.008431,0.403908,0.313295,-0.328336,0.048038,-0.694213,0.1836,0.489296,-0.081054,-1.0
-0.379747,-0.277883,-0.040693,-0.08598,-0.760538,-0.796326,0.092472,0.575803,-0.151189,-0.007987,0.510144,0.736894,-0.169689,-0.35578,-1.0
-0.630236,0.61021,0.280317,-0.947468,0.879203,0.805782,0.009774,0.445452,-0.114025,0.006874,-0.922494,-0.155356,0.477874,0.106235,-1.0
0.27746,0.095439,-0.972346,-0.193816,0.157136,-0.368607,0.932415,0.862899,0.281729,-0.735829,0.08297,0.065211,-0.166421,-0.450765,-0.935984
-0.610291,0.608225,-0.446242,0.278277,0.135121,-0.398293,0.145296,0.744945,0.094915,-0.112614,-0.597758,0.622454,0.214382,-0.433035,-1.0
-0.486641,-0.693208,0.233211,-0.258443,-0.981063,-0.390301,0.617569,0.296627,-0.468682,-0.139413,0.309261,-0.229101,-0.376876,0.281826,-0.992338
0.934521,0.236438,0.608451,0.55497,-0.135606,0.951279,0.059911,0.326146,-0.014865,0.010034,0.760551,-0.447843,-0.511253,0.273376,-1.0
-0.800469,0.154471,0.896884,-0.518979,-0.629786,-0.767739,0.246872,0.778349,-0.121848,-0.206505,-0.162496,0.753182,0.119199,-0.423454,-0.983071
-0.874727,-0.492081,0.238659,-0.751727,0.354645,-0.986039,0.232677,0.504489,0.07578,-0.161436,-0.642167,0.338928,0.486886,-0.202886,-0.991782
-0.453927,-0.154815,0.541846,0.653596,0.365257,0.380956,0.587123,0.358059,0.362354,0.402312,-0.351739,-0.156523,0.377604,0.351807,-1.0
0.222997,0.538653,0.833018,0.144373,0.165677,0.545213,0.966786,0.416147,0.271354,0.724149,-0.037628,0.018814,-0.525412,-0.013978,-0.964288
0.639476,-0.408285,-0.656742,0.102876,0.497706,0.39439,0.7027,0.065153,0.560138,0.276363,0.01407,-0.363737,-0.225178,0.486345,-0.996646
0.740653,0.133603,-0.476699,0.344223,-0.525998,-0.118469,0.734704,0.304899,-0.641098,-0.140594,0.264036,0.071547,-0.512953,-0.05063,-0.983853
0.14414,-0.671602,-0.714892,0.651381,-0.211592,0.227533,0.503928,0.138974,-0.225363,0.363652,0.141952,-0.388538,-0.142809,0.48053,-1.0
0.963978,0.310474,-0.282789,0.403902,-0.65763,0.256674,0.22505,0.678432,-0.146738,0.105902,0.783806,0.025515,-0.51632,0.099486,-1.0
-0.436858,-0.946418,0.534014,0.649319,0.149469,0.554958,0.540542,0.057403,0.096167,0.345177,-0.078637,-0.527602,0.231499,0.455777,-1.0
0.904702,-0.326634,0.308073,0.7935,-0.741274,-0.392444,0.281137,0.895639,-0.193336,-0.126972,0.612217,0.04996,-0.507124,0.000574,-1.0
0.21472,0.638244,-0.13703,-0.577287,-0.916223,0.184683,0.46667,0.754597,-0.368153,0.046813,0.478755,0.146518,-0.449372,-0.148281,-0.96716
-0.465385,-0.944769,0.445761,-0.783642,-0.033971,0.797112,0.348925,0.607311,0.046754,0.25504,-0.143954,-0.667798,0.112552,0.578255,-1.0
-0.674439,0.484379,-0.314381,0.414464,0.252099,-0.437227,0.931126,0.159281,0.365964,-0.630455,-0.034986,0.068395,0.342707,-0.389964,-0.968046
0.178503,-0.205251,0.661066,0.554707,0.294857,0.240484,0.981287,0.214178,0.630262,0.509475,-0.03525,-0.00402,0.079187,0.490917,-1.0
-0.864533,-0.364972,-0.96775,0.019129,-0.451318,-0.393461,0.154819,0.672507,-0.116069,-0.149985,-0.9025,0.059319,0.546712,-0.043554,-1.0
-0.817901,0.333643,0.625628,0.954537,-0.090925,0.005025,0.898444,0.024214,-0.733168,0.039392,0.058024,0.055705,0.540669,-0.228367,-1.0
0.454337,0.782676,-0.64734,0.038424,0.543049,-0.480356,0.285185,0.89145,0.196787,-0.151882,-0.025316,0.764452,0.103066,-0.548168,-0.999019
0.219646,-0.805157,-0.069508,-0.096232,-0.52536,0.791668,0.716095,0.845276,-0.368524,0.48941,0.207937,-0.327835,-0.26571,0.398731,-1.0
-0.935188,-0.885382,-0.245781,0.554775,0.376882,-0.542686,0.38525,0.901326,0.197949,-0.26533,-0.655487,-0.110216,0.417811,0.137097,-1.0
0.941793,-0.927547,-0.223243,0.099194,0.640026,0.39612,0.157635,0.333925,0.07406,0.060167,0.190411,-0.819067,-0.102627,0.447022,-0.937297
-0.986978,-0.937625,0.452191,-0.4381,0.457138,0.279867,0.101615,0.143153,0.066904,-0.021969,-0.713602,-0.542145,0.378158,0.459848,-1.0
-0.07202,0.588248,-0.182327,-0.402742,-0.920533,0.357139,0.258654,0.695738,-0.22305,0.118855,0.650205,0.271472,-0.34407,-0.142802,-0.998907
-0.072312,-0.384822,-0.246079,-0.490166,-0.202059,0.644682,0.101578,0.017842,-0.040513,0.034253,0.070977,-0.905173,-0.124142,0.530513,-0.985427
-0.806219,0.864144,0.963074,-0.646971,0.068166,-0.402612,0.039186,0.390054,-0.061299,-0.068517,-0.500835,0.878547,0.308262,-0.440373,-1.0
-0.256319,-0.597736,-0.928052,-0.613197,-0.019939,0.02627,0.35161,0.562527,-0.136454,0.237058,-0.27588,-0.599434,0.184204,0.470128,-1.0
0.759329,-0.311469,-0.720534,0.565847,0.371337,-0.117303,0.17368,0.003169,0.183127,-0.004358,0.73078,-0.318879,-0.394252,0.304356,-0.998855
0.104441,-0.147371,0.506037,0.993404,0.031695,0.851217,0.96097,0.069348,-0.045704,0.769785,0.006988,-0.109251,-0.130863,0.50488,-0.978729
-0.03062,0.351125,0.898075,-0.549243,-0.596504,0.370592,0.132523,0.382082,-0.062845,0.061808,0.824083,-0.143945,-0.487986,0.028885,-1.0
0.544319,0.832824,-0.365022,-0.360666,-0.459273,-0.710642,0.081095,0.983092,0.051907,-0.101126,0.557785,0.8176,-0.240316,-0.427252,-0.961906
-0.923122,0.968391,-0.471005,-0.342813,0.167544,0.754844,0.964128,0.706392,0.202998,0.780975,0.004469,0.017622,0.503864,-0.084728,-0.941175
0.720973,0.930592,-0.299622,0.997154,-0.583678,-0.064173,0.961155,0.974278,-0.816002,-0.153644,0.043529,0.071548,-0.430743,-0.273401,-1.0
0.887441,0.84646,0.285688,-0.058046,-0.951388,0.938854,0.05642,0.41606,0.01116,0.03937,0.900688,-0.068666,-0.48594,0.083901,-1.0
-0.746768,0.575432,-0.318594,-0.491663,-0.47745,0.273557,0.920832,0.929236,-0.62755,0.419069,-0.034611,0.05083,0.334807,-0.359245,-1.0
-0.303475,-0.642325,0.83245,-0.218478,0.106654,-0.916551,0.093081,0.673566,-0.024053,-0.020336,-0.748668,0.522802,0.422525,-0.376379,-0.976831
-0.478492,0.746598,-0.375,0.763465,0.139745,-0.092293,0.961286,0.620722,0.754243,-0.369697,-0.009448,0.020102,0.342065,-0.348252,-0.991597
-0.973563,0.085856,-0.072475,-0.308824,0.06318,0.2121,0.765995,0.60378,0.241212,0.546129,-0.231671,-0.022848,0.520587,0.100376,-0.922048
0.017861,-0.60617,0.134191,-0.513778,-0.894117,0.955446,0.319487,0.207838,-0.148654,0.244799,0.315036,-0.591824,-0.340017,0.395204,-0.988604
0.361347,0.500503,0.4029,-0.936768,-0.626735,0.901002,0.222295,0.230491,-0.154232,0.122622,0.670988,-0.333035,-0.480725,0.192736,-1.0
-0.162213,-0.592524,-0.938425,-0.067618,0.204691,0.069755,0.707926,0.714095,0.449223,0.150722,-0.1805,-0.185246,0.228675,0.451917,-1.0
-0.815835,-0.13509,0.836663,-0.455093,0.416197,0.399026,0.420222,0.058282,0.234739,0.223799,-0.511514,-0.223072,0.44926,0.166141,-1.0
0.250665,-0.656701,-0.968993,0.186481,-0.841601,0.588086,0.147428,0.823436,-0.099975,-0.01046,0.556436,-0.631758,-0.27321,0.400714,-0.872346
0.613068,-0.941575,0.27608,-0.310537,0.11874,-0.70552,0.866597,0.731108,0.065765,-0.719871,0.176398,-0.035231,-0.492515,0.246475,-1.0
0.924388,-0.200646,-0.02341,-0.332754,0.28502,0.931553,0.596221,0.582498,0.206791,0.42669,0.184893,-0.320426,-0.257893,0.374349,-0.93174
0.468976,-0.847211,0.819578,0.347358,0.701622,-0.115323,0.600853,0.235541,0.542373,-0.060339,-0.097401,-0.354709,0.160049,0.470259,-0.939773
-0.771466,0.72384,0.294349,-0.738009,0.619889,-0.011544,0.203101,0.403509,0.12011,-0.02109,-0.761744,0.332891,0.431063,-0.27132,-0.94902
-0.784751,-0.726951,-0.637164,-0.252005,-0.768905,0.435304,0.757955,0.083409,-0.515116,0.30554,-0.054706,-0.258934,-0.050315,0.542804,-0.99658
-0.151103,-0.10706,0.415386,0.85549,-0.882219,-0.285878,0.586996,0.666312,-0.47637,-0.18487,0.397387,0.066919,-0.418927,-0.147093,-0.93015
0.572827,0.218644,0.139691,-0.115628,0.218763,-0.679847,0.131742,0.334587,0.054299,-0.079161,0.317977,0.902826,-0.191908,-0.509701,-1.0
0.522016,0.400081,-0.317134,0.473499,0.148433,-0.637182,0.643513,0.240741,0.13818,-0.43181,0.207286,0.350392,-0.205174,-0.493512,-1.0
-0.04804,0.03145,-0.209529,-0.579847,-0.041772,0.546684,0.499833,0.732031,-0.084359,0.370771,0.01201,-0.634007,0.056349,0.56663,-0.997922
0.262477,0.255874,0.409967,0.055269,0.987766,-0.354433,0.076873,0.854275,0.036357,-0.01109,-0.683383,0.571936,0.447595,-0.373334,-0.896869
0.010241,0.94191,0.90617,-0.62048,-0.609623,0.312457,0.900339,0.126754,-0.74481,0.413904,0.090657,0.031113,-0.351898,-0.313353,-0.988587
-0.200788,0.628946,0.11345,0.599126,0.820551,-0.85158,0.106692,0.591366,0.147288,-0.107051,-0.44578,0.778669,0.271027,-0.524462,-1.0
0.862442,-0.19293,0.510158,-0.981453,-0.414869,-0.775753,0.195384,0.556384,-0.1474,-0.230307,0.67527,0.335982,-0.539424,-0.35863,-1.0
0.368752,0.425298,-0.897272,-0.604966,-0.966724,0.214959,0.405714,0.227469,-0.379752,0.072454,0.687913,-0.022874,-0.501551,-0.041328,-1.0
-0.565486,-0.003831,-0.701581,0.565314,0.830299,-0.928828,0.360916,0.441422,0.220751,-0.19815,-0.554136,0.33676,0.472442,-0.267996,-1.0
-0.559868,-0.499088,0.6593,-0.631624,0.22657,0.15841,0.394111,0.848459,0.312476,0.169886,-0.550433,-0.417913,0.388142,0.305823,-1.0
-0.805388,0.362536,0.500062,-0.262532,0.391868,0.105557,0.669718,0.112141,0.542076,0.025432,-0.345931,0.097679,0.602751,-0.224389,-0.965467
-0.158926,-0.544878,0.686088,0.02462,0.449274,-0.233487,0.280155,0.401354,0.169301,-0.207879,-0.681075,-0.334008,0.428785,0.198618,-0.978964
-0.772367,0.847505,0.220459,0.581553,0.782562,0.178421,0.820473,0.822267,0.654626,0.070308,-0.1474,0.017576,0.509544,-0.196725,-0.945346
-0.371686,0.205206,0.190025,-0.569607,0.476503,-0.963585,0.502897,0.840259,0.230318,-0.284032,-0.315159,0.422368,0.252242,-0.487433,-1.0
0.671605,0.816705,-0.447837,0.397061,0.778036,-0.083032,0.038483,0.049431,0.05503,0.091047,-0.072847,0.945584,0.029626,-0.469475,-1.0
0.232754,-0.736084,-0.316376,-0.636331,0.674365,-0.937769,0.628275,0.851743,0.223356,-0.357823,-0.286038,0.149532,0.553528,-0.128716,-1.0
0.472332,0.079217,0.988475,-0.850345,0.137856,0.287045,0.168692,0.781207,0.019848,0.042163,0.766642,-0.46616,-0.364378,0.25502,-1.0
-0.634147,-0.660541,0.222673,0.138586,0.52237,0.200325,0.930583,0.154622,0.748212,0.266445,-0.131411,-0.074511,0.389375,0.279736,-0.961513
-0.770135,-0.531842,0.262812,-0.985152,-0.886421,-0.441591,0.847659,0.01226,-0.724012,-0.267547,0.043427,-0.161866,-0.413508,0.293513,-1.0
-0.690642,-0.0038,-0.364151,-0.959007,-0.920723,-0.88044,0.062474,0.09217,-0.039733,-0.028973,0.273149,0.861625,-0.076046,-0.519866,-1.0
-0.899048,0.299485,0.109919,-0.523813,0.243854,0.566896,0.726497,0.632269,0.257489,0.649863,-0.245476,-0.03713,0.531317,0.133722,-0.995637
0.917535,-0.074186,-0.726228,0.840579,0.689338,0.829539,0.663161,0.189252,0.376392,0.363334,0.006909,-0.300887,-0.082851,0.575117,-0.931065
-0.486141,0.430137,-0.539639,-0.421278,-0.647261,0.867672,0.884321,0.936973,-0.37136,0.583607,0.086675,-0.092449,-0.18904,0.508823,-1.0
0.787735,-0.850009,0.68039,0.163643,-0.499169,0.340153,0.137257,0.612422,-0.11934,-0.04704,0.598963,-0.570702,-0.317641,0.284079,-1.0
-0.431517,-0.202924,0.467595,-0.214792,0.003489,-0.769972,0.494695,0.964283,0.065044,-0.363448,-0.236466,0.431533,0.32709,-0.381747,-1.0
0.785495,-0.49292,0.821102,0.095409,4.5e-05,-0.227931,0.018719,0.203863,-0.098593,0.076434,0.866886,-0.401222,-0.520984,0.121157,-0.943401
-0.950858,-0.804772,0.873369,-0.513695,-0.587721,-0.043547,0.876116,0.740518,-0.725104,-0.056749,-0.070119,-0.073496,0.176777,0.364024,-0.858018
-0.012695,0.902332,-0.026337,-0.744576,0.735663,-0.559941,0.549695,0.042302,0.42487,-0.2173,-0.210763,0.435528,0.290386,-0.411671,-0.922055
0.416155,0.105513,-0.512251,-0.235348,0.780567,0.497611,0.768265,0.341517,0.620818,0.305277,-0.209654,-0.193834,0.301966,0.425156,-0.985512
-0.186152,0.259414,-0.347637,-0.021384,0.883171,-0.648989,0.784477,0.873134,0.679015,-0.276823,-0.235301,0.140808,0.265262,-0.240562,-0.96685
-0.411629,-0.633253,0.906419,-0.19672,0.01455,-0.532772,0.548777,0.707671,0.039687,-0.41438,-0.405693,-0.148787,0.451009,0.103423,-1.0
-0.421936,-0.169642,-0.792956,-0.481256,0.698042,-0.786166,0.214875,0.571286,0.185385,-0.219429,-0.665714,0.316434,0.509051,-0.263342,-0.985681
0.153783,-0.990886,0.164475,0.788555,0.180709,0.804836,0.919533,0.822215,0.068295,0.711356,0.047288,-0.049432,0.019989,0.501858,-1.0
-0.232165,0.82066,0.043515,-0.5885,-0.035456,0.470335,0.336358,0.44333,-0.053165,0.329328,-0.346298,0.625937,0.249585,-0.487784,-1.0
0.953643,-0.74326,0.554321,0.016807,0.392681,-0.419621,0.200566,0.512146,0.07222,-0.100552,0.670387,-0.414702,-0.577568,0.23192,-1.0
-0.487657,0.118642,-0.570734,0.274487,-0.946588,0.439626,0.98162,0.94983,-0.700591,0.440213,0.017402,0.033367,-0.307321,0.32668,-1.0
0.414898,-0.689991,-0.67432,0.26566,-0.904916,0.630767,0.990322,0.394361,-0.678123,0.628265,-0.021834,0.053678,-0.294333,0.36698,-1.0
0.202476,0.915136,0.341046,-0.667108,-0.647304,-0.0283,0.690808,0.038754,-0.624272,0.009488,0.195721,0.177368,-0.342494,-0.390998,-0.920614
-0.445513,0.330739,-0.103895,0.357832,-0.252805,0.499088,0.492911,0.163717,-0.222138,0.445754,-0.383207,-0.269734,0.382944,0.403373,-1.0
0.85927,0.651514,0.086131,-0.452826,-0.571683,0.274173,0.128043,0.266425,-0.069705,0.085378,0.892599,0.183034,-0.587478,-0.093592,-1.0
0.42798,0.865062,-0.196389,0.116076,-0.249417,0.119752,0.961717,0.030928,-0.696139,0.321645,-0.017063,-0.013858,-0.341049,-0.364565,-1.0
-0.505152,-0.363734,0.333367,0.028412,-0.154521,0.632014,0.995003,0.149498,-0.204218,0.854366,0.009653,0.023481,0.257809,0.455183,-0.971678
-0.205528,0.982801,0.425566,-0.749538,0.476282,0.910557,0.299624,0.410598,0.119218,0.228304,-0.678168,0.039672,0.590621,-0.025551,-1.0
0.523467,-0.180015,0.91276,0.007016,-0.78959,0.07269,0.890149,0.055219,-0.643243,0.135174,0.07156,-0.030206,-0.581945,0.092976,-0.981745
0.968509,-0.58796,0.351557,-0.63171,-0.681095,-0.093035,0.447468,0.699348,-0.350839,-0.121138,0.513765,-0.132322,-0.502302,0.128485,-0.935329
0.897006,-0.205759,0.984014,0.75779,0.893161,-0.124791,0.749192,0.659993,0.573616,-0.061162,0.049326,-0.244984,-0.041118,0.469413,-0.949356
0.844964,0.290505,-0.500928,0.202241,-0.525322,-0.054915,0.955148,0.456668,-0.625003,-0.097068,0.112105,0.0394,-0.557089,-0.083774,-1.0
-0.798428,-0.847056,0.047291,-0.054836,-0.538993,-0.417724,0.325155,0.431951,-0.153707,-0.108239,-0.275042,-0.660142,0.216616,0.459347,-1.0
-0.800589,0.577264,-0.528974,-0.108317,0.051404,-0.894464,0.269113,0.376059,0.019461,-0.11929,-0.35973,0.724726,0.259021,-0.505366,-1.0
-0.763077,0.236425,-0.231964,0.952732,0.798175,0.771687,0.279852,0.386993,0.184921,0.145671,-0.677627,-0.222991,0.393874,0.15043,-1.0
0.63847,0.215324,0.947869,-0.612533,-0.223757,0.401773,0.700387,0.783497,-0.262402,0.466913,0.229721,-0.048592,-0.552792,0.026283,-0.975911
0.874477,0.490048,-0.299232,-0.318124,0.467648,0.877048,0.246242,0.75977,0.09336,0.197988,0.574815,-0.53669,-0.350725,0.281896,-0.999883
-0.132417,0.430014,0.62031,-0.694953,0.017828,-0.159045,0.106888,0.969271,-0.013335,-0.037017,-0.238643,0.796613,0.075371,-0.461484,-0.952932
0.334999,-0.791422,0.479996,0.669539,0.492489,-0.338505,0.979095,0.735757,0.643305,-0.460409,-0.023458,-0.036797,0.123963,0.590985,-1.0
-0.573632,-0.723676,-0.657388,-0.144809,0.345887,-0.325452,0.158359,0.849194,0.23592,-0.065692,-0.731411,-0.290458,0.41429,0.242301,-1.0
-0.213816,0.381405,-0.982638,-0.503332,-0.824026,-0.999094,0.955105,0.074735,-0.530947,-0.627544,-0.001942,0.005389,-0.204615,-0.460306,-1.0
-0.657594,0.952253,-0.320008,-0.715921,0.723962,-0.610926,0.842789,0.414875,0.604188,-0.4172,-0.119494,0.116954,0.321259,-0.380834,-0.942168
-0.46867,0.614829,0.46987,-0.459494,0.797128,0.729141,0.672281,0.095325,0.350266,0.342912,-0.323757,0.073246,0.421293,0.01957,-0.9739
0.785973,0.681946,-0.08051,-0.188619,0.060099,-0.366167,0.308279,0.3568,0.129871,-0.247256,0.457982,0.59321,-0.338902,-0.455499,-0.955853
0.234177,0.485871,-0.967508,-0.257995,-0.235534,-0.640632,0.025492,0.725262,0.009158,-0.086077,0.307168,0.891382,-0.15882,-0.423971,-0.963251
0.279066,0.405108,-0.394018,0.874972,-0.411866,0.027577,0.188519,0.884341,-0.155875,0.066636,0.655202,0.362788,-0.354817,-0.166668,-1.0
0.753972,0.274441,-0.22377,0.644354,0.031582,-0.756841,0.462326,0.623643,0.045613,-0.400462,0.248516,0.48065,-0.300547,-0.417076,-1.0
0.140659,-0.529602,-0.352317,0.084482,0.580233,0.21736,0.90215,0.200567,0.645358,0.21447,-0.108727,-0.107428,0.154696,0.397481,-0.977171
-0.691899,0.772987,0.25675,-0.934171,0.842617,0.517136,0.240671,0.167344,0.183447,0.050837,-0.741399,0.161098,0.436317,0.008561,-1.0
0.049788,0.129149,0.949721,0.913865,-0.19016,0.894678,0.880496,0.131935,-0.116751,0.651623,0.01796,-0.066887,-0.08231,0.431641,-0.938736
0.184377,-0.43285,-0.950234,0.768341,-0.735197,0.136115,0.45494,0.866714,-0.392172,0.077273,0.473718,-0.308606,-0.377009,0.157785,-1.0
0.326577,0.233957,-0.732281,-0.588818,-0.170062,-0.109667,0.877764,0.10539,-0.581961,-0.410087,0.069842,0.100659,-0.389313,-0.267799,-1.0
0.072197,0.064925,0.666315,0.146481,0.393876,0.162319,0.518302,0.117987,0.412309,0.115461,-0.503116,-0.095178,0.479448,0.083922,-1.0
-0.966004,0.302905,-0.774162,0.917265,-0.518811,-0.077476,0.526035,0.810136,-0.462583,-0.062835,-0.341875,0.282676,0.381201,-0.418734,-1.0
0.788791,-0.927202,0.57576,0.496457,0.620807,-0.288863,0.49084,0.063506,0.355768,-0.119436,0.158161,-0.538483,-0.128064,0.435198,-1.0
-0.204197,-0.990616,0.43763,0.606787,0.981557,-0.730142,0.611697,0.847871,0.411165,-0.263984,-0.390139,-0.11531,0.473876,0.076755,-0.973794
-0.974696,0.331575,-0.505711,0.722496,-0.698035,-0.570412,0.053,0.36759,-0.048649,-0.018294,-0.334131,0.926584,0.244714,-0.533102,-1.0
-0.440276,0.528448,-0.004675,-0.827273,0.33981,-0.611252,0.572572,0.953578,0.217107,-0.407708,-0.235482,0.40432,0.336494,-0.424877,-1.0
-0.944418,-0.257005,-0.264642,0.086573,-0.385721,-0.628358,0.228343,0.809202,-0.051651,-0.142904,-0.617258,0.335348,0.399099,-0.374016,-1.0
-0.439616,0.848977,0.489658,-0.645474,-0.533217,0.067513,0.870595,0.678359,-0.676762,0.076031,0.10254,0.151724,-0.087482,-0.530696,-0.995809
-0.363126,0.6708,-0.007758,0.529001,0.898576,0.127626,0.31961,0.045338,0.136021,0.075398,-0.633162,0.295493,0.425863,-0.208377,-1.0
0.424511,-0.170871,0.521795,-0.616234,-0.261569,-0.353002,0.145786,0.987132,-0.03997,-0.085912,0.885798,0.176774,-0.461234,-0.130816,-0.985148
0.835586,-0.971282,0.41677,-0.45657,-0.961526,0.87196,0.884943,0.675414,-0.504337,0.452223,0.041526,-0.072503,-0.332512,0.226313,-1.0
0.954561,-0.404707,0.588717,0.831036,-0.018573,0.355008,0.216274,0.941381,-0.026053,0.253534,0.73782,-0.497516,-0.473194,0.300344,-1.0
0.160843,0.583756,0.19728,-0.506221,-0.750299,0.538037,0.796955,0.3995,-0.387516,0.470544,0.254176,0.050666,-0.54975,0.007516,-0.990894
0.92458,-0.177456,0.49911,-0.357984,0.940431,-0.802888,0.258632,0.898727,0.148821,-0.127869,0.101675,0.62738,0.061643,-0.506658,-0.936086
0.84384,0.449838,0.741765,0.472232,-0.821246,-0.554825,0.774367,0.91218,-0.455218,-0.35535,0.129663,0.04205,-0.501658,-0.351602,-1.0
-0.835549,0.590387,-0.80198,0.807169,-0.048647,-0.527289,0.161309,0.019579,-0.088942,-0.100063,-0.543739,0.690868,0.22707,-0.433253,-0.963974
0.170507,0.108968,-0.424341,0.039305,0.021887,-0.086447,0.001134,0.870237,0.010198,-0.038638,0.615246,0.793523,-0.326569,-0.402316,-1.0
-0.249409,0.41685,-0.198239,-0.627158,0.582557,-0.428064,0.01504,0.016234,-0.038719,-0.034744,-0.712662,0.709597,0.359961,-0.401678,-1.0
0.897992,-0.377575,-0.230149,0.845916,-0.876832,-0.678549,0.772578,0.466875,-0.468648,-0.413255,0.133833,0.124856,-0.477781,-0.013799,-1.0
0.850687,0.30104,0.085563,-0.051519,-0.358685,0.610088,0.085496,0.650782,-0.010383,-0.001491,0.893336,-0.215983,-0.510477,0.243331,-1.0
0.162648,0.496838,-0.636548,0.199656,-0.860949,0.864406,0.512691,0.710518,-0.324867,0.288863,0.456933,-0.153783,-0.480709,0.246877,-1.0
-0.264819,-0.720659,-0.82861,0.277431,-0.608212,-0.694029,0.599647,0.820029,-0.306418,-0.3776,0.349905,-0.030462,-0.464084,0.016885,-0.979881
-0.905809,-0.701118,0.243898,0.840074,-0.040932,0.955385,0.794337,0.656372,-0.059383,0.625142,-0.007396,-0.124349,0.228281,0.469389,-1.0
0.294204,0.789756,-0.18477,-0.811873,0.004317,-0.412877,0.409176,0.103234,-0.055707,-0.284619,0.119447,0.491274,-0.196753,-0.567258,-0.96716
-0.051779,0.097508,-0.886147,0.637387,-0.155621,0.027523,0.067794,0.815893,-0.088804,-0.07122,0.752094,0.507389,-0.333658,-0.217444,-1.0
-0.913515,-0.888486,-0.724682,-0.113851,-0.744513,0.786622,0.742838,0.082145,-0.372584,0.503263,-0.076409,-0.261324,0.038575,0.503237,-0.910999
-0.490611,-0.738098,0.558223,0.988271,-0.709387,-0.185096,0.977481,0.526042,-0.69164,-0.135093,0.090941,-0.05097,-0.186768,0.541842,-0.989804
0.815585,-0.164946,-0.413554,-0.8629,-0.216975,-0.737989,0.542285,0.316966,-0.0216,-0.411887,0.51586,0.3442,-0.381979,-0.21303,-1.0
0.942506,0.915896,-0.089769,-0.292242,-0.612901,-0.153499,0.962142,0.1423,-0.794706,-0.205662,-0.08755,-0.034636,-0.50518,-0.298756,-0.976662
-0.793189,-0.657255,-0.096186,-0.295631,0.570984,-0.837335,0.435234,0.310421,0.202887,-0.290784,-0.505533,0.029368,0.518054,0.005475,-1.0
0.12581,-0.847979,0.317468,-0.788296,0.597958,0.204791,0.454093,0.885758,0.395015,0.109718,-0.232163,-0.531454,0.222761,0.475754,-1.0
-0.398719,0.200794,0.737939,0.403098,0.000547,-0.59174,0.091584,0.714248,-0.081269,-0.109795,-0.471622,0.817248,0.242422,-0.508695,-1.0
0.143528,0.02481,0.844586,-0.115176,-0.407102,-0.896126,0.418872,0.008634,-0.107027,-0.262906,0.167068,0.554283,-0.268686,-0.380241,-1.0
0.889107,0.68137,0.236276,-0.31661,-0.13009,-0.326483,0.529709,0.995137,-0.086366,-0.396327,0.308847,0.295456,-0.271029,-0.314655,-1.0
-0.156563,0.404265,-0.316832,-0.379238,-0.966276,-0.418623,0.043811,0.217361,0.03505,-0.102143,0.633943,0.682233,-0.335829,-0.446462,-1.0
0.254503,-0.52586,-0.496448,0.671336,0.564605,-0.261896,0.577184,0.912265,0.454184,-0.149355,-0.299418,-0.377617,0.241288,0.428717,-1.0
0.308162,-0.93225,0.827702,0.944259,-0.183062,0.83945,0.077568,0.82931,0.072301,0.121358,0.265299,-0.876861,-0.113373,0.526682,-0.990663
0.45235,-0.609901,-0.819843,-0.153724,0.076585,-0.521204,0.899034,0.695001,0.033144,-0.638923,0.075589,-0.011712,-0.582283,0.121896,-1.0
0.442317,0.174136,0.012228,-0.47216,-0.876468,-0.760869,0.782214,0.753182,-0.442348,-0.467508,0.121759,0.108243,-0.513812,-0.318292,-0.999445
-0.242537,-0.179499,0.439684,0.865229,-0.903814,-0.876473,0.101066,0.757458,-0.110166,-0.008061,0.580151,0.692735,-0.395166,-0.412521,-1.0
0.353787,-0.465456,0.746158,0.233661,-0.469407,0.291323,0.43195,0.683198,-0.256767,0.174817,0.449349,-0.389524,-0.338175,0.388663,-0.977054
-0.663751,-0.297841,-0.541232,0.052082,-0.525447,0.979341,0.824921,0.205261,-0.26011,0.542883,-0.049399,-0.207089,0.031309,0.453063,-0.984362
-0.842385,-0.744344,0.157118,0.999939,-0.622478,-0.310893,0.491444,0.123549,-0.352431,-0.169943,-0.220585,-0.420681,0.192356,0.512837,-1.0
0.651776,-0.366645,-0.540094,0.437378,0.758073,0.566596,0.01204,0.89982,-0.01842,0.033659,-0.125636,-0.958001,-0.001825,0.54387,-0.949518
0.717058,-0.256789,-0.736648,-0.892199,-0.12288,0.148512,0.519427,0.14628,-0.286309,0.323422,0.427184,-0.255589,-0.473461,0.201391,-1.0
0.177049,0.796941,-0.475534,0.846098,-0.951975,0.582516,0.575387,0.207132,-0.428915,0.293079,0.40764,0.215204,-0.43258,-0.102974,-0.958284
-0.787835,0.716648,0.989342,0.672907,-0.642987,0.526065,0.448871,0.449614,-0.167512,0.322973,-0.352982,0.456732,0.221803,-0.390401,-0.966846
0.182847,0.431929,-0.478692,-0.212423,0.818082,-0.010722,0.980885,0.992333,0.81142,0.006898,0.014734,0.000578,0.394858,-0.204045,-0.952933
-0.920777,-0.789314,-0.394867,-0.408888,-0.06931,0.514609,0.962854,0.383783,-0.129511,0.774,-0.046835,-0.035257,0.221892,0.430254,-0.994206
0.860665,0.333736,-0.352683,0.678214,0.898284,-0.14166,0.366188,0.586777,0.313994,-0.018787,-0.15817,0.660595,-0.039877,-0.508031,-1.0
-0.576777,-0.99068,-0.30358,-0.82585,0.815717,0.655845,0.358096,0.658605,0.244654,0.282807,-0.327963,-0.499756,0.316001,0.405822,-0.915854
0.724687,-0.256556,0.722675,-0.971626,-0.447433,0.72123,0.154672,0.261542,-0.079546,0.121331,0.672827,-0.608918,-0.36479,0.317852,-0.998606
-0.373967,-0.28491,0.049275,0.097203,-0.798641,0.827961,0.931447,0.072677,-0.557996,0.604327,0.060149,-0.082863,-0.165557,0.421196,-1.0
0.404196,-0.820032,-0.922894,0.858745,-0.415306,0.473434,0.689954,0.415106,-0.325015,0.480601,0.160871,-0.272036,-0.31747,0.441534,-0.912069
-0.206146,-0.593402,0.333411,-0.164326,0.150395,0.963538,0.295087,0.009304,0.151481,0.284289,-0.059483,-0.706275,0.061195,0.479864,-0.964486
-0.03132,0.448871,-0.548206,-0.821934,-0.125047,0.326465,0.229824,0.345541,-0.106744,0.26748,0.505627,0.64305,-0.353091,-0.419603,-0.94745
0.569034,-0.924898,-0.314611,0.668386,0.046786,-0.0762,0.915264,0.973571,0.401516,-0.63105,0.050585,-0.090065,-0.234979,0.438664,-0.995977
0.592945,0.785908,-0.637881,0.647981,0.122995,0.399371,0.302031,0.011148,0.05416,0.120131,0.500591,0.383395,-0.37349,-0.319066,-0.974519
0.702112,0.190696,0.954535,-0.416044,-0.322247,0.686335,0.431928,0.626123,-0.127111,0.377076,0.491342,-0.201357,-0.401445,0.306538,-1.0
-0.071255,-0.457713,-0.559704,-0.706938,0.327556,0.903636,0.817957,0.486617,0.341868,0.586554,-0.125883,-0.212707,0.084682,0.553575,-0.966965
-0.438276,0.298516,0.928212,-0.124444,0.795271,0.334315,0.430375,0.110074,0.271343,0.156993,-0.590681,-0.007544,0.495525,0.008769,-1.0
-0.266814,0.820018,-0.769884,-0.724367,0.959185,-0.653428,0.219216,0.022751,0.115924,-0.067201,-0.412677,0.578425,0.37566,-0.326196,-0.930426
-0.539184,-0.828113,0.981169,-0.435836,0.72875,-0.669345,0.860721,0.216573,0.583161,-0.46194,-0.064116,0.025366,0.461592,0.067854,-0.973153
0.731082,-0.334477,-0.461883,0.932642,-0.789165,-0.80189,0.525415,0.184564,-0.312911,-0.292237,0.53717,0.063061,-0.450628,-0.11603,-1.0
-0.660176,0.499986,0.298279,0.611804,-0.538912,-0.386571,0.736908,0.869376,-0.428254,-0.374412,-0.063035,0.266711,0.107571,-0.509652,-0.982545
0.898728,-0.233697,-0.655247,-0.780284,0.775374,0.675224,0.08846,0.838776,0.091591,0.022377,0.070141,-0.968426,-0.064873,0.49108,-1.0
-0.5165,-0.253242,-0.79581,0.428991,-0.913878,-0.929847,0.209687,0.172818,-0.083883,-0.09295,0.422655,0.745247,-0.36107,-0.366059,-0.984579
-0.2891,0.690237,-0.338102,-0.01649,0.951781,-0.314372,0.990934,0.747786,0.733219,-0.21766,0.011787,0.070746,0.403663,-0.267157,-0.968865
0.678452,0.464807,0.860551,0.613444,-0.005495,0.211064,0.681863,0.895538,0.034179,0.639212,0.345341,0.067052,-0.497994,-0.189255,-0.975832
-0.368867,0.496082,-0.196509,-0.295884,-0.96325,0.827096,0.981156,0.890575,-0.676152,0.565953,0.007718,0.018564,-0.411612,0.296411,-1.0
-0.42006,0.393429,-0.810757,-0.467514,-0.796483,0.031802,0.157445,0.558112,-0.115915,-0.037639,0.564492,0.560247,-0.318843,-0.402373,-1.0
-0.430103,-0.092511,-0.533705,0.925909,0.733197,0.892735,0.379097,0.265996,0.144081,0.219052,-0.480752,-0.467567,0.400015,0.335324,-0.978866
0.230892,0.670271,0.802323,0.520163,0.373774,0.403255,0.176298,0.996012,0.063465,0.164429,-0.344281,0.781307,0.273909,-0.447444,-1.0
0.351239,0.56613,-0.289244,0.155741,0.211992,-0.530769,0.494126,0.315094,0.098819,-0.366985,0.067428,0.482778,-0.094242,-0.480513,-0.994628
0.316098,0.583152,0.410457,0.143892,-0.626434,-0.075855,0.271377,0.799635,-0.259465,-0.061476,0.52375,0.493897,-0.308939,-0.343501,-1.0
0.458959,0.621318,0.102363,-0.865656,-0.261096,-0.881217,0.129224,0.847249,-0.07388,-0.093914,0.395817,0.805471,-0.271572,-0.533928,-0.937213
0.932482,-0.312731,-0.793025,0.219365,-0.10801,-0.486963,0.790072,0.11591,-0.151699,-0.637873,0.185061,0.031716,-0.535057,-0.110242,-0.979399
0.575435,0.260486,-0.426564,-0.182787,0.375193,-0.429612,0.640357,0.177333,0.28662,-0.343651,0.102299,0.401672,-0.195612,-0.522857,-1.0
0.76842,0.775748,-0.943268,-0.216986,-0.152943,0.439953,0.247919,0.521842,-0.002225,0.214247,0.708305,0.315453,-0.381157,-0.19826,-1.0
-0.422625,0.905981,0.103656,-0.520747,0.683476,-0.092768,0.889003,0.96343,0.700754,-0.098442,-0.06421,0.147524,0.347325,-0.29534,-0.989585
0.063482,0.961135,0.803892,0.458774,-0.55978,0.790743,0.587519,0.580875,-0.301701,0.463305,0.392918,0.0678,-0.539117,-0.185718,-0.933118
0.312301,0.98316,0.664974,-0.495033,0.244475,0.226474,0.569092,0.939995,0.334612,0.34989,0.106195,0.394468,0.002124,-0.45338,-0.99058
0.681507,-0.862504,-0.747093,-0.312314,0.180024,0.608692,0.238472,0.669471,0.081159,0.189816,0.257516,-0.674211,-0.110162,0.506499,-0.935734
-0.866422,0.650163,0.625489,-0.446269,-0.161069,-0.302761,0.908012,0.713757,-0.348871,-0.587209,-0.077876,0.106252,0.289522,-0.385311,-1.0
-0.14813,0.67497,-0.050428,0.934418,0.575942,0.491534,0.442171,0.229372,0.206681,0.191368,-0.607769,0.01903,0.476218,-0.108357,-1.0
0.320016,-0.961835,-0.977381,0.064803,-0.120289,0.514234,0.281695,0.92016,-0.017488,0.140351,0.190448,-0.75132,-0.078272,0.388712,-1.0
0.504832,0.328039,-0.961949,0.134561,-0.193441,-0.217075,0.598088,0.001896,-0.280955,-0.275297,0.333707,0.179841,-0.376457,-0.301887,-0.95406
0.232325,-0.259536,-0.775963,0.367405,-0.077557,-0.955578,0.385555,0.324001,-0.074372,-0.267439,0.159124,0.579385,-0.170416,-0.462148,-0.902261
0.995167,0.489953,-0.16896,-0.310724,-0.277417,-0.51562,0.004169,0.814241,-0.02669,0.020182,0.764567,0.645524,-0.333054,-0.254219,-1.0
-0.166203,-0.599819,0.983205,-0.053568,0.58919,0.333103,0.705136,0.808186,0.427094,0.248698,-0.169719,-0.262585,0.323505,0.417794,-0.935393
-0.097492,-0.084592,-0.541955,0.61837,0.558659,0.14912,0.96944,0.405493,0.806778,0.211082,-0.032634,-0.070806,0.434029,0.189142,-1.0
0.04942,-0.821539,-0.804292,0.706273,-0.42975,-0.430226,0.397448,0.406252,-0.18976,-0.131942,0.477949,-0.400715,-0.463416,0.341366,-0.976264
-0.84298,-0.074926,-0.641014,0.662624,0.64984,0.491948,0.922375,0.232981,0.641989,0.322761,-0.018738,-0.050243,0.507307,0.147127,-1.0
0.419,-0.928664,0.962995,-0.096744,-0.368665,0.01147,0.435868,0.756136,-0.35006,-0.010462,0.369989,-0.410868,-0.388907,0.417395,-0.974457
-0.588448,0.250463,0.25405,0.249162,-0.766239,0.987291,0.778019,0.762925,-0.39777,0.527084,0.075173,-0.188193,-0.0632,0.479232,-1.0
-0.464183,0.119332,-0.194898,0.17679,0.377322,0.077436,0.726339,0.457238,0.495181,0.189926,-0.318046,0.077181,0.511796,-0.030969,-0.921893
-0.007175,0.968847,0.908514,0.83694,-0.539371,0.604346,0.300549,0.736359,-0.230279,0.121121,0.637678,0.30894,-0.390628,-0.243724,-0.993578
0.019552,-0.496305,-0.95762,0.086584,0.441408,-0.2928,0.793739,0.880012,0.496228,-0.34106,-0.234907,-0.045409,0.384175,0.249628,-1.0
-0.58016,-0.034284,-0.649332,0.118266,0.644628,-0.38485,0.93612,0.838714,0.610939,-0.342649,-0.005123,0.021643,0.455934,-0.165203,-1.0
0.282657,0.452764,-0.167417,-0.687826,-0.312461,0.962833,0.30044,0.47887,-0.059862,0.219047,0.520973,-0.468622,-0.338079,0.354996,-0.984865
0.308264,-0.60866,-0.844245,0.716579,0.107379,-0.552856,0.859286,0.362892,0.086617,-0.641766,0.212164,0.044792,-0.533663,0.213064,-0.976048
-0.988842,-0.363518,-0.382747,-0.776205,-0.493775,-0.160314,0.535461,0.433345,-0.450371,-0.114221,-0.475308,-0.176045,0.470757,0.187157,-0.943913
0.568076,-0.901616,-0.515765,-0.386236,0.33856,-0.234913,0.61441,0.950463,0.360956,-0.334964,0.192642,-0.307727,-0.239511,0.428362,-0.98273
-0.659921,-0.227782,0.940922,-0.998317,-0.244004,0.119477,0.829611,0.281048,-0.566766,0.330715,-0.128937,-0.135567,0.44358,0.30241,-0.957894
-0.615536,0.333521,-0.434678,-0.922321,0.693409,-0.057347,0.816171,0.147877,0.615667,-0.038284,-0.144221,0.076793,0.469596,-0.133943,-0.993848
-0.259979,-0.27431,0.17611,-0.048786,0.254961,-0.266714,0.02265,0.01592,-0.108615,-0.005952,-0.922828,0.046648,0.456345,0.041907,-1.0
-0.226705,0.562621,0.031358,0.750866,-0.246901,0.431617,0.390593,0.357135,-0.1049,0.220015,0.058048,0.613342,-0.073665,-0.519976,-0.997365
0.70931,-0.163364,-0.29931,-0.355805,0.441493,0.449528,0.635029,0.629524,0.378211,0.422977,0.186155,-0.311575,-0.28578,0.441458,-0.866951
0.72672,-0.982329,0.150312,0.33035,-0.921013,-0.543444,0.442331,0.767444,-0.273798,-0.188653,0.506439,-0.153794,-0.500166,0.151066,-1.0
-0.411812,0.506316,0.482658,0.241579,-0.715868,-0.664352,0.185284,0.418493,-0.108982,-0.158151,0.222399,0.791491,-0.130911,-0.497419,-0.982999
0.037863,-0.497892,-0.656764,0.947178,0.367846,-0.517688,0.0278,0.364924,-0.025359,-0.001983,-1.0,0.027841,0.406369,-0.114983,-1.0
0.532807,0.848227,-0.674326,0.955478,0.917364,0.06101,0.991939,0.024225,0.802101,0.086273,0.02209,-0.113095,0.284001,-0.36069,-0.885786
-0.197895,0.782436,0.610311,-0.950525,0.553353,0.973808,0.760961,0.406646,0.273384,0.524027,-0.170764,0.017624,0.400186,0.077909,-0.92319
-0.601232,-0.258188,0.756283,-0.392273,-0.200079,-0.279058,0.209452,0.520854,-0.210067,-0.102248,-0.723422,0.020478,0.561357,0.0236,-0.935967
-0.480233,0.609329,-0.175094,-0.617577,0.957656,0.051329,0.829101,0.198239,0.608254,0.050498,-0.223661,0.17877,0.451072,-0.226518,-1.0
-0.895921,-0.960885,0.389111,0.665312,0.002186,0.37662,0.10118,0.583534,-0.047264,0.059472,-0.39987,-0.710749,0.328516,0.266011,-1.0
-0.281435,-0.549624,-0.018075,-0.506335,-0.455194,0.465986,0.972897,0.977005,-0.527997,0.573829,-0.081735,0.043519,0.006756,0.417606,-0.954695
0.143086,0.125002,-0.601891,0.619946,-0.444276,0.855448,0.813004,0.537457,-0.329501,0.630278,0.061943,-0.098141,-0.279276,0.463049,-0.955422
-0.176811,0.927,-0.810486,0.577048,0.163742,0.505328,0.147762,0.605776,0.015731,0.168572,-0.499423,0.672923,0.339359,-0.374927,-0.947927
0.787273,0.634434,0.90152,-0.471749,0.737807,-0.251227,0.648556,0.425558,0.490825,-0.280234,0.024526,0.284914,-0.023453,-0.543535,-1.0
-0.14939,0.452058,-0.617101,-0.575712,0.869713,0.892362,0.961678,0.647605,0.450522,0.519486,-0.101502,-0.042551,0.505322,0.170013,-0.9074
-0.534933,-0.354117,0.960967,-0.255847,-0.265569,0.002612,0.186797,0.774113,-0.108138,0.021791,-0.474845,-0.639288,0.293583,0.462282,-0.995041
-0.605185,0.036183,-0.265534,-0.412487,0.998301,-0.065102,0.818784,0.192131,0.667511,0.044351,-0.276347,0.024105,0.48757,-0.039719,-0.969971
0.830022,0.25797,-0.930111,0.68316,0.96097,-0.06105,0.0164,0.543096,-0.038623,0.035875,-0.373578,0.917585,0.086923,-0.45364,-0.975483
-0.317241,0.014756,0.679945,-0.241459,0.58302,0.748971,0.673336,0.230657,0.407983,0.401948,-0.283979,-0.174417,0.404937,0.292748,-1.0
0.832063,0.360459,0.416937,0.848773,0.946756,0.941458,0.617874,0.025278,0.362127,0.261328,0.029335,-0.444129,0.101275,0.447599,-0.985749
0.696711,-0.814681,-0.445728,-0.083053,-0.596557,-0.513048,0.060237,0.709305,-0.058023,-0.030812,0.840336,-0.166958,-0.427624,0.077324,-0.963685
-0.765586,0.364968,-0.060002,0.865619,-0.203266,0.135192,0.586702,0.899966,-0.397264,0.21081,-0.387457,0.077632,0.464365,-0.139166,-0.94576
0.074664,0.416505,0.647511,-0.546164,0.953633,0.097493,0.754541,0.049061,0.60242,0.07062,-0.223189,0.10452,0.4923,-0.178296,-1.0
-0.881941,-0.251541,0.657167,-0.212913,-0.432343,-0.822709,0.223023,0.966791,-0.056814,-0.107495,-0.42171,0.538206,0.263815,-0.393121,-0.992381
0.135066,-0.027573,0.49329,0.558424,-0.800142,0.032997,0.220723,0.702882,-0.168695,0.024408,0.81009,-0.084631,-0.463038,0.056215,-1.0
-0.264494,-0.513171,-0.006966,0.897713,0.221717,0.760892,0.530998,0.371905,0.160622,0.412335,-0.106489,-0.434753,0.235606,0.511842,-1.0
-0.98342,0.868062,0.966571,0.858745,-0.121773,0.08831,0.994893,0.50238,-0.665874,0.523434,0.066738,-0.020671,0.205233,-0.309772,-0.961758
0.28358,0.314403,0.710761,-0.476789,0.985744,0.907708,0.454749,0.451737,0.229076,0.215048,-0.456195,-0.313918,0.282067,0.391998,-0.949104
0.189894,0.048831,-0.243971,-0.479336,0.312448,0.284634,0.056558,0.522899,0.010746,-0.007327,-0.382964,-0.8213,0.209088,0.458388,-1.0
-0.509627,-0.316846,0.089282,0.431907,0.040682,0.623153,0.810556,0.93653,0.030488,0.643582,-0.160457,-0.188507,0.24981,0.507532,-0.982685
0.037339,0.39313,0.475869,-0.737918,0.776304,0.779146,0.111603,0.134801,0.044449,0.109214,-0.766594,-0.401478,0.447482,0.206382,-0.998413
-0.513385,0.153304,0.104295,0.395067,0.788114,0.389024,0.633782,0.178312,0.461508,0.19954,-0.314564,-0.083335,0.579976,0.040006,-1.0
-0.860892,-0.400369,0.087547,0.626795,-0.036642,0.266022,0.290927,0.387049,-0.057252,0.261261,-0.549925,-0.398952,0.40998,0.3664,-1.0
-0.851943,0.123022,0.823765,0.943299,-0.433962,0.100901,0.405249,0.796572,-0.395419,0.10614,-0.622884,0.011505,0.588297,-0.080166,-1.0
-0.357725,0.745991,0.678069,0.742678,-0.029776,-0.691653,0.735955,0.938245,0.014549,-0.672067,-0.00234,0.266777,0.043591,-0.411492,-0.970586
0.022307,-0.311476,-0.00817,0.886534,-0.712091,0.183564,0.936768,0.254776,-0.719291,0.155676,0.024691,-0.117182,-0.439746,0.171258,-1.0
-0.874431,-0.319317,0.119463,-0.421707,-0.771361,0.882825,0.387824,0.824226,-0.215291,0.179307,-0.06963,-0.617682,0.010032,0.516193,-0.992668
0.097325,-0.239068,0.759008,0.667011,-0.895613,0.761501,0.979747,0.607884,-0.690533,0.536616,0.072182,0.079427,-0.218905,0.346368,-0.993662
0.459237,0.507966,-0.841119,0.5083,-0.546062,0.865147,0.904687,0.382848,-0.401982,0.597798,0.127177,0.095508,-0.457022,0.187919,-0.933325
0.29357,0.800876,-0.02568,0.514223,-0.261731,0.444666,0.440497,0.564889,-0.141921,0.339083,0.490474,0.348757,-0.522208,-0.300796,-0.937394
-0.998576,-0.78898,-0.319938,0.163329,-0.282211,-0.24258,0.884746,0.186825,-0.58596,-0.439443,-0.05012,-0.097513,0.427135,0.320249,-1.0
-0.337708,-0.362205,-0.028957,0.888853,0.312042,-0.660621,0.803742,0.528891,0.333642,-0.500897,-0.16921,0.004219,0.410961,-0.131988,-0.905771
-0.622454,0.840082,0.397459,-0.208596,-0.11021,0.234962,0.572468,0.227735,-0.132001,0.435663,-0.227005,0.353139,0.292152,-0.380092,-0.936173
-0.912372,0.104419,-0.099228,-0.762378,0.823439,0.312604,0.026187,0.647614,0.003895,0.074299,-1.0,-0.074154,0.419863,0.076918,-0.980441
0.984674,-0.954316,-0.76895,-0.381528,0.908752,0.46709,0.453925,0.640604,0.283025,0.090151,-0.011233,-0.543824,-0.101211,0.459506,-1.0
0.457784,-0.113949,0.590651,0.694894,0.037278,-0.989871,0.283114,0.120789,0.08844,-0.191512,0.310623,0.722595,-0.235248,-0.39928,-1.0
0.746358,0.917261,0.607218,0.308383,-0.872367,-0.966112,0.260977,0.128177,-0.254282,-0.11741,0.482876,0.424625,-0.321932,-0.327158,-0.927351
0.211213,0.476964,0.487871,-0.109979,-0.135565,-0.981114,0.168459,0.810155,-0.061761,-0.103526,0.198537,0.848718,-0.166348,-0.55622,-1.0
0.560742,0.987825,-0.437753,-0.435395,-0.091032,-0.944724,0.205346,0.465192,-0.00771,-0.214873,0.267525,0.761464,-0.097904,-0.403331,-1.0
0.969472,-0.421891,0.176388,0.294037,0.909994,-0.301826,0.791017,0.099853,0.621214,-0.180618,0.051408,-0.202102,-0.20238,0.478627,-0.949492
0.788055,-0.630151,-0.797213,0.427925,-0.239218,-0.513933,0.026646,0.235191,0.004509,-0.026371,0.956279,-0.114902,-0.483658,0.000171,-1.0
0.727594,0.183441,-0.380723,-0.800711,-0.766705,-0.561026,0.531927,0.926776,-0.247055,-0.247692,0.455083,0.24794,-0.330885,-0.16936,-1.0
-0.329092,-0.594031,0.318594,0.622013,0.525153,0.080045,0.073428,0.855659,0.08756,0.108129,-0.726931,-0.533488,0.344698,0.238508,-0.955063
0.340044,0.099522,0.822591,-0.891255,-0.365561,-0.276846,0.941344,0.265429,-0.577918,-0.528711,0.054055,0.088445,-0.497856,-0.262321,-0.970506
-0.501911,-0.230959,-0.736635,-0.917653,-0.18653,-0.010504,0.220146,0.4411,-0.11773,-0.02216,-0.669653,-0.359574,0.345435,0.311103,-0.943841
-0.18137,-0.752806,-0.695296,0.335999,-0.952994,-0.303989,0.667062,0.261189,-0.523963,-0.19797,0.254335,-0.199354,-0.387457,0.225406,-1.0
-0.438118,0.277793,0.089176,-0.897058,-0.406081,-0.792661,0.837975,0.921649,-0.331228,-0.639612,-0.086853,0.201712,-0.109735,-0.499656,-1.0
0.96789,0.839508,0.648246,-0.180673,-0.562624,0.956318,0.46212,0.620034,-0.153455,0.321649,0.495966,0.016881,-0.534678,0.085029,-0.904578
-0.638795,0.658648,0.514448,0.929536,0.859704,-0.357693,0.897272,0.555335,0.691466,-0.306554,-0.093287,-0.001041,0.409917,-0.205092,-1.0
0.95002,-0.705466,0.261816,0.018901,-0.094171,0.573459,0.512816,0.91164,-0.086274,0.357277,0.339475,-0.3054,-0.276987,0.331443,-0.954661
0.470562,0.830126,-0.389155,0.387544,-0.800145,-0.074854,0.545231,0.7737,-0.439481,-0.018507,0.357699,0.263829,-0.309177,-0.32053,-1.0
-0.068603,-0.276995,-0.749321,0.306214,0.205223,0.737261,0.81057,0.628493,0.216949,0.770315,-0.057773,-0.170713,0.1015,0.52171,-0.993652
-0.285971,0.986959,-0.005437,0.643019,-0.049826,0.243861,0.636063,0.733311,-0.064587,0.550219,-0.167675,0.343401,0.108029,-0.426198,-0.999492
0.259911,0.960448,0.680224,-0.195637,-0.203985,-0.74471,0.755831,0.777328,-0.108944,-0.575539,0.034375,0.329297,-0.05203,-0.429429,-0.961002
-0.13143,0.150109,0.44874,-0.231568,0.487325,0.598168,0.85675,0.573433,0.453566,0.499194,-0.152647,-0.123891,0.458886,0.273053,-0.973466
0.375999,-0.14933,-0.806685,-0.123404,0.83421,-0.139658,0.716963,0.377741,0.494132,-0.082056,-0.401485,-0.089927,0.418654,0.097599,-1.0
0.688126,-0.144751,-0.513849,0.646761,-0.98746,-0.52735,0.309565,0.383316,-0.236998,-0.158032,0.706382,0.070777,-0.510905,-0.094572,-1.0
-0.557059,0.00403,0.179861,0.662977,-0.880362,-0.033334,0.755779,0.158574,-0.613634,-0.049885,0.298744,0.015759,-0.500754,-0.055285,-0.986557
0.788891,0.081119,0.956232,0.73733,-0.18346,-0.279917,0.37263,0.316508,-0.247738,-0.309065,0.546467,0.253259,-0.524415,-0.167844,-0.999923
-0.225694,0.789108,-0.279372,-0.397881,-0.0338,0.284225,0.281067,0.294293,-0.040526,0.138358,-0.303674,0.650746,0.164511,-0.4631,-1.0
0.311721,-0.358245,-0.860111,-0.280472,-0.109372,-0.839745,0.745217,0.899457,-0.150131,-0.584259,0.201075,0.227285,-0.368121,-0.344878,-1.0
-0.380709,-0.743462,0.968672,0.679761,-0.198354,-0.740789,0.881679,0.624638,-0.175448,-0.602441,-0.090161,-0.053404,0.532933,-0.014883,-0.958397
-0.669731,0.672912,0.205923,-0.67434,-0.752944,0.306871,0.073872,0.839124,-0.082487,-0.004525,0.274457,0.962445,-0.152247,-0.54125,-0.944386
0.735769,-0.513801,-0.905663,-0.977321,0.254342,-0.399951,0.674354,0.087132,0.337571,-0.546148,0.35088,-0.069927,-0.428817,0.097108,-0.943265
0.429608,0.5342,0.078868,-0.220802,-0.123426,0.413413,0.513519,0.472643,-0.137978,0.384009,0.512397,0.060727,-0.402924,-0.064991,-0.968762
0.471015,-0.345704,0.635633,0.086377,0.716616,0.792861,0.488604,0.655287,0.263716,0.314791,-0.139166,-0.482189,0.163369,0.517312,-0.949125
-0.02997,0.654322,0.522784,-0.779075,-0.809888,0.864679,0.308362,0.008518,-0.170772,0.127764,0.666892,-0.134142,-0.451678,0.254386,-1.0
0.101216,-0.403244,-0.004937,-0.148888,0.101905,0.467382,0.116333,0.04957,-0.043384,0.109692,-0.027574,-0.925952,0.006439,0.489907,-0.923274
0.190016,-0.463551,0.657686,-0.410284,-0.472076,-0.951339,0.049708,0.795146,-0.136052,-0.038099,0.832307,0.577585,-0.398864,-0.345916,-0.874478
-0.373482,0.914744,0.927067,-0.776869,-0.89791,0.539008,0.695576,0.249114,-0.517649,0.277536,0.179423,0.14581,-0.370467,-0.276198,-1.0
0.448981,-0.239999,0.142479,0.184461,0.554299,-0.690585,0.152127,0.898176,0.085301,-0.106104,-0.231427,0.838488,0.072265,-0.426872,-0.971854
0.737148,-0.462485,-0.10786,0.52522,0.725497,-0.011955,0.386608,0.938105,0.383501,-0.018925,0.029635,-0.768724,-0.118705,0.606201,-1.0
-0.876041,0.122063,-0.124229,-0.703195,-0.290597,0.610028,0.372476,0.586022,-0.162923,0.254299,-0.537331,-0.363065,0.422324,0.380984,-1.0
-0.874724,-0.334914,0.15296,-0.781461,0.33385,0.096746,0.385916,0.743192,0.295862,0.117807,-0.591168,-0.18539,0.471641,0.132565,-1.0
0.288623,0.120738,0.046772,-0.941244,-0.6335,-0.322789,0.465034,0.199003,-0.334303,-0.205166,0.447187,0.261804,-0.453485,-0.191117,-1.0
-0.533379,0.690891,-0.082543,-0.816552,0.430569,0.134133,0.992447,0.566135,0.714394,0.27795,-0.041915,0.062233,0.468406,-0.248641,-1.0
-0.904132,0.971909,0.665907,-0.863632,-0.148493,0.510312,0.449686,0.390974,-0.069748,0.336512,-0.429031,0.273601,0.384181,-0.21874,-0.969689
0.567664,-0.530254,0.527868,-0.105628,0.994872,-0.631039,0.925793,0.915938,0.654454,-0.331522,-0.066379,0.00074,0.571433,-0.155223,-0.989981
-0.575892,0.125279,-0.351836,0.789656,0.229931,0.710051,0.628581,0.254703,0.211911,0.439545,-0.340362,-0.23743,0.3712,0.320132,-1.0
-0.181839,-0.030928,-0.530227,-0.345617,-0.428014,0.207464,0.429353,0.174309,-0.275229,0.200861,0.338505,-0.336029,-0.404958,0.422569,-0.957068
-0.35285,-0.213145,-0.524119,-0.283907,-0.022903,0.600547,0.142558,0.266389,-0.023873,0.132062,-0.388948,-0.684561,0.249505,0.514257,-1.0
0.184806,-0.5174,0.991314,0.40402,0.576547,-0.364869,0.5278,0.090489,0.324711,-0.257964,-0.492757,-0.228055,0.461106,0.153446,-0.983574
0.533101,0.326381,-0.304545,0.213803,0.773432,-0.208631,0.083153,0.459453,0.071554,-0.016698,-0.428715,0.784965,0.208705,-0.442872,-0.971435
0.829129,-0.074336,-0.024257,-0.581246,0.08086,0.87701,0.707973,0.153689,0.086966,0.541891,0.211215,-0.187523,-0.330266,0.386678,-1.0
-0.342775,-0.941777,0.822036,-0.936208,0.109037,-0.386259,0.818672,0.836214,0.24835,-0.60086,-0.188799,-0.116472,0.339646,0.394869,-0.959823
-0.596787,0.795516,-0.190121,0.940665,0.634924,0.204798,0.948611,0.623753,0.762909,0.273931,-0.037815,0.003661,0.383941,-0.225388,-1.0
-0.065458,-0.62839,-0.624875,-0.768761,-0.192188,0.8432,0.822961,0.682129,-0.123824,0.611575,0.002051,-0.185236,-0.025563,0.583586,-1.0
-0.04907,-0.304788,0.063485,-0.598038,0.917776,0.881103,0.374782,0.820287,0.207423,0.162682,-0.448023,-0.484305,0.335375,0.430605,-0.988677
-0.390572,-0.627388,0.157283,0.241347,-0.798957,-0.091451,0.939223,0.987958,-0.689312,-0.114358,0.086111,-0.063655,-0.363675,0.376867,-0.986409
0.088161,0.786145,-0.521603,-0.895805,-0.194311,-0.473294,0.457324,0.522988,-0.031934,-0.399649,0.120739,0.509479,-0.043909,-0.466604,-1.0
-0.905657,0.552216,-0.222866,-0.865152,0.860722,0.670765,0.985357,0.235273,0.564887,0.481814,0.012821,0.01881,0.542085,-0.033531,-1.0
0.609205,-0.442163,0.408236,-0.712057,0.938806,0.379139,0.316653,0.29757,0.149758,0.095898,-0.252208,-0.632268,0.202544,0.46936,-1.0
-0.089999,0.517271,0.938488,0.267964,-0.375554,-0.082251,0.832774,0.227347,-0.573712,-0.220548,0.087846,0.176085,-0.195375,-0.374117,-1.0
-0.24622,-0.025809,-0.121466,0.380042,-0.837615,-0.586777,0.341604,0.0404,-0.247844,-0.159185,0.507562,0.500897,-0.367782,-0.349671,-1.0
-0.626187,-0.431509,0.807626,-0.349763,0.220574,0.170452,0.669518,0.776624,0.393984,0.360768,-0.247208,-0.249321,0.330174,0.266169,-1.0
0.275567,0.184386,0.216372,0.561538,0.066384,-0.622712,0.01888,0.357446,0.044038,0.00151,0.266212,0.946529,-0.099065,-0.515663,-0.991143
-0.816669,-0.51431,0.326334,-0.858605,0.118392,-0.283272,0.382288,0.602707,0.132114,-0.285628,-0.615118,-0.177261,0.553282,0.074085,-1.0
0.674255,-0.954342,-0.793677,-0.131411,-0.573493,0.011213,0.113482,0.102493,-0.096992,0.068998,0.654619,-0.519693,-0.365601,0.242867,-1.0
0.362999,-0.067469,-0.092436,0.685717,-0.64629,0.077907,0.718857,0.7187,-0.541216,0.086211,0.256246,-0.019626,-0.488587,0.037036,-1.0
-0.771487,-0.258842,0.302001,0.606901,0.73162,0.127439,0.924011,0.1378,0.722828,0.096475,0.010625,-0.037611,0.466597,0.136345,-1.0
-0.65385,-0.881568,0.189948,-0.494839,0.651037,0.444905,0.49782,0.449692,0.26925,0.230294,-0.360488,-0.391832,0.319638,0.389708,-1.0
0.636469,0.760054,-0.765921,-0.351422,0.293374,-0.22009,0.420385,0.412038,0.312193,-0.219891,0.17961,0.579013,-0.127715,-0.469682,-0.947369
-0.120693,-0.060696,-0.884374,0.108651,-0.81521,0.649106,0.467998,0.3571,-0.349067,0.296888,0.354153,-0.398518,-0.384191,0.333541,-1.0
-0.545256,-0.482348,0.786062,0.599078,0.083136,-0.995725,0.57265,0.390011,-0.076188,-0.426856,-0.296523,0.24784,0.471963,-0.352591,-0.998321
0.527915,-0.646426,-0.426645,-0.507376,0.399032,0.487203,0.423802,0.312451,0.180662,0.228058,0.09414,-0.552926,-0.12821,0.449976,-0.954152
0.723151,-0.621539,-0.13226,0.3324,-0.433119,0.508297,0.639511,0.803612,-0.39003,0.370214,0.219464,-0.283342,-0.37208,0.338608,-1.0
-0.106129,-0.701671,-0.784718,0.580951,-0.305272,0.489274,0.058631,0.583766,-0.028102,-0.034336,0.116981,-0.865842,-0.129736,0.511956,-1.0
-0.121769,0.476715,0.193855,0.27282,-0.399578,-0.468171,0.499324,0.278405,-0.320987,-0.302078,0.19724,0.496378,-0.094674,-0.41834,-0.98179
0.58682,0.634513,0.345231,0.470057,-0.897581,0.711992,0.327635,0.43963,-0.217631,0.14769,0.701789,-0.090479,-0.482976,0.106055,-0.934812
0.268673,-0.687207,0.172767,0.765496,-0.089644,0.320557,0.161574,0.917676,-0.006702,0.080291,0.301531,-0.67765,-0.114975,0.439144,-1.0
0.220567,-0.322907,-0.806018,0.053449,-0.659744,-0.120608,0.54137,0.565975,-0.344765,-0.084391,0.483386,-0.10991,-0.585458,0.092587,-1.0
0.320589,-0.38204,-0.302823,-0.246811,0.422075,0.681856,0.960776,0.683824,0.406714,0.637167,0.013438,0.031312,0.029542,0.49123,-0.894374
-0.986924,0.327507,-0.904313,-0.881599,-0.600326,0.251104,0.773849,0.246517,-0.62754,0.298143,-0.21544,0.115296,0.53389,-0.149324,-1.0
-0.351458,0.419076,0.216307,-0.328401,0.129936,-0.444691,0.158411,0.789774,0.029355,-0.105664,-0.392726,0.813928,0.330603,-0.401063,-1.0
-0.325998,-0.57812,0.288488,-0.248747,-0.858829,0.248665,0.793071,0.207213,-0.581317,0.263961,0.06541,-0.133916,-0.253767,0.375281,-0.92755
-0.033651,0.190112,0.350327,0.273773,-0.394607,-0.14495,0.710448,0.15689,-0.559214,-0.234514,0.197242,0.197432,-0.39721,-0.385333,-1.0
-0.153763,-0.721489,-0.672957,-0.972515,0.276375,0.327956,0.803357,0.87504,0.422426,0.401181,-0.016897,-0.203198,0.176699,0.537099,-1.0
0.539266,0.241774,0.085068,0.705344,-0.608167,0.769924,0.647205,0.182659,-0.292928,0.377101,0.343198,-0.194432,-0.459384,0.195189,-1.0
0.520565,0.447722,-0.433499,0.804581,0.867264,0.721547,0.351074,0.213736,0.246369,0.259626,-0.488824,-0.403693,0.378064,0.37237,-1.0
-0.323944,0.869081,0.681526,0.186848,-0.604039,-0.422434,0.319293,0.306189,-0.261249,-0.240266,0.240964,0.739885,-0.060722,-0.554776,-1.0
0.360711,0.587742,-0.088174,0.375564,-0.566198,-0.339428,0.998843,0.079674,-0.745159,-0.468649,-0.038906,-0.049331,-0.358153,-0.452911,-1.0
0.801547,0.260272,0.918653,0.515891,-0.303785,-0.074744,0.538269,0.426272,-0.362706,-0.047999,0.442287,0.235048,-0.526919,-0.158885,-1.0
-0.529551,-0.95404,-0.740764,0.994171,0.532992,0.525099,0.539688,0.450651,0.306596,0.307705,-0.297521,-0.399373,0.241175,0.442274,-0.905045
0.178443,0.919674,-0.568107,-0.180768,-0.050147,0.736389,0.660389,0.999165,0.023445,0.515836,0.223647,0.289039,-0.425366,-0.269017,-1.0
-0.185454,-0.159615,0.862724,-0.738474,0.604275,0.978203,0.417114,0.411003,0.108033,0.256829,-0.411788,-0.484082,0.283604,0.387018,-0.982317
0.418677,0.742852,0.420928,0.895224,0.54424,-0.915284,0.61203,0.797952,0.223074,-0.454789,-0.04547,0.342493,0.043137,-0.549746,-0.986324
-0.580218,0.998672,0.837102,-0.753843,-0.087833,0.032029,0.788786,0.559104,-0.617867,0.243845,-0.080286,0.241675,0.243649,-0.448424,-1.0
-0.785004,-0.770443,0.642359,0.933858,0.849905,0.132019,0.590973,0.567129,0.482515,0.110092,-0.376233,-0.243303,0.427962,0.228847,-1.0
-0.352578,0.851471,-0.400286,-0.919523,-0.784307,0.664972,0.365894,0.922925,-0.201909,0.185041,0.628324,0.265769,-0.423488,-0.256609,-0.989234
-0.864313,-0.712243,0.296933,0.22705,0.157471,0.952767,0.595386,0.107746,-0.006194,0.496039,-0.22072,-0.387637,0.220016,0.4291,-1.0
-0.293298,0.545817,-0.300862,-0.23929,-0.954271,-0.952128,0.388066,0.401137,-0.220398,-0.267761,0.310019,0.533424,-0.173417,-0.528562,-1.0
0.160811,0.663889,0.874324,0.480752,-0.416643,-0.222905,0.543373,0.590761,-0.411196,-0.223536,0.285167,0.469333,-0.37487,-0.392174,-0.917587
-0.974332,0.383566,-0.482597,0.560528,-0.634074,0.081501,0.927247,0.085633,-0.678293,0.051057,-0.112858,0.030163,0.281419,-0.194951,-0.930959
-0.527987,-0.020574,0.18108,-0.78687,-0.04934,-0.437102,0.829026,0.420191,-0.031038,-0.57071,-0.146417,0.097859,0.395018,-0.31848,-1.0
-0.801582,0.931534,0.350102,0.555126,-0.481463,0.996035,0.785651,0.584032,-0.33267,0.560356,-0.18062,-0.020027,0.45558,0.114722,-0.929826
0.546226,0.86325,-0.768907,-0.594403,-0.475256,-0.048066,0.139354,0.623093,-0.127443,-0.047815,0.569644,0.441088,-0.379788,-0.31475,-0.971072
-0.187559,-0.872511,-0.093998,-0.340768,0.008782,0.223941,0.82562,0.540634,0.043282,0.565265,0.014257,-0.209679,0.059572,0.510347,-1.0
-0.113689,0.889023,-0.380294,-0.042195,0.364611,-0.972349,0.807015,0.260026,0.268278,-0.642602,-0.07585,0.247147,0.130349,-0.467792,-1.0
0.797688,-0.249725,0.662736,-0.707928,0.934541,0.504619,0.148285,0.640531,0.021834,0.088555,-0.129402,-0.860768,0.046823,0.447174,-1.0
-0.079961,-0.662893,0.849463,-0.595441,0.53392,0.952191,0.1605,0.711368,-0.000316,0.114928,-0.268591,-0.74528,0.16016,0.48974,-0.937628
-0.882046,-0.767206,0.724715,-0.188381,0.710393,0.619273,0.906246,0.75548,0.556794,0.55568,0.003384,-0.011171,0.390951,0.352998,-1.0
0.990953,0.378366,-0.11956,0.437332,0.497112,0.374247,0.812584,0.759192,0.642431,0.42275,0.159197,0.030738,-0.453242,-0.040627,-0.931469
-0.323133,0.190322,0.472719,0.14236,-0.616431,0.499013,0.815893,0.18944,-0.579003,0.358359,0.205491,-0.177706,-0.332467,0.274906,-0.98129
-0.050493,-0.877466,0.175293,0.861701,0.694997,-0.241736,0.342169,0.199254,0.193579,-0.135892,-0.455987,-0.407189,0.324937,0.278522,-1.0
-0.73175,0.901772,0.672524,0.307111,-0.274945,-0.084124,0.096226,0.00744,-0.039768,0.043478,-0.415766,0.859927,0.136315,-0.457347,-0.936814
-0.289691,0.408059,-0.52229,-0.953552,-0.142745,0.746859,0.069705,0.589697,0.001138,0.206707,-0.337108,-0.872152,0.216927,0.506041,-1.0
-0.255117,0.402696,-0.06786,0.481426,-0.053172,-0.71992,0.528132,0.517195,-0.085924,-0.440969,-0.135707,0.46984,0.139005,-0.452493,-1.0
-0.625176,-0.390174,0.426941,-0.635655,0.463673,-0.796624,0.264901,0.263476,0.067243,-0.193747,-0.626825,0.183596,0.49637,-0.16397,-0.862773
0.857133,0.152198,-0.484338,0.321953,0.096567,-0.95601,0.342082,0.300185,-0.009671,-0.271626,0.459979,0.488312,-0.218761,-0.395665,-1.0
-0.857981,-0.269096,0.017878,0.034343,0.706438,-0.476641,0.181585,0.959235,0.059708,-0.128132,-0.782723,0.067624,0.641246,-0.101636,-0.969915
-0.631264,0.472023,-0.811013,0.172872,0.583373,0.077777,0.76471,0.885284,0.446082,-0.018819,-0.242304,0.03241,0.450971,-0.227776,-1.0
0.445082,-0.520731,-0.686406,-0.421637,-0.019462,0.964707,0.994116,0.345235,-0.024985,0.734362,0.045042,0.005455,-0.156099,0.498143,-0.931747
-0.711095,-0.687857,0.072847,-0.283711,-0.106419,-0.321933,0.400652,0.199034,-0.070391,-0.351637,-0.521965,-0.306742,0.382041,0.353162,-0.994824
0.927825,0.05951,0.926447,0.120628,0.131709,0.428745,0.125234,0.501153,0.05657,0.133111,0.804353,-0.237468,-0.477184,0.201506,-1.0
-0.056443,0.601579,-0.050494,0.402463,-0.681515,0.621354,0.611539,0.351168,-0.333533,0.377595,0.389194,-0.025551,-0.498074,0.099682,-0.955534
-0.885237,0.234754,-0.981749,0.146078,-0.563261,0.831344,0.22777,0.07624,-0.144581,0.160236,-0.315011,-0.639728,0.212842,0.474564,-0.972765
-0.617518,-0.348117,0.708476,-0.757468,-0.554884,-0.907409,0.426165,0.592449,-0.188526,-0.254225,0.036419,0.549564,0.057151,-0.537832,-0.92941
0.222264,-0.016626,-0.486471,-0.642826,0.410031,0.309668,0.059496,0.391625,0.140033,-0.007739,-0.483211,-0.787272,0.274645,0.366439,-0.923876
-0.971186,-0.641006,-0.850574,-0.686444,0.274572,0.349065,0.171861,0.120662,0.078819,0.09987,-0.708924,-0.473027,0.311849,0.328812,-1.0
-0.270356,-0.138946,0.087361,-0.926305,0.21013,-0.909712,0.154331,0.520523,0.099573,-0.107326,-0.437442,0.742994,0.294996,-0.460926,-0.875998
-0.372078,-0.88467,-0.27086,-0.795639,-0.553798,-0.592143,0.548889,0.316675,-0.335384,-0.386628,0.316804,-0.420085,-0.265926,0.38886,-0.891133
0.176086,-0.679542,-0.93006,0.212639,0.489744,0.874456,0.492632,0.134233,0.273927,0.404275,-0.129187,-0.488412,0.097595,0.536431,-1.0
0.636123,0.979659,-0.401169,-0.742745,-0.501097,0.365124,0.099183,0.74302,-0.019614,0.108344,0.742398,0.370223,-0.415999,-0.282007,-1.0
0.431497,-0.171547,0.205796,-0.974043,-0.772091,0.426276,0.957291,0.567206,-0.649054,0.349611,-0.018859,-0.056096,-0.484826,0.201414,-0.99415
0.484699,-0.642644,-0.577116,0.036126,0.396074,-0.811304,0.085269,0.321779,-0.086465,-0.041838,0.362067,0.739771,-0.25477,-0.383016,-1.0
0.669107,-0.074517,0.833689,-0.592628,-0.582034,0.097969,0.40523,0.908061,-0.319526,-0.018,0.638395,-0.090699,-0.447515,0.061045,-1.0
0.350531,0.945582,0.395316,0.01206,0.993956,0.880974,0.809182,0.178619,0.484522,0.309112,-0.206633,0.032352,0.461934,-0.03014,-0.935526
-0.302198,0.003862,-0.587186,-0.485448,-0.303037,-0.801307,0.30959,0.360585,-0.152784,-0.177306,-0.057791,0.722528,0.022674,-0.451021,-1.0
0.761698,-0.102935,0.631424,0.456334,-0.476716,-0.541996,0.16251,0.836111,-0.098183,-0.030247,0.829993,0.333325,-0.508615,-0.222592,-0.978709
-0.655947,0.108473,0.047063,-0.684318,0.081025,0.498027,0.64141,0.429632,0.149227,0.482237,-0.309514,-0.162196,0.464115,0.355293,-0.961371
-0.537924,0.845235,-0.352489,-0.147686,-0.91444,-0.203056,0.79766,0.841172,-0.592755,-0.151573,0.110887,0.284507,-0.190238,-0.452518,-1.0
0.434774,-0.946899,-0.248593,-0.780158,0.584203,-0.265259,0.03367,0.272399,0.073034,-0.052352,-0.292519,-0.978109,0.036673,0.470278,-0.963083
-0.405271,-0.095903,-0.341559,0.430839,0.009328,0.891565,0.744967,0.996666,-0.005167,0.60385,-0.13645,-0.192034,0.261471,0.454574,-1.0
-0.022683,-0.622819,-0.199627,0.208839,-0.347957,-0.019595,0.190014,0.486499,-0.143874,-0.012009,0.427742,-0.694017,-0.240284,0.451654,-0.981424
0.429659,-0.292652,-0.508367,-0.108997,-0.421366,0.196639,0.262288,0.291453,-0.251363,0.141582,0.617629,-0.373236,-0.431228,0.216033,-0.942878
0.781008,0.142801,0.68888,0.459575,0.391254,0.857988,0.196973,0.04914,-0.032814,0.161993,0.47307,-0.652801,-0.239178,0.425509,-0.913243
0.309256,-0.462401,-0.473258,0.855959,0.158426,-0.179799,0.996982,0.632019,0.524791,-0.51087,-0.053543,0.037786,-0.246604,0.461667,-0.992653
-0.680964,0.014276,0.459646,0.863595,-0.442933,0.302,0.421167,0.367758,-0.346497,0.250544,-0.326631,-0.491704,0.273762,0.3714,-0.962401
-0.908659,-0.593732,-0.533199,-0.188523,0.648728,0.643875,0.038183,0.350848,0.039945,0.023467,-0.712248,-0.662107,0.486623,0.236379,-1.0
0.46143,-0.057301,-0.667202,0.168854,0.135739,-0.091525,0.576307,0.256143,0.406466,-0.229213,0.510676,0.070337,-0.45527,-0.012928,-1.0
0.157903,0.574985,0.174169,-0.926642,-0.718949,0.385203,0.258821,0.09734,-0.11607,0.130995,0.770367,0.156433,-0.487119,-0.148692,-0.868366
0.577552,0.354452,0.799908,0.82289,-0.272734,0.908692,0.415275,0.877221,-0.022604,0.357734,0.529398,-0.255317,-0.445911,0.337594,-1.0
-0.578976,0.449003,-0.941508,-0.688148,0.617709,0.980113,0.765273,0.809202,0.337175,0.501646,-0.143173,-0.022507,0.446772,0.163078,-1.0
-0.889103,-0.556802,-0.570456,-0.94183,0.471659,0.088652,0.444437,0.843793,0.374584,0.002091,-0.586793,-0.272525,0.47134,0.203152,-0.923884
-0.807788,-0.089117,0.650889,-0.258925,-0.942365,-0.25679,0.317872,0.262418,-0.279971,-0.066068,0.499105,0.456858,-0.233009,-0.413202,-1.0
-0.800997,-0.0317,-0.281141,-0.450557,0.766967,-0.128224,0.033226,0.612928,0.025949,-0.003728,-0.951805,0.086902,0.502321,-0.100267,-0.975686
0.963695,0.682852,0.532867,0.458432,0.049437,0.540514,0.141504,0.43206,-0.039426,0.095728,0.81887,0.132302,-0.487116,-0.10507,-0.943889
0.372234,-0.064739,0.02255,0.651822,-0.90438,0.374174,0.959103,0.501939,-0.745147,0.331418,0.126258,-0.006869,-0.602738,0.172999,-0.962654
0.426827,-0.632781,-0.44487,-0.998511,0.833634,0.661799,0.835103,0.982848,0.529033,0.493365,-0.077819,-0.131651,0.192289,0.444004,-1.0
-0.603292,-0.82826,-0.618398,-0.372592,-0.400607,0.061348,0.67022,0.739536,-0.605917,0.142722,-0.0491,-0.350879,0.087029,0.491413,-1.0
-0.378219,0.667642,-0.889955,0.109752,0.840176,-0.640005,0.295268,0.04098,0.232284,-0.15403,-0.473737,0.553826,0.393398,-0.438444,-0.92818
-0.767779,-0.239083,-0.968843,-0.676723,0.033582,-0.760476,0.320391,0.881826,0.091283,-0.257761,-0.494404,0.330315,0.354429,-0.276242,-0.988853
0.53893,-0.017699,0.378938,-0.186562,-0.416345,-0.432168,0.236706,0.396366,-0.123754,-0.143608,0.657939,0.29986,-0.489174,-0.14746,-0.905854
-0.182628,-0.530044,-0.264838,-0.333339,0.841516,0.290537,0.140993,0.454001,0.091631,0.046255,-0.735465,-0.533338,0.44159,0.268628,-1.0
-0.383308,-0.302295,-0.024531,-0.479416,0.780601,-0.326572,0.161786,0.883286,0.136224,-0.017701,-0.871614,-0.017312,0.450597,-0.028342,-0.99629
-0.280949,0.389557,0.911307,0.433715,0.229933,0.317707,0.502458,0.149545,0.237758,0.339151,-0.415364,0.072881,0.579561,-0.030376,-0.98047
-0.412944,0.664835,-0.828394,-0.651084,0.735346,0.76354,0.563339,0.758441,0.276768,0.223726,-0.379644,-0.054917,0.528991,0.03657,-1.0
-0.78315,-0.723521,0.209177,0.152755,-0.604471,-0.325696,0.347004,0.400628,-0.216427,-0.058729,-0.215903,-0.542431,0.241681,0.505557,-0.905914
0.29909,-0.736243,0.255898,-0.140569,0.605218,0.065812,0.692931,0.533305,0.612055,0.094662,-0.144235,-0.256941,0.063938,0.407639,-0.996106
-0.764935,-0.633674,-0.85852,-0.792831,0.095218,0.869653,0.267062,0.611094,-0.005115,0.221508,-0.2901,-0.600959,0.22827,0.396138,-0.970518
0.762313,0.911387,-0.950231,0.567785,0.952559,-0.938006,0.400207,0.131578,0.245268,-0.283149,-0.06147,0.60877,-0.077319,-0.45472,-0.980769
0.539973,-0.030818,0.418249,-0.893222,0.456842,-0.316252,0.626263,0.73104,0.366501,-0.297826,0.145375,0.306629,-0.175386,-0.474428,-1.0
0.916924,-0.324324,0.075623,0.886169,0.144864,-0.986101,0.348176,0.542683,0.066088,-0.308773,0.496874,0.423124,-0.505787,-0.346577,-0.990092
0.814888,0.660075,0.267621,0.566717,0.512186,-0.588171,0.267501,0.169562,0.128994,-0.138632,0.169487,0.779749,-0.202645,-0.502589,-0.993526
0.558699,0.890264,-0.692462,-0.303144,-0.937166,0.942121,0.097176,0.349465,-0.063529,0.022013,0.838038,0.019617,-0.484726,0.0541,-0.936512
-0.497533,0.371288,0.271868,0.701689,-0.603211,-0.021387,0.918459,0.297003,-0.722525,0.012797,0.024616,0.13287,-0.19215,-0.505855,-0.923268
0.986753,0.959281,0.630739,-0.881485,-0.878084,0.002148,0.695991,0.374104,-0.529689,0.013925,0.307932,0.142821,-0.444806,-0.235951,-0.952667
-0.125002,0.450616,-0.848276,0.154008,-0.184566,-0.175958,0.397851,0.360884,-0.27297,-0.18718,0.011371,0.557111,-0.063824,-0.478198,-0.945024
0.561664,-0.460811,0.636698,-0.24134,0.083622,-0.439361,0.17626,0.842267,0.05528,-0.17726,0.799304,-0.076153,-0.447913,-0.006637,-1.0
-0.306134,0.357041,0.724634,-0.685598,-0.285081,0.280992,0.086481,0.416627,-0.060838,0.11099,-0.221812,0.836184,0.201267,-0.400494,-0.970767
0.65108,-0.78591,0.447178,0.34508,-0.977752,-0.003664,0.101348,0.377184,-0.018761,0.026941,0.842082,-0.455591,-0.471958,0.337266,-1.0
-0.18047,-0.122426,-0.857416,-0.106185,0.833772,0.584835,0.723679,0.817012,0.543106,0.302327,-0.207699,-0.174364,0.395418,0.212907,-0.919886
0.311235,-0.554633,-0.541293,0.015584,0.613802,-0.290424,0.498973,0.338583,0.370645,-0.138021,-0.404331,-0.34801,0.374283,0.322371,-1.0
0.077949,0.226353,0.716488,0.477874,0.960297,0.773182,0.230532,0.386533,0.205592,0.081233,-0.612275,-0.486981,0.347427,0.215959,-1.0
-0.160419,0.2822,-0.971443,-0.404742,-0.32731,-0.904328,0.124997,0.053623,-0.009985,-0.136817,0.184715,0.929847,-0.049402,-0.535473,-0.925971
0.695739,0.340467,-0.652015,0.039708,0.053723,-0.656748,0.698664,0.511602,-0.003498,-0.568214,0.177915,0.250427,-0.34394,-0.38082,-0.936297
-0.565196,-0.114069,0.823481,-0.211125,-0.876027,-0.499257,0.642691,0.512656,-0.456447,-0.219005,0.259938,0.400984,-0.282557,-0.377023,-1.0
-0.07525,-0.029172,-0.816796,0.521745,0.805665,-0.136617,0.328735,0.678566,0.155175,-0.020774,-0.610683,0.098599,0.593561,-0.038419,-0.967564
0.046147,-0.521842,-0.156502,0.957464,0.135064,-0.197641,0.007097,0.184582,0.041962,-0.005934,-0.277877,-0.938976,0.098852,0.437242,-0.965493
-0.108419,-0.349044,-0.985133,-0.549356,0.760728,-0.218899,0.830301,0.298652,0.666048,-0.183456,-0.103689,0.043822,0.456191,0.064991,-1.0
0.002369,-0.573127,-0.821427,0.116133,-0.509008,-0.292494,0.056966,0.996211,-0.068226,0.031439,0.876535,-0.326395,-0.407401,0.230147,-1.0
-0.715129,0.756939,0.312412,0.057795,0.946362,0.332416,0.652192,0.093055,0.528057,0.082216,-0.27131,0.02263,0.473337,-0.138975,-1.0
0.258241,-0.371765,-0.265485,-0.451309,0.162286,-0.836983,0.13293,0.154442,-0.037867,-0.102912,0.171578,0.858303,-0.079806,-0.527586,-1.0
0.871944,0.553746,0.047794,0.674422,0.876896,-0.297713,0.664065,0.94255,0.429226,-0.191569,-0.027309,0.435634,0.021838,-0.543843,-1.0
-0.860724,-0.395592,0.53562,0.877631,-0.308476,-0.320913,0.504049,0.147872,-0.308487,-0.293525,-0.475752,-0.106966,0.56056,0.039115,-0.967606
0.787132,-0.31065,-0.001325,-0.059963,0.184269,-0.125421,0.226033,0.541454,0.155429,-0.140012,0.742296,-0.25668,-0.56746,0.160163,-1.0
-0.035518,-0.462848,0.466916,0.605003,-0.277848,-0.380992,0.630053,0.279987,-0.35159,-0.425614,0.286794,-0.225634,-0.547826,0.103006,-0.942416
-0.490629,0.914124,0.862759,0.417443,-0.000176,-0.050434,0.610766,0.450794,0.035584,-0.475207,-0.145873,0.298137,0.162099,-0.59382,-0.978955
0.755065,0.706043,0.602942,-0.222318,-0.976583,-0.090587,0.50583,0.180329,-0.406519,-0.116178,0.514262,0.292182,-0.446751,-0.230574,-1.0
-0.22687,0.983127,0.121491,0.89521,-0.99149,-0.434116,0.639368,0.078112,-0.454696,-0.224163,0.147792,0.289506,-0.24619,-0.493915,-1.0
-0.337689,-0.849515,0.124639,-0.932843,-0.577819,-0.332301,0.033864,0.408411,-0.077983,-0.023076,0.409917,-0.922296,-0.174334,0.491339,-0.971287
-0.73367,0.477853,-0.071092,-0.444818,-0.737431,0.771832,0.731777,0.417066,-0.482779,0.494715,-0.06937,-0.266442,0.031788,0.485809,-0.913652
-0.34177,0.262072,-0.305754,0.954391,0.147092,0.152712,0.482954,0.026612,0.255075,0.331294,-0.537712,0.175419,0.481167,0.038349,-0.930666
-0.717008,0.380785,0.142009,0.20849,-0.328592,0.474306,0.330555,0.470731,-0.131881,0.180799,-0.659774,-0.108528,0.474972,0.116763,-0.96848
0.526743,-0.983775,-0.703945,0.393401,-0.062169,0.801842,0.948688,0.992461,-0.107106,0.736362,-0.031037,-0.087214,-0.142732,0.534965,-0.945165
0.593978,-0.917,-0.455565,-0.916833,-0.82306,0.122932,0.703127,0.737004,-0.601202,0.075623,0.288104,-0.193983,-0.377084,0.314727,-1.0
0.555692,-0.143026,-0.295261,0.789756,-0.391473,0.12801,0.904341,0.671238,-0.731824,0.179178,0.088759,-0.075353,-0.510973,0.166705,-0.969927
-0.341925,-0.190084,-0.079447,0.527066,-0.165967,-0.869304,0.953782,0.47787,-0.189584,-0.659659,-0.032344,0.044132,0.183362,-0.454386,-0.934761
-0.992489,0.289383,-0.255851,-0.516233,-0.164535,-0.825612,0.019832,0.722619,-0.045668,-0.058987,-0.465276,0.726228,0.353554,-0.348682,-0.993405
0.216147,-0.32949,0.52939,0.288266,0.649538,0.749565,0.615071,0.418439,0.313399,0.340522,-0.075713,-0.463181,0.119179,0.543286,-0.954892
-0.737271,-0.826877,-0.860732,0.499232,0.907593,0.261623,0.254817,0.14285,0.24528,0.062982,-0.642227,-0.505334,0.464337,0.256455,-1.0
-0.523999,0.133975,-0.588147,-0.911042,-0.354126,0.009765,0.260033,0.738661,-0.194864,0.014604,-0.617009,0.395874,0.385298,-0.31989,-1.0
0.509558,-0.398432,-0.869781,0.348668,-0.539868,0.707252,0.640635,0.030767,-0.326693,0.43318,0.338999,-0.190525,-0.338236,0.333144,-1.0
0.845319,-0.667967,-0.647075,-0.534646,-0.111084,0.20179,0.697258,0.435502,-0.197432,0.528141,0.214275,-0.241369,-0.442715,0.297683,-0.888182
-0.974818,0.333808,-0.241907,-0.057575,0.001538,-0.533952,0.31132,0.872858,-0.058783,-0.141491,-0.507096,0.410194,0.381246,-0.380834,-0.974596
-0.709216,-0.850409,0.998252,0.320267,-0.700683,-0.857047,0.16152,0.939498,-0.041749,-0.111318,-0.647016,0.487473,0.356793,-0.38491,-0.953983
0.641451,0.774163,0.518251,0.409214,0.164581,-0.067894,0.512381,0.952414,0.343746,-0.170105,0.186641,0.395412,-0.202142,-0.451959,-0.990445
-0.927062,0.487578,0.709256,-0.882936,-0.27351,0.443902,0.56943,0.540893,-0.366938,0.361048,-0.446331,0.079898,0.400093,-0.145432,-1.0
-0.340949,-0.523195,0.350613,0.898466,-0.424888,-0.262077,0.529254,0.738254,-0.305801,-0.226671,0.114443,-0.470334,-0.105845,0.495272,-0.875843
0.138731,0.699113,-0.945578,-0.777678,-0.314291,-0.598472,0.164334,0.60421,-0.066199,-0.126675,0.191633,0.743235,-0.060777,-0.4899,-0.984777
-0.179503,0.86126,-0.938498,0.501352,-0.139224,0.048928,0.749391,0.892502,-0.647141,0.202296,0.10324,0.251082,0.043933,-0.535056,-1.0
0.895607,-0.321413,-0.650255,0.003863,-0.242949,0.938706,0.203451,0.737928,-0.082988,0.137991,0.471977,-0.560292,-0.316011,0.375086,-1.0
-0.747718,0.784779,0.741254,-0.109616,-0.879879,0.650478,0.415246,0.043425,-0.231269,0.18015,0.34252,0.39948,-0.324694,-0.385462,-0.979628
-0.052622,0.926815,0.535147,0.447767,0.110017,0.533558,0.968518,0.511838,0.112403,0.718221,-0.082917,0.058873,0.139497,-0.460637,-0.945391
-0.06994,-0.389463,0.058876,0.647362,0.347533,0.691626,0.466401,0.571057,0.195441,0.334377,-0.145689,-0.518193,0.219361,0.525881,-0.929287
-0.776893,0.479256,-0.355448,0.601168,0.974655,0.341552,0.078291,0.34029,0.093751,0.036536,-0.996528,0.12292,0.504426,-0.017779,-0.983569
-0.388927,0.027226,-0.464343,0.466356,-0.155058,0.839601,0.580788,0.244534,-0.038415,0.412253,-0.116824,-0.36604,0.176238,0.453029,-0.981887
-0.957971,-0.903096,0.229679,-0.754554,0.648329,-0.180108,0.344002,0.062136,0.28651,-0.002269,-0.623422,-0.271736,0.392908,0.241133,-1.0
-0.915378,-0.32543,-0.810032,0.194643,0.310217,-0.623578,0.398649,0.103546,0.16344,-0.261914,-0.590337,0.079021,0.466678,-0.125968,-0.979986
0.275757,-0.643025,0.710495,-0.709372,-0.387801,0.559548,0.426378,0.594842,-0.120187,0.247367,0.205134,-0.498988,-0.285801,0.476146,-1.0
0.081948,-0.304794,-0.830389,0.341894,-0.841326,0.867632,0.319347,0.484937,-0.230555,0.032577,0.354146,-0.47672,-0.363714,0.385537,-0.953947
0.02823,-0.077976,0.163304,-0.896881,0.206489,0.91235,0.92436,0.223673,0.187489,0.79114,-0.080991,-0.035908,0.012924,0.41507,-0.874266
0.318033,0.08668,0.044454,0.518492,-0.338767,0.430608,0.659425,0.550394,-0.301179,0.371409,0.300313,-0.17343,-0.52347,0.234871,-1.0
0.279109,0.930074,0.723166,0.353502,0.217731,-0.823119,0.122805,0.596215,0.06952,-0.091829,-0.076338,0.916095,-0.015432,-0.473504,-0.970759
-0.591766,-0.345455,-0.8298,0.423763,0.454259,0.283591,0.764641,0.704072,0.555419,0.389791,-0.226552,-0.174845,0.459999,0.34387,-0.929461
0.36615,0.386196,-0.900981,0.083731,0.343588,-0.586078,0.785147,0.638645,0.309674,-0.594604,0.054906,0.258067,-0.054488,-0.516438,-0.993519
0.303666,-0.001701,-0.796162,0.631628,0.117738,-0.722155,0.994491,0.392008,0.187149,-0.850472,-0.024688,0.008781,-0.135545,-0.494219,-1.0
0.127444,0.262224,-0.59642,-0.028776,0.416622,0.505065,0.090773,0.611892,0.059574,0.020022,-0.648024,-0.62374,0.32989,0.288148,-1.0
-0.31302,-0.313638,0.271841,0.562413,0.590503,0.03149,0.544341,0.625057,0.428827,-0.013763,-0.336006,-0.093891,0.413781,0.152058,-1.0
-0.193163,0.790661,0.973195,-0.250207,-0.659746,-0.550683,0.026512,0.392994,-0.019847,0.074017,0.334175,0.958492,-0.155752,-0.488994,-0.981042
-0.450212,0.509226,0.749015,0.958325,-0.993299,-0.144342,0.972431,0.28073,-0.78189,-0.113831,0.123437,-0.023714,-0.368076,-0.368346,-1.0
-0.892447,0.151791,-0.005845,-0.223587,0.54438,-0.428166,0.918571,0.452224,0.584651,-0.48601,-0.077942,-0.004246,0.51633,-0.221891,-0.950348
-0.490764,0.558668,0.315359,0.633852,0.67079,0.555595,0.048621,0.066203,-0.059804,0.061136,-0.967699,0.053749,0.504742,-0.038636,-0.866961
-0.633183,-0.929261,0.265703,0.992104,-0.178967,-0.761607,0.729874,0.845832,-0.131336,-0.540535,-0.255583,-0.157287,0.469752,0.20855,-1.0
0.969724,-0.458332,-0.603485,-0.787323,-0.749128,0.703049,0.441867,0.057713,-0.355014,0.27019,0.422211,-0.398639,-0.42399,0.297956,-0.942265
0.38609,0.567164,-0.265997,0.985173,0.153862,-0.753079,0.683323,0.647738,0.208101,-0.523991,0.008528,0.32509,-0.138179,-0.381875,-1.0
0.033989,-0.507225,-0.047663,0.903788,0.242532,-0.476976,0.153049,0.749321,0.070523,-0.062099,-0.740504,-0.045925,0.483913,0.114388,-0.989323
0.164625,0.075934,-0.206339,-0.657401,0.789595,0.016678,0.139469,0.995013,0.156034,0.060711,-0.842994,0.107366,0.443891,-0.00603,-1.0
0.867635,-0.83484,-0.002626,0.609223,0.182749,-0.132029,0.037579,0.407946,-0.020654,0.063358,0.709401,-0.741207,-0.279547,0.33625,-0.977762
0.851673,-0.260312,-0.974076,0.109162,-0.855607,-0.51023,0.5015,0.51448,-0.325411,-0.226983,0.394552,0.070129,-0.473161,-0.055168,-1.0
0.012211,0.416985,-0.922538,0.534494,0.542082,0.142723,0.828061,0.438268,0.705044,0.158173,-0.104156,0.126404,0.472964,-0.190654,-0.982882
0.765917,0.121946,-0.489522,-0.748991,0.627045,0.734246,0.424655,0.918223,0.270695,0.341195,0.217067,-0.562527,-0.078921,0.515133,-0.995643
-0.987094,0.796669,-0.918543,-0.590431,0.576721,0.187318,0.493876,0.592896,0.385171,0.075147,-0.472952,0.238551,0.50975,-0.232719,-0.968178
-0.600794,-0.150361,-0.43219,-0.081645,0.088245,0.003045,0.280639,0.900952,0.193524,0.096675,-0.660161,-0.172445,0.604118,0.097648,-0.986078
0.77438,-0.031221,-0.602613,-0.184083,-0.145225,-0.488675,0.298759,0.664437,-0.143544,-0.148407,0.572264,0.281765,-0.332676,-0.206863,-0.992474
0.435454,0.085208,0.576436,0.46926,-0.505209,-0.07783,0.036505,0.527563,-0.038703,0.016613,0.957781,0.10163,-0.507545,-0.079783,-0.911567
0.061742,-0.876031,0.162801,-0.596566,0.858022,-0.854822,0.851852,0.397593,0.530658,-0.399164,-0.115708,-0.056706,0.572256,0.020513,-1.0
-0.468019,-0.526278,0.571529,0.758384,-0.902109,-0.42957,0.833799,0.927417,-0.644018,-0.290079,0.151928,-0.040678,-0.541239,0.075133,-0.92281
-0.879661,-0.587516,-0.811353,-0.199278,0.321109,-0.473268,0.127799,0.702771,0.007997,-0.16298,-0.847304,-0.099745,0.549208,0.04106,-1.0
0.643016,-0.611611,-0.412853,0.062162,0.891253,0.435129,0.787496,0.729019,0.51039,0.344783,-0.05261,-0.136972,0.143502,0.456834,-0.975931
-0.939246,-0.928839,0.416133,0.819225,-0.726161,0.163155,0.089837,0.09528,-0.111853,-0.026532,-0.17213,-0.861528,0.110752,0.503467,-0.984968
-0.692704,0.490819,-0.845508,-0.223743,0.099583,0.057604,0.289517,0.677589,0.287794,0.142628,-0.504001,0.37495,0.492683,-0.282834,-0.991801
0.556625,0.448384,-0.342059,-0.18531,0.463921,0.685672,0.820851,0.346567,0.297923,0.545187,0.193168,-0.240097,-0.164755,0.366424,-0.972342
0.416726,0.068083,0.918105,-0.27686,-0.445033,-0.692823,0.211942,0.822216,-0.072062,-0.227429,0.615434,0.502611,-0.341483,-0.3738,-1.0
-0.548874,-0.110418,0.484617,0.668072,0.021493,-0.27387,0.535643,0.088851,0.005711,-0.45452,-0.47976,0.153454,0.542935,-0.079595,-1.0
0.855806,0.868834,0.167869,-0.100666,0.655382,0.065742,0.68301,0.781088,0.475549,0.114414,0.040093,0.340856,-0.090001,-0.561059,-1.0
-0.428356,-0.461585,-0.676806,-0.017907,-0.870493,-0.982146,0.681942,0.251613,-0.400699,-0.442929,0.229485,0.221838,-0.336368,-0.347366,-0.990266
0.501583,-0.473824,0.544268,0.842137,0.499365,0.953088,0.290693,0.833306,0.096842,0.203505,0.094621,-0.769036,0.039469,0.2914,-0.981967
-0.510417,-0.323088,0.107875,-0.058051,-0.047448,-0.633754,0.370328,0.728442,-0.086525,-0.308494,-0.495743,0.340205,0.430623,-0.323207,-1.0
0.427469,-0.772263,-0.918921,-0.297855,0.251613,0.156288,0.771246,0.453725,0.444888,0.375432,0.076619,-0.201747,-0.106212,0.481684,-1.0
-0.927558,0.317201,-0.03493,-0.864041,0.867529,-0.575287,0.649912,0.636635,0.438984,-0.314818,-0.310664,0.196154,0.404215,-0.304375,-1.0
-0.990107,-0.420221,0.664397,-0.37952,0.422931,0.452814,0.548407,0.151166,0.261344,0.284374,-0.386845,-0.170082,0.478093,0.225184,-0.938094
0.27393,-0.916474,-0.971789,0.817845,0.692061,0.890595,0.675224,0.661644,0.272344,0.42261,-0.157078,-0.277568,0.195367,0.434065,-1.0
0.969443,-0.161665,0.790208,-0.684954,-0.905352,0.250484,0.236614,0.603194,-0.175676,-0.00385,0.798188,-0.136674,-0.549353,0.105806,-1.0
-0.816815,0.590948,0.65478,0.189894,-0.586917,-0.718742,0.946086,0.911057,-0.40397,-0.605504,-0.059302,0.008207,0.058896,-0.411853,-1.0
0.61888,0.892795,-0.401383,0.235402,0.177408,-0.654862,0.825399,0.645424,0.088373,-0.599099,0.004865,0.152361,-0.016557,-0.412763,-1.0
-0.238297,-0.208632,0.169458,-0.491283,-0.29405,-0.882064,0.076967,0.559206,0.057318,-0.125193,0.062143,0.938401,-0.025462,-0.493943,-1.0
-0.893939,-0.587832,-0.806283,0.310193,-0.499994,-0.913787,0.498304,0.57195,-0.233486,-0.302446,-0.396151,0.301845,0.40352,-0.332738,-0.909958
0.918398,-0.823906,-0.565452,0.961034,-0.265884,0.292213,0.043959,0.241443,-0.017878,0.032477,0.708062,-0.607862,-0.295528,0.251708,-1.0
-0.19368,-0.430602,-0.44636,0.501665,0.423279,-0.149264,0.711157,0.073478,0.563259,-0.246851,-0.214905,-0.140262,0.37909,0.278285,-0.959382
0.204155,-0.638756,0.592351,0.477888,0.976506,0.048138,0.664471,0.839394,0.586744,0.00906,-0.189847,-0.16016,0.386642,0.33957,-1.0
0.07833,-0.077797,0.696098,-0.085375,0.444813,0.850197,0.11455,0.537261,0.001505,0.063717,-0.218343,-0.740778,0.192513,0.395953,-1.0
-0.578951,-0.737811,0.803782,0.271042,0.857495,0.814937,0.948472,0.458692,0.481929,0.525712,0.033231,-0.070082,0.414113,0.438302,-1.0
0.091625,-0.904525,0.77031,-0.181979,-0.629411,0.114109,0.702386,0.876502,-0.55068,0.182808,0.10653,-0.212946,-0.286102,0.476027,-1.0
-0.886269,-0.060025,-0.516566,0.68237,-0.954869,0.644777,0.897833,0.544598,-0.635402,0.425036,0.012373,-0.05678,-0.000402,0.483519,-0.997179
-0.531943,-0.603458,0.160765,-0.357366,-0.567142,-0.414024,0.345689,0.306516,-0.316726,-0.17135,0.275303,-0.668042,-0.117119,0.53133,-0.927148
-0.255515,0.682178,-0.682267,-0.562724,0.940371,-0.068214,0.430035,0.55062,0.392556,-0.064926,-0.416509,0.289788,0.415731,-0.313583,-1.0
0.694071,0.91806,0.978208,0.409367,-0.754995,0.627719,0.949797,0.542321,-0.552117,0.453434,0.120003,0.088912,-0.545384,-0.028848,-0.989447
0.904978,0.652566,-0.900396,-0.286736,0.491784,-0.744649,0.026757,0.076158,0.002815,-0.077566,0.289196,0.938288,-0.164582,-0.578194,-1.0
-0.35484,0.770825,-0.372382,0.12814,-0.634677,-0.702416,0.653213,0.820843,-0.365997,-0.333362,0.123323,0.395451,-0.084116,-0.501663,-0.979857
0.286391,-0.97176,-0.180898,0.737081,-0.744821,-0.966206,0.407634,0.110562,-0.155001,-0.165476,0.576542,-0.041942,-0.506731,0.005767,-1.0
0.963011,-0.522404,-0.532723,-0.579671,0.944882,-0.322272,0.354955,0.066722,0.328084,-0.088711,0.126789,-0.675936,-0.070108,0.498633,-0.933446
0.653979,0.98979,0.243833,0.345771,-0.866327,-0.441388,0.621461,0.369683,-0.489703,-0.178137,0.312945,0.19689,-0.367404,-0.331805,-1.0
0.809158,0.898078,0.827514,0.988666,-0.666562,0.798684,0.452645,0.206383,-0.201714,0.280908,0.591204,0.075775,-0.430468,0.010802,-1.0
0.161745,0.404079,0.146198,0.233038,-0.265389,-0.47545,0.004625,0.318653,-0.023734,0.025168,0.404396,0.854373,-0.256518,-0.431456,-1.0
-0.706302,-0.192992,-0.442898,0.918018,-0.397296,0.502915,0.615682,0.838144,-0.324724,0.351087,-0.146787,-0.44222,0.198722,0.42956,-0.988662
-0.531976,0.961752,-0.877726,-0.199955,-0.019827,-0.744961,0.167208,0.724583,-0.08206,-0.084505,-0.250755,0.776023,0.167848,-0.488468,-1.0
0.931909,-0.84473,-0.910095,0.375051,-0.902372,0.18143,0.412354,0.903959,-0.313787,0.119067,0.577523,-0.276321,-0.530245,0.199578,-0.952102
0.348492,-0.212616,0.318912,-0.125102,-0.73197,0.064621,0.190712,0.987863,-0.111123,0.025659,0.700813,-0.272037,-0.539912,0.156018,-1.0
0.639864,0.252217,-0.038879,-0.037672,-0.981567,-0.498031,0.007137,0.523405,0.020897,-0.085329,0.986249,0.351863,-0.44094,-0.258285,-0.987166
0.324853,-0.023177,-0.126586,0.493843,-0.118529,-0.014962,0.584389,0.408699,-0.41843,-0.094809,0.476679,-0.07662,-0.606508,-0.084211,-1.0
-0.489194,0.060124,0.809167,-0.611323,0.388154,-0.705229,0.430161,0.021795,0.162856,-0.325719,-0.340452,0.418266,0.394597,-0.371686,-0.971986
-0.639964,-0.043057,-0.70827,-0.118276,-0.32502,0.787036,0.339004,0.781724,-0.104947,0.241729,-0.220747,-0.577552,0.252652,0.544914,-0.90951
-0.831564,0.767862,0.194881,0.486464,0.828913,0.841492,0.060151,0.378356,0.098001,0.117718,-0.911341,-0.086023,0.492077,0.077328,-0.995067
-0.302339,0.039735,0.611903,-0.356338,0.895656,-0.25501,0.95054,0.131785,0.722946,-0.254583,-0.010687,0.063425,0.425506,-0.03639,-1.0
-0.102862,0.53632,-0.334678,-0.272978,-0.704251,0.591818,0.618609,0.288077,-0.454372,0.341922,0.358182,0.057481,-0.500901,0.019105,-1.0
0.34929,-0.084171,-0.602911,-0.859701,-0.798422,-0.330334,0.051681,0.202035,-0.110617,-0.011299,0.862217,0.237406,-0.479547,-0.068631,-0.978284
-0.51132,-0.537183,-0.291723,0.750094,0.812948,-0.847942,0.897485,0.092743,0.491166,-0.541231,-0.131551,0.040573,0.488441,-0.094684,-0.912626
-0.183848,0.806807,0.777595,0.638922,0.421915,0.079076,0.862196,0.483536,0.583817,0.155577,-0.022269,0.163554,0.345846,-0.391378,-1.0
0.387453,-0.357565,-0.941468,-0.53281,-0.39692,0.203598,0.290122,0.333203,-0.160247,0.031644,0.625463,-0.416584,-0.391906,0.258215,-1.0
0.611732,-0.030939,0.076311,0.705227,-0.846415,-0.388968,0.774837,0.292293,-0.502327,-0.186396,0.234104,0.040545,-0.527365,-0.15736,-1.0
-0.96044,0.637908,-0.998152,-0.855206,0.76649,-0.847564,0.295692,0.061121,0.114972,-0.143378,-0.555037,0.56212,0.370523,-0.269533,-0.992883
-0.783084,-0.839471,0.673012,0.497103,0.905859,-0.78605,0.820634,0.918941,0.536442,-0.515147,-0.159165,-0.082948,0.420764,0.024937,-0.896254
-0.335588,-0.260635,0.000951,-0.474119,0.991601,-0.967412,0.337542,0.656073,0.208391,-0.178784,-0.529634,0.383105,0.460211,-0.257172,-1.0
-0.679625,0.307336,-0.321062,-0.370328,0.092796,0.695518,0.418586,0.755258,0.022613,0.3886,-0.527301,-0.275638,0.394064,0.1959,-1.0
0.943716,0.425053,-0.259108,0.80142,0.752378,-0.761102,0.990567,0.828389,0.507587,-0.499339,-0.04288,0.055005,-0.108521,-0.506476,-1.0
0.78463,-0.642145,0.054698,-0.286725,0.141598,0.518751,0.400392,0.901758,0.065613,0.347181,0.245206,-0.559082,-0.312216,0.444129,-1.0
0.630691,-0.611195,-0.979345,-0.791032,-0.236666,-0.90451,0.818235,0.15788,-0.137707,-0.568357,0.175948,0.030655,-0.669445,-0.167906,-0.981702
-0.518218,0.729438,-0.120547,-0.73359,-0.834909,0.919617,0.707942,0.217721,-0.447033,0.399726,0.24435,-0.184485,-0.346778,0.155288,-1.0
-0.694817,-0.962778,0.157723,-0.519216,0.777946,-0.017327,0.457122,0.777192,0.336727,-0.075384,-0.446797,-0.303818,0.391907,0.204104,-1.0
-0.507664,0.574543,0.235219,-0.531389,-0.396467,0.505993,0.237494,0.414412,-0.182885,0.165544,-0.652859,0.392522,0.457922,-0.235881,-1.0
-0.345956,-0.126433,-0.381241,-0.181544,-0.882708,0.002863,0.166301,0.164427,-0.090816,0.111611,0.793389,-0.19445,-0.544434,0.112397,-0.993459
-0.985334,0.576957,0.185492,0.36341,0.848534,-0.511768,0.431166,0.955403,0.243156,-0.241597,-0.520878,0.307709,0.429867,-0.264228,-0.954846
-0.788761,-0.737802,0.994358,0.610847,-0.631637,0.219521,0.73344,0.492905,-0.555977,0.139169,-0.039058,-0.369536,0.015213,0.530056,-1.0
-0.692326,-0.749611,-0.965857,-0.90838,-0.648123,-0.449416,0.147081,0.49361,-0.03215,-0.076114,-0.209462,-0.781397,0.103056,0.477922,-1.0
0.4834,-0.283993,0.024917,-0.713245,0.041979,0.258321,0.399237,0.861222,0.006411,0.299977,0.288561,-0.490448,-0.325839,0.274427,-1.0
-0.229958,-0.107564,0.842901,-0.527404,-0.144584,-0.259726,0.802064,0.362259,-0.260843,-0.487142,-0.164651,0.226085,0.200156,-0.441246,-1.0
-0.314807,-0.972328,0.562774,-0.80072,-0.359579,-0.388935,0.796616,0.010412,-0.396281,-0.497445,-0.090515,-0.257576,-0.002976,0.454584,-0.991843
0.646382,-0.879651,-0.292813,-0.457573,-0.337063,0.879263,0.357082,0.272769,-0.150975,0.250248,0.246106,-0.620277,-0.275807,0.41025,-1.0
-0.89452,0.694871,0.711777,0.071612,0.271523,-0.38184,0.536278,0.407601,0.273131,-0.377781,-0.325696,0.38945,0.356436,-0.341263,-1.0
0.845987,-0.085896,-0.919187,-0.109973,0.255919,-0.621913,0.073306,0.051442,0.053818,-0.085861,0.696518,0.690085,-0.405302,-0.276529,-0.947966
-0.111359,0.446534,0.967017,0.307234,0.747035,0.812883,0.586551,0.427753,0.246022,0.269558,-0.40692,-0.144901,0.457852,0.128197,-0.935597
-0.718559,0.475064,0.221834,-0.141016,-0.116496,0.500453,0.479814,0.421776,0.080128,0.367222,-0.487804,0.031741,0.492991,0.080758,-0.994941
0.641648,0.59932,-0.939879,0.897878,0.498256,-0.331372,0.08491,0.029817,0.091979,-0.062407,0.078916,0.751407,-0.031726,-0.5892,-1.0
-0.510012,0.7077,-0.192893,-0.08096,-0.369891,0.126638,0.243778,0.449198,-0.140922,0.125536,-0.22432,0.79839,0.04596,-0.439406,-1.0
-0.665762,-0.691206,-0.203559,-0.501815,-0.853373,-0.504759,0.552089,0.438091,-0.426477,-0.245389,0.348229,-0.315102,-0.312008,0.306278,-1.0
-0.395085,0.013658,0.82895,0.106357,-0.081672,0.251331,0.62582,0.91162,-0.181028,0.470449,-0.335181,-0.330164,0.328348,0.339575,-1.0
-0.691324,0.867133,0.56358,0.677081,-0.821656,-0.219951,0.932751,0.240075,-0.761598,-0.074489,0.033817,0.016539,-0.139386,-0.508876,-1.0
0.682657,-0.651679,0.730889,0.178446,0.038184,0.486282,0.871889,0.427717,0.007732,0.710547,0.047349,-0.053028,-0.294271,0.49815,-0.976069
-0.591597,-0.668577,0.9845,0.91667,0.257703,-0.988912,0.92419,0.117773,0.140298,-0.700986,-0.078136,0.013402,0.447954,-0.211877,-0.956245
0.119771,0.437335,-0.016738,0.035272,0.529159,-0.577916,0.227149,0.712862,0.179462,-0.075389,-0.38777,0.821051,0.189201,-0.485328,-1.0
-0.039593,-0.634192,-0.214607,-0.774313,0.386166,0.579666,0.950068,0.390997,0.369981,0.573211,-0.124093,-0.068001,0.184508,0.487345,-0.973488
0.025281,-0.97733,0.328577,0.590892,-0.14437,-0.100698,0.499359,0.90587,-0.314032,-0.249003,0.048112,-0.515879,-0.079239,0.54536,-1.0
0.320891,0.29388,0.522834,0.875944,0.065083,0.824702,0.451652,0.526377,0.060354,0.346482,0.302667,-0.48628,-0.18187,0.372968,-0.940008
0.960175,0.937359,-0.067988,0.058084,0.087016,-0.117619,0.560343,0.076419,0.238529,-0.439173,0.223367,0.405916,-0.299242,-0.360228,-1.0
-0.203802,0.357844,0.175953,0.310954,0.559712,-0.719748,0.253306,0.736172,0.138071,-0.066721,-0.361402,0.61541,0.384306,-0.313237,-0.991165
-0.187284,0.484068,0.098441,-0.070423,-0.055709,-0.459135,0.352504,0.932317,0.043831,-0.376136,-0.067426,0.558686,0.129952,-0.510095,-1.0
0.055184,-0.991207,0.825108,-0.435214,0.423129,-0.022314,0.789049,0.811805,0.624034,-0.021208,-0.068536,-0.250872,0.17735,0.44428,-0.999162
0.755088,-0.002391,0.14018,-0.232867,-0.119415,-0.419199,0.068636,0.003189,0.013943,-0.029293,0.870913,0.370386,-0.482129,-0.239632,-1.0
-0.932384,0.537613,-0.156197,0.017001,-0.665789,-0.66186,0.322799,0.004545,-0.198781,-0.215799,-0.189337,0.655731,0.102157,-0.46391,-0.945727
0.527204,-0.31675,0.96813,-0.963608,-0.441381,0.897874,0.101302,0.933303,-0.077386,0.041148,0.604253,-0.677412,-0.356814,0.368541,-1.0
-0.504997,-0.484147,0.313486,0.786282,-0.854227,-0.675283,0.385334,0.024583,-0.207255,-0.122206,0.598335,0.281931,-0.445558,-0.230279,-1.0
0.646123,-0.142476,-0.723453,-0.872073,0.689093,-0.952416,0.795844,0.585389,0.396549,-0.553685,0.067369,0.237627,-0.061534,-0.467404,-0.980219
0.475382,-0.66589,-0.383983,-0.8351,-0.530297,-0.963629,0.314603,0.066471,-0.107031,-0.215296,0.634335,0.231452,-0.397075,-0.103494,-0.956249
-0.472198,0.613453,-0.625294,-0.940931,-0.668381,-0.663311,0.805006,0.907095,-0.437133,-0.563299,0.015265,0.169046,-0.058212,-0.504392,-0.971245
-0.747387,0.088227,0.247564,-0.098536,-0.007443,-0.472581,0.639349,0.585541,0.006311,-0.539181,-0.314155,0.186321,0.483226,-0.345099,-0.940223
-0.04919,-0.686333,-0.284802,0.320222,0.307645,0.320855,0.702062,0.662825,0.410113,0.473952,-0.130676,-0.358561,0.062683,0.46744,-1.0
0.044443,0.135291,-0.080359,-0.125331,-0.728541,0.064361,0.050549,0.420512,0.018842,-0.095332,0.93768,0.003092,-0.492275,0.003654,-0.997962
-0.64601,-0.18675,0.524769,0.97114,0.186268,-0.857235,0.918778,0.097513,0.126163,-0.845546,-0.066929,0.05257,0.39986,-0.360396,-1.0
-0.893449,0.916251,0.174789,0.121232,-0.07068,0.372156,0.991122,0.77381,-0.214596,0.820069,-0.068836,-0.075374,0.393903,-0.271437,-1.0
-0.912533,0.180211,0.785029,-0.538646,0.205766,-0.86027,0.201714,0.251381,-0.021991,-0.213774,-0.585059,0.529017,0.382843,-0.394394,-0.971571
-0.935411,-0.950621,0.206339,-0.875967,-0.006904,0.682902,0.78836,0.796256,0.015698,0.603039,-0.186652,-0.114903,0.265998,0.450554,-1.0
0.055015,-0.392352,0.170179,-0.03127,-0.64154,-0.770136,0.202791,0.331657,-0.096732,-0.12025,0.689917,0.428049,-0.390025,-0.206513,-0.985263
-0.454352,0.928483,-0.623608,-0.126391,0.153147,0.669413,0.778739,0.140309,0.111569,0.604591,-0.206694,0.063442,0.415872,-0.198733,-1.0
-0.881619,-0.490456,0.61445,-0.512826,0.846656,-0.519709,0.021468,0.75661,0.096627,-0.00868,-1.0,0.057373,0.554329,-0.003785,-1.0
0.216738,-0.967488,0.612929,0.548352,-0.642564,0.949415,0.746468,0.979925,-0.319002,0.476032,0.171486,-0.155927,-0.17651,0.407662,-0.932044
0.615891,-0.085529,0.321213,0.255815,0.554086,-0.431583,0.061528,0.493723,0.010567,0.069691,0.161783,0.921509,-0.104152,-0.44188,-1.0
0.311407,0.089666,0.35812,0.112826,0.725408,-0.632118,0.541213,0.294454,0.224112,-0.273902,-0.197604,0.32663,0.233747,-0.445047,-0.983724
-0.888057,0.957934,-0.05199,0.249916,0.993908,-0.597704,0.91943,0.785804,0.648806,-0.369379,-0.108813,0.007121,0.373656,-0.264526,-1.0
-0.347965,-0.537177,-0.984903,0.686384,0.284928,-0.378475,0.225199,0.246272,0.094796,-0.097981,-0.77927,-0.240137,0.443294,0.063278,-0.942775
0.060066,-0.731464,-0.776569,0.93738,0.184712,-0.09657,0.527486,0.098385,0.370417,-0.234058,-0.115413,-0.51023,0.130254,0.539959,-0.95623
0.46671,-0.582828,0.033617,-0.50372,-0.327164,-0.583358,0.786424,0.194625,-0.305245,-0.58303,0.254452,0.041215,-0.527199,-0.044206,-1.0
-0.945724,0.925796,0.397744,0.589571,-0.650658,0.416764,0.672136,0.882164,-0.436787,0.281824,-0.218393,0.219076,0.322532,-0.471474,-1.0
0.061136,-0.020692,0.144598,0.222504,0.379647,0.820825,0.118791,0.367191,0.088031,0.080357,-0.37541,-0.914889,0.136507,0.384136,-0.966079
0.216489,0.730655,0.032326,-0.277235,-0.323727,-0.920702,0.708376,0.855123,-0.149544,-0.504209,0.05523,0.320244,-0.128756,-0.479123,-0.996602
0.209182,-0.637427,0.742093,-0.659737,-0.851896,-0.08676,0.256053,0.922597,-0.198459,-0.002047,0.730389,-0.37535,-0.404922,0.173461,-1.0
-0.538024,0.879865,0.582587,-0.435666,0.01708,0.465994,0.570923,0.773845,0.044232,0.466834,-0.329041,0.272944,0.383973,-0.2359,-0.992492
-0.742306,0.730566,-0.856435,-0.370745,0.605243,0.655504,0.612023,0.897762,0.373968,0.388009,-0.401931,0.007173,0.375353,0.05584,-0.908943
-0.502359,-0.34199,-0.979651,0.472168,-0.62344,0.726471,0.403481,0.95553,-0.130975,0.283615,0.063985,-0.632738,-0.036236,0.482276,-1.0
-0.226871,0.41899,-0.086224,-0.084062,-0.80752,0.056279,0.06459,0.131674,-0.092915,-0.00439,0.704515,0.43748,-0.357875,-0.188922,-1.0
-0.221529,0.049423,-0.802186,-0.426505,-0.007208,-0.422528,0.230954,0.858084,0.031407,-0.282948,-0.326218,0.710735,0.287283,-0.501147,-1.0
-0.228733,-0.733386,-0.677958,0.681033,0.080965,0.135731,0.419573,0.144362,0.161187,0.189353,-0.168993,-0.535451,0.069907,0.437936,-0.984568
0.926265,-0.543051,0.205934,-0.305084,0.470112,0.422164,0.475025,0.907212,0.346228,0.25908,0.299792,-0.479437,-0.250333,0.481004,-0.968873
-0.136224,-0.008075,-0.044071,-0.058354,0.20924,0.918833,0.561477,0.077346,0.100997,0.387806,-0.10842,-0.401915,0.193045,0.391207,-1.0
0.30675,-0.815029,-0.138708,-0.061353,0.021342,0.647657,0.393525,0.305794,0.052701,0.280887,0.108208,-0.619932,-0.0769,0.494108,-0.983105
-0.073225,0.330963,0.081901,0.525328,-0.208305,0.416116,0.477954,0.517646,-0.146282,0.332696,0.394555,-0.336763,-0.461297,0.157082,-0.990566
0.405659,-0.233738,0.099366,-0.663815,0.708583,-0.775254,0.574945,0.252046,0.327751,-0.378576,-0.205078,0.352821,0.18795,-0.36936,-1.0
0.163755,0.012643,0.992991,0.664489,-0.722677,-0.108645,0.757328,0.625494,-0.659641,-0.138742,0.206505,-0.042798,-0.493021,-0.084121,-0.973178
0.006339,0.477987,-0.783953,-0.306894,-0.219004,0.362325,0.227391,0.891218,-0.036455,0.236494,0.689479,0.349917,-0.394272,-0.249746,-1.0
-0.932164,-0.572416,-0.081782,-0.313942,0.337551,0.691946,0.547667,0.42554,0.190134,0.380315,-0.347717,-0.212659,0.306015,0.290622,-1.0
-0.032994,0.877156,0.860892,0.418853,0.223573,-0.360851,0.7376,0.244965,0.263353,-0.501305,-0.077315,0.225703,0.133941,-0.448155,-0.994663
0.357173,-0.515199,0.443311,-0.103612,0.54215,0.061802,0.775873,0.912641,0.579864,0.053804,-0.142009,-0.195914,0.124656,0.488277,-1.0
-0.988912,0.125173,-0.35435,-0.930799,-0.615016,-0.735835,0.628844,0.78363,-0.315714,-0.36626,-0.130245,0.335537,0.232889,-0.356726,-0.949019
-0.705664,-0.697792,-0.348024,-0.075463,-0.970612,0.60385,0.77538,0.814624,-0.471631,0.411819,-0.061641,-0.224863,-0.078982,0.422237,-1.0
0.197352,0.982717,-0.433241,-0.644215,0.635733,-0.148064,0.081011,0.497635,0.097764,-0.005516,-0.293446,0.804821,0.19668,-0.437209,-1.0
0.27682,-0.150885,0.975448,0.700963,-0.676211,-0.486421,0.518619,0.103501,-0.426069,-0.289388,0.48073,0.150855,-0.43865,-0.140231,-0.972384
-0.923384,0.537659,-0.767601,0.129815,-0.028659,0.950398,0.973244,0.760424,-0.109235,0.744468,-0.011553,-0.051597,0.486849,0.29045,-0.992487
0.721064,-0.50699,-0.812824,-0.528716,-0.540623,-0.764364,0.493768,0.304841,-0.238642,-0.285209,0.442159,0.122452,-0.61554,-0.149576,-0.991592
-0.481292,-0.866755,0.740391,0.925521,0.705338,0.250099,0.347856,0.776509,0.355906,0.063465,-0.505016,-0.466381,0.349861,0.398172,-0.950328
-0.283459,-0.426523,0.101384,-0.176229,-0.63097,-0.988,0.233686,0.381293,-0.060729,-0.204965,0.359127,0.653557,-0.322088,-0.404529,-0.966016
-0.006342,0.032871,-0.521809,-0.131713,-0.934908,0.602758,0.306306,0.582515,-0.253792,0.121372,0.573231,-0.277609,-0.370635,0.314722,-0.97346
0.676313,-0.40087,-0.62609,0.764931,-0.429626,0.937935,0.297216,0.025202,-0.060548,0.238925,0.473649,-0.488775,-0.293591,0.439194,-1.0
-0.23113,0.62635,0.054602,-0.641935,-0.867756,0.820556,0.957522,0.676114,-0.648561,0.426371,0.011236,0.028094,-0.438468,0.098727,-0.999639
-0.208036,0.514428,0.363501,-0.240695,0.486816,0.566424,0.578976,0.378065,0.331565,0.431488,-0.322801,-0.091954,0.40315,0.044711,-1.0
0.758164,0.664561,-0.248863,-0.525286,-0.944175,-0.413069,0.295058,0.656097,-0.224944,-0.096487,0.603894,0.292717,-0.457279,-0.269901,-1.0
0.759102,0.46277,-0.305992,0.674362,-0.075425,-0.272477,0.680383,0.790651,-0.217848,-0.524622,0.273727,0.159124,-0.349867,-0.309357,-0.962083
-0.261194,0.806344,0.458216,0.293717,-0.362896,-0.384373,0.241173,0.149057,-0.165717,-0.094844,-0.003815,0.777415,-0.030984,-0.475769,-1.0
-0.002946,-0.66891,0.111867,0.513663,0.321784,0.196641,0.989226,0.756285,0.689597,0.441204,-0.026704,0.002201,0.221519,0.457376,-0.951946
-0.048205,-0.552995,0.465104,-0.70493,0.463173,-0.098904,0.427588,0.82939,0.396137,-0.00744,-0.405018,-0.477583,0.412643,0.255058,-1.0
0.565218,-0.443436,-0.964706,-0.910434,-0.391746,-0.026598,0.272762,0.888627,-0.287358,0.000269,0.666788,-0.31076,-0.502707,0.208677,-1.0
-0.337144,-0.775989,-0.610248,-0.828097,-0.804738,0.12732,0.999525,0.3643,-0.877777,0.095691,0.003896,-0.006505,-0.310116,0.411018,-0.942203
-0.041483,0.812115,-0.767017,-0.365544,0.809209,-0.62338,0.806586,0.629383,0.477347,-0.437213,-0.115605,0.148862,0.282408,-0.372635,-0.993468
-0.209991,0.168694,0.806904,-0.194975,0.019881,0.473507,0.270504,0.861748,0.074138,0.17759,-0.507552,-0.563261,0.306124,0.366456,-0.975291
-0.168889,0.059842,-0.544932,-0.089168,0.745525,0.929047,0.295463,0.549104,0.126286,0.186962,-0.567795,-0.471743,0.383852,0.328979,-0.936783
0.866276,0.979056,-0.791236,-0.289185,0.593758,-0.803553,0.969273,0.965429,0.517921,-0.63069,0.07859,0.002215,-0.029902,-0.481166,-0.869151
-0.88375,0.478691,0.454509,-0.574946,-0.827195,-0.78151,0.576463,0.675406,-0.326914,-0.35536,0.006239,0.447806,-0.014152,-0.433123,-1.0
-0.449877,-0.305252,-0.755896,0.19209,0.068076,0.34574,0.760751,0.86644,0.076053,0.553333,-0.11219,-0.163122,0.256415,0.390938,-1.0
0.543543,0.8823,0.919026,0.696357,0.69826,0.593325,0.083971,0.937044,-0.068273,0.038242,-0.413774,0.776141,0.231424,-0.394794,-0.964641
-0.367171,0.858563,-0.319148,-0.447574,0.314574,-0.906602,0.789747,0.175205,0.217771,-0.610844,-0.020792,0.133877,0.193875,-0.408677,-0.991775
0.315473,-0.841474,0.570891,-0.127008,0.133952,-0.942951,0.880028,0.951279,0.085097,-0.760341,0.027093,0.034996,-0.427407,-0.285713,-0.97702
-0.406125,0.034982,0.545927,0.38877,0.811473,-0.27659,0.641499,0.514672,0.468115,-0.196897,-0.3782,0.114869,0.428425,-0.123243,-0.936346
-0.666001,0.662967,-0.380936,-0.066669,0.219519,0.957769,0.026003,0.230069,0.095952,0.115731,-0.91379,-0.35501,0.438146,0.059214,-1.0
0.151639,0.230452,0.408133,-0.444403,0.646457,0.841727,0.775801,0.251269,0.396776,0.503785,-0.074031,-0.129805,0.352589,0.363999,-1.0
0.066782,0.023423,-0.731175,-0.377962,-0.355882,-0.552655,0.066774,0.060175,-0.011278,0.015881,0.588157,0.666365,-0.30922,-0.392933,-0.91475
-0.891657,0.61922,-0.838868,-0.693528,-0.862889,-0.230722,0.837781,0.013955,-0.537245,-0.130091,0.004286,0.090101,-0.132014,-0.475131,-1.0
0.369759,0.629272,-0.159214,0.601973,-0.330859,-0.340028,0.60819,0.765904,-0.351463,-0.35014,0.298181,0.227772,-0.324159,-0.378535,-0.947914
-0.266968,0.404377,-0.623592,-0.103467,-0.327238,0.053356,0.838435,0.633017,-0.673202,0.107739,0.030201,0.172135,-0.003615,-0.483359,-1.0
0.985619,-0.790121,0.958839,-0.641377,-0.859468,0.893668,0.642962,0.874074,-0.322335,0.355712,0.220336,-0.201031,-0.388975,0.314342,-0.957284
-0.113417,-0.2923,0.791151,-0.784134,0.428868,0.537908,0.694793,0.793432,0.365325,0.480229,-0.153701,-0.286203,0.312659,0.443321,-1.0
0.080695,-0.756051,0.134055,0.55511,-0.057482,-0.43531,0.506823,0.138116,-0.022211,-0.47978,0.148543,-0.508597,-0.176908,0.502979,-0.980506
0.943072,-0.665633,0.120923,-0.413225,0.861825,-0.599873,0.846258,0.033752,0.602686,-0.419653,0.103138,-0.074756,-0.324694,0.310812,-0.98218
0.665335,-0.371647,0.154506,0.360962,-0.080875,0.591819,0.16139,0.462794,-0.060156,0.070709,0.547888,-0.494796,-0.29476,0.513476,-1.0
-0.627214,-0.28751,0.633775,-0.838583,-0.432576,-0.21371,0.210579,0.601001,-0.22865,-0.038811,-0.814606,-0.335735,0.456341,0.181233,-1.0
-0.032006,-0.890224,-0.640831,-0.96059,0.899581,0.735099,0.667227,0.491431,0.338072,0.297219,-0.195882,-0.288729,0.210129,0.424572,-0.993317
0.373543,-0.25308,-0.624452,-0.800963,0.310055,0.002632,0.853175,0.326231,0.760958,0.003517,0.097076,-0.212327,-0.173013,0.45532,-0.996346
0.271244,0.712761,0.374646,-0.659677,0.462449,-0.826155,0.061331,0.071895,0.065844,-0.069631,-0.061068,0.904173,0.000166,-0.575452,-0.976856
-0.574099,0.654274,0.183315,-0.403264,0.304754,0.399682,0.330034,0.868601,0.067706,0.102317,-0.797825,0.149256,0.49325,-0.073095,-0.979058
-0.588545,-0.2532,-0.224338,-0.046842,-0.180291,0.40111,0.998201,0.848888,-0.365366,0.780317,0.023365,0.066703,0.228153,0.429197,-1.0
0.117228,0.83701,-0.453103,-0.320529,-0.664781,0.64014,0.318981,0.509088,-0.234094,0.195986,0.734162,0.210984,-0.548256,-0.098364,-0.999868
-0.603681,-0.70222,0.844621,0.793042,-0.430205,-0.617135,0.433667,0.947986,-0.205975,-0.241325,-0.558502,-0.250992,0.441928,0.252722,-0.994075
0.083645,0.238638,0.258932,-0.315054,0.646738,0.145817,0.713359,0.084806,0.597206,0.110571,-0.274369,-0.059792,0.526065,-0.02067,-0.922076
0.494617,0.517254,-0.026085,0.495265,-0.151529,-0.467035,0.92599,0.611984,-0.246317,-0.671666,0.045314,0.028067,-0.258614,-0.425145,-1.0
-0.162294,0.227713,-0.164553,0.487201,0.370808,-0.57296,0.236689,0.121402,0.121201,-0.14979,-0.483612,0.637172,0.402505,-0.369259,-1.0
-0.706432,-0.707902,-0.195686,-0.672686,-0.367703,0.714395,0.910935,0.734388,-0.35949,0.610059,-0.000716,-0.078687,0.104359,0.461551,-1.0
0.621696,0.034068,-0.496783,-0.596364,0.272279,-0.487006,0.090174,0.812672,0.027321,-0.035555,0.43511,0.714125,-0.245695,-0.444164,-1.0
0.179861,-0.664108,0.699269,0.436012,-0.884465,-0.217177,0.668697,0.809128,-0.585549,-0.144617,0.370812,-0.066645,-0.481731,0.162561,-0.965247
-0.0823,-0.258876,0.984817,-0.011481,-0.601892,-0.606252,0.49178,0.322552,-0.266949,-0.346992,0.43479,0.315676,-0.397408,-0.337322,-1.0
-0.483004,-0.026585,0.463781,-0.059664,0.252538,-0.214811,0.202818,0.584186,0.133641,-0.032041,-0.84795,0.270568,0.448801,-0.050694,-0.940212
0.073607,-0.345747,-0.306352,0.786803,-0.393292,-0.019231,0.448133,0.600072,-0.295378,-0.004411,0.482102,-0.406227,-0.421921,0.373196,-1.0
0.142687,0.277193,-0.051635,0.694966,0.834274,-0.424386,0.549856,0.184675,0.40605,-0.141377,-0.283151,0.2882,0.333698,-0.367485,-0.929325
0.238716,-0.343086,0.759901,-0.125899,-0.893596,-0.162017,0.308453,0.341473,-0.224816,-0.056364,0.620202,-0.244636,-0.465597,0.135273,-1.0
-0.794164,0.255273,-0.202426,0.179668,-0.328105,-0.198253,0.486612,0.156684,-0.387418,-0.147692,-0.468763,0.261435,0.287765,-0.369645,-1.0
-0.51207,0.010158,-0.762059,-0.830763,0.254406,0.47388,0.094586,0.218617,0.025601,0.024097,-0.778334,-0.479975,0.383507,0.280457,-1.0
-0.296173,0.766847,-0.005241,0.729557,-0.618956,-0.388845,0.850238,0.080525,-0.622121,-0.283104,-0.041847,0.06042,-0.125919,-0.488189,-1.0
-0.254153,0.311006,-0.799177,0.505874,-0.711714,0.69782,0.282765,0.691353,-0.203417,0.129293,0.534546,-0.409551,-0.400111,0.364166,-1.0
-0.217307,-0.977024,-0.327659,-0.891714,0.605405,-0.534002,0.933905,0.819112,0.592894,-0.529997,-0.05586,0.026157,0.433418,0.286712,-0.9296
-0.093574,-0.155686,0.748057,0.937153,0.414487,-0.506645,0.263341,0.386329,0.125045,-0.156759,-0.703336,0.384776,0.466828,-0.293259,-0.991436
0.48227,0.312441,0.312046,-0.538927,-0.672501,-0.374187,0.56586,0.231242,-0.312877,-0.095893,0.338453,0.231782,-0.420578,-0.29769,-1.0
-0.830908,0.392722,-0.256863,-0.2992,-0.897346,-0.058122,0.746956,0.783725,-0.552447,-0.054949,0.095868,0.237564,-0.105035,-0.474497,-0.970332
-0.515984,-0.746738,-0.066532,-0.255696,0.832504,-0.039637,0.912579,0.360432,0.70601,-0.00262,0.019143,0.018828,0.408147,0.242552,-0.966203
-0.007614,0.535693,-0.934441,0.184751,-0.862248,0.048115,0.520009,0.647411,-0.396959,0.075637,0.412181,0.192774,-0.343721,-0.306785,-1.0
-0.873751,-0.653634,-0.296488,0.205091,-0.020868,-0.891802,0.278128,0.634046,-0.005765,-0.188726,-0.688044,0.197832,0.528887,-0.145651,-0.954705
0.35076,0.476216,-0.610012,0.000732,-0.054348,0.204946,0.269017,0.661971,-0.051198,0.245116,0.560505,0.373119,-0.395807,-0.306079,-1.0
0.056624,0.740013,-0.566017,0.559036,0.188028,0.208278,0.475207,0.800895,0.148811,0.213438,-0.220309,0.494021,0.169143,-0.501246,-1.0
-0.958709,-0.867884,0.513654,-0.007609,-0.448916,0.788752,0.888486,0.192192,-0.372855,0.64647,-0.175092,-0.189291,0.07937,0.584635,-0.946094
-0.669776,0.839843,-0.729381,-0.198472,-0.706176,-0.542381,0.278859,0.560303,-0.10953,-0.188539,0.015749,0.719518,0.000496,-0.581984,-1.0
0.922386,-0.359151,-0.098379,0.823595,0.005199,0.960324,0.890928,0.259839,0.085417,0.727106,0.024289,-0.118654,-0.33808,0.368666,-0.960349
-0.055386,-0.338358,0.065527,0.864322,-0.564654,-0.981082,0.624042,0.031541,-0.203745,-0.47636,0.22603,0.293932,-0.241843,-0.459829,-0.973721
0.222816,-0.264053,0.756167,0.199213,0.968659,0.631546,0.593119,0.9882,0.332102,0.18769,-0.229886,-0.296198,0.235381,0.403642,-1.0
0.910937,0.8866,-0.277337,0.872418,0.242479,-0.018284,0.689797,0.166776,0.460113,0.106626,0.199683,0.273632,-0.342235,-0.462872,-0.991191
0.028532,-0.061798,0.339856,-0.40617,-0.450292,-0.78663,0.641376,0.961648,-0.211791,-0.520776,0.253771,0.369179,-0.200526,-0.363487,-0.988864
-0.969469,-0.270115,-0.093361,-0.628217,0.582647,0.548197,0.052849,0.365294,0.005625,0.05656,-0.835649,-0.561628,0.482565,0.189173,-0.972466
-0.845011,-0.662425,-0.468258,0.617504,0.738987,0.751329,0.93936,0.982547,0.502417,0.54637,-0.017856,-0.026515,0.356278,0.349842,-0.941509
0.195798,0.466126,0.261462,0.473028,-0.55809,-0.791167,0.437563,0.711615,-0.228153,-0.339697,0.263186,0.402202,-0.212867,-0.459761,-0.939252
-0.487374,0.731287,-0.958228,0.455307,0.963459,-0.2876,0.063589,0.79145,0.060931,-0.064511,-0.796509,0.519935,0.356417,-0.288202,-1.0
0.027354,-0.947711,0.057457,-0.141609,-0.508472,0.287763,0.260711,0.503232,-0.203116,0.06894,0.199409,-0.681838,-0.224549,0.546512,-1.0
0.957338,0.491992,-0.678532,0.012975,0.716874,-0.022808,0.343201,0.731118,0.318178,-0.007408,0.254883,0.586042,-0.181119,-0.486495,-0.966792
0.674441,-0.862281,0.021409,0.268304,-0.947978,0.321879,0.705228,0.400379,-0.520263,0.217267,0.173817,-0.173637,-0.378038,0.317787,-1.0
-0.976937,-0.952974,-0.580709,-0.294252,-0.680824,-0.867785,0.866826,0.181089,-0.475123,-0.537254,-0.037176,-0.053918,0.476998,0.084757,-0.982924
-0.460674,-0.219157,-0.315871,-0.574854,-0.34454,-0.121187,0.881415,0.388751,-0.675868,-0.278419,-0.054559,-0.174437,0.401913,0.28712,-0.964663
0.736898,0.000264,-0.471129,0.095835,0.099955,0.914688,0.99421,0.655042,0.121262,0.860353,-0.000291,-0.014415,-0.415177,0.346183,-0.922163
-0.81452,-0.582303,0.183496,0.944255,0.746783,0.4517,0.587862,0.765614,0.380639,0.204612,-0.295807,-0.228119,0.369281,0.26203,-0.980746
0.24566,0.408874,-0.766765,-0.952191,-0.607919,-0.464538,0.175887,0.684164,-0.114588,-0.150471,0.560552,0.514385,-0.428957,-0.339014,-1.0
0.30942,0.625165,0.954577,0.063233,-0.182139,0.751085,0.519587,0.404611,-0.120872,0.39803,0.511823,-0.094871,-0.436123,0.06861,-1.0
-0.575379,0.951464,-0.651081,-0.883938,0.556448,0.117997,0.601035,0.640857,0.46846,0.119717,-0.334969,0.355731,0.425274,-0.19494,-0.850616
0.278457,-0.765938,0.749142,-0.181515,-0.35451,0.260127,0.320753,0.790213,-0.144156,0.222552,0.337681,-0.636919,-0.1751,0.378091,-1.0
-0.038734,0.440604,-0.173947,-0.441057,0.802002,-0.368744,0.254102,0.872629,0.259269,-0.109498,-0.490225,0.520564,0.322541,-0.388468,-1.0
-0.587472,-0.733107,0.2162,0.242678,-0.514879,-0.66542,0.9166,0.344047,-0.516296,-0.620496,-0.143414,-0.028607,0.386233,0.331218,-0.972711
-0.946719,-0.200435,0.828082,0.680528,0.325555,-0.78495,0.517078,0.729205,0.220612,-0.371742,-0.495503,0.275733,0.41379,-0.272683,-1.0
-0.225371,-0.147265,-0.673894,0.956151,-0.639429,-0.977004,0.556823,0.324466,-0.226591,-0.327727,0.097779,0.335315,-0.211343,-0.432002,-0.935187
-0.74602,0.503338,-0.350024,0.480029,-0.748421,-0.86806,0.436559,0.100764,-0.248996,-0.307113,0.002524,0.599309,0.04287,-0.565711,-1.0
0.360881,-0.733366,-0.485282,0.940976,0.86383,0.128865,0.055485,0.784839,0.039556,-0.050016,-0.536343,-0.767889,0.255237,0.391118,-1.0
0.545367,-0.344659,0.0556,0.79651,-0.931949,0.060734,0.392416,0.641214,-0.322375,-0.125976,0.622873,-0.099507,-0.430523,0.199821,-0.949327
-0.461417,-0.910063,-0.597712,0.644168,-0.65944,-0.796624,0.839816,0.708274,-0.490898,-0.413453,0.11572,-0.07122,-0.45443,0.204718,-1.0
-0.582428,0.534515,0.41009,-0.308193,-0.960074,-0.526998,0.179752,0.159144,-0.161981,-0.065166,0.243912,0.804135,-0.185334,-0.497505,-1.0
0.263476,0.271916,0.841596,0.625783,0.503064,-0.945636,0.862593,0.514242,0.367144,-0.585252,0.018553,0.164598,0.128362,-0.47051,-0.999194
0.930876,0.265182,-0.711679,0.63398,-0.656832,-0.358931,0.955729,0.316617,-0.661281,-0.4147,0.099085,-0.02584,-0.51296,-0.205226,-0.915327
0.666106,0.038808,-0.415769,-0.7937,0.496548,0.578437,0.367176,0.078135,0.348697,0.207895,0.157081,-0.66727,-0.10973,0.489494,-0.948151
0.338262,0.802034,0.665698,-0.835464,-0.319175,0.146575,0.63368,0.708197,-0.481809,0.223575,0.214957,0.220317,-0.307903,-0.343647,-0.981668
0.47096,-0.589537,-0.719781,-0.293077,0.816167,-0.068235,0.581433,0.772692,0.499395,-0.082551,-0.19159,-0.304752,0.303423,0.422923,-0.951296
0.402306,0.572646,-0.238966,-0.062298,-0.329611,-0.924637,0.34134,0.607941,-0.137576,-0.293702,0.206696,0.67682,-0.172189,-0.457155,-1.0
0.605086,0.967141,-0.855644,-0.766073,0.68486,0.862238,0.07189,0.13369,0.02564,0.056137,-0.527877,0.717554,0.33938,-0.488084,-1.0
0.719123,-0.145519,-0.303693,0.555196,-0.433477,-0.142674,0.236727,0.14814,-0.165266,0.030299,0.823365,-0.074404,-0.543147,0.030498,-1.0
-0.22577,0.649277,0.834965,-0.42205,0.32238,0.223256,0.6578,0.248604,0.368796,0.224982,-0.150561,0.16508,0.284723,-0.335439,-0.929752
-0.9998,0.28819,0.003036,-0.527652,0.34153,-0.193384,0.477891,0.053893,0.37326,-0.142346,-0.512059,0.244701,0.384077,-0.219713,-1.0
0.83519,-0.702858,0.000169,-0.556906,0.439956,0.427538,0.599746,0.333171,0.35998,0.332937,0.117136,-0.378742,-0.204307,0.521257,-0.96881
-0.010349,0.557362,0.094716,0.231678,0.668048,-0.937019,0.262373,0.389563,0.170537,-0.106541,-0.325215,0.660444,0.168654,-0.488904,-0.956892
-0.017787,-0.541393,0.031814,0.880595,0.649302,0.655796,0.475532,0.981173,0.29995,0.167748,-0.275523,-0.482909,0.255626,0.473207,-1.0
-0.083417,-0.673046,0.119946,0.407752,-0.794414,0.832038,0.2491,0.351717,-0.127557,0.146571,0.354962,-0.686527,-0.274342,0.457975,-0.969929
0.749522,-0.416942,-0.701264,-0.7673,0.094992,0.620279,0.758769,0.03304,0.100984,0.643957,0.144906,-0.223219,-0.24938,0.46964,-0.989867
0.614738,0.979121,-0.190268,0.446243,-0.431313,0.532955,0.207224,0.528893,-0.076221,0.115667,0.814823,0.270235,-0.544631,-0.113068,-0.865341
-0.202817,0.926717,0.178978,-0.538418,0.162555,-0.964817,0.485606,0.493491,0.000827,-0.341618,-0.166854,0.50144,0.085641,-0.520248,-1.0
0.039219,-0.820211,-0.892338,-0.827144,0.963097,0.479684,0.643937,0.22387,0.44636,0.18545,-0.095654,-0.237485,0.281945,0.383478,-1.0
-0.873475,-0.826949,0.190343,0.776872,0.197536,0.64997,0.970223,0.484096,0.151963,0.767096,-0.199702,0.01667,0.34457,0.420725,-0.96133
0.358798,-0.1461,0.304928,-0.87254,-0.778448,-0.302185,0.22931,0.067015,-0.135449,-0.031092,0.71518,0.160373,-0.509324,-0.009556,-0.978959
-0.763543,-0.740141,0.132588,0.509398,0.712701,0.63593,0.728639,0.736228,0.395261,0.388934,-0.199884,-0.231662,0.303263,0.377111,-1.0
0.018964,-0.140309,-0.64616,0.057276,-0.220094,0.355406,0.975833,0.232546,-0.516952,0.641496,0.090224,0.007725,-0.242891,0.389875,-1.0
-0.325192,-0.861889,0.004066,-0.448463,-0.865861,0.726602,0.59156,0.457038,-0.352529,0.26936,0.10121,-0.444305,-0.072236,0.599703,-1.0
0.657937,-0.961085,-0.194728,-0.403738,-0.150775,0.541537,0.471935,0.506529,-0.075796,0.407946,0.17058,-0.479923,-0.248598,0.435791,-1.0
-0.479693,0.051174,0.490708,-0.03185,-0.090091,-0.161745,0.082176,0.9202,0.049693,-0.06803,-0.869087,0.356013,0.450455,-0.275851,-0.969175
-0.629213,0.346514,0.200701,-0.777165,-0.564199,-0.552846,0.853487,0.611283,-0.465008,-0.459383,-0.041895,0.20773,0.054299,-0.462653,-0.997104
0.606509,-0.304851,0.105109,-0.81163,-0.35641,0.579755,0.051056,0.225285,0.063293,0.08858,0.550823,-0.653587,-0.337117,0.279546,-0.989383
0.342649,0.972645,0.799998,0.986497,-0.67246,0.544094,0.956747,0.615018,-0.587798,0.540486,0.086335,-0.060913,-0.394129,-0.252679,-0.988698
0.980622,0.951099,0.802598,-0.616618,-0.459567,-0.18607,0.783983,0.441994,-0.661773,-0.204708,0.111954,0.103574,-0.410456,-0.300594,-1.0
-0.767921,0.383279,0.782408,-0.537942,-0.38997,-0.784191,0.235788,0.580198,-0.159265,-0.189707,-0.3236,0.672402,0.175528,-0.560212,-0.917679
-0.445424,0.67252,-0.309962,0.430203,-0.470481,0.49471,0.374023,0.03996,-0.171568,0.186039,0.005769,0.622124,0.023667,-0.490721,-1.0
-0.776402,0.147867,-0.596585,0.813052,0.192096,0.485227,0.921355,0.910484,0.265451,0.700621,-0.079773,0.051211,0.526034,0.132921,-0.995294
0.773072,0.15576,0.914744,-0.609043,-0.108603,-0.187976,0.381577,0.30346,-0.160028,-0.24392,0.583737,0.148794,-0.430477,-0.247315,-1.0
0.958006,-0.645028,0.377646,-0.358563,-0.649171,-0.413276,0.362519,0.39344,-0.266028,-0.0578,0.584222,-0.084462,-0.473124,0.072054,-1.0
-0.085984,0.018183,0.43503,-0.581006,0.873908,-0.584241,0.043554,0.251149,0.061626,-0.046112,-0.728951,0.582228,0.310394,-0.291925,-1.0
-0.171456,-0.018366,-0.417186,-0.293998,-0.756169,-0.975571,0.366524,0.043224,-0.118802,-0.273228,0.315398,0.543226,-0.278485,-0.457168,-1.0
0.835487,0.668518,-0.314124,-0.588922,0.469636,-0.14859,0.591301,0.860627,0.518529,-0.030815,0.095162,0.375998,-0.125798,-0.464277,-1.0
0.396064,0.411721,0.416035,-0.757552,0.210045,-0.80738,0.711543,0.67211,0.313259,-0.535832,0.063527,0.385493,-0.012516,-0.444922,-0.971875
0.374548,0.86769,-0.3232,-0.400068,-0.151532,0.471656,0.664902,0.59095,-0.088259,0.472134,0.299266,0.218633,-0.341443,-0.299146,-1.0
0.378414,0.377234,-0.298838,-0.287411,0.521305,-0.904806,0.394975,0.952609,0.081965,-0.275793,-0.065289,0.588385,0.054569,-0.427114,-1.0
0.154517,0.602479,0.967364,0.926391,-0.734083,0.799283,0.345437,0.083915,-0.192241,0.306068,0.629527,-0.212995,-0.498625,0.043517,-0.979458
0.214856,0.456591,-0.152263,0.998544,-0.41413,0.439973,0.768559,0.970087,-0.47708,0.489207,0.321091,0.038326,-0.445776,0.047384,-0.991345
-0.626033,0.835947,0.66447,-0.791539,0.578051,0.687907,0.997773,0.781013,0.588807,0.575462,-0.00771,-0.053132,0.480394,-0.006683,-0.914182
0.206289,0.714816,0.758767,-0.266159,-0.804229,0.55792,0.931785,0.290005,-0.710835,0.436255,0.005337,0.030751,-0.464309,-0.06496,-0.975561
0.14573,-0.547281,0.467263,0.632772,-0.796398,-0.001086,0.714827,0.724776,-0.650962,-0.033268,0.299389,-0.138764,-0.444124,0.239065,-0.93078
0.772862,0.494509,-0.982574,0.207959,0.027929,0.994494,0.61972,0.585516,-0.036267,0.45747,0.267219,-0.181694,-0.436733,0.256703,-0.957326
-0.247598,0.49976,0.04374,-0.386258,-0.706172,0.539944,0.631403,0.30003,-0.435864,0.28816,0.430872,-0.110581,-0.457943,0.054965,-0.960216
-0.771969,-0.600704,0.876037,0.766627,-0.098717,-0.018191,0.962152,0.789735,-0.737315,-0.146898,-0.02826,-0.113969,0.312681,0.308526,-0.968259
-0.95884,0.527526,-0.309037,-0.268285,0.404746,0.507757,0.876969,0.366381,0.527644,0.55047,-0.107889,0.029127,0.466278,-0.000956,-0.960547
0.516697,-0.548737,0.792744,0.799821,0.46446,0.135325,0.906755,0.482884,0.697222,0.182474,-0.028393,-0.125716,-0.091228,0.482222,-0.964761
0.81615,0.563223,0.969424,-0.031274,-0.899957,-0.030061,0.90582,0.983491,-0.687761,-0.114266,0.153481,0.099146,-0.420666,-0.176191,-0.966394
0.725167,-0.464038,0.137847,-0.81511,0.125032,-0.351859,0.242822,0.328837,0.112001,-0.195253,0.718857,-0.121137,-0.455297,0.045741,-0.982656
-0.333216,-0.74787,-0.453131,-0.90624,-0.711018,0.046703,0.451658,0.88436,-0.406784,0.028665,0.194402,-0.597835,-0.215883,0.44895,-1.0
0.163258,0.086249,0.933049,0.019126,0.673852,0.095682,0.920957,0.681041,0.79084,0.090894,-0.005908,0.025585,0.493772,-0.048873,-0.959909
0.685088,-0.963216,-0.989108,0.138661,0.093357,0.626756,0.006209,0.751858,-0.044603,0.007822,0.304123,-0.98283,-0.189995,0.423243,-0.941146
-0.673876,-0.22454,0.328532,0.487788,0.378417,-0.450028,0.202771,0.964495,0.108105,-0.097083,-0.739746,0.167241,0.537372,-0.114918,-1.0
0.856608,0.215234,-0.019366,0.181363,0.428186,0.857087,0.015347,0.935608,0.045469,-0.013657,0.554621,-0.821454,-0.334114,0.3944,-0.991494
-0.660962,0.290155,-0.335552,-0.48945,-0.399048,0.710142,0.434913,0.544519,-0.11,0.282635,-0.319651,-0.430944,0.353776,0.444195,-1.0
0.642465,-0.468886,-0.092842,0.775848,0.827687,0.021245,0.133121,0.865926,0.070805,0.046663,-0.267632,-0.83769,0.131684,0.402798,-1.0
0.255564,0.285879,-0.436848,0.431087,-0.161747,-0.050878,0.611249,0.957703,-0.406522,-0.119655,0.338707,0.24351,-0.351422,-0.318017,-0.991619
-0.226778,0.428821,-0.820481,0.401238,0.084118,-0.795558,0.405568,0.615913,0.127568,-0.254994,-0.034102,0.603782,0.123477,-0.494928,-1.0
-0.8242,0.705446,0.081209,-0.93525,-0.375773,-0.09553,0.122913,0.591529,-0.054901,0.064173,-0.42793,0.735359,0.27383,-0.390317,-1.0
0.632871,0.717495,-0.376694,-0.485171,0.531432,-0.413582,0.531315,0.91108,0.336022,-0.255344,0.064832,0.460588,-0.041124,-0.512904,-1.0
0.145854,-0.149864,-0.643496,-0.907635,-0.747497,-0.879769,0.137088,0.194778,-0.058262,-0.011467,0.670196,0.469287,-0.493872,-0.269314,-1.0
0.37506,0.106566,0.132657,0.904813,-0.407217,-0.263137,0.838857,0.648967,-0.547925,-0.386827,0.234785,0.127603,-0.58805,-0.228503,-0.946671
-0.500334,0.239269,-0.567299,0.349159,0.769567,-0.203764,0.889849,0.165068,0.706403,-0.082291,-0.052099,0.102879,0.526464,-0.075276,-0.94955
0.969632,0.692293,-0.830798,0.616544,0.422866,-0.938656,0.105574,0.767377,-0.020121,-0.107296,0.234121,0.891516,-0.204317,-0.420888,-1.0
0.565521,0.814578,-0.869437,0.287756,0.286104,0.881834,0.74533,0.139729,0.197755,0.599415,0.270613,0.035515,-0.429808,-0.010183,-1.0
-0.860428,-0.34236,-0.662736,0.72109,-0.305611,-0.485051,0.545616,0.644789,-0.288242,-0.331154,-0.488363,0.167667,0.435252,-0.119851,-1.0
-0.127172,-0.77861,-0.913911,0.634192,-0.93072,-0.554564,0.020408,0.647849,0.091848,-0.043259,0.99879,-0.310229,-0.472229,0.216142,-1.0
0.72789,0.810167,0.135356,-0.261929,-0.305773,0.117898,0.425658,0.044499,-0.312607,0.189647,0.459307,0.292308,-0.337415,-0.204884,-1.0
0.759797,-0.199854,0.269843,-0.708307,-0.910645,0.898386,0.375791,0.409662,-0.188946,0.21559,0.459354,-0.321928,-0.486355,0.401094,-1.0
0.811199,-0.393084,0.463117,-0.772403,-0.103469,0.148286,0.081936,0.065367,-0.048627,0.012444,0.818682,-0.428164,-0.473391,0.182059,-1.0
-0.17143,-0.585436,-0.895935,0.409117,-0.050985,0.092898,0.864166,0.472124,-0.271851,0.64992,-0.030011,-0.065823,0.04782,0.431506,-1.0
0.614512,-0.233681,-0.139214,-0.359456,-0.916185,-0.962828,0.405675,0.099793,-0.195138,-0.264001,0.511181,0.249371,-0.378845,-0.221803,-0.935761
0.637923,0.951276,-0.942949,0.279668,-0.2902,-0.763784,0.022654,0.903516,0.017605,-0.067285,0.52282,0.970324,-0.174747,-0.510517,-1.0
-0.881845,-0.888605,0.958729,-0.451897,0.592706,0.22326,0.868963,0.512309,0.60261,0.186767,-0.162274,-0.05868,0.409923,0.277126,-0.987477
-0.778634,-0.925791,0.123805,-0.012637,-0.364041,0.467336,0.110858,0.292009,-0.090976,0.079381,-0.270217,-0.897319,0.193829,0.442578,-0.978894
0.215068,-0.492663,0.456977,0.043377,-0.85953,0.656293,0.681839,0.073208,-0.449074,0.357303,0.281805,-0.287847,-0.287312,0.362904,-0.947543
0.678656,0.84638,-0.581602,0.170889,0.159161,0.958971,0.657167,0.211515,0.135181,0.565321,0.289008,-0.041217,-0.567439,0.026599,-1.0
0.990731,-0.012952,0.426327,-0.189281,0.907207,-0.355305,0.975094,0.167139,0.665077,-0.266733,0.012467,0.064787,-0.03263,-0.485298,-0.961413
0.425622,-0.294844,0.892216,0.942354,0.590437,0.772659,0.722298,0.142109,0.338387,0.492036,-0.057514,-0.213122,0.062003,0.458738,-1.0
-0.651146,-0.579999,-0.314956,-0.21009,-0.222975,-0.183291,0.995393,0.693069,-0.620386,-0.571224,0.046675,-0.047192,0.332453,0.3227,-1.0
0.875328,-0.027108,-0.335236,0.995088,-0.950961,-0.992601,0.816416,0.510011,-0.517641,-0.439527,0.251416,0.083359,-0.48876,-0.1459,-0.990671
0.553154,0.094569,-0.683852,-0.183053,-0.816398,0.998067,0.967998,0.710087,-0.474691,0.575679,0.035958,-0.052209,-0.358103,0.341037,-0.972328
0.1,-0.145296,0.024984,0.936664,-0.746249,-0.458065,0.151766,0.563535,-0.113016,0.004874,0.894946,0.269234,-0.51237,-0.275507,-0.955968
-0.803853,-0.256464,-0.153272,-0.095738,0.419388,0.423127,0.948941,0.122111,0.590219,0.632671,-0.066449,-0.114554,0.365012,0.256267,-1.0
-0.268621,-0.6448,0.65758,-0.860453,0.848306,0.017386,0.451615,0.524307,0.361971,0.035061,-0.475015,-0.223261,0.33988,0.310057,-1.0
-0.369784,-0.179107,0.36846,0.345181,0.597336,0.171671,0.559663,0.696891,0.439806,0.149631,-0.409272,-0.145615,0.499235,0.18843,-0.978868
-0.693224,-0.700551,0.369854,-0.219846,0.117362,0.670217,0.706832,0.628881,0.028456,0.457547,-0.074165,-0.35601,0.211546,0.50566,-0.973766
0.855351,-0.487987,0.678868,-0.087393,0.909495,-0.011288,0.051177,0.909512,0.099365,0.082825,-0.069616,-0.942545,0.105347,0.443749,-1.0
-0.654181,-0.183797,-0.43611,0.382898,-0.850445,0.604519,0.070037,0.922884,0.019147,0.033878,0.277287,-0.91933,-0.152584,0.519026,-0.903555
-0.267588,0.467405,-0.709545,0.068942,0.295799,-0.625652,0.317976,0.787661,0.153963,-0.308999,-0.201934,0.542233,0.24385,-0.410464,-0.99159
0.190302,0.113919,0.319118,0.518422,0.700655,0.368829,0.814795,0.791883,0.549286,0.309013,-0.236028,-0.017757,0.473823,0.244108,-1.0
-0.279444,-0.915768,0.913765,0.977665,-0.117214,0.440342,0.957869,0.310666,-0.165441,0.730023,-0.004758,-0.085997,0.008173,0.458152,-0.990717
0.7841,0.817808,-0.890449,-0.055836,0.594781,0.631422,0.166981,0.71167,-0.016414,0.100541,0.584189,0.625303,-0.355307,-0.274307,-1.0
0.081756,0.687628,0.87289,-0.513942,0.707414,-0.422226,0.65021,0.646191,0.514084,-0.258755,-0.215856,0.415252,0.273158,-0.391945,-0.988569
0.489714,0.798106,-0.424109,0.707256,-0.71106,-0.259656,0.760436,0.12033,-0.496574,-0.223729,0.200666,0.190207,-0.343023,-0.401431,-0.992981
-0.208368,0.388533,0.665305,0.370125,0.295866,-0.294339,0.086507,0.778736,0.048793,-0.001815,-0.523629,0.707798,0.258092,-0.276324,-1.0
-0.90743,0.052781,0.847831,0.420522,0.979354,-0.12525,0.799345,0.435783,0.689148,-0.093882,-0.134967,0.001811,0.437277,-0.080186,-0.980855
-0.902401,0.862357,-0.078478,0.406643,-0.486192,0.952908,0.458166,0.004169,-0.163062,0.370589,-0.457154,-0.207364,0.473919,0.063617,-1.0
0.715818,0.923555,-0.030373,-0.527576,-0.511401,0.384834,0.863729,0.937799,-0.529064,0.388624,0.082419,0.101103,-0.469,-0.20002,-0.996102
0.030447,0.224846,0.220799,-0.903177,0.955605,0.538307,0.145432,0.787689,0.040798,0.081093,-0.753348,-0.339299,0.463808,0.197463,-0.985784
-0.200078,0.123002,-0.016567,0.65827,0.507301,-0.280959,0.917348,0.408257,0.619303,-0.26778,-0.088993,0.092583,0.47909,-0.20145,-0.949079
-0.025834,-0.410186,0.128082,0.257946,0.96025,-0.672155,0.990426,0.641881,0.65681,-0.429554,-0.021212,0.036973,0.485869,-0.150364,-0.984891
0.279083,-0.533845,-0.110567,0.520513,0.030457,-0.570717,0.804884,0.99107,0.139551,-0.608664,0.141618,0.009571,-0.442759,-0.086191,-0.962631
0.678012,-0.284703,-0.318771,-0.328489,0.296705,0.894751,0.440028,0.00799,0.055993,0.368302,0.226621,-0.546669,-0.10866,0.516011,-1.0
0.738643,-0.268169,-0.919829,0.70588,-0.674658,0.701447,0.200689,0.940453,-0.148622,0.12045,0.580934,-0.452825,-0.355779,0.337335,-1.0
0.058034,0.118404,0.295657,-0.008941,0.166966,-0.28219,0.848204,0.232127,0.359602,-0.628761,-0.009981,0.116396,0.179541,-0.372338,-1.0
0.44129,-0.528304,0.806893,0.914992,0.331059,-0.511247,0.23062,0.49131,0.040119,-0.154455,0.793698,-0.079595,-0.520298,0.167569,-0.917183
0.592505,-0.889689,0.68193,0.675316,0.335097,0.099579,0.56396,0.735082,0.3901,0.219669,0.088767,-0.425217,-0.139344,0.511328,-1.0
-0.981313,-0.06136,-0.701103,0.252268,-0.768494,0.404362,0.933407,0.801205,-0.677918,0.370832,-0.055951,-0.035392,0.233478,0.465085,-0.943497
-0.399886,0.171324,0.647757,0.294734,-0.398981,0.296968,0.746041,0.846669,-0.557443,0.40521,-0.107311,-0.196168,0.055496,0.396971,-1.0
-0.389462,-0.10409,0.507204,-0.906559,0.80405,0.127693,0.266291,0.770394,0.230862,0.014138,-0.780687,-0.088271,0.376867,0.036178,-1.0
-0.694507,0.873321,-0.218084,-0.932593,0.94121,-0.972147,0.358149,0.689067,0.128231,-0.12087,-0.529222,0.473819,0.371814,-0.281677,-0.916518
0.725952,-0.68974,-0.969997,-0.520649,-0.13221,-0.655188,0.209215,0.441091,-0.068727,-0.110311,0.767969,-0.078351,-0.494462,0.06447,-0.913291
0.577055,-0.23896,0.932726,0.178021,-0.479965,0.552745,0.739939,0.237857,-0.396459,0.38285,0.253031,-0.160144,-0.373998,0.373908,-0.991221
0.536109,-0.01582,-0.519338,0.100959,-0.571971,0.52226,0.269394,0.57428,-0.175803,0.094345,0.633436,-0.352072,-0.480956,0.239615,-1.0
-0.226051,-0.953416,0.953078,-0.000945,-0.296222,-0.219203,0.608596,0.144007,-0.421837,-0.370619,0.009676,-0.424085,0.019991,0.424179,-0.978561
0.290066,0.149503,0.152504,-0.434882,0.19313,-0.390303,0.637376,0.742836,0.217416,-0.380831,-0.010797,0.355902,-0.040342,-0.501964,-0.973651
0.374348,-0.115544,-0.214247,0.973287,0.453433,0.172102,0.60508,0.122464,0.480147,0.196649,-0.109839,-0.400266,0.194447,0.52383,-0.983151
0.140748,0.756864,-0.864154,-0.896326,-0.732887,0.05763,0.435682,0.680857,-0.317255,0.132259,0.36799,0.329828,-0.456478,-0.319878,-0.926407
-0.398425,-0.784345,0.796472,0.319948,0.056387,0.432996,0.059662,0.745247,0.053586,-0.019285,-0.282179,-0.954064,0.102006,0.505642,-0.927188
0.835865,0.354205,-0.662921,0.597796,0.897585,-0.108797,0.779998,0.517042,0.569888,-0.026113,-0.018794,0.276654,0.115865,-0.464645,-1.0
0.90352,0.89772,-0.875607,0.331849,-0.037065,-0.719116,0.075272,0.103359,0.060662,-0.136387,0.469978,0.789553,-0.205342,-0.366802,-1.0
0.591961,0.025753,-0.548342,0.09399,0.510269,0.403895,0.178886,0.555009,0.181148,0.189186,0.214254,-0.820941,-0.112411,0.458174,-1.0
-0.575501,0.851793,-0.118079,-0.300939,-0.776203,0.731753,0.185085,0.124287,-0.092876,0.176109,0.736599,0.372634,-0.475718,-0.22144,-1.0
0.964759,-0.340781,0.539326,-0.612268,0.20942,0.218863,0.939517,0.704557,0.55272,0.504734,0.06577,-0.023987,-0.435623,0.34177,-1.0
0.496966,-0.77607,-0.214486,0.112455,-0.10642,-0.00801,0.86843,0.593416,-0.665941,-0.110567,0.14596,-0.011188,-0.316405,0.417002,-1.0
0.993028,-0.793977,-0.237477,0.422343,0.915739,0.744778,0.835678,0.350432,0.486798,0.452034,-0.013368,-0.152067,-0.057977,0.534621,-0.979534
0.63266,0.072241,0.976668,-0.191377,-0.904529,0.186157,0.902225,0.892266,-0.71525,0.13735,0.131792,-0.014869,-0.504856,0.026799,-0.990657
0.929993,0.79177,-0.177537,0.437045,0.719774,0.463837,0.445193,0.321862,0.344777,0.271947,0.286797,0.467602,-0.278376,-0.46053,-1.0
0.122083,0.231888,0.242638,0.962105,0.592734,0.362946,0.520327,0.642907,0.374381,0.151522,-0.341288,-0.116205,0.435628,0.185502,-1.0
-0.710963,0.011456,0.712219,0.602793,0.063907,-0.552946,0.383742,0.870344,-0.005654,-0.268743,-0.50133,0.339008,0.413287,-0.301914,-0.967294
0.793279,0.5045,0.695948,0.28127,-0.277037,-0.072804,0.977925,0.152145,-0.785959,-0.124104,-0.048381,-0.025351,-0.346096,-0.242123,-1.0
0.334026,-0.104362,0.45103,-0.68697,0.207168,0.902213,0.1406,0.084351,0.089625,0.0675,0.056756,-0.821553,-0.067155,0.420132,-1.0
-0.46365,-0.731814,0.390484,0.522927,0.581209,-0.94587,0.655612,0.518219,0.216625,-0.47644,-0.362071,0.033231,0.534361,-0.092221,-1.0
-0.425225,-0.004513,0.218587,0.726075,-0.328261,-0.35483,0.858948,0.598758,-0.462578,-0.585436,-0.095075,0.164272,0.127931,-0.425026,-0.959516
0.942297,-0.560814,-0.743873,0.450192,0.810309,0.151904,0.949237,0.570913,0.734008,0.063814,0.011557,-0.051688,-0.067665,0.475248,-1.0
-0.762165,-0.705833,0.98291,-0.141403,-0.460142,-0.155717,0.272616,0.734009,-0.221939,-0.034005,-0.376583,-0.668999,0.237339,0.490136,-0.968527
-0.856676,0.250774,-0.101987,-0.707438,-0.482388,-0.187734,0.23696,0.033317,-0.209535,-0.072051,-0.49185,0.557515,0.279302,-0.382889,-1.0
0.97093,0.822043,0.121314,0.503965,0.825838,-0.938194,0.608802,0.610793,0.389042,-0.401134,0.04579,0.410144,-0.044317,-0.492081,-1.0
0.640577,0.836377,-0.890672,0.920678,0.974885,0.045613,0.903255,0.777582,0.741106,0.018043,-0.098573,0.057768,0.177333,-0.447526,-1.0
0.365044,-0.594384,-0.309527,-0.986644,0.794402,0.782028,0.298749,0.991566,0.182231,0.1943,-0.256987,-0.632284,0.161191,0.478818,-0.953546
0.071789,0.294744,-0.669375,0.01148,-0.187997,0.230878,0.479364,0.735661,-0.330134,0.299618,0.559805,0.008897,-0.529463,-0.116282,-1.0
-0.45914,-0.017665,-0.936936,-0.400546,0.609893,-0.157711,0.489202,0.929825,0.410408,-0.070891,-0.477802,0.071945,0.478101,-0.090896,-1.0
-0.888534,-0.602729,0.717833,-0.001021,-0.440411,0.713758,0.438334,0.836762,-0.12154,0.358554,-0.117071,-0.595368,0.16726,0.50793,-1.0
-0.463849,-0.661286,-0.135561,-0.881976,0.931952,0.835938,0.250115,0.394883,0.173793,0.167294,-0.552925,-0.571006,0.366638,0.330137,-1.0
0.756827,0.506907,-0.141695,0.020104,0.946317,0.295876,0.384075,0.950037,0.253744,0.106992,-0.406247,0.466798,0.360448,-0.429969,-0.957528
0.519385,0.379644,-0.756376,-0.325275,-0.958416,0.991457,0.938701,0.200872,-0.59052,0.581202,-0.038864,-0.00171,-0.535527,0.212297,-1.0
-0.49904,0.794853,-0.492405,0.806037,0.776698,-0.297935,0.999677,0.613358,0.666456,-0.243372,-0.04799,-0.004653,0.319533,-0.324484,-1.0
0.557537,0.794261,0.526422,-0.533608,0.350193,-0.763093,0.550823,0.983932,0.187378,-0.484441,0.034181,0.395434,-0.089261,-0.478757,-1.0
0.183504,-0.363888,0.985792,-0.223187,0.310698,0.828338,0.909062,0.427646,0.2536,0.731239,0.001911,-0.070336,0.052623,0.463828,-1.0
-0.264853,-0.389347,0.739473,0.803645,-0.785318,-0.364819,0.800854,0.89092,-0.675859,-0.292619,0.041838,0.003973,-0.40652,0.023172,-0.917009
0.374269,0.640963,-0.809345,-0.62384,-0.852743,0.450599,0.642242,0.119207,-0.351664,0.370311,0.3944,-0.075602,-0.459175,-0.116277,-1.0
-0.681577,0.949528,-0.731251,0.504727,0.871363,0.365341,0.709264,0.771995,0.452822,0.275205,-0.292724,0.179891,0.498219,-0.169585,-0.921841
-0.794953,0.469178,-0.016814,-0.968696,0.545081,-0.618091,0.555429,0.394576,0.222467,-0.360097,-0.296363,0.328731,0.422891,-0.275267,-1.0
-0.444563,-0.784564,0.696005,0.133607,0.708782,0.62679,0.551476,0.287174,0.317487,0.2453,-0.335004,-0.342434,0.264683,0.405407,-1.0
0.597678,0.834861,-0.039873,0.099101,-0.198279,0.096622,0.801948,0.716204,-0.588564,0.29588,0.014013,0.125127,-0.360982,-0.27635,-0.912669
-0.657771,-0.830016,-0.795676,-0.439681,-0.886721,0.329951,0.652524,0.801977,-0.453495,0.105623,0.119376,-0.326876,-0.067004,0.497661,-0.990231
-0.973563,0.212422,0.305863,0.954913,-0.487079,-0.800927,0.872427,0.859663,-0.375656,-0.607681,-0.046309,0.106588,0.172115,-0.413171,-0.973026
-0.439359,0.640592,0.83447,0.221724,0.611847,-0.865818,0.794638,0.590788,0.325765,-0.416135,-0.054929,0.0755,0.305925,-0.465501,-0.98011
-0.914322,-0.435354,0.842081,0.434452,-0.047699,-0.650098,0.78265,0.249266,-0.083583,-0.557031,-0.182977,0.13205,0.491965,-0.107762,-1.0
0.999565,0.23005,-0.928221,0.103366,-0.522044,0.479646,0.232009,0.273747,-0.139125,0.15387,0.711711,-0.188546,-0.46527,0.119303,-0.919409
0.926807,0.870275,-0.171444,-0.974558,-0.565231,-0.290028,0.780813,0.635856,-0.572421,-0.318404,0.166143,0.124298,-0.418965,-0.31035,-0.944265
0.268397,-0.081547,0.012975,0.207059,0.562794,-0.213788,0.152069,0.374613,0.087064,0.011995,-0.746476,0.411724,0.431174,-0.189214,-0.956298
-0.264473,0.911144,-0.943776,0.137491,-0.277981,-0.061018,0.676105,0.004255,-0.545765,-0.139656,0.021436,0.335942,-0.014597,-0.493955,-0.969844
-0.945947,0.307942,0.978337,0.655175,-0.280223,-0.301036,0.605088,0.878974,-0.297309,-0.368817,-0.238574,0.277136,0.326771,-0.33352,-0.986941
0.471387,-0.731697,0.936539,0.985644,-0.380381,-0.017624,0.242725,0.475916,-0.236375,0.009321,0.577161,-0.466167,-0.380691,0.310743,-0.977216
-0.645778,-0.694365,-0.969068,-0.056569,0.285803,-0.28075,0.960283,0.132766,0.562003,-0.491497,-0.107276,0.020528,0.398336,0.133831,-0.979832
0.47971,0.240047,0.373394,0.840317,-0.106064,-0.119068,0.617485,0.690023,-0.219672,-0.408383,0.316968,0.172864,-0.475547,-0.222724,-1.0
0.230424,0.124929,-0.836933,0.882773,0.075662,-0.153753,0.250788,0.403641,0.056853,-0.194082,0.331079,0.562952,-0.31868,-0.408478,-0.949029
-0.676801,0.560055,-0.482265,-0.660209,-0.100926,-0.816779,0.164963,0.386209,-0.070196,-0.114891,-0.298216,0.671951,0.175364,-0.446751,-1.0
0.716739,-0.67172,-0.318574,-0.2948,0.274208,0.252486,0.002905,0.272233,0.026469,-0.049392,0.378125,-0.949684,-0.157993,0.385592,-0.997617
-0.434943,-0.167765,-0.850811,-0.405217,0.181475,0.843389,0.452266,0.457435,0.167707,0.403111,-0.205067,-0.39543,0.354932,0.417819,-1.0
0.204599,-0.39953,0.224262,-0.784445,-0.529151,0.521847,0.473965,0.900308,-0.27558,0.257326,0.280775,-0.298587,-0.344449,0.412553,-1.0
0.138523,-0.084141,-0.916407,0.42335,0.572059,0.442139,0.526074,0.560865,0.352285,0.314046,-0.376403,-0.422991,0.356375,0.372433,-0.969398
-0.947987,0.720749,-0.862517,0.888021,-0.231214,-0.193481,0.645852,0.655952,-0.425701,-0.357528,-0.219927,0.190669,0.313641,-0.284663,-0.955576
-0.446284,-0.037216,-0.186837,0.866608,-0.244315,-0.923978,0.493737,0.972264,-0.094511,-0.474887,-0.191837,0.472059,0.056848,-0.502785,-0.995213
0.88354,-0.025059,-0.999448,-0.047093,0.087215,0.217571,0.24498,0.214691,0.053795,0.141532,0.715468,-0.181781,-0.517189,0.182811,-1.0
-0.734024,-0.409677,0.582052,-0.081605,-0.098421,-0.203737,0.521608,0.598123,-0.188953,-0.427969,-0.524936,-0.108418,0.46658,0.198305,-0.986018
-0.386441,-0.277218,0.214786,-0.745687,-0.148359,-0.644299,0.024361,0.160088,-0.0361,-0.06147,-0.532321,0.836159,0.361626,-0.416695,-1.0
0.030774,0.76769,-0.348214,0.799765,0.951397,-0.839916,0.125175,0.341307,0.034805,-0.093247,-0.459141,0.811878,0.281794,-0.543942,-0.968691
-0.258807,-0.423881,-0.720555,-0.335437,-0.081476,0.501707,0.652472,0.52951,-0.007976,0.543326,-0.109957,-0.317854,0.130491,0.541017,-1.0
0.405172,0.730689,0.321675,-0.189386,-0.272629,0.754383,0.007758,0.945297,-0.022752,0.005899,1.0,0.02304,-0.482891,0.031909,-1.0
-0.380918,0.274745,-0.434024,-0.261653,0.777117,0.344713,0.148614,0.701149,0.072041,0.051137,-0.83256,-0.102517,0.515595,0.115376,-1.0
0.290375,0.491795,-0.948264,0.146447,-0.549493,0.130275,0.37011,0.296975,-0.278898,0.051621,0.635653,0.136979,-0.413018,-0.220875,-1.0
-0.671929,0.528476,-0.564318,-0.398851,-0.791555,-0.826993,0.529599,0.781199,-0.309595,-0.240671,-0.054618,0.491937,-0.059949,-0.540734,-1.0
-0.041072,-0.725119,0.397769,0.057425,0.143379,0.612077,0.791743,0.495152,0.138482,0.59623,-0.033022,-0.242623,-0.029234,0.444137,-0.990096
-0.807358,-0.488231,-0.026895,0.360863,0.158208,-0.899587,0.402808,0.742748,0.080211,-0.221765,-0.510921,0.124732,0.479261,-0.165933,-0.973635
0.671249,-0.084741,0.787283,0.911822,0.547413,-0.917824,0.948015,0.712012,0.360108,-0.647772,-0.044877,0.090518,-0.06599,-0.514472,-1.0
-0.448533,0.404884,0.594368,-0.305039,0.205913,0.41807,0.437191,0.16295,0.140469,0.335841,-0.57024,-0.034572,0.55358,0.010125,-0.946876
-0.302881,0.727897,0.15371,0.749599,0.647859,0.388218,0.445395,0.89039,0.39539,0.220798,-0.608586,0.148636,0.470808,-0.192665,-1.0
-0.894373,-0.882724,-0.826705,0.373748,0.902985,-0.906717,0.720085,0.665229,0.40835,-0.409258,-0.344171,0.139996,0.449928,0.125911,-1.0
-0.189645,0.288206,0.731695,-0.945308,-0.357168,-0.919523,0.875811,0.795239,-0.278302,-0.640498,0.030382,0.113045,-0.069411,-0.432978,-0.96196
0.756484,0.388244,0.377198,-0.805938,-0.285625,0.896487,0.473737,0.104354,-0.097308,0.403411,0.481165,-0.208533,-0.445995,0.167183,-0.997194
-0.106986,-0.538081,-0.28027,-0.934005,0.53168,-0.610518,0.545132,0.469867,0.225655,-0.338885,-0.472403,0.139213,0.462559,-0.091207,-0.989797
-0.165411,0.899685,0.816944,0.361473,-0.935764,-0.925553,0.457176,0.910942,-0.247643,-0.325104,0.143545,0.488811,-0.144674,-0.534751,-0.954337
-0.961289,-0.302407,-0.261922,0.917527,0.631567,0.607392,0.173336,0.829527,0.052125,0.110201,-0.757181,-0.405818,0.351098,0.312381,-0.971832
-0.388937,0.532281,-0.852158,0.002432,0.944049,-0.27008,0.866005,0.580277,0.532171,-0.114726,-0.214567,0.036046,0.415258,-0.300744,-0.911423
-0.381325,-0.707695,-0.935137,0.307823,-0.10249,-0.433495,0.770963,0.675251,-0.126278,-0.55689,-0.075327,-0.222151,0.381182,0.351171,-0.964106
0.389766,-0.871559,0.129817,0.112154,0.939446,0.364877,0.474704,0.305826,0.334908,0.095533,-0.228653,-0.576962,0.112938,0.418419,-0.970435
-0.081295,0.7936,-0.988279,-0.709546,-0.621713,0.750152,0.183289,0.5665,-0.192401,0.07411,0.807102,0.109943,-0.550235,-0.031724,-0.904187
-0.474324,-0.608444,0.252338,0.445011,0.441206,-0.560004,0.11407,0.394561,0.039381,-0.118071,-0.841959,-0.104247,0.498004,0.077883,-0.985944
0.747947,0.204431,-0.82104,0.100005,-0.90893,0.336245,0.845796,0.323747,-0.5987,0.296843,0.159414,-0.02687,-0.487746,0.081302,-1.0
-0.875819,0.510562,-0.10748,0.060439,0.951281,0.168554,0.232239,0.896521,0.342616,-0.005852,-0.685409,0.154103,0.523289,-0.135695,-0.938894
0.162329,0.111886,0.069267,0.854222,0.392503,0.68263,0.087156,0.955585,0.025071,0.046562,-0.360022,-0.816253,0.187095,0.358451,-1.0
-0.623598,0.821888,-0.636824,0.942185,-0.212221,-0.066711,0.447448,0.61012,-0.384417,-0.113357,-0.333814,0.533655,0.223012,-0.413513,-1.0
0.142063,0.002807,0.502823,0.785213,0.669135,0.643899,0.901623,0.045645,0.483222,0.620569,-0.115209,-0.088075,0.321086,0.37499,-0.954302
-0.774639,0.539241,-0.348642,-0.770314,-0.239856,-0.327659,0.967815,0.460724,-0.451726,-0.637433,-0.023244,0.006277,0.28914,-0.4371,-1.0
0.954451,0.847798,-0.036052,0.976588,0.801364,0.43695,0.839919,0.611121,0.639362,0.319124,0.143708,0.182913,-0.225128,-0.478058,-1.0
-0.761219,-0.351084,-0.241542,-0.813554,0.649476,-0.064498,0.272794,0.418906,0.1944,-0.024736,-0.773834,-0.117364,0.481284,0.036473,-1.0
0.784819,0.25043,-0.31758,0.900774,0.684084,-0.85319,0.375662,0.598783,0.152903,-0.230194,0.078664,0.650594,-0.064482,-0.525079,-1.0
-0.031151,-0.122644,-0.893394,-0.58956,0.41566,-0.882193,0.003592,0.946578,0.048063,-0.057631,-0.514505,0.82592,0.221082,-0.397044,-1.0
0.860823,0.503331,0.186404,0.719166,0.202528,0.278534,0.949679,0.809753,0.472273,0.566506,0.088345,0.100576,-0.427797,-0.14676,-0.929767
0.855417,0.647538,-0.830538,-0.534569,-0.258058,0.295811,0.735112,0.591786,-0.33853,0.436539,0.210267,0.064193,-0.470009,-0.122275,-0.986677
-0.442032,-0.661997,-0.549803,-0.597967,-0.326865,-0.1696,0.082724,0.615694,-0.086387,-0.005346,-0.272679,-0.964507,0.158636,0.518807,-1.0
-0.019442,0.530009,-0.495032,-0.424834,0.844899,0.559183,0.024028,0.938045,-0.005307,0.02448,-0.952248,-0.068644,0.535003,0.065859,-0.95054
0.39596,-0.809669,-0.128086,0.080544,0.598294,0.73971,0.961949,0.122809,0.415565,0.675515,-0.020528,0.043045,0.093427,0.468287,-0.974126
0.031277,-0.182127,0.08041,-0.256547,-0.687213,0.368822,0.967162,0.233433,-0.771704,0.353156,0.07437,-0.03507,-0.312274,0.274997,-0.889157
0.361518,-0.798593,-0.473041,0.88028,0.328257,-0.858998,0.377802,0.4745,0.13255,-0.323865,0.347747,0.4453,-0.23348,-0.499107,-0.94017
0.86434,0.25074,-0.925746,0.66368,-0.987317,0.146877,0.973156,0.858814,-0.890575,0.139735,0.085942,-0.018381,-0.404388,-0.063145,-0.965061
0.399385,0.570138,0.36401,0.117718,-0.552912,-0.639621,0.226854,0.796574,-0.098849,-0.193647,0.506403,0.630512,-0.287582,-0.442877,-1.0
-0.559616,-0.982572,-0.164092,0.404942,0.092211,-0.637456,0.87451,0.633307,0.029479,-0.780184,-0.134153,0.002778,0.386248,0.306713,-0.926899
0.229101,0.250243,0.374938,-0.396104,-0.589574,0.948012,0.057801,0.13177,0.033985,-0.003044,0.671209,-0.618999,-0.383376,0.366568,-0.923291
0.956914,0.189265,-0.134557,0.891584,-0.547247,0.407717,0.89398,0.281628,-0.635468,0.438891,0.008651,-0.007985,-0.44166,0.115256,-0.957398
-0.125846,0.589634,-0.989152,0.738541,-0.22239,-0.437123,0.496686,0.578314,-0.225864,-0.376463,0.124755,0.550016,-0.034614,-0.459346,-0.96846
-0.507409,0.537122,-0.170488,-0.608904,-0.355872,0.861392,0.64261,0.887812,-0.178565,0.544062,-0.077123,-0.350792,0.240795,0.429263,-0.98287
-0.198717,-0.700982,0.163573,-0.77531,0.040353,-0.902673,0.121968,0.890075,-0.030281,-0.040339,-0.605175,0.549052,0.423945,-0.377773,-1.0
0.237455,-0.189478,-0.478696,0.152399,-0.50656,-0.198944,0.612138,0.578872,-0.493786,-0.185085,0.314136,-0.000736,-0.497,-0.057654,-1.0
0.526258,-0.79551,-0.947031,0.441089,0.098391,-0.509388,0.429202,0.26292,0.033849,-0.275855,0.479199,-0.29532,-0.423962,0.23435,-0.919677
-0.956412,0.222785,0.081994,-0.926471,0.060276,-0.653175,0.275089,0.862771,0.002725,-0.296946,-0.528441,0.496319,0.414094,-0.396715,-1.0
-0.536375,-0.289767,0.858122,0.951644,0.582331,-0.298094,0.276184,0.659026,0.210463,-0.149006,-0.808547,0.111104,0.436342,-0.015016,-0.937541
-0.619003,-0.678973,0.960888,-0.318195,0.16556,0.232247,0.904657,0.949577,0.393549,0.55883,-0.129354,-0.112314,0.388531,0.36384,-1.0
-0.409025,0.511444,-0.354761,-0.932791,0.275306,0.967434,0.366404,0.480128,0.08008,0.265654,-0.599454,-0.36148,0.406985,0.224442,-0.955849
-0.547759,0.032391,-0.879883,0.959875,0.59739,-0.440899,0.758592,0.446626,0.473941,-0.2873,-0.227079,0.141476,0.489044,-0.233891,-1.0
0.812148,0.329993,0.089191,-0.693003,-0.508643,-0.544446,0.829168,0.091887,-0.442927,-0.418056,0.070104,0.052219,-0.407632,-0.220294,-0.92742
0.362647,0.547583,0.715338,-0.530163,-0.261829,0.42384,0.051993,0.313648,0.06537,0.007873,0.895952,0.243549,-0.434461,-0.165694,-0.961858
0.940002,-0.020605,0.841373,0.845991,0.108034,-0.684038,0.382765,0.478345,0.12949,-0.368789,0.546264,0.358973,-0.432623,-0.233773,-0.948744
0.012255,-0.208286,-0.208779,0.112355,-0.455302,-0.729204,0.076026,0.483452,-0.052954,-0.086584,0.57363,0.705802,-0.260712,-0.348814,-0.971371
-0.601385,-0.516635,-0.320135,-0.749258,0.897499,0.382049,0.851271,0.747857,0.658126,0.296779,-0.123595,-0.151871,0.476111,0.261738,-0.970088
-0.79754,0.894749,-0.672602,-0.915384,-0.616148,0.383542,0.831894,0.846131,-0.573547,0.359284,-0.072399,0.133563,0.038315,-0.432781,-1.0
0.100307,0.892711,-0.687825,0.070789,0.033877,-0.878415,0.907809,0.738119,-0.004637,-0.759107,0.007414,0.059071,-0.01853,-0.543669,-0.96812
0.575909,0.681023,0.806842,-0.701475,-0.483148,0.183774,0.696289,0.888991,-0.496122,0.234669,0.264326,0.155682,-0.480621,-0.144988,-1.0
0.489023,0.665646,0.252883,-0.07919,0.654818,0.765077,0.578803,0.034779,0.24198,0.405748,-0.288293,-0.2474,0.454793,0.350363,-0.979927
0.240327,0.303365,-0.361702,0.445048,-0.294856,0.390345,0.798053,0.006442,-0.40727,0.53899,0.209533,-0.060675,-0.41405,-0.028366,-1.0
0.38406,-0.990586,-0.729026,0.709779,-0.72457,-0.194664,0.915131,0.308151,-0.653808,-0.097963,0.031174,-0.080595,-0.447862,0.218855,-1.0
0.173658,-0.100611,-0.222547,0.228135,0.178331,-0.620455,0.13002,0.023031,0.055094,-0.067592,0.060917,0.79112,0.0398,-0.436716,-1.0
-0.674605,0.978364,0.010507,-0.954411,0.497248,0.118657,0.913105,0.198185,0.772285,0.317976,-0.127702,0.065524,0.394696,-0.333263,-0.983516
0.233021,0.140372,0.893394,-0.194542,0.318063,0.324027,0.935883,0.602784,0.477488,0.508181,-0.047697,-0.052208,0.146973,0.416657,-0.979986
-0.401626,-0.804433,-0.822475,-0.129365,0.884282,0.387991,0.558462,0.89646,0.475831,0.201104,-0.361622,-0.321417,0.351211,0.334513,-1.0
-0.289927,-0.106844,-0.208572,-0.382612,-0.330866,0.70108,0.821948,0.177447,-0.268766,0.546195,-0.014587,-0.236537,0.018058,0.455437,-1.0
-0.039953,-0.894241,-0.174382,-0.133966,-0.247717,0.420575,0.31349,0.773374,-0.154301,0.174011,0.115672,-0.669367,-0.14702,0.576353,-1.0
0.192494,-0.189248,0.981513,-0.169501,-0.294879,-0.412287,0.085427,0.000416,-0.037718,-0.071617,0.76597,0.424861,-0.423717,-0.181019,-1.0
-0.892502,-0.283057,-0.467629,-0.224195,0.239172,0.08434,0.982194,0.631649,0.806938,0.226581,0.024752,-0.050131,0.468049,0.11156,-0.976525
-0.518319,0.98986,0.150253,-0.660175,-0.592745,0.485028,0.488247,0.60589,-0.197942,0.245845,0.123538,0.483293,-0.040305,-0.449772,-0.985477
-0.918086,0.885838,-0.421769,0.894242,0.335668,0.523002,0.106061,0.233379,0.147147,0.130469,-0.903787,0.191563,0.490972,-0.151588,-1.0
-0.493929,0.924172,-0.985375,0.690848,-0.270899,-0.182841,0.465906,0.818974,-0.320694,-0.209574,-0.078404,0.524294,0.072279,-0.562799,-0.981993
0.536793,0.492031,0.417632,-0.149616,0.398216,-0.545802,0.623467,0.315503,0.211379,-0.448558,0.064477,0.361678,-0.123805,-0.523754,-0.997152
-0.847094,-0.216298,0.547058,0.786169,0.382601,0.206023,0.745869,0.08487,0.572286,0.350425,-0.264702,-0.068152,0.480637,0.197052,-1.0
0.342943,0.360042,0.045364,-0.305254,0.849741,-0.223082,0.981711,0.675191,0.826844,-0.213641,0.013058,0.044222,0.2701,-0.387375,-1.0
-0.363306,-0.221444,-0.794355,-0.031922,-0.499839,0.030595,0.259062,0.468557,-0.255625,-0.083643,0.311231,-0.683264,-0.294544,0.416118,-1.0
-0.59698,-0.769414,0.645881,-0.79454,0.879932,0.380821,0.162769,0.681067,0.173265,0.0639,-0.663576,-0.560073,0.324324,0.375457,-0.99256
-0.762644,0.333604,0.170323,-0.351938,0.367414,0.211835,0.260338,0.764424,0.076481,0.09221,-0.772912,0.088991,0.485823,-0.0973,-0.988857
0.576738,0.631091,-0.347567,0.990243,0.097218,0.487242,0.746585,0.407046,0.095463,0.610861,0.234031,0.115049,-0.527187,-0.1186,-1.0
-0.52767,-0.888253,-0.01548,0.562023,0.912744,0.094391,0.226506,0.587089,0.218129,0.006407,-0.639761,-0.434677,0.388959,0.287622,-0.976566
0.388413,-0.715838,-0.363285,-0.688108,-0.549691,-0.206508,0.21127,0.783441,-0.17439,-0.020267,0.705584,-0.379714,-0.464211,0.220036,-1.0
-0.207647,0.331984,0.164528,0.400958,0.840698,-0.511965,0.329715,0.471178,0.206413,-0.195755,-0.533271,0.48543,0.457616,-0.25916,-1.0
0.007667,0.201925,-0.133782,-0.070502,0.823966,-0.337466,0.546586,0.837277,0.394002,-0.184096,-0.328972,0.201559,0.428832,-0.287692,-1.0
0.449298,-0.75252,-0.580596,-0.745742,0.341515,-0.862809,0.522374,0.074725,0.118738,-0.396108,0.264002,0.281743,-0.307618,-0.347898,-0.933378
-0.617058,0.144116,0.863756,-0.002459,-0.262326,-0.270381,0.422002,0.036908,-0.333308,-0.316631,-0.361464,0.446245,0.284552,-0.382788,-1.0
0.193152,-0.77408,0.387922,0.444283,-0.607479,0.94724,0.855442,0.818397,-0.416875,0.531527,0.093393,-0.121866,-0.218068,0.318613,-1.0
0.588056,0.005186,0.507876,0.676475,0.800044,0.904004,0.38308,0.244232,0.14424,0.263086,-0.12934,-0.633753,0.10189,0.6081,-1.0
0.987275,0.245522,-0.701839,-0.146413,0.981907,-0.239238,0.060731,0.500397,0.091546,-0.073665,0.075865,0.86932,0.004245,-0.539255,-0.930301
0.589389,-0.004618,-0.364495,0.5228,0.322173,-0.680076,0.322273,0.355723,0.089287,-0.168288,0.2689,0.583075,-0.189476,-0.452865,-1.0
0.065424,-0.828414,0.367688,-0.329823,-0.345554,-0.412816,0.303203,0.069117,-0.052456,-0.204894,0.441908,-0.497939,-0.390226,0.372482,-0.997751
0.776521,0.163328,-0.65449,0.685577,-0.658397,0.172892,0.671531,0.622334,-0.506206,0.180831,0.320178,-0.071756,-0.47338,0.079584,-1.0
0.879967,-0.923702,0.678922,0.433339,0.689403,0.62647,0.875478,0.986963,0.626827,0.373318,0.038274,-0.100959,-0.068462,0.434667,-0.960931
0.336103,0.165037,0.087444,-0.113708,-0.043846,-0.643896,0.308756,0.034412,-0.030106,-0.228143,0.378376,0.58249,-0.128491,-0.388204,-0.939427
-0.993818,-0.202665,-0.523253,-0.902283,0.434619,-0.962384,0.362098,0.803456,0.039478,-0.197514,-0.60085,0.298486,0.50357,-0.255765,-1.0
-0.880225,0.695485,-0.382642,-0.7128,-0.91,0.503204,0.482621,0.568647,-0.341486,0.258966,-0.058296,0.481567,-0.048061,-0.489738,-1.0
-0.909597,0.735181,0.662653,0.20998,0.884398,0.956843,0.838068,0.167547,0.439226,0.566304,-0.239597,-0.043311,0.534215,0.043032,-1.0
0.982803,-0.896525,-0.251009,-0.019651,-0.825146,-0.294733,0.355163,0.77033,-0.344499,-0.110599,0.602631,-0.125734,-0.513633,0.138577,-0.841512
0.203815,-0.298864,-0.852671,0.609118,-0.519376,0.942989,0.400694,0.386908,-0.176363,0.300442,0.394625,-0.494799,-0.18229,0.406653,-0.99891
0.07216,-0.148562,-0.997007,0.817206,0.060543,0.530834,0.870854,0.110629,0.159713,0.74968,-0.031458,-0.058721,0.064332,0.446053,-1.0
0.457829,-0.288478,-0.135893,0.361197,0.268933,0.414121,0.898943,0.903434,0.433713,0.563047,0.007391,-0.021348,-0.149635,0.478874,-0.930231
-0.875589,-0.67155,0.824796,0.499707,0.759558,-0.657349,0.478991,0.888732,0.255078,-0.273865,-0.563235,0.031824,0.473626,-0.069654,-0.979273
0.254159,-0.184714,0.944464,0.176108,-0.042579,0.016878,0.831819,0.571608,-0.534858,0.282453,0.236829,-0.02725,-0.442285,0.249543,-1.0
0.938778,0.62774,0.801306,0.299553,0.865426,0.230008,0.315898,0.296694,0.143094,0.079596,0.088239,0.755892,-0.061212,-0.46174,-0.999046
-0.321377,-0.19161,0.398973,-0.234285,0.859463,-0.362126,0.883216,0.864226,0.608167,-0.297992,-0.107721,0.132589,0.507182,-0.098353,-1.0
0.810709,-0.595845,0.321739,0.922574,-0.742602,0.590265,0.52299,0.178696,-0.342494,0.334148,0.437633,-0.300952,-0.305605,0.297198,-0.961768
-0.010845,0.52031,-0.768013,-0.823596,0.68429,-0.819364,0.256298,0.271941,0.16525,-0.241184,-0.406746,0.574656,0.114882,-0.498759,-0.98555
-0.137111,-0.910755,-0.207675,-0.918101,0.994801,-0.262019,0.205804,0.18121,0.17674,-0.031155,-0.654281,-0.348631,0.406954,0.120719,-0.956397
0.535804,-0.491968,0.347451,0.695782,0.294541,-0.886331,0.895061,0.33689,0.351111,-0.671412,0.073603,0.079201,-0.333365,-0.411494,-1.0
0.836258,-0.180545,-0.332138,-0.612726,-0.408357,-0.773191,0.949563,0.637248,-0.336569,-0.617123,-0.016009,-0.024355,-0.422815,-0.088169,-0.9694
0.778871,0.823701,0.91665,0.122902,0.311648,-0.801371,0.020315,0.766845,-0.03158,-0.080291,0.216507,0.88809,-0.195855,-0.470459,-0.927725
0.860534,-0.459066,-0.045097,0.762531,0.904067,-0.465581,0.164078,0.798532,0.079877,-0.010637,-0.852184,0.123666,0.52041,-0.146817,-0.993392
0.93324,0.118692,0.737588,-0.782291,0.509013,-0.974142,0.743469,0.218793,0.268316,-0.422519,0.055681,0.183847,-0.156311,-0.446876,-0.97278
0.626726,-0.389718,-0.09897,0.800908,-0.457607,0.61625,0.073356,0.212756,-0.143246,0.010191,0.701146,-0.602463,-0.365292,0.263799,-1.0
0.276456,0.287666,0.20882,-0.561147,0.445991,0.9364,0.642049,0.900746,0.251683,0.489016,-0.001251,-0.35002,0.196524,0.52301,-0.98086
0.258729,-0.383306,0.513915,0.694827,0.69145,-0.530674,0.599362,0.189437,0.368838,-0.288446,-0.347226,0.172114,0.546402,-0.141173,-0.957014
-0.567194,0.41002,0.745513,-0.60372,-0.957922,-0.568384,0.468187,0.723317,-0.305479,-0.209493,0.221254,0.541267,-0.175183,-0.36862,-1.0
-0.859078,-0.489137,0.43074,0.169865,-0.35784,-0.942787,0.722373,0.744729,-0.13422,-0.548202,-0.199724,0.183703,0.31287,-0.256744,-1.0
0.236742,0.072624,0.467501,-0.98501,0.66255,0.192565,0.31095,0.98301,0.268118,-0.030344,-0.575861,-0.143595,0.636458,0.113462,-1.0
0.596054,-0.69873,-0.706844,0.769953,0.153485,0.9036,0.603009,0.509713,0.044594,0.451626,0.032506,-0.357961,-0.181109,0.493795,-0.961158
-0.041153,-0.175591,0.309746,0.827608,-0.48989,-0.691443,0.787918,0.160145,-0.367104,-0.49931,0.151413,0.130415,-0.346163,-0.324989,-1.0
-0.777508,0.138,0.913845,0.984588,-0.223942,0.027125,0.205004,0.364343,-0.191484,-0.072418,-0.731867,0.181613,0.535787,-0.147083,-1.0
0.590505,0.944398,0.057643,-0.245883,-0.992475,-0.932102,0.522003,0.154285,-0.334948,-0.259192,0.335605,0.334178,-0.395279,-0.466111,-1.0
-0.056222,-0.675547,-0.903575,-0.16416,-0.707934,-0.589624,0.695322,0.819803,-0.463729,-0.29467,0.299028,-0.039637,-0.59068,0.153637,-0.948169
-0.169169,-0.154376,-0.57277,0.978526,-0.137734,0.704266,0.899241,0.965016,-0.115722,0.706234,-0.062204,-0.088648,0.017992,0.447017,-1.0
0.713591,0.748941,-0.224977,0.429902,-0.255037,-0.348153,0.653398,0.674636,-0.406798,-0.428938,0.144426,0.191955,-0.397373,-0.355186,-1.0
0.373769,0.510237,-0.735541,0.189385,-0.398777,-0.291365,0.679842,0.653428,-0.48366,-0.32414,0.178082,0.154837,-0.359349,-0.321583,-0.922751
0.270901,-0.493744,0.741484,0.020337,0.550802,0.950968,0.401121,0.796301,0.258463,0.284662,-0.052413,-0.553332,0.158397,0.55084,-1.0
0.133454,0.604457,-0.455083,0.172398,0.581793,-0.667091,0.848006,0.637184,0.413381,-0.493056,-0.005445,0.170708,0.179239,-0.470607,-1.0
0.494889,-0.501801,0.493851,0.785956,0.847773,0.262918,0.178017,0.353028,0.056336,0.038661,-0.349739,-0.712842,0.159561,0.388139,-1.0
0.731754,-0.274201,0.443984,-0.720656,-0.601339,0.192995,0.598519,0.057898,-0.459267,0.156855,0.331827,-0.191777,-0.529145,0.145144,-1.0
-0.560155,0.373354,-0.964455,0.66373,0.266093,-0.071029,0.265038,0.726429,0.065455,-0.086786,-0.676968,0.369819,0.359297,-0.239113,-0.978135
0.348043,0.681306,-0.964775,0.299705,-0.842067,0.638349,0.709798,0.080025,-0.461431,0.37107,0.228483,0.026526,-0.509103,0.022649,-1.0
0.256359,-0.696836,0.489617,-0.099594,0.065195,0.083942,0.828,0.539382,0.482396,0.475345,0.060711,-0.165485,-0.091178,0.517951,-0.973626
0.847829,0.296883,0.249599,0.819995,-0.846615,-0.586331,0.610966,0.457961,-0.378156,-0.220789,0.399881,0.182261,-0.454047,-0.271107,-0.969298
0.119766,-0.309784,-0.458851,-0.158961,0.489157,-0.987561,0.205912,0.084527,0.095923,-0.238292,-0.431237,0.668085,0.260628,-0.385319,-0.970662
0.195125,-0.303055,0.859838,-0.000432,-0.640632,-0.935443,0.295531,0.367244,-0.195232,-0.201547,0.636814,0.435035,-0.392621,-0.240434,-1.0
0.03203,0.910013,0.302488,0.556612,0.78747,0.286477,0.456916,0.431158,0.359843,0.025953,-0.431235,0.284517,0.371457,-0.269654,-1.0
0.873949,0.419448,0.838258,-0.447082,0.744153,0.857437,0.94787,0.931807,0.443924,0.53111,0.088472,-0.044968,-0.205307,0.507734,-0.97631
-0.396242,-0.585104,-0.073009,-0.836489,0.369086,0.140448,0.085275,0.790204,0.024012,0.106339,-0.639244,-0.610923,0.423924,0.271124,-0.899277
-0.417238,-0.902578,-0.969154,0.271612,0.892396,0.929058,0.526504,0.998333,0.379595,0.400494,-0.214221,-0.435653,0.305376,0.390834,-0.988337
0.573819,-0.507235,0.879554,-0.34348,-0.535796,-0.974504,0.309318,0.776987,-0.092004,-0.260726,0.619454,0.291221,-0.415638,-0.130535,-1.0
-0.922766,0.903557,0.745945,-0.117048,-0.375246,0.358532,0.607284,0.454043,-0.351693,0.227009,-0.267946,0.162469,0.225589,-0.255136,-1.0
-0.848158,0.143402,-0.714665,0.359674,-0.715406,-0.783165,0.291112,0.973804,-0.161729,-0.177211,-0.159355,0.6232,0.071778,-0.487757,-0.973079
0.269372,-0.585813,-0.421796,0.604603,0.281944,-0.739909,0.229734,0.062852,0.059141,-0.190909,-0.082961,0.75027,0.020003,-0.45821,-0.989379
-0.54487,-0.278508,-0.96039,0.685257,-0.521604,0.169639,0.075324,0.014632,-0.077362,0.051471,0.010439,-0.916807,0.086992,0.514882,-0.950202
0.210151,0.234642,-0.082378,-0.449277,0.28054,-0.25839,0.225024,0.52376,0.07496,-0.127505,-0.177013,0.721058,0.151053,-0.518628,-1.0
0.792422,-0.844233,0.846544,0.249863,0.549494,0.997349,0.518997,0.875105,0.222589,0.482496,0.147265,-0.487801,-0.133228,0.493797,-1.0
0.623529,-0.140385,-0.174358,-0.737562,0.08868,-0.470588,0.630511,0.646181,0.07875,-0.493028,0.319264,0.180859,-0.392326,-0.285436,-0.89246
0.579186,-0.934883,-0.99604,0.531,0.340667,0.180318,0.761146,0.974047,0.493088,0.318602,0.091957,-0.239069,-0.135552,0.406252,-0.947058
0.020893,-0.152782,0.012296,0.968648,0.055876,-0.929061,0.17309,0.013549,-0.016089,-0.099942,-0.093879,0.819616,-0.060109,-0.475522,-0.7856
-0.627729,-0.345347,0.769408,-0.865656,0.883079,-0.546077,0.22581,0.094736,0.058508,-0.143587,-0.729889,0.121144,0.504231,-0.005438,-0.988866
-0.650116,-0.444736,0.406186,-0.039215,-0.249865,-0.752806,0.740261,0.738486,-0.209924,-0.676668,-0.092742,0.092018,0.325585,-0.307956,-0.994774
0.462774,0.969446,0.833878,-0.336133,-0.713583,0.768713,0.195025,0.168625,-0.218641,0.128728,0.752723,0.110094,-0.492278,-0.096294,-0.979586
-0.605507,0.628756,0.01111,-0.329876,-0.370935,0.020862,0.574225,0.960123,-0.522629,0.013915,-0.143181,0.397931,0.136718,-0.447765,-1.0
-0.999063,-0.098257,-0.876252,0.893063,0.893768,0.503537,0.916689,0.493516,0.634703,0.26496,-0.153004,-0.19942,0.411757,0.049133,-0.932256
0.482939,-0.49337,-0.281256,-0.027337,0.884804,-0.540788,0.559503,0.893936,0.387966,-0.1975,-0.376759,0.106594,0.456582,-0.040305,-1.0
-0.523283,0.5884,-0.166347,-0.84895,-0.533536,-0.880236,0.237076,0.789236,-0.097952,-0.129114,-0.074958,0.794627,-0.093953,-0.483181,-1.0
0.298234,-0.600182,-0.339769,-0.217882,0.7659,0.850612,0.868487,0.260946,0.473111,0.521558,-0.047768,-0.138362,0.138759,0.454093,-0.978776
0.412294,0.656672,0.184236,0.167451,0.413152,0.757729,0.700192,0.854507,0.288019,0.437712,-0.131668,-0.266749,-0.04264,0.477449,-1.0
0.856157,-0.694846,0.460821,0.910317,0.020839,0.380351,0.264737,0.102325,0.068888,0.216286,0.433193,-0.531509,-0.341956,0.393054,-1.0
-0.602833,0.699366,0.38743,0.538604,-0.807303,0.555403,0.39731,0.278809,-0.235602,0.167284,0.493903,0.384883,-0.485233,-0.252067,-0.971476
0.077903,0.705968,-0.807484,-0.490945,0.052234,-0.469187,0.675689,0.082787,0.016313,-0.513606,0.061426,0.247667,-0.089685,-0.480637,-1.0
-0.326984,-0.192521,-0.210678,0.11828,-0.583844,-0.242343,0.74567,0.936516,-0.565381,-0.133162,0.197198,0.033137,-0.510923,-0.104357,-1.0
-0.943194,0.93831,0.287254,0.526801,0.200391,0.821313,0.514976,0.801953,0.100462,0.361151,-0.402989,0.078907,0.456154,-0.012095,-0.933213
0.933264,0.346173,0.028061,-0.319279,-0.23897,0.330013,0.803078,0.169502,-0.304935,0.45886,0.199009,0.073479,-0.441659,0.033842,-0.960012
0.817742,0.838293,-0.655577,0.767073,-0.575817,0.405584,0.645356,0.589849,-0.531897,0.299638,0.373334,0.133432,-0.52573,-0.142024,-0.993159
-0.118062,-0.951309,-0.88497,-0.675529,-0.166909,-0.348471,0.264726,0.733198,-0.117664,-0.199513,0.128347,-0.735499,0.008145,0.470945,-0.965416
-0.984859,0.517327,-0.743771,-0.679118,0.208837,0.047148,0.364345,0.345773,0.278761,0.035552,-0.58807,0.276663,0.496606,-0.217407,-1.0
0.728941,0.232545,-0.756789,0.971697,0.202586,-0.578238,0.645293,0.209814,0.192555,-0.503271,0.282482,0.329401,-0.27029,-0.533253,-1.0
-0.648992,-0.481857,-0.987651,-0.847008,-0.368264,-0.515684,0.651393,0.209136,-0.273086,-0.501002,-0.348374,-0.032061,0.505393,-0.016516,-1.0
0.322783,-0.382043,0.059224,0.025264,0.693183,0.632223,0.616877,0.657399,0.274795,0.289415,-0.202361,-0.359686,0.205251,0.537398,-1.0
-0.106565,-0.265909,0.92052,0.460583,0.971595,0.260128,0.661358,0.127282,0.546832,0.19482,-0.330052,-0.087536,0.410898,0.214272,-1.0
0.52408,-0.455883,0.428293,-0.245712,0.510332,0.905114,0.025522,0.920712,0.03994,-0.009331,-0.042226,-0.953159,0.035032,0.619425,-0.939841
0.840025,0.117328,-0.640824,0.037649,-0.554159,-0.393381,0.221968,0.413378,-0.192772,-0.107382,0.718281,0.195913,-0.468311,-0.141969,-0.972641
-0.510303,0.63057,-0.106931,0.631979,-0.759913,0.85122,0.606912,0.351271,-0.329234,0.334608,0.310908,-0.33904,-0.379433,0.324316,-0.986155
-0.708962,-0.846114,-0.52324,-0.793899,0.803122,0.49188,0.588056,0.237369,0.472096,0.315443,-0.233579,-0.309898,0.301073,0.204654,-0.989828
0.457749,0.710663,-0.438998,0.173897,0.150566,-0.083756,0.922034,0.910832,0.642214,-0.426216,-0.011886,0.16285,-0.168209,-0.5134,-0.989632
0.213047,0.842974,-0.985211,-0.862022,0.267803,-0.83012,0.912195,0.999745,0.198195,-0.752381,-0.029539,0.079746,-0.081424,-0.538861,-0.976089
-0.867213,-0.806389,0.391542,-0.734718,0.654295,-0.212477,0.277029,0.79821,0.232132,-0.150699,-0.694054,-0.231235,0.440744,0.204202,-0.960117
-0.045336,-0.49899,0.729306,0.651846,-0.085343,0.882123,0.681476,0.309818,-0.002871,0.547575,-0.024705,-0.233991,-0.002346,0.513479,-0.983316
-0.987004,-0.889225,0.109793,0.04331,0.168073,0.934948,0.686864,0.828225,0.034529,0.53286,-0.141757,-0.297752,0.246205,0.527845,-0.965187
-0.621979,0.017272,-0.173266,0.464264,0.990612,-0.276936,0.938455,0.919287,0.627981,-0.245507,-0.046461,-0.035138,0.567006,-0.087165,-1.0
0.293132,-0.663037,0.077449,-0.814638,-0.07327,0.926836,0.78805,0.261946,-0.019263,0.591159,0.057874,-0.2002,-0.090784,0.472571,-0.973652
0.018702,-0.629451,-0.500346,-0.18898,0.577273,-0.147752,0.160455,0.513412,0.001952,-0.018974,-0.680224,-0.685258,0.422323,0.304276,-0.94664
-0.440844,0.80596,-0.110052,0.613223,0.003607,0.185917,0.617834,0.173098,-0.020081,0.529209,-0.203248,0.277628,0.254877,-0.310382,-0.998624
-0.389225,-0.430724,0.835584,-0.070643,0.94846,0.330488,0.540744,0.888035,0.384918,0.059863,-0.357018,-0.352263,0.551977,0.282946,-1.0
0.017948,-0.80987,0.44297,0.144173,0.540649,-0.861323,0.554055,0.404892,0.272488,-0.394079,-0.447838,0.055813,0.534337,-0.066588,-1.0
-0.494397,0.114979,-0.536435,-0.440584,-0.813501,0.967075,0.447262,0.687457,-0.190163,0.362118,0.138701,-0.560723,-0.153744,0.422723,-0.995229
-0.386657,-0.770173,-0.632629,-0.14492,-0.356616,-0.359901,0.536479,0.031372,-0.298429,-0.293776,0.003265,-0.470981,0.019043,0.672675,-0.945704
0.195602,-0.410366,0.78151,-0.095755,-0.606967,0.910991,0.893587,0.288027,-0.382335,0.686993,0.06239,-0.053014,-0.335878,0.434118,-1.0
-0.335639,0.234879,0.02012,-0.552595,-0.284252,0.050556,0.287453,0.525293,-0.232986,0.11521,-0.164782,0.709708,0.164809,-0.438735,-1.0
0.685995,0.487058,0.044522,0.261001,0.152262,-0.710891,0.697829,0.830215,0.172485,-0.551875,0.14119,0.159974,-0.183883,-0.422152,-1.0
-0.684002,0.286029,0.764757,-0.688553,0.400382,0.299169,0.009136,0.633277,0.026047,-0.080391,-1.0,0.011285,0.551669,-0.022421,-0.98959
-0.501721,-0.313709,0.608782,-0.248553,0.332621,-0.614778,0.830478,0.074874,0.360015,-0.516395,-0.221665,0.002918,0.513686,-0.134641,-1.0
0.953469,-0.818003,-0.79448,0.587957,-0.508081,-0.355191,0.267645,0.078039,-0.287617,-0.166773,0.709626,-0.18835,-0.533778,0.114755,-0.942872
0.384494,-0.439527,0.678346,-0.416526,0.609902,0.585484,0.781175,0.346167,0.384171,0.470753,-0.009047,-0.275783,0.067534,0.443464,-0.966227
0.220484,0.577182,0.041151,-0.953684,-0.625213,-0.629374,0.590352,0.983627,-0.38827,-0.410331,0.298595,0.252782,-0.305765,-0.427484,-0.996365
-0.300497,0.383083,0.816556,-0.650227,0.793847,-0.229637,0.226675,0.117557,0.148587,-0.058336,-0.769868,0.379298,0.493198,-0.279518,-1.0
-0.760732,0.56911,0.70969,-0.516093,-0.157054,0.199687,0.059399,0.525409,-0.021757,0.089467,-0.749963,0.61783,0.370848,-0.265323,-0.981131
0.416832,0.212181,-0.941609,-0.900843,-0.538413,0.845749,0.178505,0.980528,-0.066952,0.23494,0.615102,-0.406849,-0.426202,0.252345,-0.981884
-0.822107,-0.087509,-0.88309,-0.081853,-0.978284,0.418044,0.207667,0.073324,-0.10911,0.04226,0.207302,-0.783176,-0.181875,0.50615,-0.977438
-0.247472,-0.677093,-0.049388,-0.655125,-0.729512,-0.885977,0.792267,0.480465,-0.398577,-0.396709,0.203374,0.096464,-0.451462,-0.310424,-0.960681
-0.618401,-0.101735,0.721226,0.472139,-0.90664,0.911487,0.580078,0.747894,-0.391284,0.305424,0.119641,-0.423815,-0.092031,0.455347,-1.0
0.113036,-0.892564,-0.445006,-0.610426,-0.882369,-0.642947,0.900334,0.358864,-0.545938,-0.409463,0.063329,-0.016282,-0.426619,0.197392,-1.0
0.600768,-0.535523,-0.191921,0.119114,0.786119,0.2448,0.230182,0.316923,0.166738,0.103852,-0.224849,-0.7276,0.15849,0.554619,-1.0
0.703313,-0.105945,-0.615724,0.547619,-0.179709,0.775266,0.202461,0.355116,-0.021886,0.137561,0.498055,-0.518441,-0.277176,0.390613,-0.927528
-0.25364,-0.447314,0.990207,0.091938,0.987162,0.628903,0.988219,0.550105,0.723288,0.473267,0.090587,0.048123,0.38714,0.275527,-0.952097
-0.315943,0.979042,0.44498,0.89383,-0.215334,0.313654,0.328161,0.953785,-0.190583,0.262138,-0.093409,0.578704,0.130176,-0.469358,-1.0
0.37617,0.543965,-0.80975,-0.952871,-0.853075,0.490304,0.244474,0.513622,-0.201313,-0.04489,0.729681,0.036204,-0.452472,-0.002163,-0.99062
0.676961,0.332301,-0.772126,-0.331642,-0.101167,0.195615,0.667347,0.238231,-0.260247,0.496923,0.356876,0.060559,-0.475885,-0.121013,-0.96808
-0.859091,0.320792,0.796769,-0.272722,-0.906868,0.100817,0.793993,0.462653,-0.596077,0.095698,-0.023857,0.178725,-0.12845,-0.447512,-0.955299
0.024045,0.093282,-0.586991,0.621016,0.221157,0.687026,0.455852,0.235932,0.11501,0.329012,-0.231745,-0.477559,0.086591,0.500097,-0.957856
0.623179,-0.643413,0.173686,-0.698216,-0.304198,-0.047563,0.25358,0.240424,-0.136113,-0.008094,0.606908,-0.383748,-0.441621,0.263527,-1.0
0.112607,0.270768,0.787699,0.627669,0.511472,-0.105397,0.898953,0.745363,0.592524,-0.106314,-0.109587,0.14276,0.465919,-0.433983,-0.975782
-0.403444,0.566382,-0.698086,-0.11909,0.977487,0.187199,0.720349,0.436306,0.563525,0.135319,-0.261353,0.128418,0.499226,-0.011418,-0.939133
0.168252,-0.198979,0.103668,0.12217,-0.907574,-0.203479,0.726938,0.6791,-0.494544,-0.196601,0.293987,0.020832,-0.476171,-0.011314,-0.884528
-0.362771,-0.474414,0.979218,0.407165,0.069551,-0.63104,0.895483,0.911931,0.066219,-0.727296,-0.089875,-0.023134,0.499861,-0.131897,-0.946549
-0.044786,0.04312,-0.931994,0.177053,0.311529,0.582426,0.076858,0.814537,0.061799,-0.021281,-0.536489,-0.716945,0.319901,0.39397,-1.0
-0.726269,-0.207618,0.358877,0.845242,-0.298816,0.11974,0.498308,0.553154,-0.320333,0.1665,-0.364953,-0.33736,0.411564,0.367353,-0.973656
-0.603267,0.24988,-0.388389,0.482722,-0.459621,-0.22205,0.303411,0.03379,-0.23712,-0.084984,-0.193674,0.700471,0.020582,-0.578131,-0.898453
-0.420303,-0.310583,-0.639734,-0.546304,0.58447,-0.783554,0.980101,0.761641,0.462925,-0.555056,-0.087625,-0.046773,0.465379,-0.202083,-0.974238
-0.976258,-0.849216,-0.619695,-0.430759,0.870187,-0.113838,0.290406,0.065738,0.189021,-0.026894,-0.6699,-0.368714,0.448891,0.153125,-0.985927
-0.023432,-0.252023,0.187531,-0.000538,-0.510563,0.862978,0.814985,0.33818,-0.267153,0.518298,0.044165,-0.194393,-0.25343,0.569202,-0.978028
-0.554222,0.153208,-0.266456,0.816001,0.296244,-0.915928,0.937902,0.597041,0.194806,-0.623676,-0.07062,0.089343,0.249834,-0.470675,-0.990883
0.148267,-0.525687,0.347623,-0.678477,0.581034,0.184218,0.365985,0.237584,0.322587,0.159558,-0.276898,-0.49509,0.301707,0.413813,-1.0
0.507707,-0.692756,0.651221,-0.658871,0.175868,0.198897,0.515017,0.921939,0.222358,0.357367,0.288061,-0.468449,-0.14796,0.438932,-1.0
0.486737,-0.704408,0.187037,0.078703,-0.738143,-0.121684,0.539721,0.369879,-0.466566,-0.036423,0.39717,-0.275653,-0.40772,0.323549,-0.998662
-0.516974,0.441099,0.828902,-0.700711,0.566692,-0.444814,0.204546,0.904673,0.090252,-0.122128,-0.643641,0.465562,0.393781,-0.278313,-0.898772
0.802412,-0.830535,0.911174,0.369632,-0.423643,0.349373,0.688957,0.625236,-0.407711,0.400496,0.232954,-0.294592,-0.344526,0.376802,-0.885446
0.750862,0.286314,0.212143,0.483983,-0.861458,-0.628933,0.730797,0.187841,-0.549447,-0.356177,0.21748,0.177512,-0.412878,-0.339992,-1.0
-0.440824,-0.661198,0.357483,-0.70275,-0.2352,-0.014156,0.136093,0.597881,-0.192769,0.085037,-0.234222,-0.779325,0.199943,0.43197,-0.958043
-0.430913,-0.346624,0.018165,0.918347,-0.220304,-0.924827,0.625268,0.964301,-0.171199,-0.479264,-0.226092,0.259171,0.157011,-0.413753,-0.947057
-0.349555,0.052178,0.956048,-0.56126,0.177628,0.510106,0.969088,0.187348,0.311582,0.789152,-0.011009,-0.019423,0.411479,0.32425,-0.964992
0.056552,-0.593664,0.868788,-0.342074,-0.522134,0.060382,0.414453,0.549908,-0.261913,0.015945,0.340131,-0.391076,-0.340623,0.40088,-1.0
-0.955422,-0.492902,0.53145,0.894841,-0.52533,-0.139587,0.523217,0.726822,-0.331647,-0.078633,-0.340179,-0.284759,0.324451,0.317602,-1.0
-0.139273,0.777103,0.295572,-0.507945,-0.490605,0.616652,0.064031,0.248059,-0.071656,0.052292,0.791949,0.341944,-0.454636,-0.223605,-1.0
0.131466,-0.837724,0.94267,-0.543275,-0.792616,0.700721,0.595634,0.384154,-0.364841,0.320795,0.180148,-0.284151,-0.188878,0.416442,-1.0
0.847993,0.659587,0.751097,0.002913,-0.387007,0.704491,0.137583,0.039183,-0.0591,0.224766,0.787096,-0.059104,-0.539769,0.100826,-0.987267
-0.149227,0.149377,-0.66235,0.099088,0.376854,0.182379,0.605439,0.27481,0.434256,0.188075,-0.354625,-0.004613,0.473794,0.058409,-1.0
-0.553545,-0.879439,-0.693881,0.279974,0.292055,-0.55428,0.02054,0.106034,0.057987,-0.072841,-0.899536,-0.405143,0.409514,0.154367,-1.0
0.842399,0.131242,-0.416776,0.516832,-0.441568,-0.457393,0.753349,0.262404,-0.383777,-0.450823,0.148011,0.107223,-0.494559,-0.295671,-0.941853
-0.262103,0.30805,-0.170055,0.719068,-0.182809,-0.740504,0.550721,0.294674,-0.041409,-0.47294,-0.087989,0.487898,0.081611,-0.49482,-1.0
0.358552,0.776591,-0.523365,-0.438053,-0.82712,-0.931223,0.293072,0.689635,-0.098988,-0.119586,0.375442,0.491674,-0.317694,-0.39314,-1.0
-0.708721,0.170725,0.529323,0.722551,-0.437765,0.910692,0.859447,0.078626,-0.30647,0.652029,-0.0046,-0.100239,0.186719,0.47235,-1.0
-0.493905,-0.365678,0.815555,-0.61669,-0.992535,-0.038346,0.3317,0.444893,-0.296891,0.053426,0.666013,-0.425983,-0.378181,0.287555,-0.982928
0.758604,0.078791,-0.589865,0.953555,-0.228616,-0.632915,0.740938,0.751454,-0.221048,-0.538708,0.270401,0.093978,-0.348018,-0.354584,-0.984621
0.686773,-0.07781,-0.433085,0.553774,0.093918,0.252115,0.664026,0.642539,0.17362,0.485212,0.275904,-0.111353,-0.455414,0.177888,-1.0
-0.067683,0.805143,0.187163,-0.649548,0.906882,-0.492704,0.230919,0.86622,0.160465,-0.094199,-0.429339,0.634227,0.346083,-0.380218,-1.0
-0.111088,-0.671072,-0.307271,-0.355966,-0.110898,-0.177441,0.467656,0.786036,-0.227978,-0.31675,-0.034218,-0.517351,-0.002982,0.597401,-0.961757
-0.062603,-0.759976,-0.834992,0.283138,0.581388,-0.521927,0.019127,0.123013,0.026966,0.028294,-0.938666,-0.312071,0.525679,0.188959,-0.948633
-0.041295,-0.343251,-0.418469,0.704398,-0.106862,0.609259,0.134522,0.916637,-0.0307,0.004021,0.100331,-0.841722,-0.047849,0.482541,-1.0
0.282815,0.08419,-0.655672,-0.084748,-0.140313,-0.125324,0.370783,0.235954,-0.197167,-0.152708,0.513757,0.178444,-0.40835,-0.165809,-0.874587
-0.489098,0.5191,0.12277,0.470127,0.281853,-0.994782,0.837822,0.456883,0.147257,-0.56545,-0.01065,0.138081,0.205004,-0.538076,-0.898912
-0.267757,-0.806977,-0.341638,0.40081,0.234486,0.021917,0.731393,0.417639,0.621501,0.134507,-0.097026,-0.241953,0.302619,0.388993,-1.0
0.548159,-0.138496,0.51359,-0.171296,0.491956,0.375869,0.803118,0.921865,0.532743,0.385504,0.054356,-0.222589,-0.078472,0.531348,-1.0
0.274784,-0.623973,0.030051,0.002239,0.61376,0.277215,0.377261,0.765748,0.292202,0.165646,-0.259342,-0.603232,0.197475,0.49749,-1.0
-0.31573,-0.417733,-0.315554,0.789552,0.49404,0.646709,0.983976,0.121993,0.477123,0.536978,-0.01061,0.051751,0.370027,0.397953,-0.993162
-0.918416,-0.323867,0.11478,-0.632951,-0.034549,-0.798681,0.517277,0.701864,0.008193,-0.411882,-0.428471,0.32345,0.426229,-0.21038,-1.0
-0.46193,0.811405,-0.78592,-0.213726,0.457746,-0.140252,0.406745,0.326966,0.32038,-0.16447,-0.415966,0.399461,0.278422,-0.379059,-0.970412
0.718353,0.638731,0.906427,-0.005009,-0.016126,0.544162,0.487913,0.676355,-0.014607,0.32127,0.492185,0.103266,-0.455612,-0.082345,-1.0
-0.968278,0.641982,-0.662606,0.07165,-0.870668,0.727334,0.692604,0.075237,-0.405564,0.36523,-0.277035,-0.165805,0.376637,0.419148,-1.0
-0.240188,-0.97372,0.759565,-0.794265,-0.374099,-0.662201,0.282156,0.423354,-0.045573,-0.153695,0.429431,-0.648925,-0.202388,0.41375,-0.985603
-0.63874,0.316827,-0.261928,-0.786614,-0.078619,0.001523,0.126075,0.985674,-0.180648,-0.085945,-0.758051,0.385563,0.423809,-0.288983,-1.0
-0.772115,-0.661601,-0.061584,-0.90387,-0.384654,-0.429821,0.486986,0.321237,-0.265172,-0.187848,-0.328121,-0.387599,0.484093,0.222551,-1.0
0.717371,0.589289,0.569932,-0.734468,-0.322085,0.219429,0.952218,0.474818,-0.691323,0.493856,0.091659,-0.020103,-0.397197,-0.267241,-1.0
0.516265,0.744721,0.619062,0.167334,-0.453024,-0.128498,0.614675,0.783105,-0.462428,-0.07157,0.284277,0.213757,-0.407441,-0.381815,-1.0
0.948533,-0.208991,0.598306,-0.895538,0.187097,0.371588,0.055016,0.310771,-0.061035,0.008514,0.774974,-0.592309,-0.465878,0.300257,-0.993578
-0.323133,0.515711,0.54676,-0.184235,-0.770643,0.353356,0.814551,0.412141,-0.599911,0.263971,0.202712,0.00719,-0.409752,-0.152541,-0.959323
0.272991,-0.853775,-0.227933,0.461725,0.861289,-0.888329,0.130725,0.398175,0.134773,-0.03794,-0.781688,0.065249,0.539181,-0.022359,-1.0
-0.972399,-0.976769,0.987,-0.527707,-0.852193,-0.349247,0.143557,0.929625,-0.097467,-0.06647,-0.136832,-0.765636,0.140316,0.55145,-1.0
0.099365,-0.012987,-0.048033,0.864371,-0.222635,-0.710186,0.063848,0.675364,0.012424,-0.031461,0.371736,0.808259,-0.22705,-0.479567,-1.0
-0.979393,-0.847138,-0.508245,0.961662,0.618531,-0.878188,0.861154,0.527392,0.387103,-0.550291,-0.056668,0.028916,0.496462,-0.060181,-0.927532
0.356758,0.480641,-0.56925,-0.530067,-0.920638,0.766617,0.09735,0.147618,-0.031508,-0.014199,0.857755,-0.207388,-0.493712,0.077839,-0.961107
0.722631,0.841737,-0.955793,-0.780319,-0.797562,0.785229,0.716434,0.159515,-0.393518,0.419431,0.288158,-0.040468,-0.517472,-0.002437,-0.935367
0.240398,-0.541045,0.068081,-0.814782,-0.081017,-0.052282,0.911324,0.434137,-0.559546,-0.352763,0.055299,-0.125303,-0.292057,0.430236,-0.98627
0.195646,-0.839755,-0.552104,0.755749,-0.855964,-0.508656,0.779179,0.176774,-0.521722,-0.268233,0.090812,-0.116748,-0.484731,0.194713,-1.0
-0.169057,0.206452,0.387121,-0.217897,-0.688974,0.259862,0.001265,0.340808,0.027435,-0.058999,0.989978,-0.084732,-0.443101,0.065678,-1.0
0.494501,-0.028275,-0.50488,-0.349282,0.593416,0.402106,0.499725,0.078742,0.317682,0.200782,-0.099567,-0.490129,0.147954,0.514847,-0.996765
0.06691,0.576208,0.465402,0.488386,-0.540261,-0.057104,0.875443,0.02571,-0.651239,0.002119,0.030619,0.074038,-0.355081,-0.351988,-1.0
0.582505,-0.842933,0.27283,-0.261465,-0.343525,0.928576,0.79721,0.298646,-0.229629,0.545601,0.029408,-0.188523,-0.188757,0.42856,-1.0
0.02442,0.890073,0.855766,-0.315248,-0.227571,-0.610265,0.994513,0.088015,-0.282778,-0.628502,-0.004403,0.037437,-0.077115,-0.425973,-1.0
-0.865577,0.943554,-0.605284,0.448306,0.730319,0.124554,0.688942,0.038062,0.535864,0.120253,-0.233139,0.154165,0.480939,-0.304717,-1.0
-0.868223,0.217728,0.097427,-0.404025,0.909055,0.402401,0.451528,0.273725,0.294604,0.202358,-0.659784,-0.057798,0.517208,0.045696,-1.0
0.34157,-0.669982,-0.020803,-0.063447,-0.062394,0.769508,0.804907,0.14957,-0.073417,0.569872,0.01847,-0.165396,-0.182397,0.509657,-0.968773
-0.386188,-0.138635,0.009209,-0.942714,0.546268,-0.342004,0.767808,0.406794,0.513015,-0.310158,-0.163712,0.097691,0.512146,-0.185162,-0.956354
-0.705766,-0.274421,-0.831341,0.355557,0.468276,-0.846242,0.289045,0.263321,0.095425,-0.213213,-0.616677,0.344041,0.37495,-0.173484,-0.998846
-0.826169,-0.098713,-0.415942,-0.850758,0.060152,-0.329018,0.195881,0.775967,0.091048,-0.140859,-0.760329,0.201352,0.513736,-0.237931,-0.993104
0.867692,0.900191,-0.755226,-0.292628,-0.468297,-0.96984,0.818125,0.543856,-0.29096,-0.488489,0.068662,0.171628,-0.280897,-0.423732,-1.0
0.198181,-0.097458,-0.404537,-0.89749,0.772787,0.544444,0.781508,0.345661,0.424939,0.439745,-0.08335,-0.078992,0.256724,0.384432,-0.998644
-0.873351,0.474236,0.472581,-0.880522,-0.412763,-0.604565,0.987349,0.165969,-0.502277,-0.728041,0.059112,-0.043391,0.205654,-0.465488,-1.0
0.106755,-0.047331,-0.3613,-0.294845,-0.469971,0.444402,0.523005,0.534451,-0.275162,0.321488,0.361704,-0.337364,-0.424401,0.365052,-1.0
0.714669,0.824204,0.183852,0.453395,-0.624466,0.082849,0.437075,0.223076,-0.349681,0.059942,0.359655,0.248388,-0.367972,-0.309933,-1.0
-0.460218,0.246241,-0.44065,-0.627968,0.397986,-0.838389,0.883207,0.625035,0.342492,-0.666031,-0.042169,0.074646,0.309612,-0.384612,-1.0
-0.038996,0.133369,0.531923,-0.193275,0.420849,-0.875865,0.516463,0.206569,0.178194,-0.345688,-0.176038,0.431484,0.203434,-0.400459,-1.0
0.551163,-0.334909,-0.09368,0.977029,-0.727905,0.818775,0.820211,0.645011,-0.397476,0.488105,0.04349,-0.120114,-0.379569,0.325537,-0.971151
0.589455,0.392759,0.15388,0.342545,-0.000912,0.461055,0.914945,0.290567,-0.040201,0.845817,0.147525,0.055647,-0.447335,0.009947,-1.0
-0.399791,-0.048021,0.181179,0.903301,0.60766,-0.728658,0.98387,0.895276,0.486882,-0.663018,-0.053752,-0.070208,0.422366,-0.317959,-0.979274
0.549746,0.086749,0.83937,0.027711,-0.473582,0.519069,0.531479,0.406572,-0.254603,0.320119,0.537305,-0.204808,-0.392431,0.154974,-1.0
0.088734,-0.127283,0.565218,0.807764,0.393132,0.57636,0.812435,0.82862,0.253752,0.600495,-0.064978,-0.113312,0.194135,0.482771,-0.947986
0.217605,-0.910516,-0.3026,-0.788697,-0.93875,-0.537161,0.592398,0.253053,-0.423036,-0.233536,0.355737,-0.210873,-0.484071,0.133702,-1.0
0.364173,-0.769986,0.977531,-0.979117,-0.81622,0.124421,0.745452,0.389984,-0.585742,0.07777,0.136163,-0.094892,-0.457502,0.237247,-0.938103
-0.613525,-0.703921,-0.078316,0.063031,0.021217,-0.878573,0.037977,0.104862,-0.006029,0.009677,-0.971601,0.264916,0.432817,-0.106656,-1.0
-0.24169,0.744548,0.294128,-0.976915,0.845313,0.354885,0.600239,0.174577,0.519888,0.179429,-0.3073,0.191697,0.384803,-0.166548,-1.0
-0.280997,-0.228444,0.160214,0.205128,0.410653,0.548569,0.769109,0.009164,0.27649,0.511029,-0.107755,-0.196797,0.257573,0.34907,-0.992017
0.454171,-0.270482,-0.97749,-0.052148,-0.419797,0.678388,0.359616,0.560853,-0.016562,0.193377,0.432614,-0.491303,-0.377874,0.399561,-0.974084
-0.555819,-0.929999,0.934574,0.493243,-0.241165,0.05218,0.79862,0.853295,-0.62094,0.145447,0.006754,-0.199052,0.240083,0.477737,-1.0
0.495543,0.754807,0.414587,-0.210515,-0.612618,0.358721,0.97546,0.910724,-0.691265,0.339543,0.045032,0.031202,-0.416217,-0.098524,-0.979562
0.915906,0.010566,-0.254746,0.959239,-0.188083,0.404514,0.129208,0.249862,-0.126158,0.091209,0.914681,-0.311038,-0.450094,0.18385,-0.930789
-0.362583,-0.155457,-0.033305,-0.516394,0.649769,-0.205382,0.230023,0.406616,0.111575,0.001655,-0.840027,0.021184,0.46197,-0.018241,-1.0
-0.537251,0.834469,-0.299962,-0.77902,-0.350696,0.389142,0.309469,0.632285,-0.180288,0.219928,-0.280234,0.638355,0.225924,-0.478679,-1.0
0.10095,-0.232518,-0.182392,-0.934375,-0.50298,0.438953,0.954597,0.139705,-0.641081,0.565128,-0.027735,-0.020525,-0.327357,0.299695,-1.0
0.933207,0.547321,-0.338247,0.441892,0.359731,-0.186543,0.889935,0.576157,0.599011,-0.278698,0.073686,0.106756,-0.328904,-0.365463,-1.0
0.576484,0.08557,-0.096632,0.370493,-0.665655,-0.74293,0.304719,0.25944,-0.087322,-0.161268,0.556726,0.45199,-0.487071,-0.26016,-0.937249
-0.799191,-0.30016,0.309785,0.464496,-0.362108,-0.897828,0.478297,0.030071,-0.153529,-0.393138,-0.345692,0.446701,0.32021,-0.360802,-0.964917
-0.553759,-0.266911,-0.028437,-0.24361,-0.431625,-0.349151,0.339889,0.335659,-0.132467,-0.131846,-0.605089,0.493544,0.438526,-0.383362,-1.0
-0.410711,-0.436685,0.05583,0.313927,0.382203,-0.501919,0.715778,0.0781,0.37447,-0.481627,-0.286652,0.047122,0.545726,-0.035847,-0.943477
0.149688,-0.91291,-0.022162,0.582293,-0.959693,-0.206403,0.648874,0.567217,-0.42119,-0.162812,0.346155,-0.209994,-0.421738,0.317937,-1.0
0.661499,-0.406326,-0.159373,0.3741,0.158082,-0.837781,0.473306,0.132888,0.019667,-0.458213,0.442751,0.283574,-0.265008,-0.371714,-0.985472
0.671019,0.437568,-0.121971,0.872578,-0.194484,-0.69792,0.014798,0.782395,0.016843,-0.022299,0.61538,0.766247,-0.385648,-0.490044,-0.95864
-0.554494,-0.78991,-0.319584,-0.965014,-0.013712,-0.203009,0.383226,0.088348,0.048252,-0.227502,-0.347797,-0.441427,0.276898,0.376754,-1.0
-0.239215,-0.890894,-0.144823,-0.940684,0.288795,-0.875056,0.863948,0.144948,0.217589,-0.63426,-0.148409,-0.044796,0.485964,0.025232,-1.0
-0.687154,-0.039343,0.291599,-0.720459,0.866387,-0.566301,0.453294,0.92721,0.208723,-0.173585,-0.478159,0.149149,0.407173,-0.158555,-1.0
-0.621995,-0.013974,-0.061973,0.662924,-0.052831,0.69418,0.480541,0.243587,-0.083157,0.333607,-0.219076,-0.403266,0.363327,0.446288,-1.0
-0.430795,0.76547,-0.101267,0.854171,0.143121,-0.902263,0.824677,0.143186,0.09187,-0.684462,-0.012168,0.224284,0.102109,-0.490324,-0.938192
-0.356435,0.643148,-0.845131,-0.65327,-0.277584,0.225567,0.721671,0.091525,-0.399264,0.396558,-0.091037,0.141372,0.07153,-0.386613,-0.981913
0.770728,-0.098379,0.426079,0.955846,-0.433577,0.203471,0.197546,0.817668,-0.163828,0.013509,0.782285,-0.163039,-0.529922,0.103123,-1.0
0.553744,-0.575299,0.907193,0.758416,0.076789,-0.052745,0.081409,0.505977,0.012349,0.030429,0.697023,-0.583917,-0.363236,0.397111,-0.95642
-0.556987,-0.191357,0.560508,-0.49526,-0.015052,-0.312551,0.997174,0.811521,-0.05338,-0.807926,0.000139,0.051264,0.534374,0.00899,-1.0
-0.772054,-0.645182,-0.420677,-0.705939,-0.847549,-0.235711,0.304296,0.613037,-0.193916,-0.032753,0.216589,-0.721156,-0.107577,0.469518,-1.0
0.109014,0.135924,-0.348042,-0.320875,-0.926623,-0.794357,0.434105,0.90844,-0.310271,-0.226789,0.46756,0.378348,-0.404865,-0.340388,-0.984409
-0.08448,0.557896,-0.793723,0.984577,0.111004,0.759528,0.236603,0.212548,0.059347,0.195959,-0.585849,-0.525491,0.351183,0.317355,-0.955362
-0.87381,0.461665,-0.277145,0.861722,0.401745,0.305084,0.816546,0.530124,0.443057,0.345555,-0.193383,-0.021825,0.568444,-0.097724,-0.982136
0.20587,0.189627,-0.226324,0.533996,-0.215585,-0.197191,0.744361,0.679781,-0.374047,-0.308226,0.172095,0.247554,-0.423453,-0.37451,-1.0
-0.657524,0.613316,-0.384504,0.901269,-0.271912,0.337114,0.88661,0.228918,-0.31134,0.606585,-0.008815,-0.021781,0.358056,-0.325695,-0.992262
-0.711657,0.041047,0.391749,0.06528,0.741134,-0.954577,0.669392,0.937184,0.319491,-0.4131,-0.365173,0.196233,0.401767,-0.239331,-0.935762
0.319879,-0.688341,0.069868,0.169907,0.692071,-0.002753,0.461198,0.14071,0.388499,-0.061014,-0.265063,-0.468781,0.224074,0.45333,-0.865028
0.916855,0.695395,0.654428,0.857041,-0.465062,0.905538,0.864215,0.047826,-0.337223,0.632885,0.157208,-0.034969,-0.507557,0.118764,-1.0
0.526988,0.334317,-0.430411,-0.909083,0.305627,-0.894819,0.816609,0.574178,0.233805,-0.645871,-0.026244,0.218582,-0.054859,-0.41034,-1.0
-0.009959,0.910288,-0.594941,-0.108627,0.351159,0.081336,0.252341,0.414303,0.228477,0.081087,-0.310503,0.747247,0.241772,-0.397212,-1.0
-0.536834,0.921969,-0.728215,-0.758953,0.733228,0.617741,0.313464,0.838008,0.204998,0.02709,-0.668643,0.248856,0.553336,-0.064758,-0.980538
-0.478102,0.659503,0.814187,0.628488,-0.773973,0.460688,0.682516,0.515478,-0.451191,0.332108,0.184833,0.2154,-0.393034,-0.363674,-0.921613
0.807323,-0.132943,0.847591,0.059325,-0.613532,0.103797,0.97546,0.176981,-0.763157,0.037775,0.092632,0.051375,-0.431035,0.071054,-1.0
-0.259849,0.161153,0.683875,-0.496033,-0.405757,0.887465,0.283868,0.564267,-0.163519,0.171562,0.122775,-0.679419,-0.134939,0.47622,-0.933565
-0.251029,-0.166779,-0.926724,-0.39274,0.52458,-0.033003,0.188923,0.318246,0.160088,0.05143,-0.825849,-0.17628,0.511448,0.12629,-0.960732
-0.226977,0.090213,0.337218,-0.197524,0.01804,0.748827,0.732581,0.626791,0.077012,0.616131,-0.144917,-0.237747,0.218453,0.498706,-0.984673
0.944642,0.12724,0.849394,-0.913176,0.218618,-0.104156,0.530103,0.195622,0.46899,-0.226052,0.466558,0.190368,-0.555605,-0.147207,-1.0
-0.249317,-0.726219,-0.191245,-0.987417,0.716875,-0.399262,0.192896,0.166119,0.151032,-0.140204,-0.711721,-0.246916,0.488671,0.079369,-1.0
0.074429,0.925864,0.489204,-0.886971,-0.542755,-0.213288,0.49831,0.403209,-0.396209,-0.199211,0.197023,0.493871,-0.234979,-0.302502,-1.0
0.959415,0.061023,-0.148359,0.480857,0.970617,-0.743223,0.842322,0.848675,0.500904,-0.414145,0.050407,0.152114,0.027574,-0.413808,-0.960351
0.202775,0.845686,0.220921,-0.353543,-0.031354,-0.24669,0.044349,0.292131,0.074689,-0.120617,0.148964,0.86673,-0.085893,-0.54327,-0.985806
-0.493291,-0.89953,-0.351159,-0.506004,-0.239466,0.961879,0.24916,0.920712,-0.011601,0.201215,-0.13389,-0.713967,-0.003879,0.490926,-0.921703
-0.935725,-0.368131,0.534433,-0.917539,0.061421,0.94371,0.004028,0.579453,-0.009333,0.062441,-0.58172,-0.820484,0.267399,0.502091,-1.0
0.792646,0.48712,-0.582098,0.729967,-0.595542,0.659052,0.350579,0.349833,-0.177234,0.260543,0.719566,0.027486,-0.545166,0.070532,-1.0
-0.394441,0.280292,-0.737467,0.189067,-0.316937,0.807706,0.921574,0.454078,-0.29075,0.645083,-0.026482,-0.132343,0.14329,0.52248,-0.964341
0.916791,0.030202,0.838688,-0.269534,-0.434589,0.042537,0.633927,0.258619,-0.453934,-0.036663,0.344002,-0.049184,-0.528278,0.016276,-1.0
-0.72536,-0.076436,0.776603,0.107675,0.602615,0.509409,0.129638,0.782017,0.065707,0.095884,-0.831718,-0.312126,0.421249,0.185103,-1.0
-0.745599,0.457038,-0.781706,-0.843599,0.488482,0.847056,0.544329,0.230015,0.164744,0.391232,-0.398761,-0.189633,0.455214,0.120825,-1.0
0.059031,-0.894879,0.055081,-0.845002,-0.946659,-0.58794,0.600754,0.741599,-0.39169,-0.183987,0.456486,-0.106139,-0.379849,0.225844,-0.980232
-0.456162,-0.496978,0.74222,0.674689,0.968208,-0.758395,0.28048,0.852937,0.277905,-0.097439,-0.68117,0.133545,0.471777,-0.092294,-0.954748
-0.063962,0.920551,-0.039696,-0.659944,0.528831,-0.432908,0.366105,0.868225,0.164926,-0.249805,-0.286424,0.61926,0.152028,-0.45495,-0.933364
-0.808556,-0.022927,0.160757,-0.720412,0.434713,0.350048,0.811611,0.681014,0.430068,0.508007,-0.17426,-0.037421,0.530835,0.140215,-1.0
0.283771,0.156362,-0.606998,0.105471,-0.742857,-0.957801,0.319506,0.481321,-0.181701,-0.205589,0.527222,0.488658,-0.370243,-0.439022,-1.0
-0.903401,-0.676827,-0.669539,0.319697,0.061178,-0.685375,0.138117,0.881658,-0.006065,-0.133875,-0.862673,0.031097,0.425343,-0.013091,-0.905355
0.926206,0.76078,-0.555537,0.622095,0.813466,-0.268856,0.299298,0.581989,0.211402,0.019086,0.060991,0.642729,0.03995,-0.49815,-0.925204
0.887789,-0.389974,-0.129054,0.075961,0.778761,0.783834,0.673513,0.207081,0.378025,0.460457,0.047468,-0.43593,-0.02443,0.497355,-0.963233
-0.893306,-0.338786,-0.612658,0.745208,0.342294,0.736344,0.906339,0.98785,0.292999,0.626739,-0.020008,-0.10345,0.302368,0.400941,-1.0
-0.588978,-0.208288,-0.538746,-0.716776,0.860817,0.745374,0.672822,0.891512,0.373077,0.383555,-0.303706,-0.047276,0.367538,0.222724,-1.0
0.961797,0.38513,0.209296,0.508147,-0.837598,-0.303868,0.002489,0.519469,-0.015421,-0.014027,0.950169,0.305366,-0.528109,-0.260569,-0.941523
-0.303199,-0.381435,-0.251357,-0.163201,-0.547681,-0.301177,0.665987,0.314372,-0.412437,-0.155145,0.372812,-0.013691,-0.480411,0.232655,-1.0
0.799215,0.102016,-0.217349,0.306558,0.369557,-0.294963,0.529223,0.369711,0.312185,-0.235078,0.340929,0.353929,-0.368192,-0.249895,-0.970909
0.523543,0.7315,-0.424698,-0.469818,-0.923412,0.684851,0.246269,0.544478,-0.145866,0.161962,0.653663,0.051132,-0.589523,-0.026415,-1.0
0.315384,-0.847438,-0.528199,-0.873453,-0.630919,-0.547243,0.343605,0.03913,-0.233059,-0.130573,0.71204,-0.080915,-0.556582,0.166602,-0.969617
-0.850055,-0.282646,-0.141107,0.705239,0.299593,-0.85937,0.482704,0.978727,0.13881,-0.33225,-0.490209,0.222059,0.505038,-0.225665,-1.0
-0.028439,-0.810638,-0.347859,0.057877,-0.262656,-0.684767,0.331499,0.291249,0.024287,-0.2588,0.539519,-0.390544,-0.384355,0.201444,-0.993825
-0.230746,-0.544743,0.318337,0.441337,-0.864368,0.215604,0.951447,0.933561,-0.756804,0.113963,0.074778,-0.070587,-0.400371,0.366725,-1.0
-0.93447,0.817517,-0.249445,-0.564431,-0.368252,0.908034,0.781778,0.535268,-0.280219,0.61435,-0.175147,0.000889,0.494521,0.048711,-0.971239
0.450247,-0.807813,-0.419343,0.890564,0.906301,0.608184,0.06655,0.592592,0.093674,0.089225,-0.306725,-0.878393,0.141475,0.441612,-0.931137
0.545561,-0.27909,0.025789,0.783797,-0.999513,0.193728,0.607863,0.782883,-0.552964,0.042786,0.484031,-0.092446,-0.500593,0.156171,-0.960167
0.928805,0.437927,0.149489,0.985288,-0.212349,-0.713517,0.517669,0.767262,-0.099239,-0.409928,0.345313,0.38065,-0.39267,-0.340393,-1.0
-0.176221,0.532342,-0.317362,0.992105,-0.549035,0.355378,0.004973,0.707985,0.072408,-0.058728,0.824905,0.482808,-0.380838,-0.183956,-1.0
0.23407,0.897371,-0.665953,0.369294,0.496988,0.900871,0.481314,0.84545,0.212078,0.390796,-0.602608,0.091606,0.420417,-0.011219,-0.914944
-0.532242,-0.281706,0.116578,-0.269121,0.11831,0.741008,0.906506,0.990192,0.164118,0.733799,-0.042229,-0.066313,0.213472,0.464245,-1.0
-0.621026,0.227667,-0.679907,0.414852,0.662052,0.144204,0.616127,0.675646,0.492032,0.113655,-0.272349,0.090966,0.433333,-0.077258,-0.84528
0.785469,0.357773,-0.035392,0.92216,-0.584213,0.453861,0.56792,0.818054,-0.350439,0.21093,0.369035,-0.042846,-0.514977,0.04941,-1.0
0.176418,0.27238,-0.77248,-0.679667,0.23888,-0.247531,0.769594,0.628627,0.460927,-0.427148,-0.006855,0.232939,0.078185,-0.423287,-1.0
0.928462,0.785215,-0.058432,-0.358566,0.058086,0.507847,0.242929,0.015639,0.130738,0.233829,0.775544,0.268298,-0.472061,-0.159345,-1.0
0.479026,-0.108342,0.646963,0.12935,0.931376,-0.3946,0.208034,0.610883,0.175769,-0.080015,-0.710793,0.378298,0.416148,-0.272789,-1.0
-0.675206,0.320723,-0.238998,0.901812,0.214561,-0.710578,0.702652,0.21436,0.211829,-0.355191,-0.115642,0.227025,0.290727,-0.441168,-0.93886
-0.050896,-0.256795,0.787017,0.919529,0.756918,-0.235395,0.778485,0.543706,0.564147,-0.141484,-0.260973,-0.063195,0.564285,0.011481,-1.0
-0.298065,0.865194,-0.788298,-0.991669,0.408308,-0.04256,0.937915,0.956233,0.686504,-0.048925,-0.093686,0.052068,0.241487,-0.344527,-0.93956
0.058522,-0.449791,-0.242281,0.232178,-0.501508,0.025354,0.850544,0.33905,-0.615123,0.014096,0.077859,-0.134616,-0.340254,0.367363,-0.91515
0.372297,-0.830838,0.439867,-0.33336,-0.755622,-0.366334,0.923794,0.523313,-0.651734,-0.27062,0.053107,-0.084444,-0.43172,0.138245,-1.0
-0.061449,-0.451517,-0.113011,0.778492,0.817907,-0.507529,0.85348,0.210902,0.526035,-0.408683,-0.1764,0.010168,0.539045,-0.060392,-0.92542
-0.867613,0.546663,0.3154,0.036065,0.662967,-0.399987,0.315555,0.831846,0.193966,-0.153707,-0.613019,0.322133,0.406864,-0.241379,-1.0
-0.292792,-0.300794,0.018078,-0.377368,0.475362,-0.900099,0.549429,0.270568,0.180447,-0.369342,-0.379894,0.333379,0.327684,-0.259872,-1.0
-0.22527,-0.887564,0.208419,-0.104315,0.865645,-0.647905,0.481964,0.371112,0.251426,-0.161756,-0.530298,-0.166781,0.461015,0.097821,-1.0
-0.405527,-0.968726,-0.953915,0.747825,-0.962285,0.801078,0.636141,0.673765,-0.382712,0.335927,0.051879,-0.263171,-0.07331,0.478229,-1.0
-0.29342,0.46273,-0.252743,-0.325071,-0.515453,-0.540697,0.956715,0.473815,-0.545456,-0.552872,0.00576,-0.038294,-0.04178,-0.380962,-1.0
-0.326518,0.034492,-0.982958,0.306392,0.171495,-0.587391,0.044501,0.799657,-0.038407,-0.03259,-0.60023,0.767823,0.311357,-0.403919,-0.925965
0.438597,0.230541,0.734451,-0.330826,-0.775226,-0.764546,0.225404,0.279421,-0.14253,-0.202479,0.559091,0.438107,-0.394173,-0.250196,-0.998791
0.375215,0.313544,0.587912,-0.288083,-0.850731,0.123309,0.359973,0.489328,-0.180709,-0.017091,0.570255,0.147195,-0.476441,-0.082089,-0.916142
-0.8587,-0.992105,-0.950907,0.239936,-0.403663,-0.531243,0.213327,0.558048,-0.077613,-0.083353,-0.529454,-0.56368,0.413236,0.394899,-1.0
0.951621,0.86889,0.536459,-0.483125,-0.782639,-0.15515,0.227569,0.697991,-0.161155,0.021193,0.698429,0.37387,-0.518439,-0.246288,-0.93863
0.893128,0.536785,-0.695088,0.502947,-0.662712,-0.3544,0.662323,0.336953,-0.547019,-0.21953,0.360615,0.107356,-0.486864,-0.294705,-1.0
0.668857,0.359437,0.257454,-0.065813,0.182769,-0.935642,0.77754,0.386531,0.117862,-0.591886,0.105603,0.274624,-0.199441,-0.47043,-0.997038
-0.608587,-0.454238,-0.752101,0.406098,-0.02271,-0.627991,0.457887,0.155127,-0.089782,-0.399366,-0.552764,0.163521,0.482152,-0.137229,-1.0
-0.073208,-0.401985,-0.61419,0.292072,0.649603,0.881515,0.539574,0.113547,0.223491,0.337737,-0.226175,-0.268278,0.205184,0.435426,-0.999209
-0.771779,0.827775,-0.445276,-0.783122,-0.34801,0.845646,0.966054,0.641549,-0.3607,0.681777,-0.034054,-0.025214,0.407748,0.123106,-0.930177
0.147888,-0.25157,0.137024,0.439893,-0.681742,0.135953,0.121572,0.991971,-0.101273,0.082008,0.757619,-0.356965,-0.477726,0.174511,-1.0
-0.732251,-0.999362,0.577705,0.402153,0.855807,-0.878686,0.758239,0.36128,0.39374,-0.384109,-0.181266,-0.018375,0.562986,0.060659,-0.973956
0.591162,0.298473,0.771512,-0.459669,0.145542,-0.324621,0.336375,0.613779,0.113706,-0.266518,0.386353,0.439735,-0.29946,-0.407944,-0.998816
0.449788,-0.862734,-0.66046,-0.240834,0.76972,0.814051,0.368628,0.496018,0.224957,0.174836,-0.122115,-0.621636,0.042966,0.442596,-0.932286
-0.041223,0.410386,0.624881,0.818764,0.060068,-0.190387,0.09169,0.33624,-0.026939,-0.125199,-0.240542,0.886223,0.129255,-0.544124,-0.95984
0.908975,-0.099309,-0.282145,0.360337,-0.270349,0.234873,0.330424,0.88852,-0.182667,0.179202,0.677372,-0.218198,-0.518066,0.141585,-1.0
0.106216,-0.631583,0.130497,-0.811286,-0.625778,0.828242,0.215706,0.784704,-0.094271,0.087729,0.369357,-0.690037,-0.156345,0.412933,-0.97896
-0.507869,-0.315445,-0.701221,-0.791264,0.19101,-0.054,0.603215,0.878839,0.469831,-0.200962,-0.397988,-0.062353,0.487574,0.142263,-1.0
-0.760862,0.639352,-0.540967,0.38453,-0.754573,-0.038554,0.289824,0.7382,-0.191209,0.003613,0.126065,0.703323,-0.06162,-0.573509,-0.963373
0.840509,-0.628242,-0.950451,-0.501347,0.63601,-0.590974,0.562368,0.552332,0.287688,-0.28143,0.504412,-0.073822,-0.416652,0.054348,-1.0
0.84527,0.396435,0.424649,0.357176,-0.690425,0.621319,0.030058,0.032951,-0.031704,0.040558,0.910116,-0.161504,-0.439743,0.091614,-0.999009
0.749653,0.499153,0.40549,0.469842,0.123683,-0.271924,0.640038,0.12929,0.235636,-0.461802,0.249405,0.220467,-0.384158,-0.371481,-0.920308
0.187845,0.853436,-0.623463,0.936184,-0.506778,0.960685,0.538029,0.836981,-0.246652,0.370754,0.509021,-0.091276,-0.529917,0.10201,-0.9266
-0.451417,-0.96692,0.308932,0.425713,-0.287375,0.485383,0.718194,0.61839,-0.299984,0.506021,-0.078351,-0.307113,0.094848,0.572513,-0.955831
-0.851412,-0.561032,0.161579,0.680785,-0.414078,0.129882,0.178213,0.21249,-0.145345,0.124003,-0.400887,-0.766078,0.32119,0.492626,-1.0
0.263614,0.865375,-0.733756,-0.713209,-0.43332,0.81886,0.408562,0.733254,-0.117195,0.375884,0.624866,-0.002041,-0.512641,-0.074906,-1.0
0.105265,-0.705545,-0.433428,-0.627064,-0.498073,0.034307,0.644391,0.167497,-0.586524,0.055311,0.282672,-0.307098,-0.279426,0.344342,-0.964887
0.285406,-0.905039,-0.61429,-0.229779,-0.585672,0.867744,0.010371,0.369885,-0.022907,-0.062495,0.451586,-0.849,-0.205526,0.488239,-1.0
0.423826,0.836484,-0.621799,-0.699935,0.880809,0.957997,0.764227,0.965158,0.370513,0.546928,-0.220516,-0.044744,0.46018,0.078876,-1.0
-0.622868,-0.637009,-0.977969,0.188284,0.666208,0.678029,0.83239,0.791674,0.461391,0.513252,-0.096114,-0.126199,0.359702,0.299643,-0.962896
0.401084,0.232899,-0.496112,0.191356,-0.623301,-0.733586,0.440448,0.57808,-0.235826,-0.304451,0.436294,0.456864,-0.358219,-0.340855,-0.972383
-0.758928,-0.283216,-0.758861,-0.236469,0.078331,-0.268249,0.214502,0.576735,0.009904,-0.163475,-0.784015,-0.142629,0.454323,0.060441,-1.0
-0.61828,0.970358,-0.217857,0.769548,0.300081,0.948953,0.16448,0.400677,0.036968,0.166375,-0.871863,-0.064812,0.533876,-0.073944,-0.968798
0.783162,0.080357,0.591952,-0.782789,0.875097,0.32298,0.261352,0.170881,0.263951,0.036115,-0.239061,-0.740551,0.277277,0.420924,-0.946113
-0.340649,0.973068,-0.481587,-0.687799,0.144287,0.104287,0.382885,0.591189,0.238971,0.263249,-0.338666,0.565615,0.291413,-0.467546,-1.0
-0.602555,0.359713,-0.487063,-0.099108,-0.330109,0.498728,0.456883,0.00887,-0.142827,0.229778,-0.477694,-0.182189,0.433857,0.250974,-0.970469
0.237559,0.996428,-0.002007,-0.453721,0.353361,0.897657,0.769903,0.642149,0.16798,0.486393,-0.041685,0.190727,0.314279,-0.37622,-1.0
0.946972,-0.727968,0.059541,0.009598,-0.265172,-0.681592,0.630405,0.707942,-0.148729,-0.429808,0.344434,0.052516,-0.522102,0.048967,-1.0
0.681312,0.216634,-0.529263,0.16277,-0.691522,-0.786188,0.930161,0.168523,-0.544334,-0.547792,-0.017053,0.107815,-0.34899,-0.285976,-0.947342
0.875239,0.103284,0.594982,-0.902924,0.939679,0.365274,0.288814,0.827506,0.216583,0.133489,-0.176982,-0.719441,0.105727,0.554238,-1.0
-0.232457,0.714267,-0.045525,-0.332928,-0.822076,0.898106,0.793702,0.478563,-0.263232,0.503501,0.205394,-0.057955,-0.563669,0.248599,-1.0
0.864958,-0.199635,-0.70621,-0.937234,0.228945,0.290666,0.245911,0.064976,0.102404,0.114316,0.626455,-0.38148,-0.335855,0.217952,-0.937636
-0.866318,0.534958,-0.307587,-0.823092,-0.373689,-0.717517,0.930587,0.820204,-0.336117,-0.651928,-0.005048,0.007269,0.154019,-0.457821,-1.0
0.775816,0.641773,-0.952928,-0.309978,0.105777,-0.068537,0.59462,0.002015,0.441513,-0.240852,0.27489,0.272325,-0.33458,-0.369762,-0.995323
0.137943,0.035592,0.555927,-0.463545,0.836682,-0.389647,0.345892,0.904467,0.311796,-0.11884,-0.429689,0.407444,0.49933,-0.308485,-0.987663
0.047563,0.560791,0.393389,0.02628,-0.523954,-0.429491,0.877488,0.718782,-0.527851,-0.425456,0.046562,0.073927,-0.237736,-0.37141,-0.879694
0.675071,-0.25765,-0.297487,0.147624,0.02798,0.460915,0.60959,0.697692,-0.063894,0.44823,0.263302,-0.294225,-0.409208,0.495254,-0.986938
-0.173747,-0.185175,0.511948,0.573131,0.834731,-0.96445,0.930962,0.954474,0.482592,-0.534909,-0.123142,0.046649,0.448341,-0.357499,-0.901012
0.753414,0.839107,-0.074956,0.045964,-0.14229,-0.388608,0.525492,0.083381,-0.076442,-0.4721,0.365007,0.406284,-0.295005,-0.424576,-0.993157
-0.541362,-0.13843,-0.250378,0.934123,0.103477,-0.565912,0.260038,0.357513,0.053558,-0.234662,-0.617216,0.405325,0.344507,-0.214695,-1.0
-0.981858,-0.493798,0.958328,-0.299821,-0.881413,0.670907,0.837498,0.518375,-0.468778,0.385965,-0.068063,-0.068678,0.019038,0.479797,-0.990467
0.212422,-0.431419,-0.253341,0.653742,-0.649844,-0.871453,0.4796,0.196651,-0.195633,-0.248273,0.549707,0.173995,-0.469375,-0.246569,-0.996235
0.399745,-0.086698,0.197819,0.190416,0.438614,-0.861671,0.58653,0.262679,0.145834,-0.443493,0.070708,0.471057,0.066869,-0.439505,-0.937748
0.669943,0.709376,0.865701,-0.167793,0.620706,-0.424445,0.598825,0.117816,0.403784,-0.344817,-0.044623,0.418242,-0.098178,-0.476273,-0.990048
0.340738,0.578079,-0.564369,-0.483225,0.508007,0.339148,0.506385,0.404156,0.347086,0.196529,-0.21658,0.483815,0.305299,-0.446353,-0.946267
0.570376,-0.208946,0.55734,-0.994595,-0.470829,0.446687,0.888585,0.011495,-0.491573,0.508382,0.11836,0.014558,-0.447039,0.210836,-1.0
0.490172,-0.998098,-0.553582,0.369783,0.059755,-0.539357,0.286049,0.505449,0.010571,-0.217519,0.482565,-0.605588,-0.467316,0.328778,-0.981152
0.417865,0.294856,0.494264,-0.753032,0.211197,0.257285,0.95347,0.087627,0.545633,0.530353,0.174222,-0.010781,-0.54884,-0.155621,-0.962985
0.865572,0.927709,0.086034,-0.452306,-0.046601,0.179194,0.746288,0.394741,-0.092042,0.567949,0.240459,0.236765,-0.535955,-0.189853,-1.0
0.276751,-0.112517,0.641513,-0.240189,-0.113012,0.261159,0.230863,0.814506,-0.005637,0.172674,0.584636,-0.527162,-0.376057,0.4324,-1.0
0.300149,0.519676,0.011587,0.128554,-0.295336,-0.185592,0.889682,0.800777,-0.580621,-0.392321,0.047566,0.13085,-0.472804,-0.387591,-1.0
0.682637,-0.741179,0.892247,-0.901961,-0.431409,0.928771,0.517702,0.475811,-0.109144,0.383037,0.262522,-0.395326,-0.249144,0.431019,-1.0
0.093224,0.785433,0.767076,-0.40963,0.800154,-0.838903,0.750097,0.448928,0.460237,-0.380208,-0.086263,0.298309,0.221194,-0.414394,-1.0
0.207212,-0.457936,0.620966,0.356059,-0.739063,0.618058,0.678805,0.118489,-0.386931,0.319359,0.269996,-0.216619,-0.364091,0.40067,-0.936801
-0.954764,0.445864,-0.075384,0.631169,0.983924,0.963402,0.667201,0.105861,0.416934,0.287764,-0.320011,-0.088345,0.517224,0.175523,-0.982594
-0.853767,0.529387,-0.561075,-0.412948,0.222075,0.173761,0.024485,0.201706,0.062983,-0.063444,-0.939237,0.30095,0.419244,-0.145163,-1.0
0.273341,0.994626,0.103364,-0.091738,-0.812878,0.873394,0.350109,0.881642,-0.212444,0.17017,0.733147,-0.014638,-0.531207,-0.112345,-1.0
0.005515,-0.637078,0.227151,0.557121,-0.468276,0.910759,0.111141,0.966168,0.025059,0.171642,0.249959,-0.846143,-0.137324,0.57262,-0.912429
0.572799,0.320541,0.321263,-0.157405,0.490432,-0.861267,0.333637,0.303411,0.015534,-0.257303,0.020075,0.589817,-0.075274,-0.498601,-1.0
0.785136,0.044189,-0.127779,-0.524978,-0.782506,-0.388511,0.746234,0.219695,-0.509763,-0.250272,0.240239,0.040206,-0.479886,-0.055758,-1.0
-0.266779,-0.97704,0.244196,0.137555,0.830418,-0.659377,0.11193,0.250435,0.058993,-0.119503,-0.762285,-0.184717,0.440251,0.237111,-1.0
-0.965229,-0.389088,-0.38162,0.459905,-0.493649,-0.450293,0.911184,0.515496,-0.424076,-0.514882,-0.175473,-0.018101,0.498947,-0.112654,-1.0
0.804384,-0.21146,0.100906,0.271255,-0.431473,-0.291165,0.124467,0.666137,-0.053131,-0.087086,0.86636,0.05287,-0.498928,-0.01494,-0.997434
0.175962,-0.311475,-0.590372,-0.848238,-0.83531,-0.532882,0.209013,0.389698,-0.109962,-0.106232,0.737268,0.090533,-0.426505,-0.147775,-0.988992
0.093361,-0.633955,-0.202868,0.236044,0.936,-0.721478,0.883586,0.576131,0.517315,-0.354456,-0.180079,0.033824,0.561475,-0.030965,-1.0
-0.936249,-0.940759,0.741,0.639155,0.586761,0.219808,0.967137,0.323793,0.73511,0.308387,-0.049646,0.031308,0.462434,0.280553,-0.992163
0.571891,0.122326,0.741968,0.15739,0.410526,-0.789852,0.964259,0.541433,0.234113,-0.7192,0.100801,0.025359,-0.139004,-0.486105,-1.0
-0.568525,0.064089,-0.419894,-0.816044,-0.483546,-0.046052,0.277849,0.943048,-0.198138,-0.020835,-0.405608,0.632405,0.253959,-0.359013,-1.0
-0.150588,0.951687,0.481092,-0.344295,-0.694079,0.955585,0.031543,0.825614,-0.030938,0.066377,0.950155,0.03045,-0.470875,0.033477,-0.92739
0.369199,-0.635606,0.420764,0.302634,0.670706,-0.859104,0.635965,0.738953,0.282514,-0.47053,-0.280569,0.224427,0.420868,-0.228727,-0.974054
-0.318675,-0.436077,0.260051,0.882584,-0.352555,0.527435,0.26897,0.299834,-0.209006,0.165574,0.018656,-0.785859,0.033089,0.45127,-1.0
-0.549462,-0.256274,0.004952,-0.349382,-0.16752,0.796873,0.61936,0.558741,-0.09661,0.477304,-0.099221,-0.334297,0.243243,0.442531,-1.0
0.608925,0.966158,0.765655,-0.839347,-0.437622,-0.719596,0.145324,0.485677,0.014826,-0.135863,0.592849,0.740563,-0.198421,-0.40041,-0.994136
-0.099846,0.637128,-0.56618,0.912872,0.478912,0.603104,0.042089,0.87782,0.011798,-0.052594,-0.906243,0.085096,0.436253,-0.022389,-1.0
-0.864654,-0.536805,0.395352,0.265228,0.673506,-0.6586,0.048534,0.767061,0.053531,0.061783,-1.0,0.101969,0.497504,0.050053,-0.995558
-0.203632,-0.028581,0.788192,0.189395,-0.84717,0.558847,0.358714,0.402033,-0.21353,0.202911,0.419618,-0.442137,-0.381731,0.367507,-0.985253
0.895944,-0.56371,-0.735547,-0.793381,-0.663597,0.668545,0.500909,0.013828,-0.297767,0.348709,0.297447,-0.468131,-0.38977,0.288573,-0.947145
0.70124,-0.396195,0.241235,-0.928102,0.072232,-0.925511,0.60648,0.056905,0.038022,-0.506811,0.276036,0.19957,-0.404151,-0.32282,-1.0
0.226203,-0.191282,-0.795902,0.736265,0.516181,0.176884,0.454092,0.415009,0.256037,0.003443,-0.337556,-0.442896,0.36352,0.28603,-1.0
0.764163,0.130531,-0.158515,0.152174,-0.921447,-0.628435,0.577298,0.054246,-0.386068,-0.275238,0.321199,0.243555,-0.462833,-0.146493,-0.989448
-0.647289,-0.598423,0.913216,-0.809176,0.897372,0.838115,0.068744,0.412362,0.086311,0.085056,-0.729096,-0.674548,0.362599,0.34727,-0.966997
0.11872,-0.818464,0.264814,0.799801,0.482358,0.40635,0.442526,0.810789,0.212977,0.212017,-0.075454,-0.538322,0.079754,0.497745,-0.957372
-0.969718,-0.621637,-0.038766,-0.933906,-0.733043,0.59343,0.780337,0.656893,-0.493632,0.327998,0.067334,-0.191418,0.129753,0.446976,-0.962878
0.062422,0.91202,-0.625538,-0.587773,-0.569393,0.945082,0.892974,0.492218,-0.291014,0.60639,0.157077,-0.034221,-0.56889,-0.062558,-1.0
-0.514579,0.670361,0.051874,-0.721888,-0.632738,-0.072462,0.436641,0.662806,-0.249951,-0.017055,0.120157,0.486577,-0.103524,-0.398085,-0.960838
-0.018765,0.744673,0.63281,-0.655115,-0.836308,0.953449,0.509217,0.670017,-0.310641,0.324561,0.459142,-0.098892,-0.49634,0.068673,-1.0
-0.60649,-0.201935,0.356516,-0.642785,0.957741,-0.383665,0.935313,0.879384,0.753026,-0.308824,-0.145899,0.001052,0.406342,-0.066878,-0.974494
-0.410323,-0.237633,-0.58155,0.097392,0.77402,-0.200938,0.316822,0.111015,0.224617,-0.001658,-0.65456,-0.042185,0.51119,0.063139,-1.0
-0.750562,0.77832,-0.908656,-0.405901,-0.779426,0.386579,0.173598,0.19754,-0.043903,0.014011,0.057704,0.86124,0.001123,-0.527915,-1.0
-0.64274,0.842359,-0.246249,-0.530747,-0.308599,0.932345,0.05728,0.283621,0.074806,0.002163,-0.893708,-0.19871,0.481433,0.133412,-0.986219
0.237712,-0.665114,0.320355,-0.74228,0.748363,0.701204,0.133226,0.913652,0.056733,0.154121,-0.453847,-0.834849,0.222161,0.482582,-1.0
-0.47927,-0.60407,0.947361,0.219965,0.467927,-0.380872,0.078784,0.004164,0.013719,-0.02323,-0.943577,-0.166824,0.501446,0.176633,-1.0
-0.788667,-0.329829,0.413828,-0.754902,0.498021,-0.655831,0.060708,0.161266,0.006894,-0.062935,-0.94531,0.17977,0.533137,-0.101546,-0.924421
0.391262,0.969006,0.145574,-0.656739,0.719214,-0.353083,0.776036,0.754587,0.517969,-0.235507,-0.085106,0.250117,0.057787,-0.455986,-0.985107
0.790063,-0.134659,-0.829599,-0.230709,0.813748,-0.051088,0.313602,0.570858,0.305372,0.013083,-0.225981,-0.600532,0.084385,0.374778,-0.964349
-0.873344,0.70382,0.824648,-0.972217,-0.246291,-0.476497,0.63631,0.604104,-0.166156,-0.451491,-0.161662,0.286995,0.17845,-0.524302,-1.0
0.222464,-0.28776,0.95251,0.938413,0.832065,-0.281168,0.662077,0.666335,0.55028,-0.121671,-0.332559,-0.013435,0.459128,-0.044606,-1.0
0.027791,-0.080016,0.685192,-0.127539,-0.379864,-0.911996,0.885779,0.945285,-0.261196,-0.718564,0.047419,0.073003,-0.269765,-0.452467,-1.0
-0.525213,-0.585241,0.924321,0.727453,0.952874,0.403783,0.000818,0.598853,-0.113654,0.04429,-0.813128,-0.522655,0.456458,0.221033,-1.0
0.501584,0.116473,0.520977,0.090595,-0.801419,-0.966372,0.487119,0.631736,-0.160855,-0.261628,0.355908,0.329816,-0.373617,-0.265412,-0.94811
-0.755388,0.466668,0.962047,-0.617591,-0.330782,0.523941,0.926438,0.842862,-0.342651,0.758745,-0.143946,0.018647,0.390068,0.049432,-1.0
0.671679,-0.269436,-0.993837,0.093817,0.986186,-0.091936,0.443535,0.69645,0.358218,-0.00098,-0.423365,-0.207066,0.416773,0.224858,-1.0
0.793896,-0.213337,0.197071,-0.202663,-0.733915,0.070953,0.48794,0.111812,-0.438987,0.090248,0.534059,-0.014155,-0.477491,0.126769,-1.0
0.844744,0.673425,-0.801539,-0.948113,-0.239223,-0.954076,0.703114,0.389797,-0.068067,-0.587864,0.122499,0.207248,-0.263547,-0.439619,-0.967055
-0.786091,0.121822,-0.895675,-0.613951,0.835894,0.140523,0.542704,0.546027,0.394842,0.068914,-0.465437,-0.095357,0.462425,0.039477,-1.0
0.100264,0.273788,0.854665,0.004755,0.730362,0.51658,0.082554,0.862723,0.036784,-0.014398,-0.895246,-0.322988,0.4977,0.211926,-1.0
0.635405,-0.766646,-0.231724,0.950394,0.245983,0.669947,0.871143,0.85102,0.194967,0.732052,-0.017015,-0.239481,-0.103381,0.454074,-1.0
0.107467,0.018288,0.817102,0.945175,0.448121,0.122483,0.382902,0.829015,0.291213,0.097233,-0.637014,-0.147765,0.481615,0.190035,-0.896854
-0.451629,0.90289,0.712886,-0.914888,0.964704,0.615277,0.782597,0.683009,0.589319,0.320054,-0.251931,0.049102,0.477679,-0.170857,-1.0
0.720879,-0.191038,0.60251,0.686469,0.713692,0.32833,0.205936,0.653783,0.120976,0.232046,-0.005405,-0.740825,-0.053217,0.473803,-1.0
0.818898,0.898312,0.152345,0.718227,-0.69059,0.611494,0.87985,0.847125,-0.568695,0.362184,0.123158,-0.046362,-0.489592,-0.090271,-0.974602
0.147604,-0.924732,0.573172,-0.546565,0.536922,0.640828,0.713306,0.842129,0.461452,0.369319,-0.024993,-0.192541,0.129067,0.384672,-0.947564
0.044554,-0.056133,0.28244,0.88019,0.474934,-0.118923,0.644399,0.752493,0.473217,-0.202531,-0.384331,0.072711,0.53734,-0.051421,-1.0
-0.580417,0.109751,-0.965059,0.827792,-0.899751,-0.56481,0.164108,0.600888,-0.072044,-0.141896,0.36199,0.758836,-0.238054,-0.504491,-1.0
0.954507,-0.742771,-0.264534,0.271983,0.528656,-0.579893,0.993807,0.120968,0.510987,-0.614456,-0.00604,-0.027137,-0.375943,0.223918,-1.0
-0.447826,0.201029,0.820234,-0.160405,0.52129,-0.424124,0.092863,0.791171,0.099968,0.021161,-0.756878,0.616163,0.387272,-0.322689,-1.0
0.62456,-0.082934,-0.787757,-0.24399,0.436508,0.693065,0.318478,0.546135,0.115359,0.156728,0.221711,-0.618472,-0.048354,0.584819,-1.0
-0.969766,0.336674,0.943674,0.25261,-0.678903,-0.481176,0.233297,0.6801,-0.109373,-0.07323,-0.260334,0.728506,0.143673,-0.479815,-0.986849
0.513262,-0.134767,0.294093,-0.351006,-0.234478,-0.391172,0.692391,0.391712,-0.326884,-0.502189,0.272457,0.086031,-0.4851,-0.171075,-1.0
-0.834738,-0.30843,-0.687582,-0.201375,-0.446204,0.607881,0.834294,0.353275,-0.431234,0.554011,-0.023498,-0.042085,0.156592,0.453677,-1.0
0.720248,-0.270219,0.008016,-0.686598,-0.525677,0.371686,0.605816,0.665949,-0.434322,0.252052,0.388495,-0.134624,-0.345734,0.256862,-1.0
-0.543889,0.721027,-0.920646,-0.16748,-0.37379,0.001245,0.880516,0.810876,-0.724143,-0.081991,-0.015961,0.100893,0.12798,-0.564902,-1.0
-0.994451,0.941071,-0.889234,-0.921766,-0.333596,-0.452042,0.146056,0.978409,-0.087081,-0.165063,-0.410922,0.727279,0.269859,-0.53249,-0.963561
-0.232574,-0.021347,-0.358132,0.839459,0.311643,0.342177,0.86361,0.68931,0.580633,0.482787,-0.123436,-0.132606,0.471831,0.313167,-1.0
-0.146522,-0.045216,0.190224,0.062986,-0.843524,0.281988,0.672986,0.578845,-0.481155,0.135108,0.224141,-0.198467,-0.417953,0.170867,-0.943557
0.765325,0.034511,-0.063211,0.438066,0.197031,-0.116819,0.425532,0.926431,0.329284,-0.188805,0.586337,0.196731,-0.417361,-0.073377,-0.951478
0.882764,-0.884685,0.41343,0.037557,-0.976161,0.991422,0.616494,0.642734,-0.381871,0.410096,0.291661,-0.309723,-0.346714,0.349051,-0.985424
-0.01455,-0.69228,0.222881,0.978301,0.297355,-0.048842,0.115669,0.030755,0.083593,-0.017612,-0.379557,-0.667382,0.203524,0.499781,-1.0
0.304846,-0.578504,-0.827433,0.48479,-0.01002,0.130527,0.349315,0.131446,-0.03933,0.258291,0.214637,-0.602315,-0.250075,0.46081,-0.972412
0.970225,-0.322801,-0.291289,-0.535599,-0.797526,0.056595,0.206005,0.31435,-0.121003,0.019342,0.750567,-0.117434,-0.477319,0.100119,-0.960131
0.095335,-0.971686,0.449406,-0.112381,0.213181,0.424175,0.270333,0.757339,0.020259,0.238787,-0.083979,-0.689916,0.04045,0.547382,-0.960691
0.456402,0.955633,0.596328,-0.812408,-0.881399,-0.902379,0.260268,0.880535,-0.134257,-0.194729,0.516362,0.56437,-0.291942,-0.396271,-1.0
-0.436385,-0.589087,-0.813546,0.917942,-0.973016,-0.501136,0.254991,0.295662,-0.178028,-0.166723,0.704669,-0.052115,-0.496421,0.068814,-1.0
0.467643,-0.862968,0.449114,-0.275259,-0.842379,0.329622,0.631372,0.418512,-0.385082,0.197057,0.359634,-0.19389,-0.427853,0.347699,-1.0
0.003656,0.557661,0.887594,-0.530484,-0.473625,-0.61209,0.774228,0.265272,-0.45093,-0.461019,0.002274,0.182884,-0.254171,-0.438503,-1.0
0.203238,0.455919,-0.748135,-0.181003,0.608476,-0.276868,0.821707,0.092255,0.683015,-0.320672,-0.066262,0.144018,0.232258,-0.37518,-0.944324
0.235686,-0.633275,0.139643,-0.616883,-0.176972,0.918126,0.170014,0.928439,-0.028358,0.080774,0.224433,-0.751717,-0.149516,0.554583,-1.0
0.019977,0.391246,-0.85357,-0.920374,-0.094607,0.247501,0.179973,0.740202,-0.117972,0.178913,0.578965,0.702162,-0.309564,-0.397466,-0.992598
0.096134,-0.702863,0.455731,0.914556,-0.412104,-0.640431,0.548193,0.74203,-0.278529,-0.418206,0.488953,-0.149275,-0.454685,-0.041242,-0.974875
-0.066439,-0.076964,0.196069,-0.10743,-0.915747,0.933898,0.928443,0.758649,-0.492533,0.515403,-0.011383,-0.037774,-0.350383,0.386697,-1.0
0.870073,0.348469,0.710733,-0.645351,0.22225,0.880166,0.349765,0.995337,0.113064,0.267433,0.471382,-0.348179,-0.442287,0.365184,-0.964872
-0.49773,-0.128553,-0.638942,-0.188432,-0.823005,-0.019991,0.587141,0.304719,-0.505143,0.029877,0.377497,-0.131986,-0.446108,0.200708,-0.983886
-0.997932,0.321415,0.195289,0.630168,-0.224611,0.847936,0.96369,0.172517,-0.150356,0.794955,-0.068408,0.030258,0.442968,0.263287,-1.0
0.119302,0.227503,-0.797683,0.692901,-0.243186,-0.022141,0.413184,0.682547,-0.348642,-0.026046,0.448168,0.328231,-0.317921,-0.29945,-1.0
0.429834,0.690539,-0.027965,0.69072,-0.204433,0.250238,0.409181,0.668203,-0.172891,0.292465,0.415882,0.383275,-0.392943,-0.238425,-0.859387
0.65876,0.693781,0.977404,0.86351,-0.386049,-0.104296,0.76268,0.406211,-0.514044,-0.112383,0.23882,0.229513,-0.40894,-0.311451,-0.957152
0.516971,0.310452,0.843597,0.694225,-0.352831,-0.941324,0.822831,0.106732,-0.31719,-0.647464,0.157083,0.131104,-0.280378,-0.47653,-1.0
0.343435,-0.40939,-0.921073,-0.18904,-0.224328,-0.460432,0.108141,0.034127,0.057164,-0.043378,0.921338,0.083028,-0.493312,-0.055037,-1.0
0.173896,-0.785811,-0.677488,0.001809,-0.168688,-0.078229,0.549001,0.301481,-0.418361,-0.195881,0.182245,-0.446863,-0.276105,0.488474,-1.0
-0.078281,-0.619875,-0.341199,0.024241,0.255115,-0.650284,0.607121,0.680855,0.194419,-0.437082,-0.380236,0.041032,0.486829,-0.023645,-0.983408
-0.378289,-0.675524,-0.629402,-0.676302,0.20652,0.056125,0.910274,0.445857,0.710489,0.180338,-0.025458,0.02763,0.267593,0.334327,-0.947038
-0.615631,0.570505,-0.469484,0.041359,-0.451077,-0.275333,0.824279,0.284306,-0.558756,-0.34991,-0.02676,0.084612,0.132932,-0.51432,-0.991199
0.352935,0.675927,-0.865777,0.994132,0.975478,-0.458356,0.756013,0.849413,0.559529,-0.284994,-0.124978,0.256033,0.194302,-0.428952,-0.946031
-0.996381,-0.01788,-0.367851,0.675594,-0.237718,0.813363,0.250311,0.240694,0.094888,0.232472,-0.508665,-0.56467,0.32419,0.413827,-0.982429
0.405591,0.658397,0.593726,0.482728,-0.798884,-0.231582,0.996836,0.038865,-0.802331,-0.193373,0.112,-0.020017,-0.362739,-0.212618,-0.968616
-0.641857,0.050517,0.495006,-0.317432,0.006176,-0.748625,0.78332,0.474744,0.012701,-0.64593,-0.115512,0.227534,0.32256,-0.340763,-1.0
0.267587,-0.678432,0.10572,0.477482,0.300508,-0.569543,0.93212,0.773651,0.287782,-0.658141,-0.05474,-0.070095,0.122592,0.439242,-1.0
0.04542,-0.170278,0.996397,0.22371,0.561765,0.577043,0.287414,0.55879,0.183009,0.041111,-0.373949,-0.614766,0.271962,0.378486,-1.0
0.618834,0.93124,-0.273426,-0.621881,-0.438716,-0.431789,0.144715,0.636955,-0.025564,-0.109342,0.495118,0.623716,-0.322494,-0.448999,-0.99745
0.4488,-0.258209,0.322563,0.693012,0.982143,-0.834195,0.257816,0.947896,0.142306,-0.060269,-0.447589,0.538437,0.400929,-0.407837,-1.0
-0.821138,-0.832855,0.649189,-0.890212,0.297165,-0.959249,0.89393,0.251047,0.212761,-0.765092,-0.084952,-0.003809,0.438928,-0.107516,-1.0
0.756199,0.142191,0.720204,-0.298121,-0.572547,0.072277,0.583159,0.4533,-0.438189,0.059904,0.442161,0.021283,-0.57154,0.102006,-1.0
-0.794645,0.533875,-0.647274,-0.062389,-0.807377,0.314837,0.062612,0.718516,0.014689,0.045575,0.059486,0.921489,-0.057755,-0.482191,-1.0
-0.999357,-0.230481,0.453377,0.517346,0.778246,0.772899,0.244418,0.193154,0.134269,0.098698,-0.672327,-0.394892,0.433708,0.282417,-1.0
0.395143,-0.142799,0.141684,0.238,0.922396,-0.557908,0.632505,0.914373,0.483896,-0.289391,-0.370666,0.169997,0.452562,-0.288174,-0.943537
0.197826,0.730706,-0.424957,-0.352339,-0.148455,0.931568,0.821634,0.343621,-0.079466,0.685996,0.141779,-0.054085,-0.481973,0.285612,-1.0
-0.719285,0.797202,-0.980231,0.192677,0.501881,0.713188,0.994721,0.345906,0.449243,0.618854,-0.01776,-0.065134,0.543174,-0.07835,-0.998951
-0.215187,0.527088,0.738298,-0.975989,-0.422981,-0.243516,0.791977,0.278786,-0.615817,-0.414954,-0.045714,0.263107,-0.069374,-0.503379,-0.98412
0.73189,-0.325029,0.504477,-0.803068,-0.820681,0.461301,0.460944,0.772071,-0.304998,0.224434,0.552997,-0.251536,-0.455661,0.162314,-0.934555
-0.734473,-0.561907,0.173075,-0.536538,-0.130563,0.765956,0.583136,0.237523,-0.03531,0.511207,-0.16898,-0.314481,0.219447,0.494047,-1.0
-0.167635,0.971785,0.544544,0.342114,0.996668,-0.108665,0.522334,0.282852,0.474972,-0.048943,-0.389555,0.291562,0.35815,-0.274555,-1.0
0.68186,0.454736,-0.936954,-0.659104,0.474182,-0.226656,0.73547,0.547945,0.603274,-0.236771,0.030059,0.277468,-0.183183,-0.45843,-0.972922
0.276607,-0.559545,0.88724,0.070335,0.084378,0.782821,0.644243,0.571476,0.036495,0.498629,-0.04604,-0.308138,-0.067745,0.451585,-0.910657
-0.924865,-0.308451,-0.845719,0.599115,-0.504527,-0.562683,0.494163,0.060503,-0.198489,-0.280725,-0.440122,0.227855,0.415247,-0.292288,-0.983704
0.690478,0.022444,-0.29952,0.780363,-0.826817,0.218378,0.287888,0.017582,-0.237173,0.158565,0.78479,-0.081927,-0.500972,0.043667,-0.910606
-0.966966,0.277648,-0.008746,0.020569,0.541079,-0.912106,0.98274,0.809704,0.340759,-0.709968,-0.040027,0.002395,0.395973,-0.240885,-0.927396
-0.129348,-0.063776,0.909561,-0.547567,-0.047385,0.617349,0.773835,0.947011,-0.029124,0.686681,-0.001382,-0.284406,0.027765,0.487234,-1.0
0.823027,-0.794363,0.176941,-0.150426,0.400265,-0.45718,0.760695,0.007506,0.45118,-0.415622,0.350822,-0.15322,-0.426144,0.299238,-0.998846
0.134915,-0.780561,0.943959,-0.976169,0.717882,0.951012,0.670965,0.9752,0.278357,0.415053,-0.132876,-0.288872,0.184325,0.527369,-0.951239
0.469843,0.119409,0.277958,0.279645,-0.277167,0.554077,0.224788,0.69387,-0.045246,0.228115,0.589842,-0.397199,-0.437138,0.227315,-0.910489
-0.056734,0.848408,-0.408484,-0.568416,0.960361,0.135116,0.535027,0.884959,0.475393,-0.000945,-0.362013,0.274686,0.368931,-0.265246,-1.0
-0.693619,0.371962,0.125777,0.26411,-0.498348,-0.227645,0.671903,0.749526,-0.419824,-0.203281,-0.070421,0.300949,0.158059,-0.437191,-0.936353
-0.315248,0.259208,0.01001,0.445934,-0.413308,-0.257555,0.753733,0.870305,-0.51256,-0.262518,0.049462,0.140954,-0.062441,-0.476633,-0.96473
-0.308869,0.715307,0.240066,-0.534035,0.067605,0.341535,0.030701,0.52321,0.066802,0.091491,-0.628477,0.758783,0.423172,-0.293673,-1.0
0.88157,0.472019,0.833221,-0.540128,-0.898424,-0.317874,0.977692,0.425987,-0.799108,-0.228966,0.080115,0.02044,-0.347402,-0.163563,-1.0
-0.860242,-0.316823,-0.471769,0.59285,0.440952,0.678371,0.463883,0.212481,0.263267,0.336283,-0.443518,-0.357161,0.436839,0.241054,-1.0
-0.022795,0.441789,0.821671,0.934518,-0.333738,0.758446,0.07892,0.279644,0.003528,0.062695,0.754755,-0.751894,-0.370528,0.430514,-1.0
-0.072954,-0.100742,-0.33594,-0.877919,0.496284,0.463162,0.341734,0.217575,0.201044,0.194527,-0.42912,-0.412758,0.410664,0.371187,-1.0
0.521133,-0.340121,0.449782,-0.136963,-0.36592,-0.811492,0.374716,0.397027,-0.138987,-0.246864,0.58975,0.217634,-0.384873,-0.274703,-1.0
-0.293437,-0.455489,0.462954,0.785639,0.459518,0.250518,0.847344,0.66885,0.611691,0.323695,-0.130292,-0.116598,0.410348,0.286735,-0.999558
-0.045696,0.577093,-0.307618,-0.609407,-0.634463,-0.377374,0.036632,0.815802,-0.073853,0.037145,0.444068,0.79369,-0.364254,-0.471541,-0.940319
-0.881412,0.795173,0.640231,-0.497825,0.401301,-0.377563,0.725145,0.610011,0.432676,-0.447965,-0.197501,0.322144,0.414978,-0.233965,-0.945539
-0.588651,0.17532,-0.719641,-0.21359,0.894257,-0.20623,0.829352,0.008294,0.636788,-0.168119,-0.300915,0.056222,0.470498,-0.074054,-0.901203
0.561056,0.811437,-0.451809,0.914995,0.846308,-0.402357,0.650317,0.560013,0.514707,-0.21788,-0.169543,0.297506,0.090335,-0.490249,-0.94315
-0.469143,-0.141964,-0.858826,0.056598,-0.071523,-0.581334,0.344505,0.053018,-0.023149,-0.289355,-0.498645,0.567113,0.265558,-0.340527,-1.0
-0.85938,-0.314245,0.055893,-0.684235,0.898696,0.001747,0.741163,0.296574,0.603797,-0.064795,-0.213073,-0.071242,0.484967,0.122394,-0.96567
-0.463844,-0.501447,-0.008867,-0.538119,0.440653,-0.596061,0.916942,0.338861,0.415051,-0.621039,-0.128855,0.023198,0.471211,0.009362,-1.0
-0.284621,-0.248875,0.999884,0.955772,-0.691148,0.552551,0.95181,0.381137,-0.60349,0.475995,0.093186,-0.046875,-0.182591,0.4469,-0.962532
-0.746614,0.013222,-0.203052,-0.888831,-0.107969,0.409956,0.190157,0.731766,-0.026121,0.134725,-0.774088,-0.400344,0.404835,0.330977,-0.927155
-0.858613,0.482757,0.647209,-0.420756,-0.182223,0.142294,0.30329,0.70033,-0.179208,0.054983,-0.630873,0.307211,0.448997,-0.248396,-0.993125
0.205943,-0.274218,-0.954748,-0.540781,0.340497,0.980001,0.675615,0.639672,0.162632,0.520865,-0.011042,-0.282046,0.023214,0.488397,-1.0
0.840053,0.581607,0.794128,0.49235,0.382979,-0.43298,0.373906,0.112067,0.189881,-0.132129,0.239161,0.495532,-0.219752,-0.468884,-0.990084
-0.17938,0.672121,0.668996,-0.971046,0.58482,0.344616,0.105429,0.100491,0.116151,0.02783,-0.867333,0.315134,0.521477,-0.184792,-1.0
-0.455971,-0.95209,-0.831524,0.653584,-0.966619,-0.199603,0.283119,0.291141,-0.211637,-0.07124,0.390524,-0.549232,-0.267816,0.438294,-0.970079
0.454546,0.747625,0.810886,-0.32752,0.277237,0.812156,0.559945,0.7462,0.082515,0.415678,0.418258,-0.111168,-0.564031,0.181032,-1.0
-0.588327,-0.207623,-0.684991,0.890835,-0.113831,0.304659,0.633378,0.291651,-0.067476,0.378636,-0.219876,-0.293831,0.450888,0.265212,-1.0
-0.332497,0.787732,0.083766,0.469293,-0.969883,0.678911,0.242171,0.559923,-0.123066,0.114902,0.752745,0.233788,-0.576914,-0.102871,-1.0
-0.5889,-0.523956,0.499157,0.322173,0.972866,-0.46503,0.752723,0.917297,0.440695,-0.212725,-0.295923,-0.055212,0.449771,-0.103248,-1.0
0.132895,0.422972,-0.655885,-0.949489,0.912601,0.582318,0.319227,0.838048,0.184325,0.154207,-0.655102,-0.035463,0.439657,0.074743,-1.0
0.259115,0.556081,0.899773,0.081504,0.740193,0.612244,0.572042,0.90567,0.504946,0.308319,-0.447817,-0.156225,0.552613,0.151806,-1.0
-0.037529,-0.74068,0.300946,0.064909,0.686072,0.103965,0.47906,0.122936,0.363033,-0.030973,-0.356744,-0.358951,0.309773,0.418787,-1.0
-0.303538,-0.270115,-0.220789,-0.639599,0.697665,0.827394,0.514542,0.953429,0.307016,0.400539,-0.341186,-0.367118,0.371453,0.319634,-0.970333
-0.626265,-0.341255,0.955284,-0.14624,0.009146,-0.477721,0.320987,0.045726,0.022076,-0.283716,-0.719342,0.161017,0.543762,-0.085442,-1.0
0.355657,0.4152,-0.96423,-0.311124,0.15142,0.309264,0.840556,0.609749,0.216341,0.561813,0.114451,0.065704,-0.435854,-0.284848,-0.96023
0.9787,0.036589,0.51993,0.261572,0.780061,-0.731271,0.10674,0.279564,0.018125,-0.056454,0.225476,0.852313,-0.126603,-0.510315,-1.0
0.007938,-0.209774,-0.311332,-0.88353,0.091859,-0.288724,0.731865,0.481676,0.11746,-0.538632,-0.232078,0.105471,0.372853,-0.254707,-1.0
0.485698,0.569973,-0.895674,0.68194,0.099596,-0.469847,0.809698,0.683047,0.074841,-0.698475,0.071343,0.177031,-0.177137,-0.457644,-0.961477
-0.265397,0.126923,-0.370843,-0.935434,0.829842,0.993462,0.36516,0.254347,0.219426,0.254897,-0.442148,-0.36057,0.391413,0.389304,-0.983577
-0.951591,0.497476,-0.575355,-0.733439,-0.781403,-0.224415,0.69982,0.385235,-0.542574,-0.157191,0.005815,0.379687,0.052324,-0.480657,-0.958376
-0.304213,0.805955,-0.021015,0.447674,0.709944,-0.009373,0.261012,0.645286,0.16518,0.030683,-0.621434,0.586331,0.395507,-0.420329,-0.997671
-0.850137,0.160542,-0.325588,0.728755,-0.447839,-0.899619,0.340065,0.076229,-0.135913,-0.254519,-0.203493,0.538291,0.247622,-0.43032,-1.0
0.305431,-0.969811,-0.903804,0.8311,0.145889,0.435018,0.487445,0.942485,0.052098,0.366945,0.02876,-0.513591,-0.026383,0.518621,-0.973178
0.894087,0.841424,0.823953,-0.977468,-0.135792,0.18152,0.340959,0.438757,-0.073768,0.288046,0.530964,0.256686,-0.402375,-0.332075,-1.0
0.122278,-0.076872,0.528472,-0.795181,0.533767,-0.52533,0.972479,0.445202,0.619843,-0.525011,-0.050691,0.002496,0.299092,-0.338411,-1.0
0.547084,-0.493494,-0.356271,-0.937943,-0.235203,-0.932477,0.393474,0.212826,-0.10239,-0.307506,0.54379,0.251819,-0.520673,-0.23845,-1.0
0.270514,0.733709,-0.810858,0.798786,-0.683177,0.270655,0.372434,0.703573,-0.254616,0.112732,0.544981,0.256053,-0.546262,-0.221475,-0.995852
0.55217,-0.571881,0.476211,0.646693,-0.489195,-0.584894,0.243229,0.140244,-0.137473,-0.178949,0.84366,-0.057741,-0.474113,0.019294,-1.0
-0.653182,-0.559731,-0.546945,0.685418,0.866488,0.541948,0.988257,0.844041,0.655936,0.425301,-0.010695,0.043166,0.433989,0.328049,-1.0
0.825589,-0.187998,0.776014,-0.376812,-0.067373,-0.340222,0.818989,0.304971,-0.151728,-0.666371,0.228844,-0.030418,-0.521716,-0.139964,-0.973767
-0.328475,-0.422106,0.000182,0.398044,0.034218,0.598393,0.043532,0.1391,-0.013694,0.032125,-0.241666,-0.898774,0.227408,0.531797,-1.0
-0.609589,0.295133,0.493861,-0.859192,0.45272,-0.605851,0.223747,0.914411,0.056059,-0.111263,-0.618523,0.49481,0.304478,-0.225239,-1.0
-0.111647,-0.493522,0.15982,-0.273046,-0.751924,0.440037,0.533237,0.146657,-0.340398,0.237355,0.231291,-0.382292,-0.247469,0.403818,-0.992681
-0.058285,-0.256278,0.962799,0.762097,-0.510369,0.890338,0.657304,0.890424,-0.296499,0.427392,0.123192,-0.381304,-0.201924,0.327522,-0.982756
0.905179,0.194567,0.200088,0.16366,-0.232672,0.581309,0.952251,0.065778,-0.2101,0.665452,-0.000392,0.006395,-0.44405,0.174863,-0.959003
-0.033329,-0.694458,0.587445,-0.168534,-0.601193,0.359977,0.868971,0.835644,-0.63978,0.352323,0.041649,-0.118166,-0.267386,0.474928,-1.0
-0.238244,-0.90605,0.956949,0.305236,0.928749,0.546198,0.285337,0.685665,0.164934,0.130941,-0.40762,-0.541516,0.270529,0.426495,-0.916501
0.236736,0.477623,0.993631,-0.704982,-0.977195,-0.147608,0.02235,0.629104,0.103169,0.052168,0.873602,0.385715,-0.372352,-0.227869,-0.990318
0.012399,0.376485,0.943571,-0.935812,0.690315,0.479096,0.422587,0.234827,0.2295,0.162248,-0.495405,-0.018326,0.526824,0.02491,-1.0
-0.638603,0.390342,-0.17944,0.046125,-0.911455,0.17554,0.710564,0.342868,-0.603248,-0.020813,0.226648,0.188276,-0.408918,-0.271194,-0.952468
-0.615268,-0.244602,-0.349593,-0.532087,-0.346628,-0.950657,0.058033,0.40347,-0.023375,-0.07802,-0.350981,0.886409,0.245122,-0.460316,-1.0
-0.112258,0.117554,0.600888,-0.759222,0.57466,0.688819,0.19077,0.261906,0.133276,0.083737,-0.617813,-0.544851,0.341063,0.256507,-0.952935
-0.285494,0.889669,0.599548,-0.197429,0.808272,0.734619,0.26408,0.438113,0.048855,0.095077,-0.758122,0.139109,0.564628,-0.051441,-0.957483
0.91823,-0.436475,-0.732001,0.749661,0.299541,0.168043,0.538363,0.543285,0.385869,0.262824,0.318177,-0.371167,-0.460947,0.284291,-0.93482
0.013945,-0.443078,0.985761,-0.275782,0.408463,0.730477,0.194011,0.866814,0.091337,0.043511,-0.264447,-0.708218,0.194641,0.437459,-0.976864
-0.719685,-0.244685,0.041314,-0.203488,0.225811,-0.127906,0.731403,0.989574,0.459102,-0.316086,-0.277829,-0.058037,0.545039,0.116245,-0.956113
-0.535401,0.690574,-0.478242,-0.331228,-0.033279,-0.817449,0.880922,0.156036,-0.080535,-0.717016,-0.080681,0.057995,0.205676,-0.441915,-0.970165
0.090039,0.604017,-0.642602,-0.314376,-0.791806,0.98122,0.586996,0.689987,-0.278256,0.387778,0.369791,-0.121243,-0.420378,0.174134,-1.0
0.628722,0.87933,-0.405398,-0.074757,0.575871,0.217098,0.834214,0.686004,0.62273,0.281299,0.052046,0.097254,0.017789,-0.446606,-0.943348
0.231528,0.365752,0.23316,0.272615,0.419061,-0.041759,0.958041,0.486722,0.794445,-0.042544,-0.067441,0.090884,0.053963,-0.461614,-0.844162
0.545988,-0.596821,0.99285,0.027198,-0.975242,0.917236,0.562837,0.328904,-0.23786,0.283025,0.352361,-0.31545,-0.347884,0.385478,-1.0
-0.437179,0.726671,0.195253,0.3559,0.723812,-0.780397,0.695036,0.119467,0.331379,-0.409874,-0.205654,0.20718,0.260751,-0.407872,-0.947962
-0.125054,0.198377,-0.965488,0.903783,-0.789049,-0.757269,0.016964,0.300357,0.038455,0.003986,0.612282,0.859659,-0.264854,-0.377266,-1.0
-0.732071,0.452811,-0.614565,0.89672,0.639284,0.139651,0.378623,0.595021,0.280405,0.016949,-0.556537,0.11733,0.488915,-0.131141,-0.957388
0.733863,-0.510796,-0.2804,0.079154,0.702579,-0.113859,0.767009,0.682539,0.620802,-0.07834,-0.045873,-0.30706,0.012116,0.47937,-0.931329
0.71198,-0.93154,-0.43498,0.388954,-0.105832,-0.974408,0.806727,0.414488,-0.09058,-0.651262,0.247173,-0.014123,-0.477197,-0.032544,-0.946011
-0.467547,0.19728,-0.297373,0.471159,-0.867412,0.737436,0.03248,0.105181,-0.096461,0.063893,0.628054,-0.814494,-0.296156,0.472725,-1.0
0.377818,-0.994298,-0.101959,0.19343,0.503451,0.09665,0.90433,0.136401,0.705663,0.149204,0.035624,-0.032151,0.021613,0.392116,-0.991969
0.766351,-0.440048,-0.862,-0.220905,0.636902,0.167289,0.321912,0.093234,0.174397,0.122242,0.214606,-0.726502,-0.085033,0.468288,-1.0
-0.555754,0.275275,0.356084,0.184971,-0.257765,-0.167747,0.673553,0.497043,-0.466592,-0.300098,-0.113334,0.23829,0.32026,-0.45434,-0.915488
-0.313913,-0.235434,0.54694,-0.186078,0.75572,0.848869,0.702918,0.907217,0.452833,0.417575,-0.278693,-0.184699,0.29581,0.335193,-0.981566
0.816335,-0.226787,-0.286953,0.795986,-0.46042,-0.823805,0.312555,0.487079,-0.117605,-0.233934,0.605688,0.241535,-0.428795,-0.188335,-0.999885
-0.252041,0.504857,0.925651,-0.267435,0.825698,0.052859,0.529114,0.164602,0.459529,-0.001809,-0.425162,0.251306,0.42698,-0.119613,-0.93665
-0.024811,0.181398,0.285048,-0.337448,0.695244,-0.325134,0.089272,0.929104,0.137861,-0.04941,-0.762801,0.534806,0.377217,-0.262251,-1.0
0.031115,-0.354261,0.484707,0.693562,0.850581,0.818751,0.581544,0.144132,0.354001,0.3214,-0.256464,-0.374253,0.26439,0.50954,-0.98403
-0.549655,-0.537021,0.19092,0.102167,0.443898,0.287374,0.855125,0.275884,0.543909,0.356285,-0.147293,-0.149869,0.36273,0.282968,-1.0
0.827418,-0.268471,0.385182,-0.596609,-0.593854,-0.185376,0.717149,0.089057,-0.559155,-0.208344,0.338022,-0.055056,-0.473428,0.018389,-0.950383
0.562703,0.783287,0.412914,0.104281,-0.468586,0.41359,0.011992,0.12162,-0.044069,0.020118,1.0,0.320704,-0.52853,-0.166103,-0.979452
0.148567,0.760479,0.197471,0.515346,0.965955,-0.4489,0.835465,0.351479,0.57502,-0.33467,-0.082545,0.129749,0.219109,-0.315949,-0.9241
-0.432843,0.66418,-0.643492,-0.083806,-0.451178,-0.228954,0.446804,0.357926,-0.331057,-0.156728,0.022979,0.6099,0.039224,-0.432478,-1.0
-0.300108,-0.383199,-0.412928,-0.601552,-0.445669,-0.896576,0.033525,0.512019,-0.026295,-0.046748,0.210162,0.976577,-0.106721,-0.56579,-1.0
-0.849306,0.564624,-0.621477,0.430983,-0.624557,0.324381,0.086481,0.559126,-0.040681,0.003714,-0.671448,0.635196,0.379953,-0.350768,-1.0
0.979453,-0.612021,-0.059984,-0.625906,-0.708739,0.08056,0.243141,0.995201,-0.281662,0.074234,0.632355,-0.267181,-0.482172,0.081221,-0.994822
-0.785607,-0.286132,0.054714,0.823536,0.468291,-0.313737,0.885702,0.361816,0.662225,-0.417031,-0.110816,0.032849,0.482539,-0.014909,-0.985836
-0.076819,0.26469,-0.569149,0.584761,-0.005452,-0.5713,0.459974,0.710692,0.084811,-0.264721,-0.072471,0.413872,0.040215,-0.529716,-0.925093
0.619585,0.029444,-0.108868,0.52932,-0.995825,0.061595,0.001217,0.345108,-0.012132,0.014698,1.0,0.043274,-0.447844,0.046707,-1.0
-0.721947,-0.460327,0.579775,-0.052554,-0.213031,-0.488379,0.194426,0.642998,-0.039226,-0.136494,-0.792565,-0.024326,0.424901,-0.086517,-0.990438
0.894446,0.767364,0.656929,-0.316244,0.45353,0.030199,0.151573,0.08949,0.157134,-0.01797,0.41591,0.669898,-0.196536,-0.381414,-1.0
0.035591,-0.248242,0.103987,0.730209,0.512831,0.687688,0.778741,0.030265,0.420604,0.512446,-0.126502,-0.267353,0.28955,0.395684,-0.982927
0.761552,0.59425,-0.337206,0.376406,0.243685,0.568268,0.870776,0.484367,0.354359,0.599698,0.092682,-0.098572,-0.604775,-0.06671,-1.0
0.720998,-0.704104,0.087564,-0.998567,-0.184119,0.196975,0.958635,0.018498,-0.565307,0.581924,0.021985,-0.111028,-0.401594,0.411153,-0.978588
-0.288964,-0.390346,-0.02028,0.374994,0.630386,-0.211075,0.987256,0.82833,0.850071,-0.227504,-0.049555,-0.01884,0.536703,0.136563,-0.999599
-0.818936,0.681724,0.034978,-0.504063,0.207672,0.162588,0.017831,0.061418,0.057095,0.077892,-0.818938,0.446816,0.436859,-0.208959,-0.980169
-0.824437,0.182807,-0.201016,-0.108515,0.858355,-0.457613,0.447199,0.291646,0.30742,-0.177594,-0.635593,0.265164,0.461358,-0.137248,-0.988994
0.654492,0.391198,0.075189,-0.504422,-0.09996,0.675955,0.909916,0.46638,-0.191285,0.757552,0.090161,-0.007677,-0.643484,0.208111,-0.950319
-0.027331,0.832501,-0.200435,0.894797,-0.929074,0.527431,0.351513,0.689433,-0.266843,0.123873,0.527616,0.269494,-0.543904,-0.180139,-1.0
-0.417493,-0.439436,0.276834,0.903884,0.664768,-0.583365,0.792982,0.59455,0.481526,-0.439519,-0.146809,0.066704,0.414397,-0.044904,-1.0
-0.908073,0.513635,-0.572794,0.099652,-0.074378,-0.395783,0.64448,0.085783,-0.163835,-0.535183,-0.220252,0.274407,0.393314,-0.376111,-0.959505
-0.438064,-0.343624,-0.180393,0.430092,-0.655648,-0.707111,0.530942,0.531344,-0.263992,-0.295657,0.201643,0.432311,-0.315504,-0.400934,-0.977666
-0.026765,0.857204,-0.073181,-0.058778,0.763638,0.865235,0.27067,0.618643,0.074844,0.232418,-0.716274,-0.019601,0.620535,0.098811,-0.979663
-0.153982,-0.206109,-0.346759,0.995687,-0.585917,0.437502,0.664564,0.435386,-0.473035,0.353298,0.11368,-0.292646,-0.256405,0.450989,-0.994355
-0.635374,0.036714,0.966513,0.502143,-0.70708,0.745011,0.770229,0.480924,-0.46778,0.464486,0.068696,-0.240741,0.012335,0.500809,-0.93961
0.672742,0.885674,-0.261431,0.648826,0.423548,-0.625497,0.022153,0.227461,0.027169,0.04059,0.107046,0.969018,-0.104811,-0.526219,-1.0
0.910075,0.037236,0.38044,0.448466,-0.813399,0.952058,0.338065,0.433693,-0.211228,0.128215,0.543317,-0.3771,-0.482791,0.265912,-1.0
0.468668,-0.937103,0.552682,0.711138,-0.762727,-0.539543,0.786546,0.54693,-0.477738,-0.303944,0.10792,-0.051595,-0.501669,0.207785,-0.992
0.862199,-0.300941,-0.803547,0.420217,-0.179687,-0.435677,0.294689,0.459714,-0.106362,-0.252598,0.788619,0.076083,-0.497691,-0.017611,-0.887978
0.644921,-0.91142,0.513474,0.537314,-0.508757,-0.789185,0.447451,0.467028,-0.103771,-0.313751,0.561931,-0.015194,-0.566394,0.06334,-1.0
-0.298764,0.257323,-0.849724,0.464276,0.960436,0.428968,0.836733,0.619324,0.529557,0.186322,-0.150461,-0.150507,0.465685,0.084888,-0.941598
-0.459742,-0.614415,0.867974,0.983079,0.63435,-0.918617,0.771158,0.006261,0.427769,-0.551057,-0.198444,0.132876,0.392827,-0.166334,-1.0
0.185322,0.896222,0.935643,-0.632358,0.224227,0.846729,0.212157,0.132369,0.095262,0.231251,-0.456374,0.634653,0.23475,-0.327044,-0.976531
-0.654335,0.676946,0.392568,0.672748,-0.783508,-0.919529,0.829319,0.659181,-0.411137,-0.569552,0.020463,0.160097,-0.008668,-0.534683,-1.0
-0.703153,-0.694634,-0.932506,-0.019911,0.09059,0.307178,0.270405,0.525502,0.016753,0.159742,-0.544392,-0.49816,0.282249,0.324781,-0.947344
-0.766423,-0.70337,0.77954,0.326005,-0.452914,-0.967486,0.288063,0.477593,-0.135832,-0.190617,-0.570599,0.445751,0.356882,-0.242208,-0.942651
-0.585438,0.557177,0.150153,0.145706,-0.177666,-0.639627,0.252903,0.297103,-0.089737,-0.319626,-0.197676,0.711304,0.15267,-0.412399,-0.953755
0.138844,0.780326,0.170328,-0.901923,-0.972859,-0.967398,0.549448,0.288887,-0.27209,-0.292963,0.221469,0.450517,-0.276594,-0.477314,-1.0
0.985321,0.85114,-0.090965,0.270226,-0.022348,0.059046,0.334817,0.325815,-0.105252,0.216547,0.471233,0.356786,-0.461781,-0.320887,-1.0
0.023323,0.715482,-0.94442,0.241745,-0.796312,0.075303,0.666698,0.701024,-0.440748,0.059786,0.242472,0.237322,-0.276538,-0.292437,-1.0
0.413086,-0.554441,-0.987607,0.498154,0.354932,0.197269,0.150119,0.054348,0.093792,0.060767,0.092265,-0.822809,0.040016,0.496385,-1.0
-0.141985,-0.768975,-0.271586,0.244367,-0.254467,-0.919563,0.791224,0.830942,-0.135959,-0.58977,0.099115,0.132723,-0.342954,-0.373213,-1.0
0.460088,-0.655183,-0.929352,0.320904,0.926911,-0.019113,0.733311,0.299623,0.667528,-0.009925,-0.169579,-0.238178,0.312728,0.364773,-0.986269
-0.647561,-0.621295,-0.889891,0.251243,-0.276796,-0.844623,0.952927,0.511189,-0.215025,-0.757968,-0.039322,0.038451,0.444114,-0.303935,-0.945685
0.896326,0.02229,0.331468,0.366785,0.36539,0.282114,0.180167,0.175009,0.151782,0.225535,0.803229,-0.372264,-0.47646,0.158453,-1.0
0.964628,0.103709,0.707362,-0.251995,0.669273,-0.686265,0.172912,0.078436,0.121791,-0.124001,0.301222,0.698622,-0.138292,-0.400887,-0.978301
0.731996,0.107502,0.176636,0.567188,-0.451167,-0.410624,0.965599,0.685603,-0.497479,-0.382355,0.071109,0.008594,-0.472673,-0.15752,-0.979538
-0.748913,-0.539087,0.044865,-0.016396,0.168676,-0.353309,0.110849,0.813186,0.099353,-0.080745,-0.875041,-0.255922,0.540481,0.053677,-0.980848
-0.072659,0.969635,-0.130181,-0.291734,0.294792,-0.766456,0.879153,0.22808,0.238599,-0.754261,-0.082882,0.244794,0.151327,-0.48394,-1.0
0.203498,0.553746,-0.178315,0.693418,-0.613795,-0.542896,0.484266,0.386544,-0.320447,-0.263497,0.350225,0.428268,-0.397188,-0.409864,-1.0
-0.478091,-0.826866,0.238707,-0.7835,0.978454,0.313225,0.521646,0.125373,0.447212,0.160591,-0.395344,-0.304576,0.407734,0.271823,-1.0
0.155572,0.097392,0.519573,0.576486,-0.089356,-0.190433,0.209115,0.988345,-0.010163,-0.211265,0.542869,0.614548,-0.380935,-0.401895,-1.0
-0.337557,0.80822,0.724829,-0.408332,0.805374,-0.7499,0.222494,0.228606,0.130285,-0.115807,-0.560555,0.627257,0.318792,-0.236987,-1.0
0.535457,0.898091,0.008294,0.993487,-0.332965,-0.607611,0.769376,0.485997,-0.233769,-0.555855,0.080426,0.137808,-0.242132,-0.41436,-0.951793
0.625766,-0.733697,-0.565105,0.614625,0.523114,-0.788529,0.284484,0.451964,0.072952,-0.143148,0.6383,0.367643,-0.468638,-0.242643,-1.0
0.281427,0.49326,-0.063292,0.648238,-0.930435,-0.687105,0.667113,0.991546,-0.429125,-0.349263,0.208102,0.237911,-0.339265,-0.360609,-1.0
-0.65054,0.097547,0.837409,-0.357575,0.721708,0.903196,0.214183,0.287873,0.114059,0.121443,-0.657758,-0.386523,0.390951,0.302278,-1.0
-0.555572,-0.016039,0.717986,0.562888,0.99805,0.445508,0.174686,0.020632,0.086387,0.037651,-0.799089,-0.28025,0.542399,0.205068,-1.0
-0.366634,0.560452,-0.387436,-0.232597,0.088041,-0.625639,0.68443,0.484657,0.01003,-0.424293,-0.148369,0.327041,0.152502,-0.506844,-1.0
-0.747177,-0.746271,-0.028534,0.825973,0.38622,0.206204,0.471907,0.094758,0.285216,0.12049,-0.385013,-0.376838,0.439152,0.300707,-0.983352
0.625275,-0.709212,-0.445582,-0.013919,-0.864975,-0.960629,0.739251,0.384922,-0.409436,-0.348393,0.267763,0.06629,-0.515312,-0.112328,-1.0
0.291555,-0.816244,-0.7889,0.604819,0.997352,-0.53413,0.484045,0.166555,0.326159,-0.24276,-0.564119,-0.220301,0.506587,0.232247,-1.0
0.085306,-0.410698,0.541659,-0.408971,-0.002775,-0.575332,0.950854,0.512583,0.052538,-0.745093,-0.026727,0.045438,-0.180737,-0.378819,-1.0
0.736439,0.142731,-0.693379,-0.450297,-0.972587,-0.418452,0.991328,0.504305,-0.712675,-0.336186,0.066072,0.012495,-0.555517,-0.211022,-1.0
0.991518,-0.311136,-0.757433,0.42814,-0.417319,-0.69999,0.643786,0.734807,-0.322645,-0.487262,0.336888,0.104438,-0.570348,-0.068238,-1.0
-0.422528,-0.525481,0.236722,-0.477583,-0.454507,0.101385,0.04997,0.91967,-0.1178,-0.018875,0.061979,-0.904074,-0.0214,0.563346,-0.929483
-0.309903,-0.296153,0.784892,0.802471,0.499586,0.716336,0.625375,0.666237,0.249952,0.327142,-0.164583,-0.218549,0.321933,0.344654,-1.0
0.807979,-0.27337,-0.787907,0.673011,-0.07934,-0.170947,0.378236,0.263699,-0.090176,-0.313411,0.605357,-0.016252,-0.469447,0.056288,-1.0
0.531385,-0.417869,-0.5003,-0.052625,-0.058722,0.286309,0.440397,0.494383,-0.198643,0.428337,0.371727,-0.460588,-0.203403,0.406486,-0.983496
-0.960646,-0.226761,0.696615,0.022025,-0.512606,-0.235765,0.47374,0.390008,-0.348971,-0.158588,-0.575507,0.073036,0.342114,0.038603,-1.0
0.360677,0.728545,-0.550982,0.137217,0.887466,-0.843538,0.449478,0.52539,0.152329,-0.20783,-0.192663,0.577244,0.125126,-0.445986,-1.0
0.79164,-0.738986,0.52346,0.904979,0.378353,-0.346392,0.571703,0.066939,0.354656,-0.366533,0.275883,-0.274473,-0.387999,0.34579,-0.969133
-0.461152,0.048189,-0.341848,0.574044,0.173279,0.347203,0.042507,0.987157,-0.038942,0.027008,-0.842586,-0.416324,0.540356,0.143714,-1.0
0.732098,-0.412105,-0.035003,-0.849918,0.741774,0.057986,0.217055,0.344096,0.280734,0.073522,-0.022184,-0.766018,0.06307,0.521217,-0.975907
0.552521,0.901305,0.937436,-0.461143,0.525984,-0.485976,0.971363,0.668487,0.577657,-0.617877,-0.063074,0.030174,0.009388,-0.609168,-1.0
-0.625054,0.750569,-0.158947,-0.87237,0.262595,-0.376965,0.60438,0.369424,0.23854,-0.361644,-0.196792,0.334402,0.334599,-0.324192,-0.979423
-0.465153,0.371324,-0.162015,-0.492596,0.061376,-0.749184,0.482984,0.988679,0.074626,-0.375949,-0.240453,0.467011,0.226508,-0.492001,-0.976386
-0.176985,-0.774373,-0.89018,-0.550104,-0.24181,-0.541738,0.854861,0.602498,-0.271873,-0.625391,0.050815,-0.133558,-0.1503,0.482598,-0.984858
-0.562712,0.605285,0.468702,-0.199585,-0.476991,-0.350407,0.059795,0.418901,0.00555,-0.028231,-0.000506,0.895114,0.039206,-0.498316,-1.0
0.263648,0.011381,0.270931,0.074257,-0.69614,-0.641647,0.743467,0.188198,-0.446163,-0.42776,0.185659,0.146235,-0.500786,-0.261992,-1.0
0.577014,0.821458,0.23298,-0.195428,-0.155391,0.946063,0.595632,0.979009,-0.09848,0.439119,0.401959,-0.159829,-0.556532,0.060753,-0.921981
-0.399506,-0.14384,0.142026,0.194526,0.832351,0.386703,0.800264,0.531649,0.620738,0.229251,-0.176485,-0.099368,0.431758,0.247191,-1.0
-0.809117,0.211645,0.786007,0.413309,0.798046,0.867341,0.01689,0.522436,0.044296,0.045908,-0.924046,-0.466175,0.588567,0.222813,-0.973965
-0.458052,0.018192,0.919172,0.746093,0.729978,0.749315,0.560262,0.174788,0.373425,0.3662,-0.296964,-0.21347,0.455834,0.348686,-1.0
0.848742,-0.954449,0.121902,0.221298,-0.870377,0.543525,0.183762,0.0189,-0.09317,0.069371,0.621181,-0.545442,-0.25038,0.39168,-1.0
0.626921,0.680155,0.85103,0.930878,0.396206,-0.857846,0.472553,0.966452,0.155447,-0.375784,0.09023,0.657793,-0.077208,-0.50971,-0.949582
-0.203069,0.234681,0.527057,0.961592,0.919291,-0.984193,0.529941,0.099109,0.214184,-0.231831,-0.341842,0.321235,0.336821,-0.354057,-0.99014
-0.211506,0.300119,0.853797,0.426083,-0.900098,-0.044733,0.132954,0.062251,-0.14577,-0.008888,0.783477,0.400249,-0.473642,-0.232372,-0.99871
0.263418,0.547599,-0.091404,0.349069,-0.707538,-0.552078,0.165902,0.418675,-0.164104,-0.095435,0.588009,0.648638,-0.390191,-0.392745,-1.0
0.896507,0.294696,-0.112928,-0.247342,0.511313,-0.17487,0.272067,0.43882,0.100806,-0.071767,0.399172,0.630158,-0.34015,-0.371437,-1.0
0.279475,0.385145,0.344161,0.74888,-0.99642,0.979158,0.203783,0.161488,-0.028818,0.068462,0.739978,-0.215116,-0.521244,0.180578,-1.0
0.715486,0.52561,-0.032257,0.7476,0.880852,0.661275,0.787748,0.12129,0.571537,0.37788,-0.222399,-0.160488,0.344572,0.280768,-0.919423
-0.44123,-0.984841,-0.386517,0.981233,0.599689,0.92748,0.442077,0.272678,0.247473,0.388908,-0.221556,-0.560008,0.257574,0.359276,-1.0
0.140557,-0.743381,-0.49967,-0.801231,0.98523,0.432082,0.075674,0.232018,-0.05842,0.019893,-0.578899,-0.737595,0.388046,0.46951,-1.0
0.05337,-0.634802,0.815652,0.692545,-0.303913,-0.419314,0.53627,0.537507,-0.122115,-0.331966,0.504683,-0.265847,-0.326131,0.209185,-1.0
-0.737969,-0.890125,0.003445,0.87266,0.102969,-0.987669,0.240235,0.856838,0.000895,-0.209936,-0.719899,0.107417,0.458552,-0.014604,-1.0
-0.571906,-0.134592,0.829138,-0.596753,0.023725,0.844817,0.720811,0.738042,0.031014,0.666938,-0.130798,-0.241079,0.273303,0.492139,-1.0
0.603483,0.421325,0.222722,-0.729814,0.014544,0.828557,0.525802,0.217934,0.011007,0.389481,0.406001,-0.24897,-0.405536,0.21202,-0.955974
-0.082198,0.456948,-0.760232,0.553966,-0.677103,0.351834,0.324201,0.570405,-0.224172,0.179924,0.74349,0.067514,-0.463183,-0.06094,-1.0
0.854917,0.542839,-0.580248,-0.489617,-0.937825,0.206744,0.852292,0.010566,-0.670653,0.144987,0.146886,-0.015358,-0.450375,-0.139488,-1.0
-0.744898,-0.60325,-0.914502,0.332451,-0.445132,0.7536,0.838688,0.944495,-0.302489,0.523486,-0.028978,-0.158706,0.131644,0.50515,-0.97312
-0.648045,-0.651937,0.791811,0.137773,0.025474,-0.24156,0.825102,0.163581,0.042995,-0.679394,-0.107399,-0.092566,0.502724,0.30156,-0.994821
-0.714021,0.096688,-0.938392,0.320854,-0.468851,0.161367,0.759253,0.909867,-0.575071,0.176467,-0.217618,-0.026198,0.486242,0.176057,-0.930812
0.463561,-0.724293,-0.229053,-0.83987,-0.440727,-0.525824,0.443044,0.221597,-0.279082,-0.24339,0.587241,-0.061907,-0.449399,0.062783,-1.0
0.329255,0.96818,0.470728,-0.844865,0.177292,-0.664328,0.212226,0.11787,0.119964,-0.193054,0.01307,0.697863,-0.162329,-0.379177,-0.979741
-0.535612,0.513535,0.035193,0.021808,0.490563,-0.202283,0.071201,0.389687,0.111894,-0.003658,-0.712432,0.611798,0.405913,-0.256673,-1.0
0.094771,-0.475009,0.676093,-0.447624,0.718195,0.39507,0.813248,0.485276,0.571485,0.290313,-0.164619,-0.189147,0.320808,0.354095,-0.934825
-0.301931,-0.265454,0.106899,0.813884,0.095032,0.552959,0.600715,0.280357,0.032784,0.447302,-0.189598,-0.337928,0.211131,0.484465,-0.962345
-0.595991,-0.546318,0.62673,0.36181,-0.107036,-0.636037,0.852113,0.587071,-0.035192,-0.756138,-0.129697,0.014685,0.461958,-0.081692,-1.0
-0.739819,0.308933,-0.42584,0.775031,0.732625,-0.522802,0.043904,0.704216,0.073371,-0.013778,-0.836629,0.468787,0.497732,-0.250845,-0.973713
0.922631,0.585877,-0.148328,-0.618018,0.762065,0.284006,0.314339,0.944004,0.281071,0.043594,0.272535,0.542988,-0.199113,-0.375229,-0.973453
0.754983,-0.393239,0.024531,-0.093864,-0.278234,0.678476,0.330728,0.348945,0.051188,0.249446,0.482707,-0.528993,-0.266895,0.303928,-0.941146
0.617863,-0.94304,-0.613795,0.524838,-0.496815,0.160852,0.25561,0.866,-0.182745,0.103954,0.538482,-0.519458,-0.30531,0.386126,-1.0
0.233561,0.340254,0.818609,-0.502701,-0.201321,0.239384,0.991208,0.59144,-0.498363,0.603916,0.088383,0.053932,-0.448115,-0.143737,-0.948479
0.942542,0.727453,-0.411832,-0.713112,-0.46671,-0.889583,0.536284,0.615105,-0.149074,-0.290201,0.362697,0.40941,-0.27346,-0.425288,-1.0
-0.730535,-0.865301,-0.883303,-0.049831,0.915464,-0.827679,0.4098,0.299296,0.198703,-0.175315,-0.657292,-0.008425,0.510602,-0.013891,-1.0
-0.779218,-0.707692,-0.521411,-0.227731,0.351613,-0.197918,0.38041,0.59974,0.247595,-0.310827,-0.591156,-0.283664,0.44684,0.159952,-1.0
0.600503,0.496659,0.051573,0.713633,0.533319,0.390027,0.156405,0.721461,0.115709,0.170026,0.46012,0.70093,-0.285407,-0.448158,-0.9987
-0.863613,-0.780105,-0.543734,0.012719,0.048266,0.616415,0.0201,0.905344,0.006848,0.049287,-0.522971,-0.870196,0.255098,0.472693,-0.984974
0.027265,0.544391,0.127679,0.687089,-0.689685,0.388978,0.360158,0.779136,-0.220754,0.217364,0.58877,0.117798,-0.52185,-0.204724,-1.0
-0.130821,0.477936,0.526998,-0.171448,0.519263,0.126151,0.300742,0.163006,0.282597,0.065357,-0.581623,0.305171,0.509594,-0.273893,-0.895084
-0.203453,-0.830377,-0.517913,-0.766128,-0.757685,0.585053,0.68449,0.117217,-0.452351,0.278959,0.136773,-0.26723,-0.23719,0.551981,-1.0
0.935882,-0.345909,0.577167,0.272666,-0.667557,0.620203,0.943029,0.383476,-0.568846,0.601099,0.029369,-0.014398,-0.393639,0.207507,-0.923862
0.485008,-0.826688,-0.132198,0.673668,0.482433,0.272733,0.532584,0.976511,0.411685,0.224202,0.042936,-0.400545,-0.034306,0.491792,-0.96927
0.889174,-0.840531,-0.834904,-0.464431,0.63992,-0.203623,0.746527,0.076794,0.573375,-0.179432,0.133444,-0.244184,-0.195464,0.512865,-1.0
0.417518,0.460501,0.310088,0.505362,-0.924366,-0.960147,0.05504,0.218845,-0.02038,-0.089639,0.696325,0.758708,-0.38515,-0.367952,-0.950666
0.75591,0.06955,0.675979,-0.408209,0.118405,0.699377,0.330451,0.310447,0.013639,0.249319,0.454507,-0.510361,-0.286643,0.386024,-1.0
-0.036829,0.389658,0.465075,0.003476,-0.529233,0.278105,0.152138,0.498902,-0.016781,0.009346,0.863769,0.191011,-0.473799,-0.013334,-0.930538
0.208902,-0.64971,0.728389,0.032155,-0.253474,0.067921,0.936546,0.594323,-0.643767,0.158623,-0.033101,-0.015106,-0.298963,0.452315,-1.0
-0.041349,-0.778413,-0.529818,-0.526738,0.537254,0.025553,0.548114,0.594603,0.495054,0.140495,-0.223144,-0.373727,0.340487,0.446094,-0.943685
0.372608,-0.360354,-0.215054,-0.082414,0.127888,-0.10728,0.649948,0.993899,0.330426,-0.340515,0.264883,-0.229289,-0.370618,0.345781,-0.921644
0.391052,-0.977985,-0.559362,-0.69652,-0.46817,0.197258,0.660119,0.997383,-0.515063,0.164967,0.217356,-0.292775,-0.381511,0.455717,-1.0
0.11494,-0.958527,0.713632,-0.450961,-0.77428,-0.263949,0.595194,0.88305,-0.354126,-0.195663,0.305477,-0.2994,-0.408065,0.342821,-0.937685
0.441293,-0.897162,-0.705765,0.634483,-0.982967,-0.554227,0.165584,0.423012,-0.056136,-0.047113,0.782505,-0.275661,-0.514917,0.059891,-0.923454
-0.159792,0.246501,0.670906,-0.388085,0.121149,0.26131,0.528804,0.811986,0.216506,0.451603,-0.464122,0.071634,0.466552,0.010823,-0.994951
0.850374,-0.860719,-0.328448,-0.297497,-0.979301,0.949164,0.959165,0.299832,-0.564545,0.502747,-0.019434,-0.043933,-0.410546,0.253529,-1.0
0.351679,-0.440782,-0.717081,-0.704837,-0.376132,0.68376,0.532067,0.311966,-0.257186,0.427408,0.308972,-0.403759,-0.19514,0.431984,-1.0
-0.826516,0.327427,-0.974139,0.326355,-0.02215,-0.694058,0.324922,0.092842,0.062457,-0.188076,-0.347138,0.57715,0.358338,-0.372629,-1.0
-0.751381,0.090933,-0.014184,0.232297,0.705556,0.875233,0.171118,0.552236,0.150916,0.049147,-0.683431,-0.414189,0.462936,0.189545,-0.984997
-0.296182,0.955751,0.584651,0.977754,-0.897418,-0.942667,0.811248,0.94188,-0.506288,-0.432364,0.026495,0.156739,-0.19098,-0.459722,-0.979301
-0.8659,-0.638293,-0.582758,-0.171625,-0.237565,-0.370042,0.688013,0.175824,-0.26567,-0.427,-0.310287,-0.073274,0.339001,0.182275,-1.0
0.081818,0.598918,-0.779651,-0.595207,0.971014,0.559376,0.970937,0.106,0.590333,0.454276,0.088778,0.06778,0.509113,-0.078323,-1.0
0.528412,-0.473059,-0.187116,0.204527,-0.074257,0.159959,0.979148,0.46381,-0.314153,0.726903,0.004059,-0.072533,-0.298626,0.372687,-1.0
0.684122,-0.320528,0.048608,0.327489,-0.2262,-0.76116,0.740941,0.580302,-0.16158,-0.608739,0.139951,0.110857,-0.442237,-0.230022,-1.0
-0.452678,0.755855,-0.768282,-0.918802,0.969505,-0.421182,0.217362,0.161688,0.193068,-0.095561,-0.646119,0.548637,0.359366,-0.225741,-0.986838
0.782206,-0.687374,0.941996,-0.501269,0.457301,0.895916,0.798942,0.354207,0.387899,0.555235,0.105467,-0.200803,-0.201587,0.530437,-1.0
0.608783,0.738402,-0.893437,-0.016916,-0.384588,0.946261,0.128387,0.111798,-0.018414,0.122554,0.913453,-0.226296,-0.393872,0.091738,-0.95452
0.020531,-0.24837,-0.188966,-0.466039,0.111879,-0.209799,0.32048,0.774599,0.092105,-0.183006,-0.694574,-0.248512,0.479181,0.268781,-1.0
0.574377,-0.426984,0.895243,0.372552,0.993872,-0.767008,0.848194,0.485881,0.493433,-0.411477,-0.152761,0.145899,0.408138,-0.377804,-1.0
0.917682,0.105724,0.243565,0.752788,-0.686302,0.393251,0.380422,0.121859,-0.252115,0.181095,0.574079,-0.134942,-0.475691,0.142378,-0.974683
0.902619,-0.571881,0.423699,-0.355022,-0.413969,0.965011,0.128229,0.152171,-0.049413,0.087789,0.485722,-0.681838,-0.315407,0.478069,-0.960934
0.183656,0.494682,-0.682886,-0.367478,0.49912,0.973514,0.817214,0.004118,0.321709,0.51218,-0.018814,-0.051454,0.306439,0.503792,-0.993169
-0.292887,-0.277517,0.153004,-0.02123,0.526222,-0.508037,0.897183,0.390394,0.421889,-0.443016,-0.093765,0.040251,0.452,-0.158913,-0.943253
0.60111,0.05369,-0.202443,-0.34335,0.323034,0.787676,0.572146,0.071057,0.212706,0.362334,0.1821,-0.371276,-0.149433,0.505315,-1.0
0.812659,0.472235,0.830524,0.071902,-0.772101,-0.745074,0.14759,0.575337,-0.056401,-0.078308,0.580293,0.558016,-0.468594,-0.260739,-0.996029
0.289686,-0.87518,-0.92308,-0.132858,0.297073,-0.215228,0.608278,0.03383,0.324288,-0.245983,0.043038,-0.2779,-0.062589,0.49965,-0.929358
0.096931,-0.842793,0.77743,-0.858146,0.694643,0.822868,0.486496,0.638519,0.286249,0.334105,-0.196997,-0.401555,0.115478,0.4506,-0.957518
-0.207754,-0.628517,-0.561807,-0.502198,0.122555,0.543642,0.339459,0.017059,0.051285,0.266325,-0.174465,-0.533085,0.137177,0.34253,-1.0
-0.815595,0.050348,0.736095,-0.521392,-0.180096,0.440689,0.4064,0.452496,-0.082295,0.285563,-0.47674,-0.2745,0.467232,0.210169,-0.953426
0.698712,0.279336,0.098094,0.818248,-0.690732,-0.566474,0.544564,0.423639,-0.313619,-0.312329,0.420476,0.199118,-0.407626,-0.157622,-0.970719
-0.327077,-0.557743,-0.203766,0.477257,0.617331,0.289432,0.801997,0.051916,0.593343,0.276022,-0.097121,-0.071469,0.409635,0.338504,-0.931157
0.207645,-0.351149,-0.645021,-0.296431,0.546122,-0.650421,0.932935,0.227892,0.43504,-0.577341,-0.043486,-0.038916,0.399877,-0.281089,-1.0
0.078768,-0.848165,0.521404,-0.958928,0.53293,-0.625032,0.318029,0.862854,0.263557,-0.167894,-0.677671,-0.322359,0.455201,0.248244,-0.900404
0.786866,-0.56333,-0.807066,-0.131845,0.540615,-0.523004,0.195275,0.16671,0.177729,-0.081136,0.811065,-0.156373,-0.506887,0.080475,-0.958783
-0.853069,0.080075,0.008348,0.764983,0.301233,-0.481078,0.214643,0.528327,0.129277,-0.119067,-0.694817,0.314158,0.447203,-0.248898,-0.934189
-0.613971,0.387351,0.802016,-0.590509,0.585,-0.785138,0.59963,0.411314,0.307329,-0.280527,-0.291395,0.193793,0.317351,-0.318872,-1.0
0.632092,-0.59847,0.899393,0.027618,0.344108,0.254936,0.461755,0.14351,0.247015,0.21533,0.148067,-0.51219,-0.123296,0.395938,-1.0
0.819786,0.11211,-0.15132,-0.155238,-0.715021,0.161937,0.224498,0.982124,-0.170885,0.040573,0.77001,0.005181,-0.438351,0.054038,-0.949021
-0.844287,0.78512,-0.88725,-0.371575,0.00802,-0.404513,0.303651,0.561944,-0.00225,-0.258322,-0.336979,0.585581,0.290841,-0.433611,-0.992727
0.553732,-0.929984,0.187625,0.585076,-0.191155,-0.066233,0.442302,0.606926,-0.296242,-0.103877,0.292545,-0.421453,-0.288655,0.360873,-1.0
-0.819136,0.412195,0.423813,0.943856,0.984246,-0.157239,0.963825,0.434127,0.784809,-0.026066,-0.035697,-0.081337,0.541466,-0.115414,-1.0
0.198881,-0.433433,0.401621,0.340927,0.814948,-0.806475,0.480469,0.828243,0.323844,-0.24951,-0.387602,0.252446,0.338726,-0.270714,-0.973749
0.423409,-0.15837,-0.935368,0.767377,-0.210898,-0.47507,0.771113,0.462811,-0.180386,-0.511035,0.142366,0.121272,-0.457025,-0.248584,-0.972787
0.904997,-0.715734,0.600831,0.564687,-0.01169,0.654496,0.403329,0.451602,0.003255,0.331523,0.336651,-0.473893,-0.255844,0.445734,-0.993147
0.383335,-0.854636,-0.144957,0.808637,-0.806721,-0.539882,0.574119,0.861354,-0.369462,-0.15688,0.464415,-0.151874,-0.504017,0.160972,-1.0
-0.102714,0.515997,-0.620367,-0.124931,-0.807122,-0.016647,0.768022,0.748109,-0.651871,-0.08848,0.22959,0.08069,-0.289435,-0.306935,-1.0
-0.262194,0.599361,0.354315,-0.833623,-0.754336,-0.308503,0.663606,0.310185,-0.5172,-0.243749,0.15605,0.276481,-0.268588,-0.371922,-1.0
-0.265428,-0.758347,-0.099761,0.954463,0.140314,-0.767145,0.829718,0.685546,0.177599,-0.704459,-0.153458,-0.000288,0.520853,-0.012612,-1.0
-0.021095,-0.161307,0.731151,0.593126,0.016391,0.508067,0.817197,0.662602,0.066771,0.579488,0.039463,-0.254471,0.04089,0.535059,-0.95801
0.284237,-0.05298,-0.777844,0.681838,0.179184,0.046143,0.288083,0.245412,0.257426,0.114984,0.564893,-0.468007,-0.311454,0.224451,-1.0
0.779252,0.950663,0.15938,0.641192,0.978576,-0.66703,0.054571,0.798535,0.062364,-0.005578,-0.194714,0.971841,0.137758,-0.499545,-0.974885
-0.69061,-0.566426,0.515102,0.041269,0.418833,0.609202,0.852665,0.701517,0.313075,0.532798,-0.034202,-0.112718,0.422662,0.399129,-0.967502
-0.774961,0.029691,-0.472131,-0.725812,0.13365,0.83603,0.673252,0.29136,0.047525,0.566426,-0.163637,-0.237491,0.478017,0.2955,-1.0
-0.865972,0.79655,0.421594,-0.454958,0.587437,-0.921674,0.699161,0.217428,0.289933,-0.471058,-0.264858,0.328631,0.365416,-0.414345,-1.0
-0.082441,0.786984,0.164993,-0.786615,-0.004297,0.261343,0.475137,0.838053,0.11926,0.336371,-0.024014,0.484421,0.059454,-0.468636,-0.974726
-0.761087,0.10153,-0.648659,0.839088,-0.309419,0.388303,0.88685,0.146847,-0.503147,0.544953,-0.101593,-0.037254,0.374157,0.225559,-0.916019
-0.272762,-0.21827,0.474574,0.411414,-0.213625,-0.463597,0.701367,0.701784,-0.275155,-0.509413,-0.208849,0.31203,0.187619,-0.41175,-1.0
0.120125,0.493488,0.01884,-0.272962,0.566677,-0.587795,0.280139,0.578961,0.198291,-0.177767,-0.263909,0.663051,0.154646,-0.411469,-0.986427
-0.568592,-0.892848,0.799349,0.554154,0.931523,-0.838365,0.155208,0.062291,0.061174,-0.07713,-0.821617,-0.034011,0.541104,0.086051,-0.936036
0.341722,-0.46956,-0.746899,-0.418044,-0.384074,0.926584,0.766731,0.371864,-0.208005,0.533814,0.091367,-0.230248,-0.191025,0.412317,-1.0
0.824693,0.832723,-0.833253,-0.659259,-0.090559,-0.999538,0.772684,0.878282,-0.018459,-0.63628,0.127625,0.222361,-0.222944,-0.422321,-1.0
0.671456,0.162759,0.662427,-0.170539,0.740627,-0.346404,0.557034,0.881067,0.452607,-0.108564,-0.004901,0.430654,-0.029107,-0.469006,-1.0
-0.901483,0.364841,0.235063,-0.251114,-0.694938,-0.996483,0.415342,0.319516,-0.192069,-0.314805,-0.089634,0.536422,0.020868,-0.553149,-1.0
-0.149135,-0.149928,-0.95394,0.712067,-0.309669,-0.289929,0.952805,0.639007,-0.590832,-0.542305,0.027491,0.00904,-0.355525,-0.30247,-1.0
-0.396867,0.717177,-0.27377,-0.209865,0.551746,-0.628891,0.332422,0.438922,0.157311,-0.223737,-0.336022,0.539501,0.239745,-0.350059,-0.983153
0.648999,-0.161446,-0.543565,0.489865,-0.936793,0.054965,0.943285,0.347145,-0.652952,0.029643,0.018061,0.009056,-0.430786,0.090471,-0.997965
-0.236798,-0.550265,0.333619,-0.056475,0.421346,0.098578,0.860763,0.308813,0.584008,0.084565,-0.121528,-0.109494,0.374191,0.304684,-1.0
-0.955244,0.774377,0.093611,0.910668,-0.642459,-0.234113,0.864774,0.696722,-0.519768,-0.166347,-0.017045,0.181914,0.20038,-0.504786,-0.97951
0.011032,-0.964507,0.905871,-0.594304,-0.142678,0.728111,0.389504,0.788536,-0.070362,0.345202,0.029905,-0.53197,-0.038344,0.490144,-1.0
0.414323,-0.187894,0.873062,-0.512998,-0.702034,0.395983,0.668807,0.500022,-0.350886,0.196898,0.424823,-0.063428,-0.40137,0.229889,-1.0
0.885905,0.339771,-0.712895,-0.898953,-0.047815,-0.870728,0.007136,0.496321,0.015111,-0.047707,0.553875,0.880055,-0.265981,-0.381297,-0.969544
0.690145,0.822359,0.57563,-0.006362,0.212784,0.445603,0.018619,0.61174,-0.083106,0.046787,0.703206,0.625402,-0.310705,-0.275474,-1.0
-0.701764,0.022924,-0.89652,-0.812907,0.122486,-0.016611,0.891028,0.162904,0.652021,-0.167736,-0.03878,0.038571,0.505936,-0.029352,-1.0
-0.518591,0.629217,-0.569595,-0.318354,0.108973,0.434933,0.878592,0.92512,0.171527,0.666603,-0.098945,0.105769,0.487122,-0.24488,-1.0
-0.980107,0.148276,0.991997,0.235219,-0.295518,-0.08134,0.023674,0.187797,0.027142,0.01426,-0.944781,0.277401,0.463607,-0.261528,-0.95049
-0.197484,0.441942,0.339707,0.718067,-0.822156,-0.985139,0.765598,0.876334,-0.374394,-0.507113,0.074008,0.25786,-0.254492,-0.46763,-1.0
-0.689219,-0.8796,-0.397593,0.832704,0.729617,0.962839,0.744977,0.54491,0.331749,0.454385,-0.218782,-0.298449,0.337047,0.477345,-0.983988
0.786202,0.679917,0.590648,0.443814,0.272874,0.543785,0.644369,0.016852,0.169935,0.42322,0.381544,0.084055,-0.479266,-0.239508,-0.981718
0.259273,0.529475,0.442799,-0.828503,-0.632115,-0.454133,0.52392,0.454274,-0.347632,-0.287579,0.278827,0.379748,-0.347546,-0.454705,-1.0
-0.25419,-0.579308,-0.833585,-0.020232,-0.688117,-0.640171,0.686875,0.658644,-0.438519,-0.329603,0.249841,0.054012,-0.463708,-0.098192,-1.0
0.785131,-0.4692,0.724359,0.795653,0.393428,-0.497677,0.755892,0.537829,0.473099,-0.420406,0.271021,0.008261,-0.533656,6.5e-05,-0.940443
-0.264504,0.059084,-0.788275,-0.033652,-0.646749,-0.562691,0.863184,0.451453,-0.447981,-0.577903,0.070798,0.100358,-0.202444,-0.397373,-0.970464
-0.509721,0.977681,0.162046,-0.250647,-0.652312,0.579457,0.74378,0.607916,-0.454694,0.373599,0.185337,0.248013,-0.13353,-0.451976,-0.963777
-0.509217,0.509035,-0.372011,0.637832,0.93096,0.707569,0.827793,0.560855,0.566515,0.327993,-0.181778,0.010801,0.430867,0.064509,-1.0
-0.152724,0.089734,-0.577111,0.728707,0.615071,-0.22372,0.51072,0.245225,0.463607,-0.196975,-0.465366,0.201776,0.534456,-0.111191,-0.97423
0.994276,-0.907631,-0.471611,-0.225215,0.25248,-0.565257,0.367291,0.539949,0.02589,-0.143241,0.574257,-0.284826,-0.499856,0.194806,-0.983776
-0.37864,0.845574,0.687393,0.122347,-0.131362,0.435479,0.515681,0.909835,-0.006718,0.328429,-0.198377,0.392305,0.180366,-0.4258,-1.0
-0.880958,0.219233,0.001664,0.830597,-0.734582,0.26071,0.015538,0.452166,0.035227,0.01567,-0.890383,-0.309176,0.389667,0.120627,-0.982967
0.39048,0.351714,0.624518,-0.134218,-0.911479,0.038344,0.577565,0.83647,-0.40628,-0.065704,0.388895,0.135801,-0.419253,-0.04037,-0.934721
-0.011657,0.635955,0.283077,-0.470616,-0.37374,-0.754921,0.567613,0.523278,-0.141944,-0.481859,0.118753,0.377254,-0.138348,-0.56249,-1.0
-0.240229,0.138402,0.20341,-0.270649,0.231546,0.206262,0.370042,0.140918,0.308151,0.190076,-0.590649,-0.071132,0.579882,0.121019,-0.965798
-0.329629,0.523456,-0.994756,0.976001,-0.970496,0.918794,0.790289,0.768265,-0.538401,0.406442,0.288341,-0.089082,-0.453227,0.200189,-0.996367
-0.453537,0.507422,-0.849331,0.844036,0.671322,0.838686,0.644897,0.604776,0.27692,0.44318,-0.427831,-0.136071,0.461659,0.195161,-1.0
0.967442,0.128666,0.937979,0.915469,0.11554,-0.663846,0.943672,0.939409,0.205311,-0.695275,0.111687,0.025181,-0.30278,-0.284073,-0.893196
0.652252,0.177636,0.860523,-0.046515,0.262956,0.296843,0.050883,0.217493,-0.029636,-0.001973,0.862461,-0.248272,-0.502946,0.139327,-1.0
-0.455545,-0.664275,-0.889426,-0.732956,0.600057,-0.906027,0.090287,0.304292,0.075523,-0.106379,-0.932389,0.167559,0.535216,-0.023693,-1.0
0.502956,-0.36369,0.905906,0.878574,0.739227,0.245117,0.240728,0.639162,0.265009,0.030068,-0.267904,-0.708122,0.128523,0.501531,-0.981088
-0.285682,0.566976,0.804992,0.144283,0.580259,-0.980939,0.293323,0.714364,0.125385,-0.209532,-0.394805,0.622171,0.292157,-0.473665,-0.983693
-0.648237,0.999062,-0.760032,-0.593144,0.601301,-0.955954,0.883376,0.30976,0.349136,-0.657109,-0.02908,0.084692,0.289348,-0.545531,-0.961811
-0.673287,-0.227011,-0.95188,0.609984,-0.077373,-0.214359,0.993352,0.651254,-0.338858,-0.786341,0.028174,0.06822,0.493135,-0.010858,-1.0
0.539737,0.472537,-0.224779,0.584918,0.51823,-0.029039,0.482896,0.512794,0.362378,-0.079613,0.022441,0.451156,-0.095572,-0.436221,-1.0
-0.747168,0.442572,-0.193508,0.692617,-0.523997,0.745523,0.814152,0.885616,-0.269062,0.486739,-0.116968,-0.22753,0.158771,0.370134,-1.0
0.210007,-0.887332,-0.845245,0.927893,-0.661022,0.875889,0.653453,0.019193,-0.300648,0.338881,0.11877,-0.343395,-0.244374,0.474798,-0.965402
0.051944,0.592238,0.338628,-0.91944,-0.757104,-0.129894,0.968615,0.240834,-0.756962,-0.146985,0.083526,0.012481,-0.363979,-0.276761,-0.968481
-0.424032,-0.452237,-0.004302,-0.927187,0.190318,-0.015141,0.674813,0.566865,0.628269,-0.081513,-0.236202,-0.262739,0.362291,0.380337,-0.967523
0.196012,0.246543,-0.287471,0.075422,0.740091,0.487028,0.672026,0.091959,0.489807,0.201384,-0.314318,-0.15756,0.423781,0.155714,-1.0
-0.321651,-0.553143,0.65152,-0.744581,-0.104962,0.065418,0.02409,0.645681,-0.050831,-0.046947,-0.362687,-0.896612,0.181725,0.52081,-1.0
-0.946235,-0.965234,-0.974875,-0.035301,-0.545646,-0.484952,0.146265,0.500589,-0.153636,-0.097848,-0.511686,-0.623506,0.26342,0.362142,-1.0
0.939241,0.784483,0.947086,0.146364,0.38897,0.427878,0.397903,0.357079,0.146849,0.243481,0.609716,0.357056,-0.431154,-0.303496,-0.886648
-0.145255,0.407292,-0.451839,0.657089,0.720649,0.421949,0.340989,0.585015,0.241793,0.136988,-0.602447,0.005845,0.558458,-0.005938,-0.99299
0.957171,0.408142,-0.976466,-0.032929,0.130803,-0.164838,0.377614,0.389082,0.088361,-0.221843,0.473257,0.313812,-0.432808,-0.319322,-1.0
-0.431994,-0.458755,0.716291,-0.382085,-0.161944,0.385917,0.399396,0.174154,-0.231334,0.368654,-0.153827,-0.505421,0.144385,0.403836,-0.936177
-0.7052,-0.216165,-0.098262,0.492064,0.645441,0.888374,0.941162,0.805665,0.406281,0.608439,-0.077568,0.04789,0.413654,0.217386,-1.0
-0.105951,0.992,-0.559737,-0.134311,-0.010784,0.471856,0.350526,0.373084,-0.059962,0.156363,-0.076251,0.667971,0.11042,-0.492411,-1.0
-0.537377,-0.839968,0.950446,-0.20849,0.295972,0.163345,0.511671,0.64989,0.418809,0.296517,-0.36471,-0.349743,0.4127,0.37057,-1.0
-0.357217,0.865365,-0.913255,0.542194,-0.392658,0.11288,0.157936,0.191337,-0.100236,0.100084,0.084517,0.815809,0.041641,-0.552583,-1.0
-0.571781,0.538699,0.561078,-0.044509,0.689146,0.56129,0.921866,0.837703,0.574068,0.478078,-0.096172,-0.03522,0.476137,0.036253,-0.994273
0.874217,-0.135572,0.531863,-0.875118,-0.873566,-0.743769,0.855011,0.291754,-0.56051,-0.38467,0.050954,-0.031821,-0.517193,-0.242989,-0.97118
-0.232226,0.217696,-0.031566,-0.376145,-0.572984,-0.306818,0.664716,0.763765,-0.474426,-0.310625,0.212058,0.267967,-0.317824,-0.41385,-1.0
-0.55518,-0.162998,-0.913122,-0.587264,0.030738,-0.50412,0.777544,0.45139,0.019929,-0.655181,-0.171414,-0.010967,0.458212,-0.232415,-0.998512
-0.531226,-0.534636,-0.06496,-0.799072,0.931255,-0.056974,0.988634,0.982403,0.768092,-0.012289,-0.038565,-0.090872,0.506287,0.144905,-0.992311
0.326527,0.313699,0.130382,0.83819,0.92844,0.363134,0.407698,0.935866,0.371356,0.14067,-0.598246,0.020058,0.510635,0.012316,-0.968563
0.19486,0.171959,0.725298,-0.056196,-0.430377,0.224956,0.467217,0.49796,-0.308528,0.147185,0.611278,-0.103788,-0.500498,-0.020926,-1.0
-0.434496,-0.106974,0.642097,-0.573234,0.170022,0.736245,0.322249,0.502128,-0.025288,0.357212,-0.403749,-0.527053,0.31547,0.434725,-0.986934
0.100302,-0.426057,-0.220336,0.094291,-0.777628,0.752479,0.253109,0.274086,-0.15577,0.218746,0.37012,-0.694783,-0.300529,0.424992,-1.0
0.596732,-0.229775,-0.148413,0.988244,0.168223,-0.090327,0.618473,0.225809,0.480782,-0.176263,0.291322,-0.004324,-0.519243,0.16721,-0.986475
-0.476937,0.47557,-0.756458,0.416167,0.570815,0.431806,0.980175,0.302881,0.555804,0.443001,0.027924,-0.05105,0.465199,-0.037916,-0.992634
-0.942258,0.740956,-0.906292,0.557173,0.690217,0.832061,0.23206,0.198828,0.121195,0.111295,-0.746889,-0.083569,0.516325,0.083151,-1.0
0.92303,0.059187,-0.569034,0.268148,0.609457,0.222877,0.790466,0.306417,0.55593,0.27567,0.128797,-0.025867,-0.442097,0.21737,-0.962786
-0.301655,-0.022945,-0.45998,-0.589751,0.472817,-0.244373,0.767583,0.854756,0.617919,-0.326351,-0.209218,0.090435,0.474087,-0.166147,-1.0
-0.513256,0.351909,0.487846,0.149528,-0.569781,-0.978479,0.211193,0.121941,-0.119559,-0.142252,0.094274,0.752187,-0.127144,-0.49825,-1.0
-0.874736,-0.270211,0.554882,-0.634633,0.857597,0.695778,0.464472,0.299738,0.407139,0.331582,-0.422015,-0.24429,0.457847,0.231815,-0.962909
-0.321336,-0.761853,0.401543,-0.936219,0.787268,0.479862,0.480281,0.269256,0.312305,0.257702,-0.399904,-0.314203,0.330699,0.399718,-1.0
0.852445,0.539801,0.57713,-0.06609,0.288886,-0.507664,0.775169,0.539844,0.332868,-0.540892,0.057413,0.070071,-0.165566,-0.512066,-1.0
0.189324,-0.125348,-0.425131,0.333294,-0.823958,-0.810723,0.224112,0.694287,-0.21381,-0.151868,0.610866,0.440315,-0.417795,-0.218559,-0.979576
0.817798,0.185951,0.539971,0.636104,0.297694,-0.058121,0.927916,0.160635,0.781675,-0.214913,0.071274,0.030908,-0.497833,-0.25567,-0.987711
0.013972,-0.453492,-0.256382,-0.143033,0.515602,0.375397,0.624383,0.653785,0.378094,0.307779,-0.256159,-0.320469,0.313355,0.473483,-0.93702
-0.687633,0.578179,0.1288,0.78032,-0.413394,0.713606,0.29561,0.469681,-0.078239,0.189904,-0.626118,-0.28613,0.481216,0.222601,-1.0
0.114712,-0.784558,-0.62303,0.650658,-0.498124,-0.369539,0.051381,0.042999,-0.127413,-0.032857,0.825015,-0.559576,-0.355452,0.279788,-0.94008
-0.876511,0.762607,0.968801,0.406368,-0.601,0.263049,0.427442,0.77954,-0.36023,0.070038,-0.26025,0.563409,0.277352,-0.412946,-0.92051
0.527048,0.084764,-0.541812,0.538007,0.607154,0.227231,0.902486,0.518522,0.645305,0.218785,0.007744,-0.104497,0.260381,0.466581,-0.994212
-0.772511,0.276751,0.813775,-0.653843,0.919324,-0.071448,0.897945,0.807766,0.742867,-0.044944,-0.11308,0.052409,0.50182,-0.180106,-0.951026
-0.991344,-0.343091,-0.740433,0.523548,0.846346,0.363194,0.74043,0.637363,0.51891,0.28667,-0.271268,-0.107062,0.455853,0.21115,-0.94647
-0.660372,-0.459826,0.846949,-0.486332,0.832718,0.057701,0.387236,0.384252,0.327567,0.001806,-0.534131,-0.189571,0.468046,0.078571,-1.0
-0.617768,0.693236,0.602188,-0.960321,0.53853,0.219944,0.069017,0.774236,0.082218,0.075302,-0.872956,0.335535,0.565614,-0.181987,-1.0
0.455092,-0.447577,-0.795051,-0.472369,-0.836407,0.814441,0.898618,0.192008,-0.474409,0.448823,0.047047,-0.133046,-0.378397,0.287384,-1.0
0.477496,-0.979273,0.435231,0.994707,0.717227,0.146588,0.225146,0.041183,0.194153,0.063366,-0.125531,-0.722069,0.132869,0.542513,-1.0
-0.411955,-0.113126,-0.060059,0.770132,0.519125,-0.207474,0.662846,0.905439,0.55406,-0.148466,-0.399163,0.041383,0.533621,-0.074268,-0.958083
0.44487,0.54538,0.191648,0.855848,-0.055739,0.771424,0.133701,0.281163,0.008527,0.144756,0.675533,-0.384364,-0.438877,0.274141,-1.0
-0.019778,0.338527,-0.21245,0.219837,-0.334073,0.495003,0.88583,0.115009,-0.476351,0.596145,0.081116,-0.062008,-0.380758,0.161372,-1.0
0.778393,0.406898,-0.91466,0.186609,-0.324704,-0.5264,0.200283,0.684598,-0.116075,-0.125761,0.654214,0.536391,-0.311362,-0.461288,-1.0
-0.627153,-0.572316,0.389084,0.47941,0.900214,0.226602,0.3125,0.115524,0.297242,-0.006107,-0.603663,-0.314565,0.501457,0.186997,-1.0
0.507802,-0.249134,0.422416,-0.053389,0.171377,0.448372,0.199277,0.46226,0.092728,0.14207,0.404761,-0.714524,-0.174726,0.479109,-1.0
0.605216,0.296415,-0.105335,0.773547,0.362389,-0.714844,0.708046,0.767364,0.162475,-0.438727,0.104123,0.268722,0.045721,-0.480231,-0.942015
-0.364995,-0.463829,0.669271,0.200009,0.330494,0.693028,0.179693,0.885848,0.032318,0.027347,-0.436534,-0.662359,0.305181,0.413318,-1.0
0.689379,-0.090825,0.473737,-0.047011,0.718705,-0.086925,0.457029,0.704214,0.398058,-0.036411,-0.563807,-0.055361,0.502381,-0.016758,-0.922609
0.448927,-0.937172,-0.403994,-0.10944,-0.277824,0.489733,0.760827,0.828467,-0.361309,0.559391,0.069909,-0.24392,-0.287223,0.387177,-0.990786
0.307172,0.343509,-0.021463,-0.067441,-0.451989,0.606476,0.24658,0.9406,-0.141576,0.212366,0.725725,-0.244878,-0.471849,0.20637,-0.960987
-0.339604,0.363736,0.066196,-0.13514,-0.723369,-0.014673,0.350976,0.602582,-0.298567,-0.036504,0.452562,0.421039,-0.383364,-0.416422,-1.0
-0.40911,-0.353349,0.654543,-0.300255,-0.593835,-0.400715,0.010558,0.352198,-0.068658,-0.056205,0.972315,0.158827,-0.535109,-0.137244,-0.930612
0.927298,0.411707,-0.847738,0.647042,-0.544901,0.16159,0.741936,0.879333,-0.489231,0.118587,0.279522,0.002742,-0.525687,0.01472,-0.985114
-0.699311,-0.156032,0.437098,0.046824,0.776332,0.566739,0.748115,0.218166,0.431159,0.35975,-0.225397,-0.13613,0.334421,0.111032,-0.9977
-0.37013,-0.376834,-0.202633,-0.803279,-0.087516,-0.99476,0.355685,0.545368,-0.016268,-0.265473,-0.342141,0.620076,0.293512,-0.372532,-1.0
-0.062235,0.000678,-0.191426,0.038227,-0.527711,0.97048,0.642951,0.757853,-0.28183,0.429048,0.192786,-0.325811,-0.223341,0.497578,-0.95164
0.166888,-0.177896,-0.587972,0.595702,0.216241,0.272453,0.980079,0.715515,0.426976,0.655393,-0.014839,-0.054474,0.047676,0.498605,-0.944311
-0.604596,-0.537522,0.005997,0.672252,0.628623,-0.246646,0.804277,0.925841,0.553844,-0.177297,-0.214225,-0.017551,0.456578,0.061298,-0.943999
-0.743994,-0.602647,-0.039681,0.101672,-0.140966,-0.701941,0.070865,0.269038,-0.03637,-0.062299,-0.826005,0.110089,0.511412,-0.042402,-0.939306
-0.268823,0.745247,0.804747,0.71134,-0.751609,-0.299166,0.311883,0.972847,-0.202203,-0.097246,0.273584,0.64892,-0.208701,-0.492306,-0.995443
0.324844,-0.153265,0.421512,0.36777,-0.276321,0.778411,0.54472,0.517672,-0.102668,0.40164,0.246436,-0.230634,-0.30144,0.371643,-1.0
0.217266,0.26148,0.985399,0.083547,-0.098757,-0.954035,0.378926,0.246743,-0.075509,-0.27067,0.152175,0.612496,-0.156654,-0.489959,-0.920366
-0.307321,-0.96217,0.483707,-0.41919,-0.499025,0.079749,0.964133,0.627116,-0.807767,0.061259,0.025714,-0.064297,-0.155285,0.53171,-1.0
-0.230624,-0.282224,0.922708,-0.703429,-0.772455,-0.677755,0.193939,0.535345,-0.215026,-0.095825,0.718831,0.470291,-0.391493,-0.226334,-0.936205
-0.279342,-0.706832,-0.556132,0.00251,-0.654093,-0.611289,0.635079,0.787239,-0.402912,-0.309232,0.2926,-0.147294,-0.524858,0.207889,-1.0
-0.863653,-0.402321,0.969481,-0.58817,0.560113,0.722987,0.276552,0.752878,0.090339,0.240409,-0.577658,-0.439832,0.40011,0.269623,-1.0
-0.388856,-0.58228,-0.109701,0.254796,0.380392,-0.177924,0.69863,0.615835,0.552283,-0.309038,-0.227619,-0.178481,0.443304,0.238562,-0.995415
-0.534368,-0.292362,-0.405037,-0.745394,-0.177936,0.072861,0.313494,0.273911,-0.235083,0.075646,-0.529688,-0.433966,0.260893,0.353356,-1.0
-0.80609,0.480093,0.514932,0.841903,0.841299,0.468883,0.60475,0.769002,0.355066,0.30806,-0.333538,0.041112,0.583258,-0.038466,-0.981436
0.698344,-0.993297,-0.638543,-0.868628,0.41754,0.607557,0.694831,0.333758,0.368753,0.38979,0.027195,-0.283025,-0.080365,0.544861,-0.940241
0.002664,0.133082,-0.855885,-0.690024,0.4156,0.681423,0.605908,0.2049,0.322807,0.405657,-0.238666,-0.293186,0.26432,0.349439,-0.981608
0.723192,0.286686,-0.15518,0.047671,-0.102093,0.791488,0.041651,0.546623,-0.021998,0.026177,0.870583,-0.456057,-0.472195,0.2346,-0.965142
0.454448,0.105528,0.055856,0.13689,-0.226662,0.089447,0.812016,0.799737,-0.518289,0.222379,0.176332,-0.052433,-0.461611,-0.106395,-1.0
0.007258,-0.123611,0.993331,0.224281,0.028529,0.183599,0.681382,0.901859,-0.025959,0.506966,-0.039841,-0.3289,0.013448,0.515082,-0.990274
0.905793,-0.889256,0.308539,-0.518202,-0.109132,-0.053189,0.453674,0.545382,-0.274993,-0.17585,0.496779,-0.392576,-0.38074,0.371956,-0.954832
-0.284958,0.86489,0.500718,-0.400945,-0.226138,0.098653,0.941548,0.495426,-0.661402,0.305194,-0.003621,0.016468,0.046622,-0.485104,-0.967367
0.208153,-0.366123,-0.73972,0.808052,-0.363976,0.243583,0.49118,0.184354,-0.319668,0.157607,0.281737,-0.37452,-0.461482,0.309015,-0.994983
0.837368,0.239981,0.57059,-0.640345,0.559362,0.699748,0.835761,0.110675,0.424402,0.514287,0.095321,-0.11343,-0.2578,0.423989,-0.986082
0.039117,0.071787,0.831302,-0.095483,-0.868533,-0.617361,0.748713,0.238212,-0.511258,-0.342826,0.258907,0.096351,-0.403026,-0.352989,-1.0
-0.210163,-0.337978,0.522813,-0.177351,-0.232079,0.190577,0.273499,0.976449,-0.159474,0.230078,0.052456,-0.749644,-0.071868,0.46057,-0.949211
0.727511,-0.004148,0.018474,0.597797,0.038342,0.35899,0.447909,0.71857,0.062958,0.331692,0.527237,-0.274985,-0.483371,0.245894,-1.0
0.204382,0.318501,0.217652,0.264756,-0.931955,0.37255,0.848713,0.982039,-0.593151,0.298752,0.172199,-0.006938,-0.553666,-0.026168,-1.0
0.242304,-0.927869,-0.35176,-0.347147,0.837962,-0.043414,0.17887,0.716508,0.164041,0.083708,-0.58889,-0.632543,0.252742,0.373932,-0.954152
-0.042558,0.026217,0.799156,0.451548,0.644809,-0.984165,0.862677,0.62886,0.314067,-0.597452,0.016025,0.083569,0.306012,-0.415726,-1.0
-0.727058,-0.531503,-0.067858,-0.323376,-0.622686,-0.788177,0.470574,0.402129,-0.252382,-0.273704,-0.17804,0.482058,0.221212,-0.468936,-0.992625
-0.485405,-0.596198,0.0319,0.616305,0.802925,-0.820623,0.883965,0.704278,0.452516,-0.509493,-0.184095,0.064041,0.567114,-0.02945,-0.978737
0.72081,0.695639,-0.053382,0.274919,0.640872,-0.010978,0.716027,0.304119,0.544205,-0.135462,0.004051,0.268671,-0.076892,-0.524492,-1.0
-0.96371,-0.656272,0.440745,-0.64252,-0.29043,0.312463,0.351352,0.2975,-0.251661,0.179475,-0.309296,-0.550296,0.292945,0.409724,-0.936965
0.5496,-0.017061,-0.930769,-0.014159,0.060918,0.878051,0.539224,0.475045,0.076337,0.515403,0.271257,-0.302779,-0.228248,0.440593,-1.0
-0.14231,0.048171,0.923499,0.755516,-0.756999,0.613656,0.830866,0.870993,-0.54621,0.383941,0.135365,-0.088859,-0.349499,0.336986,-1.0
0.287766,-0.901643,-0.526387,0.849606,0.995137,-0.878203,0.486192,0.682659,0.356206,-0.225772,-0.594988,0.053071,0.461354,-0.030755,-0.988575
-0.183751,-0.046125,-0.756204,-0.005747,0.673406,-0.273936,0.668879,0.549494,0.510412,-0.287765,-0.308532,0.036406,0.552184,-0.147332,-0.998289
-0.259192,-0.593534,0.674856,0.120709,-0.696755,-0.113228,0.350537,0.299451,-0.385886,-0.028195,0.439019,-0.52688,-0.292823,0.4207,-1.0
-0.913918,0.438884,-0.816756,-0.25016,-0.622987,0.783353,0.407561,0.208978,-0.110171,0.238237,-0.352669,-0.428074,0.336021,0.405417,-1.0
0.023941,-0.456725,0.890434,0.910003,-0.451676,-0.055436,0.388035,0.082036,-0.281819,-0.095268,0.409342,-0.463291,-0.345359,0.375371,-0.992556
0.212162,-0.63776,0.174748,0.953026,-0.542376,-0.195691,0.176379,0.34022,-0.067043,-0.073183,0.71946,-0.455938,-0.440712,0.273543,-0.964954
-0.076568,-0.6621,-0.943936,-0.874411,-0.916238,0.840642,0.300303,0.427159,-0.184691,0.185535,0.302311,-0.572573,-0.26107,0.40112,-1.0
-0.221464,-0.842976,0.141672,0.190818,-0.83273,0.929923,0.47372,0.978407,-0.263021,0.284869,0.110727,-0.568713,-0.178582,0.389074,-0.977948
-0.62475,0.635348,0.16077,0.438155,-0.187415,-0.718641,0.87516,0.280371,-0.251317,-0.679931,-0.091186,0.074534,0.203693,-0.462245,-1.0
0.433747,-0.870359,-0.188366,0.840429,0.568115,-0.559167,0.462663,0.712315,0.306586,-0.263799,-0.209525,-0.512493,0.246864,0.429206,-1.0
0.639864,0.599647,0.938715,-0.771202,0.793145,0.014084,0.411915,0.053081,0.31944,0.028304,-0.038235,0.535787,0.078863,-0.510095,-1.0
0.389063,0.620244,-0.044208,0.007402,-0.919969,0.784836,0.174903,0.622567,-0.107801,0.047586,0.781531,-0.161768,-0.46941,-0.033253,-1.0
0.835568,0.411429,-0.833118,0.180456,0.663217,-0.478818,0.16795,0.975703,0.13698,-0.137065,0.170895,0.869467,-0.093835,-0.491909,-1.0
-0.739402,-0.276311,0.607066,0.723705,0.077836,-0.256316,0.684351,0.02131,0.105331,-0.511424,-0.344913,-0.048994,0.493445,0.069332,-1.0
-0.19035,0.083171,-0.956825,0.757222,0.218927,0.92183,0.890855,0.64846,0.128027,0.564687,-0.096674,-0.063872,0.193733,0.483688,-1.0
-0.971064,-0.128401,0.399338,0.736922,-0.535276,-0.074668,0.972833,0.812299,-0.820506,-0.132331,-0.047966,-0.055473,0.639546,0.090756,-0.992432
-0.862073,0.895067,-0.154121,0.848604,0.066642,-0.08831,0.134795,0.502063,0.058941,-0.084846,-0.61989,0.635666,0.364484,-0.39576,-1.0
0.735437,-0.963844,-0.478963,0.232513,0.118745,-0.281491,0.803076,0.092705,0.269491,-0.498815,0.201217,-0.137993,-0.280635,0.408087,-1.0
0.337234,0.487168,-0.313423,0.995942,-0.281717,-0.109375,0.617174,0.70218,-0.41346,-0.231296,0.329719,0.263361,-0.328601,-0.313022,-1.0
-0.700295,-0.690699,0.832413,-0.223527,-0.881304,0.768266,0.759772,0.357369,-0.388496,0.391605,0.007289,-0.306729,-0.021741,0.588465,-1.0
-0.583318,-0.983065,0.922205,-0.269151,0.841901,-0.811105,0.474105,0.710305,0.292676,-0.302932,-0.565352,-0.123892,0.466511,0.071366,-1.0
0.933353,0.424296,-0.751764,0.562776,0.023752,0.697107,0.460688,0.970984,0.066519,0.319976,0.566421,-0.184689,-0.475295,0.120354,-0.94449
0.986642,0.450538,-0.50342,-0.260956,-0.862774,-0.309786,0.092541,0.708207,-0.079398,-0.072661,0.897134,0.318529,-0.515679,-0.171915,-1.0
0.512891,0.184205,-0.652603,0.798267,-0.542664,0.057537,0.296054,0.444384,-0.22728,0.088856,0.63336,0.038639,-0.393346,0.008362,-0.859828
0.535862,0.410175,-0.577202,0.463458,0.559384,-0.490235,0.095758,0.620746,0.059149,-0.102176,-0.046192,0.835766,0.004991,-0.436804,-0.979252
0.305195,-0.537912,-0.641828,-0.865696,0.488026,0.797071,0.574312,0.773823,0.250935,0.268602,-0.066215,-0.401022,0.087638,0.469428,-1.0
0.902286,-0.959121,0.122196,-0.070564,-0.263716,0.109378,0.627544,0.810658,-0.412356,0.136296,0.25257,-0.181733,-0.358791,0.3718,-0.971462
-0.324611,-0.190792,0.802554,0.291315,0.642217,0.061498,0.151509,0.090462,0.136179,0.00824,-0.722055,-0.150443,0.502069,0.155497,-1.0
0.647293,0.037188,0.053101,-0.38575,0.075392,-0.380653,0.261817,0.035235,-0.060986,-0.349548,0.633222,0.450663,-0.31536,-0.224141,-0.986899
-0.484732,0.556425,-0.293322,0.953989,0.804429,-0.297758,0.373925,0.32233,0.26543,-0.132292,-0.570687,0.317049,0.397364,-0.168962,-0.965432
0.191664,0.270395,-0.047156,0.375202,0.701735,0.05121,0.996788,0.708692,0.793892,-0.010162,0.118782,-0.015856,0.443821,-0.157092,-0.985026
-0.276163,0.676939,-0.426974,0.819262,0.590555,-0.823817,0.197143,0.964429,0.04372,-0.14275,-0.421241,0.630142,0.227243,-0.436786,-1.0
0.131502,0.167968,0.385047,-0.214899,-0.43584,0.609197,0.841411,0.53982,-0.389002,0.586511,0.186738,-0.082691,-0.348078,0.322551,-1.0
0.15154,0.778899,-0.985759,0.941433,0.959955,0.152882,0.689402,0.999674,0.545448,0.04326,-0.243209,0.22023,0.345361,-0.299507,-1.0
0.371156,-0.50642,0.797423,0.692681,-0.937453,0.535303,0.02726,0.251813,-0.045615,-0.109642,0.735084,-0.532229,-0.298337,0.292822,-0.978606
-0.241408,-0.071422,0.355973,-0.477482,0.808725,0.525902,0.795232,0.291055,0.546904,0.277523,-0.168117,0.014909,0.527603,0.23656,-1.0
0.530118,-0.867161,-0.839974,-0.793955,0.52446,0.892896,0.323298,0.849273,0.163729,0.254045,0.020983,-0.625319,-0.000849,0.497304,-0.949459
0.290784,-0.758947,-0.974163,0.304655,-0.305454,0.869104,0.179617,0.78736,-0.057077,0.098601,0.284501,-0.717465,-0.17826,0.475461,-1.0
-0.442401,0.603849,-0.97541,0.978218,0.306168,-0.800326,0.603101,0.069849,0.159108,-0.505481,-0.317354,0.277269,0.17791,-0.518874,-1.0
0.911926,0.634412,-0.647222,0.421017,0.826343,0.241851,0.761684,0.413788,0.540073,0.147665,0.139996,0.295901,-0.020972,-0.474344,-1.0
0.977903,-0.898402,-0.186618,0.507281,0.587623,-0.230811,0.75662,0.159173,0.557557,-0.202404,0.087206,-0.175001,-0.249907,0.430217,-0.836316
0.725056,-0.436363,-0.714163,0.268267,-0.323784,0.922137,0.397661,0.002805,-0.119829,0.250328,0.392407,-0.543986,-0.312077,0.395781,-0.973935
-0.958138,0.360197,-0.355299,-0.97269,0.35129,-0.042059,0.529922,0.858866,0.482349,-0.011386,-0.43698,0.103885,0.520038,-0.123058,-0.970871
-0.249776,0.933214,0.853838,-0.39514,0.411595,0.084853,0.281036,0.10315,0.2089,0.000485,-0.429809,0.65836,0.27274,-0.410218,-1.0
0.602929,-0.260221,0.607271,-0.627754,0.210356,-0.25157,0.110433,0.363197,-0.062737,-0.11787,0.869557,-0.010855,-0.489912,0.005399,-1.0
-0.54563,-0.487047,-0.703959,0.915852,0.684353,0.239223,0.050669,0.162309,0.047154,0.072947,-0.773643,-0.427369,0.488288,0.289282,-0.971411
-0.459628,-0.897145,-0.163835,-0.609423,0.298216,0.937134,0.632708,0.792949,0.173555,0.395662,-0.045389,-0.340098,0.140103,0.479071,-0.955372
-0.04521,-0.573635,-0.971248,-0.667002,0.178293,0.236957,0.409838,0.761525,0.283287,0.245492,-0.127704,-0.551182,0.119798,0.563086,-1.0
0.969582,-0.43729,-0.302093,-0.912387,-0.130151,-0.907669,0.328999,0.452175,-0.033487,-0.227798,0.570659,0.227127,-0.511553,-0.180316,-0.911245
0.436485,0.506638,0.829258,0.166153,0.902911,0.59459,0.177273,0.780783,0.07294,0.05841,-0.808329,-0.059652,0.494566,0.083268,-0.962993
-0.343595,-0.885761,-0.519861,0.002519,0.01781,-0.309946,0.730382,0.681886,0.037124,-0.700373,-0.185272,-0.22142,0.320229,0.385468,-1.0
0.039669,-0.271661,0.891142,-0.063073,-0.919961,-0.747475,0.153889,0.630972,-0.047398,-0.08232,0.771892,0.329743,-0.438343,-0.222797,-1.0
-0.249554,0.87845,0.06286,0.830221,0.086641,-0.768552,0.858765,0.166455,0.144482,-0.696396,-0.088314,0.183043,0.050867,-0.497596,-1.0
0.555725,-0.488366,0.492657,0.252386,0.368844,0.813598,0.091348,0.930131,0.06531,0.042164,0.108531,-0.827057,-0.037072,0.537698,-1.0
-0.844145,0.386193,0.714466,-0.626097,0.814486,-0.377412,0.149471,0.191405,0.101251,-0.028366,-0.780484,0.226833,0.472819,-0.235407,-0.973722
0.227205,-0.593761,-0.512791,-0.633547,-0.64977,-0.761207,0.81289,0.449795,-0.346208,-0.540407,0.152831,0.080515,-0.46662,-0.085974,-1.0
-0.460632,-0.908595,-0.41994,0.778151,0.929107,0.843343,0.103355,0.660284,0.065562,0.00635,-0.5201,-0.590864,0.289036,0.33666,-1.0
0.500016,0.475402,0.83546,0.266449,0.794178,-0.244743,0.965369,0.813549,0.659782,-0.217084,-0.042893,0.118448,0.196773,-0.510933,-0.998759
0.062842,0.843179,0.548058,0.003532,0.282873,-0.870093,0.336636,0.345672,0.157807,-0.217533,-0.047373,0.648096,0.087222,-0.358061,-0.971396
-0.040213,-0.321894,-0.75035,-0.910947,0.192955,-0.253048,0.074642,0.433499,0.004356,-0.029914,-0.775447,-0.288095,0.383376,0.153866,-1.0
-0.452148,-0.874715,0.842501,0.859533,0.924365,0.352882,0.452608,0.784614,0.362885,0.066365,-0.41775,-0.311087,0.433089,0.349385,-0.908736
0.190952,-0.137992,0.464128,-0.627137,-0.963661,-0.830294,0.667967,0.561603,-0.366092,-0.386154,0.219338,0.183409,-0.464006,-0.220123,-1.0
0.699239,0.232031,-0.889773,0.613294,-0.748694,0.773849,0.723321,0.257482,-0.370571,0.454295,0.295784,-0.107977,-0.38354,0.136727,-0.937043
-0.649158,0.875861,0.897532,0.800749,0.002254,0.556179,0.936058,0.463672,0.002036,0.783131,-0.127013,0.043567,0.455859,-0.245218,-0.855891
0.808259,0.661426,0.958042,-0.474636,0.400356,-0.65999,0.923099,0.54693,0.431362,-0.66383,0.081664,0.046563,-0.105594,-0.449176,-1.0
0.828931,-0.007864,0.038557,-0.828943,0.391512,0.521164,0.144717,0.143546,-0.011193,0.167033,0.575894,-0.67348,-0.248575,0.36679,-1.0
0.853538,0.268212,0.473298,-0.186755,-0.091929,-0.211885,0.90074,0.272869,-0.273718,-0.617816,0.121273,-0.049161,-0.50552,-0.313449,-0.977458
0.112861,0.424471,-0.376804,0.892465,-0.004614,-0.239386,0.93733,0.292479,0.065031,-0.781721,0.098133,0.004173,-0.149119,-0.362735,-1.0
-0.056311,-0.930688,-0.586329,-0.133334,0.181043,-0.578023,0.043089,0.395295,0.012619,-0.056223,-0.543857,-0.791639,0.231338,0.363496,-0.969524
0.270872,0.225643,0.036387,0.490941,0.702601,0.362873,0.031297,0.997377,0.067947,0.079728,-0.939486,-0.379389,0.416187,0.237413,-0.889202
0.616599,0.140022,-0.466618,0.455163,0.171281,0.88903,0.991363,0.884431,0.185398,0.801549,0.012321,0.105573,-0.309725,0.496939,-1.0
-0.552213,-0.492904,0.206493,-0.441436,-0.011247,0.853485,0.947249,0.0457,-0.048865,0.667622,-0.02563,-0.099998,0.192932,0.515944,-1.0
-0.593163,-0.465568,-0.274501,-0.624664,0.464611,-0.276538,0.753334,0.325606,0.53474,-0.250738,-0.166626,-0.037675,0.493558,0.126946,-0.983335
0.330179,0.362557,0.326052,0.565737,0.922185,-0.807534,0.881453,0.430911,0.436815,-0.483728,0.032844,0.124107,0.251804,-0.410551,-0.997741
0.589058,-0.97121,0.827654,0.343248,-0.26828,0.500903,0.39023,0.629093,-0.127486,0.338867,0.238455,-0.571543,-0.363173,0.380852,-1.0
-0.635272,0.012367,0.257651,0.548918,-0.914545,0.691755,0.049588,0.030148,0.041538,-0.071601,0.37782,-0.874233,-0.159687,0.460225,-0.918454
-0.965921,-0.490835,0.210178,0.131575,-0.61312,-0.862992,0.642233,0.777784,-0.292286,-0.392993,-0.283441,0.314041,0.218184,-0.356178,-1.0
-0.480822,0.842368,0.515999,-0.154167,0.624511,0.49926,0.851671,0.430246,0.491201,0.397454,-0.19995,0.006666,0.473875,-0.115544,-0.993224
0.619855,-0.978765,0.948251,-0.899378,-0.987577,-0.195632,0.202188,0.83578,-0.121125,-0.028152,0.795539,-0.334404,-0.409945,0.218685,-0.943064
0.054347,-0.894431,0.973802,0.687001,-0.563573,0.464732,0.468931,0.666632,-0.25361,0.228981,0.249812,-0.489592,-0.222154,0.51874,-0.940382
0.617391,0.658812,-0.235005,0.267066,-0.855147,-0.301984,0.040743,0.630075,-0.056989,0.085893,0.794049,0.528487,-0.346378,-0.236358,-1.0
0.419793,-0.104699,0.687191,0.600273,-0.878507,-0.92286,0.554047,0.827828,-0.365714,-0.264826,0.462669,0.192612,-0.379045,-0.220909,-1.0
0.71187,-0.028245,0.295395,0.453956,-0.064892,-0.210848,0.521331,0.438997,-0.038689,-0.386986,0.432542,0.135479,-0.514222,-0.014051,-1.0
-0.360476,-0.966194,0.692398,0.056819,0.782371,0.947842,0.186231,0.03474,0.122532,0.104478,-0.412458,-0.602035,0.233937,0.465638,-0.963806
0.423825,-0.206631,-0.418294,-0.048468,0.451768,-0.930235,0.00202,0.064245,0.01437,-0.06899,-0.031519,0.962067,-0.065744,-0.467463,-0.953109
0.504341,-0.508024,-0.411706,0.071161,-0.50447,-0.301177,0.634416,0.088918,-0.392678,-0.15299,0.299347,-0.112003,-0.51875,0.185043,-1.0
-0.096229,-0.829223,-0.787463,-0.458598,-0.684579,-0.835008,0.612878,0.530875,-0.305684,-0.320529,0.37987,-0.010591,-0.486798,-0.053248,-1.0
0.235794,-0.512916,-0.944112,0.561007,0.733056,-0.635762,0.444889,0.096472,0.352137,-0.242587,-0.532308,0.198491,0.435407,-0.136485,-0.988392
0.114409,0.141587,-0.160873,-0.583485,0.724794,0.970064,0.168688,0.658485,0.025559,0.043441,-0.461605,-0.678046,0.352014,0.380074,-1.0
0.622746,0.82939,0.1257,0.760053,0.195802,0.935139,0.609684,0.931956,0.122496,0.47903,0.383965,-0.12962,-0.492469,0.035789,-1.0
-0.784087,0.967132,-0.502563,-0.662894,-0.021191,0.721999,0.83026,0.607083,-0.05683,0.627384,-0.206668,-0.032247,0.483399,-0.181644,-0.957776
0.184452,-0.229636,-0.433972,0.220432,0.072884,-0.952376,0.856286,0.374368,0.027804,-0.715701,0.079242,0.115132,-0.206816,-0.500422,-1.0
0.714059,0.231784,-0.324952,-0.386127,0.458956,-0.231304,0.179568,0.301502,0.160849,-0.007905,0.397522,0.764314,-0.200268,-0.378429,-1.0
-0.701866,0.41756,0.909184,-0.900851,-0.632104,-0.306363,0.607442,0.102243,-0.43394,-0.195418,-0.113502,0.312996,0.033746,-0.51976,-0.973121
0.259946,-0.398689,-0.543861,-0.405226,0.844475,-0.616163,0.240429,0.711088,0.109815,-0.147682,-0.638587,0.286541,0.459865,-0.1458,-1.0
-0.290199,-0.89461,-0.463892,0.16849,0.236902,-0.13611,0.619174,0.659173,0.438033,-0.278654,-0.255284,-0.278833,0.267914,0.357315,-0.948877
0.22664,0.702142,-0.187872,-0.474487,0.048446,0.436286,0.148882,0.36606,0.043086,0.110255,0.465316,0.734102,-0.309322,-0.451731,-0.979032
-0.129453,-0.369193,-0.87294,0.327146,0.846044,-0.82233,0.512563,0.603942,0.291104,-0.310973,-0.456897,0.208674,0.430206,-0.213093,-0.992541
-0.647222,0.690156,0.242599,-0.965604,0.279161,0.759679,0.103849,0.430622,0.028041,0.083441,-0.908269,-0.128928,0.517401,0.06915,-0.960617
-0.819543,0.101169,-0.58655,-0.596758,-0.048245,0.203002,0.173606,0.308947,-0.044585,0.222937,-0.791845,-0.146901,0.51864,0.079657,-0.988657
-0.581261,0.737233,0.477336,-0.878255,0.166047,-0.751495,0.939412,0.445739,0.104177,-0.72524,-0.07613,0.045915,0.170749,-0.445281,-1.0
0.940229,-0.019201,0.721067,0.488568,0.204476,0.812834,0.489742,0.840709,0.118144,0.380463,0.337339,-0.34222,-0.333881,0.367143,-0.961492
-0.710426,-0.170887,0.51059,-0.224089,-0.189676,0.207671,0.547579,0.854975,-0.354075,0.337487,-0.326622,-0.245153,0.364705,0.323813,-0.942897
-0.521081,-0.381421,0.429878,0.420947,-0.713448,-0.212528,0.243892,0.497537,-0.225371,-0.051276,0.521713,-0.420006,-0.379893,0.373742,-1.0
0.138293,0.706862,0.466093,0.855279,-0.674986,0.971411,0.138213,0.165137,-0.124136,0.074266,0.832688,-0.244231,-0.498122,0.159935,-1.0
0.898033,-0.470146,0.984054,-0.948105,0.459035,0.113345,0.838831,0.260175,0.634047,0.216266,0.069363,-0.105218,-0.278918,0.352913,-0.931185
-0.994016,0.221981,-0.13008,0.205848,0.701106,0.034415,0.909887,0.011516,0.737355,-0.021883,-0.185298,0.056225,0.509189,-0.035312,-0.934414
-0.258365,-0.968147,-0.67787,0.004852,-0.390388,0.715909,0.256868,0.790023,-0.236184,0.146073,0.060943,-0.747974,0.001696,0.440986,-1.0
-0.758132,0.938043,0.056297,-0.692313,0.97882,0.082876,0.497286,0.352858,0.28438,-0.006298,-0.42138,0.254874,0.44448,-0.286591,-1.0
-0.905822,-0.873806,0.321493,0.887345,-0.963005,-0.911135,0.032592,0.827368,0.02505,0.006278,0.863001,0.551896,-0.332259,-0.29675,-0.916415
-0.521522,-0.365561,0.621846,0.398595,-0.132536,-0.300846,0.184195,0.818161,-0.114707,-0.121721,-0.778772,-0.22973,0.504062,0.108311,-0.945193
-0.248772,-0.981264,-0.433468,0.174934,-0.437144,-0.028011,0.460201,0.78555,-0.373325,0.023725,0.126837,-0.550773,-0.120814,0.543965,-0.874877
-0.917983,-0.627826,0.586816,0.634255,0.694921,0.113626,0.440896,0.084863,0.31362,0.109418,-0.466078,-0.219011,0.538088,0.19362,-0.938318
-0.709486,0.11914,0.022572,-0.833408,0.496221,-0.163276,0.919529,0.772769,0.666164,-0.31616,-0.095884,0.063705,0.469672,-0.129019,-1.0
-0.862502,-0.089513,-0.58418,-0.405321,0.6831,-0.31623,0.629431,0.476819,0.471135,-0.166365,-0.289491,0.028416,0.530163,-0.096467,-0.937185
0.228431,0.281754,0.282917,0.974547,-0.045335,0.880587,0.032711,0.481367,0.071146,-0.019329,0.471086,-0.872564,-0.174356,0.477745,-0.977218
-0.889952,-0.382908,0.648007,0.578854,-0.263593,0.419644,0.290607,0.645333,-0.229873,0.21104,-0.557811,-0.535637,0.346444,0.385099,-0.967337
0.791561,0.198338,-0.642594,0.513668,0.947057,-0.241479,0.499645,0.567545,0.383488,-0.174481,-0.200945,0.531472,0.164138,-0.494898,-1.0
-0.832514,0.662117,-0.63738,-0.17443,-0.53762,-0.377439,0.354309,0.086884,-0.302076,-0.144648,-0.213692,0.591424,0.174365,-0.481419,-0.957134
0.21585,0.289071,0.896632,0.405595,0.666519,-0.93497,0.350815,0.022397,0.196256,-0.215889,-0.290972,0.559365,0.193207,-0.455124,-0.998169
-0.630123,0.167844,-0.024518,0.84647,-0.353628,0.990015,0.94718,0.11621,-0.235183,0.721756,0.02752,0.020856,0.252984,0.51434,-0.975934
0.980336,0.272497,0.679196,-0.328484,-0.842118,-0.443371,0.185073,0.064603,-0.192986,0.037361,0.745188,0.299229,-0.507024,-0.223839,-1.0
0.704825,-0.772328,0.287967,0.698394,0.034483,0.50532,0.61269,0.972228,0.017209,0.467799,0.206803,-0.295786,-0.244923,0.425857,-0.964524
0.418971,0.983443,-0.37472,0.383076,-0.36133,-0.089227,0.693352,0.080615,-0.514906,-0.11621,0.108666,0.22036,-0.306547,-0.425709,-1.0
-0.713789,0.91954,-0.292369,-0.124461,0.442246,0.105199,0.451407,0.863146,0.322834,0.107549,-0.503526,0.403386,0.483646,-0.321318,-1.0
-0.397845,-0.175621,-0.88575,0.161228,0.716324,-0.918863,0.483876,0.947233,0.143385,-0.234162,-0.332606,0.276215,0.403286,-0.266373,-0.9451
-0.894647,-0.803642,-0.735011,0.168715,-0.424008,0.430687,0.073112,0.551557,-0.029791,0.004419,-0.339626,-0.932516,0.184914,0.386568,-0.975689
-0.44078,0.575894,-0.541502,0.447001,-0.22708,-0.032714,0.333481,0.33431,-0.230879,-0.053382,-0.274349,0.607388,0.250148,-0.491828,-0.988887
-0.710076,0.866566,0.636526,0.061229,0.196838,0.576498,0.496822,0.420167,0.146646,0.413431,-0.480398,0.145876,0.461005,-0.16114,-0.973792
0.758594,-0.652416,-0.092571,0.933344,0.00181,0.527781,0.571415,0.558839,-0.039982,0.36791,0.208165,-0.294828,-0.226857,0.412544,-0.996761
-0.365198,0.450695,0.296131,-0.879385,0.157893,0.307356,0.867453,0.08988,0.334762,0.594122,-0.153301,0.050513,0.460882,-0.169517,-1.0
-0.882973,-0.50194,0.290406,-0.037234,0.522287,-0.596277,0.619844,0.614009,0.266235,-0.423385,-0.419647,0.007769,0.524646,-0.020395,-0.990236
0.197346,0.256749,0.838248,0.408144,0.210222,0.391866,0.575872,0.865394,0.203864,0.409547,-0.062434,-0.448578,0.002606,0.475824,-1.0
0.251346,-0.943443,-0.157904,-0.865235,-0.723915,-0.66399,0.104087,0.437464,-0.13706,-0.098454,0.939987,-0.252668,-0.397098,0.130345,-0.963588
0.993342,-0.016585,-0.496222,0.874236,-0.538244,0.266764,0.600654,0.606285,-0.507975,0.188293,0.400268,-0.174826,-0.42576,0.101862,-0.970737
-0.105609,-0.821497,0.547435,0.479591,0.107919,0.361352,0.668101,0.617821,0.155458,0.475861,-0.099182,-0.369647,0.044064,0.531166,-0.929472
-0.88927,0.727623,-0.756876,0.762861,0.530975,0.757162,0.207825,0.526352,0.068168,0.09758,-0.721965,0.080699,0.437891,0.039641,-0.984284
0.664404,0.764415,-0.005531,0.073118,0.709888,0.37048,0.225789,0.726817,0.210818,0.007147,-0.135085,0.742497,0.046532,-0.49991,-1.0
0.094935,-0.940394,-0.480762,0.656782,0.113186,-0.911491,0.675518,0.138626,0.0807,-0.488752,-0.126697,-0.296879,0.255766,0.438661,-1.0
-0.145783,-0.143245,0.062192,0.648923,0.842902,0.657177,0.684936,0.663643,0.400799,0.224861,-0.252766,-0.213289,0.463411,0.3094,-1.0
0.726668,-0.278019,-0.840514,0.083438,0.717155,-0.760642,0.32264,0.563993,0.177515,-0.1927,0.047213,0.716615,-0.015253,-0.482952,-0.958765
0.769976,0.240789,0.568823,-0.997698,-0.136051,0.734632,0.844291,0.366428,-0.062046,0.703657,0.214642,-0.153542,-0.477167,0.250797,-1.0
-0.267942,0.254064,0.343181,-0.381965,0.473217,-0.872994,0.870754,0.069908,0.349047,-0.644713,-0.044129,0.155793,0.278574,-0.54681,-1.0
0.457187,-0.721281,0.660525,0.987037,-0.37552,0.793034,0.88974,0.090477,-0.237907,0.624318,0.025569,-0.135728,-0.233436,0.376786,-1.0
0.454628,-0.798266,-0.386628,0.692666,0.035233,-0.080345,0.733257,0.86793,0.19506,-0.533996,0.183037,-0.259139,-0.188261,0.48256,-0.929573
0.05597,-0.863551,0.750934,0.028833,-0.105403,-0.608386,0.990889,0.717866,-0.159895,-0.813442,0.037163,-0.060503,-0.207728,0.419146,-1.0
-0.562223,0.570056,0.246312,-0.752635,0.900671,-0.667578,0.966628,0.601411,0.680254,-0.458069,0.064959,0.006574,0.350202,-0.378254,-1.0
-0.350172,0.987304,-0.747471,0.791296,0.048597,-0.107034,0.175392,0.565419,0.039404,-0.157567,-0.239075,0.742136,0.137256,-0.499209,-0.96881
-0.738382,-0.635688,-0.279044,-0.671085,0.081668,-0.027477,0.523974,0.167138,0.435927,-0.205159,-0.340993,-0.299721,0.445763,0.25943,-1.0
-0.901958,0.410975,0.172849,0.938881,-0.027174,-0.488883,0.460481,0.419454,-0.076723,-0.440496,-0.373716,0.369932,0.429671,-0.340901,-0.904481
0.960459,-0.461504,0.211626,-0.611323,0.84607,0.90945,0.540528,0.322146,0.250835,0.380616,-0.002643,-0.416866,-0.059443,0.528433,-0.86379
0.193981,0.014066,-0.756309,0.057105,0.298799,-0.343767,0.927268,0.272748,0.528955,-0.534113,-0.02983,0.035531,0.098592,-0.430985,-0.924
0.405609,0.441046,-0.417155,-0.557291,-0.625658,0.149458,0.759912,0.673538,-0.599354,0.316458,0.193958,0.042458,-0.470609,-0.106504,-0.947584
-0.911982,0.364434,0.848736,0.789924,0.662578,0.108288,0.709179,0.184649,0.554771,0.190386,-0.334932,0.080333,0.535687,-0.191942,-1.0
-0.749155,-0.562285,-0.971881,-0.70474,0.857035,-0.162224,0.428437,0.725063,0.396603,-0.14909,-0.583262,-0.109608,0.521589,0.085819,-0.97397
-0.431556,-0.237404,0.974388,0.07228,0.894665,0.212885,0.037409,0.987191,0.101401,0.014396,-0.836628,-0.291326,0.476488,0.169372,-0.998345
0.801577,-0.41314,-0.654546,-0.299161,-0.941262,-0.931063,0.892225,0.977366,-0.541443,-0.590935,0.088345,0.046092,-0.469074,-0.162974,-0.89342
-0.963317,-0.749967,-0.248255,-0.962796,0.488511,0.674348,0.274386,0.731545,0.117212,0.233792,-0.462678,-0.463357,0.309296,0.318444,-0.979827
-0.041481,-0.313694,0.589721,-0.513826,-0.155065,0.062712,0.351172,0.784537,-0.222787,0.090983,0.27292,-0.601389,-0.1375,0.412416,-1.0
0.111709,-0.72111,-0.329427,-0.250861,-0.756388,-0.170368,0.113923,0.23928,-0.033045,-0.043628,0.817666,-0.439924,-0.42677,0.280557,-0.949725
0.264479,-0.485311,-0.05412,-0.440011,-0.743082,-0.729009,0.924646,0.822243,-0.539117,-0.448097,0.065551,0.026793,-0.400179,-0.120102,-1.0
0.791625,-0.996744,-0.832708,0.907353,0.281894,-0.52881,0.607393,0.525289,0.229471,-0.417889,0.3158,-0.288689,-0.355736,0.34185,-1.0
0.045991,-0.424874,-0.143373,-0.932801,0.821131,-0.763881,0.142487,0.082313,0.056885,-0.155193,-0.745274,0.28388,0.471642,-0.239934,-0.934047
0.727038,0.192431,-0.306596,0.237983,-0.957284,-0.023749,0.787937,0.562481,-0.547022,-0.010784,0.17816,0.030914,-0.507773,-0.003971,-0.982011
-0.680464,-0.6262,-0.949194,-0.993056,0.046224,0.852787,0.737595,0.525466,0.069346,0.54017,-0.104904,-0.240776,0.264952,0.427295,-0.992391
-0.742947,0.731541,-0.299899,-0.207423,0.561093,-0.676533,0.073785,0.518558,-0.042976,-0.019521,-0.613863,0.682683,0.30895,-0.324122,-0.940666
-0.964057,0.634109,-0.287945,0.960097,-0.249984,0.654235,0.357594,0.80569,-0.078757,0.151795,-0.609537,-0.112715,0.462034,0.064899,-0.986084
0.958048,0.800425,-0.811073,-0.707762,-0.877636,-0.228461,0.297669,0.75581,-0.129103,-0.136642,0.69653,0.323059,-0.442179,-0.218938,-1.0
-0.220487,0.16394,0.33623,0.551735,-0.108162,-0.238083,0.683782,0.39618,-0.282924,-0.565807,-0.098555,0.405866,0.142467,-0.512982,-0.882953
-0.18217,0.153702,-0.470615,0.438215,-0.542311,-0.744768,0.114958,0.943395,0.009734,0.002639,0.364529,0.742496,-0.206908,-0.413275,-0.97542
-0.82407,-0.197089,-0.261104,-0.409946,-0.757464,-0.002847,0.279797,0.528085,-0.185599,-0.021583,-0.308913,-0.638899,0.036758,0.48812,-0.907594
-0.519495,-0.308876,-0.542272,-0.207508,0.556732,-0.137284,0.210606,0.810118,0.121494,-0.138377,-0.878129,-0.082525,0.555144,0.039602,-1.0
0.27564,0.319224,-0.381893,-0.505728,0.667766,0.842325,0.970796,0.099643,0.437316,0.605788,0.059099,0.018684,0.240181,0.419305,-0.991408
0.815183,-0.008174,-0.979985,-0.728273,-0.230136,0.466221,0.907517,0.247573,-0.231145,0.68279,0.146333,-0.014652,-0.457175,0.209065,-0.958242
0.012468,-0.774262,0.810235,-0.378746,-0.651856,0.90339,0.575513,0.063079,-0.269417,0.289773,0.176012,-0.284719,-0.106598,0.512703,-0.983764
-0.031719,-0.184283,0.803765,-0.803814,0.208589,0.962127,0.203039,0.793954,0.070449,0.138686,-0.047208,-0.767704,0.175367,0.529827,-1.0
-0.519306,-0.085804,0.043306,0.984312,0.810099,-0.756633,0.916511,0.824186,0.599993,-0.446386,-0.094144,0.144465,0.453223,-0.179838,-0.891598
-0.591648,0.369168,-0.493392,0.129234,-0.080285,0.430393,0.604844,0.234758,-0.072774,0.385063,-0.420304,-0.052486,0.469427,0.095332,-0.919491
0.59963,-0.80138,-0.415841,-0.201911,-0.699075,-0.044068,0.151073,0.250033,-0.137451,0.013177,0.723077,-0.430208,-0.525081,0.229357,-1.0
-0.057541,-0.126725,-0.979082,0.653804,-0.952148,0.756862,0.752031,0.087736,-0.537132,0.238022,0.112025,-0.178738,-0.38622,0.415893,-0.973112
0.795243,0.143171,0.081273,-0.431968,0.718714,-0.063833,0.095552,0.320365,0.021802,0.023282,0.237355,0.887786,-0.315753,-0.488731,-1.0
-0.890223,0.323127,0.985618,0.150273,-0.144585,0.054725,0.713838,0.939585,-0.527835,0.217997,-0.188423,0.109157,0.597716,-0.150595,-0.993076
0.704178,-0.317064,0.773185,0.041412,-0.898392,0.192285,0.863761,0.938592,-0.682512,0.127195,0.145257,0.026483,-0.423266,0.170178,-1.0
-0.537557,0.257729,0.801185,0.2666,-0.802654,0.000416,0.284091,0.266821,-0.247015,-0.075303,0.514255,0.496753,-0.38476,-0.287872,-1.0
-0.422324,0.493363,0.981164,0.486938,-0.666389,0.193147,0.304365,0.099854,-0.286272,0.109236,0.435372,0.626916,-0.306722,-0.364149,-1.0
0.504236,0.973666,-0.351304,0.477566,-0.871813,-0.592482,0.670817,0.232528,-0.446475,-0.351027,0.275094,0.259702,-0.240046,-0.352428,-0.875349
-0.888568,0.056116,0.650858,0.396726,0.499318,0.760376,0.437639,0.694585,0.23486,0.31264,-0.463702,-0.30272,0.41483,0.207166,-1.0
-0.412533,-0.245554,0.018819,-0.762191,-0.047884,-0.566228,0.355739,0.264507,0.064154,-0.344375,-0.52288,0.483998,0.315792,-0.323975,-1.0
-0.460486,-0.195879,-0.855297,-0.475481,0.789118,0.756835,0.910727,0.157207,0.569714,0.460391,-0.062358,-0.029339,0.462971,0.315063,-0.944415
0.151001,0.831591,-0.981255,0.212579,0.661763,0.59335,0.906136,0.416717,0.487143,0.470528,-0.08533,0.077869,0.479494,-0.229048,-1.0
0.159673,0.239744,0.255922,0.393747,-0.3424,0.196316,0.554134,0.575674,-0.45905,0.207573,0.447263,0.058958,-0.50231,-0.118399,-0.983135
0.575381,0.993017,0.132665,0.131438,0.571854,-0.078384,0.118032,0.954057,0.204041,0.020724,0.011525,0.918162,-0.040673,-0.535097,-0.954917
-0.478063,-0.073199,0.375231,0.391682,-0.152846,0.851892,0.849995,0.88519,-0.177286,0.640391,-0.111417,-0.126758,0.19236,0.438627,-0.948175
0.465731,0.99228,-0.416532,0.5169,-0.317242,0.510091,0.066855,0.326156,-0.032951,-0.060127,0.860648,0.438267,-0.422302,-0.308444,-1.0
-0.575737,0.450746,0.154319,-0.400455,-0.649389,-0.467677,0.401328,0.5851,-0.241604,-0.204824,0.041046,0.524074,-0.019325,-0.610336,-0.944455
0.040913,0.164466,-0.401453,0.952419,0.844958,-0.738076,0.554681,0.308624,0.325232,-0.276768,-0.310113,0.401767,0.247942,-0.349052,-1.0
0.612096,0.122195,0.899607,0.730852,0.502194,-0.543796,0.990381,0.471182,0.532131,-0.557082,0.042652,-0.029327,-0.113801,-0.507094,-0.998369
0.943732,0.905056,0.01464,0.952587,0.961886,0.085268,0.029837,0.280471,0.015832,0.076399,-0.052712,0.907404,-0.072113,-0.467716,-1.0
0.583214,-0.81718,-0.444028,-0.553695,-0.516811,-0.803049,0.135841,0.66716,-0.017693,-0.112537,0.852027,-0.011954,-0.480362,-0.098155,-0.988331
-0.230152,0.946412,-0.409424,0.001751,-0.08741,0.281614,0.494031,0.19828,-0.104009,0.328097,-0.082132,0.563811,-0.074324,-0.476718,-1.0
0.625902,0.141799,0.697823,-0.903827,0.461743,-0.865218,0.751977,0.080699,0.274867,-0.570749,-0.047553,0.276662,-0.082124,-0.479562,-0.983501
-0.934113,0.212603,0.857828,0.279904,0.000455,-0.798294,0.825696,0.119687,-0.014052,-0.681888,-0.12037,0.053494,0.368357,-0.351874,-0.983125
0.025861,-0.070661,0.872406,0.266828,0.469679,0.360901,0.27872,0.929623,0.16107,0.102192,-0.485139,-0.507472,0.36846,0.371377,-0.96764
-0.831863,-0.640736,0.93399,-0.492938,-0.186301,0.503205,0.951619,0.123334,-0.210997,0.743464,-0.07075,-0.156015,0.268938,0.462236,-1.0
-0.849182,-0.357826,0.266176,0.975835,-0.22977,0.403266,0.168962,0.27888,-0.12532,0.110491,-0.567688,-0.606479,0.340822,0.431774,-0.983901
-0.521989,0.630921,-0.658836,-0.374879,0.159969,0.002872,0.823128,0.458157,0.693065,-0.053953,-0.117634,0.085718,0.3872,-0.341733,-1.0
0.369123,0.688998,0.993696,0.849061,-0.672708,-0.890062,0.344768,0.61188,-0.136943,-0.156729,0.422689,0.558887,-0.337486,-0.438273,-0.911932
-0.56379,0.606804,0.395462,-0.38853,0.118725,0.041715,0.012041,0.012126,0.06544,0.010067,-0.778034,0.672419,0.358703,-0.425748,-0.98402
0.066254,-0.849711,-0.569049,-0.319034,0.912645,-0.015468,0.280653,0.603938,0.143652,-0.076934,-0.572611,-0.419663,0.368087,0.427942,-0.967379
0.385811,0.757631,-0.958294,0.48525,-0.889793,-0.42002,0.038951,0.73851,-0.035417,-0.044774,0.739884,0.695747,-0.422445,-0.302726,-1.0
0.403194,0.027316,-0.827477,-0.310943,-0.278972,0.569544,0.551191,0.272254,-0.184137,0.365227,0.426116,-0.275907,-0.330608,0.277454,-0.979793
0.13359,-0.525227,0.642199,-0.44502,-0.528524,-0.917411,0.488017,0.329669,-0.236146,-0.350408,0.405863,0.265985,-0.426731,-0.270342,-1.0
0.450843,0.410634,-0.049306,-0.588261,0.577536,0.264215,0.055672,0.79377,0.013946,-0.009954,-0.696035,0.650537,0.339674,-0.32452,-0.998911
0.109694,-0.297743,-0.365648,0.667833,-0.916373,-0.239682,0.513131,0.29895,-0.406822,-0.079183,0.500323,-0.058078,-0.44742,-0.068184,-1.0
-0.706456,0.210446,0.828993,-0.612993,-0.985768,0.354898,0.078883,0.514424,-0.053036,0.017268,0.763248,-0.446706,-0.45619,0.174186,-1.0
0.305246,0.529855,0.845295,-0.22034,0.240328,0.770245,0.913639,0.332601,0.321274,0.661155,-0.037714,-0.062341,-0.109179,0.409708,-1.0
0.421363,-0.177125,0.632215,-0.257716,-0.663656,0.291723,0.658291,0.54333,-0.470403,0.151288,0.27944,-0.085409,-0.488644,0.19461,-1.0
0.934327,-0.385131,-0.712888,0.414412,0.212911,0.184853,0.818713,0.831088,0.45547,0.467464,0.059899,-0.083783,-0.43676,0.309212,-1.0
-0.867965,-0.483873,0.282704,-0.667925,-0.539343,0.878546,0.650295,0.030693,-0.223305,0.506517,-0.036916,-0.409043,0.099193,0.509755,-0.981953
-0.166901,0.266247,-0.184726,0.776601,-0.465396,-0.494368,0.177179,0.56483,-0.102267,-0.105315,0.341063,0.771684,-0.136179,-0.562557,-0.9836
0.414998,0.534588,0.713181,0.798472,-0.42418,0.974365,0.094023,0.138391,0.004107,-0.009878,0.787552,-0.443046,-0.461633,0.262619,-1.0
-0.634383,-0.295881,-0.672366,-0.09915,0.862928,0.116191,0.878485,0.088987,0.78184,0.09771,-0.065854,-0.043797,0.519958,0.120536,-1.0
0.611895,0.250558,0.988353,-0.093392,0.119071,0.655311,0.533743,0.964941,0.175865,0.38249,0.301008,-0.253673,-0.381899,0.32777,-1.0
0.862753,0.21591,0.913858,-0.472258,-0.054,-0.580486,0.305057,0.869682,0.051879,-0.237655,0.531158,0.407872,-0.418076,-0.383137,-1.0
-0.187539,0.291764,-0.919928,0.394778,-0.567828,0.727484,0.88797,0.00144,-0.325802,0.575416,0.115318,-0.077464,-0.310031,0.442758,-0.949347
0.94333,-0.319569,0.307966,-0.915479,0.628757,-0.465799,0.479727,0.779159,0.36532,-0.222356,0.479679,0.246169,-0.352063,-0.189188,-1.0
0.363827,-0.771151,-0.044352,-0.822566,0.691222,-0.40043,0.031,0.375317,-0.013,0.016735,-0.716015,-0.670887,0.392327,0.429707,-1.0
0.87165,-0.130287,0.509625,-0.186141,0.031185,0.87726,0.335719,0.221202,-0.005949,0.270459,0.441924,-0.624733,-0.392768,0.351636,-1.0
0.473484,0.252084,-0.343778,0.565091,-0.86897,-0.456011,0.325178,0.420029,-0.337448,-0.148422,0.560628,0.325048,-0.407446,-0.185769,-1.0
0.440142,-0.528655,-0.475494,0.59231,-0.412918,0.265916,0.693959,0.246978,-0.519357,0.247872,0.163972,-0.253943,-0.364448,0.40939,-0.904168
-0.560799,0.044765,0.491522,0.334691,0.854346,0.892487,0.090725,0.215384,0.155477,0.036044,-0.806934,-0.484114,0.48709,0.281937,-0.92994
-0.353872,0.941048,0.190682,0.528817,-0.943011,0.468182,0.889933,0.773142,-0.63506,0.318494,0.096957,0.105141,-0.347515,-0.359913,-1.0
-0.912204,0.191628,-0.916479,0.529983,0.394261,0.601816,0.722051,0.194288,0.361131,0.549042,-0.263499,-0.003319,0.58802,0.169417,-0.959738
0.671025,-0.662082,-0.249261,-0.747756,0.417299,0.164659,0.489989,0.497769,0.386464,0.183077,0.102033,-0.518378,-0.148174,0.438213,-1.0
0.617823,0.087349,0.123822,0.293569,-0.04742,0.55741,0.668707,0.822284,-0.051899,0.493524,0.145744,-0.176948,-0.420484,0.278484,-0.94425
0.363547,-0.593847,-0.12569,-0.012018,0.606523,0.920523,0.429598,0.461893,0.251444,0.341993,-0.184745,-0.594237,-0.018682,0.497028,-1.0
-0.047731,-0.1418,-0.749492,-0.127319,0.687349,0.569721,0.029615,0.873276,0.096629,-0.049441,-0.685506,-0.655312,0.29378,0.387581,-1.0
0.145152,0.092355,0.157178,-0.936273,0.184043,-0.982755,0.84277,0.865314,0.145106,-0.604186,-0.084787,0.135493,0.015504,-0.516002,-1.0
0.151634,0.159614,0.757984,0.991661,0.316735,-0.460628,0.576807,0.463766,0.27337,-0.430922,-0.104484,0.489821,0.029878,-0.457301,-1.0
0.947655,-0.732944,0.713019,0.791573,0.089022,-0.601952,0.577326,0.467382,-0.00535,-0.418967,0.377193,-0.002216,-0.397057,0.066528,-1.0
0.896264,-0.614879,-0.727961,0.996334,0.177762,-0.012588,0.05689,0.370635,0.087159,-0.012676,0.724928,-0.689038,-0.34229,0.309418,-0.969793
-0.639737,-0.442831,0.871188,0.41604,-0.084198,0.706663,0.188134,0.827253,-0.074988,0.161405,-0.418294,-0.764405,0.27284,0.458118,-1.0
0.981935,-0.727866,-0.989959,-0.99334,-0.818386,-0.120902,0.119076,0.619935,-0.020399,-0.019888,0.807299,-0.329381,-0.556841,0.194892,-0.978184
-0.695989,0.256816,0.359567,-0.452248,-0.415928,0.027634,0.457055,0.140828,-0.376257,0.017113,-0.392649,0.36522,0.343384,-0.332566,-1.0
-0.020797,-0.540636,0.098897,-0.600945,0.689706,0.885498,0.622553,0.566059,0.264688,0.36206,-0.152816,-0.341862,0.239043,0.531748,-1.0
-0.317397,0.083964,-0.335014,-0.425342,0.113409,-0.773204,0.179614,0.260959,0.002715,-0.157071,-0.4065,0.699698,0.177912,-0.360003,-0.937786
0.061329,0.325696,0.631772,0.019641,-0.685233,0.249662,0.088029,0.156908,-0.023896,-0.00946,0.990758,0.104093,-0.420138,-0.106881,-1.0
-0.760603,0.35083,-0.598544,0.834197,-0.219316,-0.175459,0.091963,0.936383,-0.117171,-0.048825,-0.57794,0.618745,0.298972,-0.428239,-0.976818
0.9936,-0.712202,0.96432,0.283082,0.91846,0.503669,0.920645,0.221828,0.602028,0.261096,-0.06755,-0.047743,-0.038255,0.621781,-0.948023
-0.528541,-0.423257,-0.662667,0.751879,0.395057,0.721778,0.411724,0.733198,0.138967,0.252366,-0.337554,-0.501151,0.327826,0.487734,-0.985867
-0.858674,-0.000933,-0.065225,0.251644,0.112853,-0.29451,0.726658,0.387252,0.153875,-0.55339,-0.346565,0.090603,0.439475,-0.151554,-1.0
0.190765,-0.580284,-0.463159,0.555708,-0.792591,0.787509,0.057323,0.925417,-0.069767,-0.003568,0.460851,-0.838804,-0.331127,0.414462,-0.961159
-0.313352,-0.781028,0.809206,0.632925,0.324009,-0.561227,0.489852,0.698615,0.167492,-0.353217,-0.395386,-0.111658,0.498859,0.139956,-0.978573
-0.771057,0.587925,0.560492,0.16267,0.176993,-0.954272,0.922671,0.11662,0.119565,-0.736536,-0.076751,0.123099,0.307467,-0.395973,-0.99486
0.973086,0.033272,0.287909,0.562221,-0.759593,0.370308,0.293997,0.499393,-0.299455,0.153395,0.633474,-0.195986,-0.540709,0.068821,-1.0
0.873719,0.296861,0.366255,0.695033,0.503513,0.336653,0.524534,0.751776,0.292523,0.281119,0.443301,-0.108321,-0.565416,0.033054,-0.915451
-0.109574,0.118467,-0.299617,0.768065,0.346189,-0.260503,0.117443,0.964717,0.112392,-0.066427,-0.712595,0.606628,0.396105,-0.263546,-0.981732
0.202532,-0.778731,0.721796,0.043684,-0.206779,-0.727656,0.065338,0.831922,-0.00208,-0.153303,0.858171,-0.129944,-0.48635,-0.022414,-0.974068
0.259189,0.552794,0.772222,0.343571,0.411468,-0.98926,0.89952,0.08995,0.242915,-0.719011,0.027844,-0.032299,0.079333,-0.526702,-0.953773
0.95761,0.614441,0.983585,0.827968,0.472818,0.878996,0.975648,0.835591,0.386137,0.706405,0.025435,0.005169,-0.48888,0.277544,-1.0
0.523544,-0.127182,0.566158,-0.521145,-0.895749,0.189912,0.646216,0.544149,-0.573101,0.137737,0.454505,-0.18161,-0.550475,0.070163,-0.992028
0.245933,0.85061,0.776995,0.987284,-0.481317,-0.848926,0.929029,0.046488,-0.253455,-0.691477,-0.008178,0.020101,-0.235301,-0.475552,-1.0
0.714548,-0.956286,0.450831,-0.765026,0.692967,-0.098013,0.810998,0.708838,0.682697,-0.107984,0.022585,-0.200353,0.060535,0.550765,-0.988077
-0.233315,-0.781583,0.383382,0.223257,0.778187,0.381824,0.84956,0.523545,0.675555,0.340765,-0.073121,-0.063874,0.418161,0.2938,-1.0
0.274717,0.200465,-0.978907,-0.009144,-0.263495,-0.630028,0.890143,0.661517,-0.250053,-0.701757,0.043867,0.043768,-0.273386,-0.319337,-0.99152
0.178341,-0.522115,0.989507,0.542512,0.95324,0.29572,0.012801,0.528346,0.0179,-0.012841,-0.71832,-0.789944,0.417252,0.313806,-0.929487
0.766684,-0.358586,-0.054031,-0.086626,-0.824599,-0.575889,0.387477,0.882603,-0.245618,-0.250591,0.700244,0.057763,-0.525332,-0.025432,-1.0
0.146219,0.815242,0.283999,-0.213546,0.150799,-0.870425,0.318451,0.839336,0.008482,-0.20838,-0.027566,0.687662,0.056695,-0.502875,-1.0
-0.001041,0.04042,-0.201354,-0.686867,0.87727,0.740187,0.835473,0.473035,0.489587,0.48013,-0.094704,-0.132808,0.312457,0.423515,-0.987815
0.225115,-0.818192,-0.327083,0.758463,-0.364817,-0.654534,0.155607,0.994425,-0.150987,-0.165833,0.795639,-0.18928,-0.544609,0.15255,-1.0
-0.970955,-0.984493,0.88989,-0.786886,-0.396842,-0.304251,0.326082,0.073386,-0.160909,-0.204638,-0.49535,-0.458412,0.348766,0.341947,-0.935756
0.474038,-0.08148,0.866027,0.358579,0.327499,-0.699077,0.782825,0.052765,0.304888,-0.57419,-0.006424,0.256758,-0.172796,-0.444701,-0.989674
-0.238908,-0.488997,-0.006275,0.126285,0.349589,0.084238,0.685527,0.164997,0.515261,0.105311,-0.317205,-0.20398,0.331463,0.365935,-1.0
-0.883751,-0.922977,-0.79056,-0.966194,-0.328401,0.598578,0.345586,0.735083,-0.078828,0.212618,-0.204834,-0.596227,0.117133,0.475873,-0.991519
-0.117538,0.405981,-0.470177,-0.652925,0.686594,0.327447,0.180731,0.88526,0.067757,0.099145,-0.762261,0.04709,0.430529,-0.027658,-1.0
0.807687,-0.076984,-0.397237,-0.699843,0.50139,-0.321381,0.316088,0.86682,0.211215,-0.136072,0.62646,0.545514,-0.366226,-0.34781,-0.96822
-0.751015,0.590316,0.815495,-0.286223,0.839132,-0.506336,0.096122,0.619944,-0.000867,-0.018135,-0.677123,0.420934,0.478663,-0.333881,-1.0
0.862273,0.211904,0.040799,-0.351541,0.7189,0.695601,0.968486,0.584077,0.578803,0.543284,-0.04969,-0.041414,-0.055839,0.496607,-1.0
0.857324,-0.023365,-0.06448,-0.215671,0.847824,0.226657,0.658356,0.474311,0.515097,0.058409,-0.069704,-0.387518,0.046472,0.469227,-1.0
0.109885,-0.746369,-0.89259,0.697634,-0.429781,-0.092947,0.397363,0.075883,-0.348177,-0.069338,0.363823,-0.525516,-0.313401,0.40813,-1.0
0.482256,0.261826,0.614644,0.750239,-0.820538,0.815746,0.934998,0.14214,-0.50664,0.481206,0.062666,-0.051917,-0.461774,0.118176,-1.0
-0.044881,0.615621,0.177583,-0.444227,-0.852708,0.251318,0.790333,0.210853,-0.555349,0.142849,0.161963,0.149461,-0.430911,-0.096371,-0.999866
-0.527653,0.053564,0.79097,-0.395986,-0.601356,0.949947,0.53634,0.01006,-0.225235,0.277716,0.047911,-0.46212,-0.017565,0.549575,-1.0
-0.218296,-0.249804,-0.580201,0.617472,-0.248749,-0.169103,0.699468,0.597936,-0.458128,-0.231057,0.085316,-0.325227,-0.181601,0.466749,-1.0
-0.517233,-0.60368,0.990289,-0.556931,-0.531801,0.838261,0.572946,0.396939,-0.291226,0.333997,-0.11312,-0.417612,0.014983,0.562975,-0.944411
-0.980412,0.048472,-0.658485,-0.929578,-0.182173,-0.485213,0.739348,0.951896,-0.176957,-0.506784,-0.251999,0.063429,0.409789,-0.34778,-1.0
-0.150917,0.847616,-0.496473,-0.138806,-0.890456,0.972758,0.909305,0.477798,-0.457102,0.550698,-0.000175,0.102912,-0.514976,0.042445,-1.0
0.508505,0.754349,-0.126633,-0.636574,0.732445,-0.22659,0.346687,0.833805,0.240335,-0.050521,-0.148833,0.641349,0.084791,-0.520211,-1.0
-0.800473,0.152868,-0.781211,-0.672344,-0.642245,-0.521428,0.4481,0.058983,-0.229601,-0.215134,-0.235717,0.535757,0.048319,-0.548214,-1.0
0.918711,-0.275458,-0.696745,0.602259,0.503964,0.702622,0.110962,0.433955,0.064038,0.087569,0.31498,-0.874429,-0.140022,0.410398,-0.991687
-0.752779,-0.707024,0.075554,-0.030938,-0.953318,-0.431721,0.25734,0.315377,-0.240304,-0.135921,0.463028,-0.59726,-0.291196,0.426464,-0.929328
-0.310386,-0.561116,0.048024,0.479596,-0.609152,0.109795,0.732067,0.011363,-0.60983,0.126808,0.09974,-0.29222,-0.186524,0.465554,-0.997979
-0.00037,-0.32434,-0.986131,0.785122,-0.281143,0.974439,0.094138,0.65663,-0.026682,0.062981,0.242438,-0.846599,-0.103809,0.497713,-1.0
0.079556,-0.376482,0.309434,0.707536,0.722517,0.775624,0.088269,0.786657,0.069796,0.045009,-0.39257,-0.851834,0.219493,0.462735,-0.964965
-0.890771,0.453865,-0.530522,-0.100249,-0.154961,-0.851516,0.84622,0.024782,-0.053805,-0.653129,-0.000508,0.14261,0.209714,-0.520223,-0.960702
0.470733,-0.015478,-0.668002,-0.023343,0.856904,0.831943,0.601155,0.486938,0.419312,0.334025,-0.187389,-0.400008,0.278528,0.491227,-0.966234
-0.598136,0.47676,-0.683935,0.910796,0.803348,0.618164,0.621125,0.665744,0.423175,0.311025,-0.27845,-0.042576,0.48435,0.069395,-0.993216
-0.165224,0.973544,0.144592,0.799243,-0.275157,-0.531257,0.468531,0.781777,-0.2172,-0.358775,0.100093,0.483402,0.021553,-0.468861,-0.929955
0.799004,0.600634,-0.620506,-0.817406,0.613824,0.899036,0.474699,0.021827,0.313374,0.291983,0.241932,-0.428744,-0.228433,0.516537,-0.967428
0.719107,-0.242902,0.405727,0.285245,0.848539,0.271993,0.562568,0.726511,0.427594,0.1169,-0.060082,-0.413649,0.130145,0.515991,-1.0
-0.318443,-0.834844,-0.856462,0.181249,0.943448,0.939029,0.256115,0.760043,0.081989,0.141838,-0.357324,-0.64101,0.27301,0.394469,-0.983157
-0.276434,-0.269923,0.225372,0.77438,0.021647,-0.600203,0.323663,0.53175,-0.099338,-0.299492,-0.547796,0.596308,0.33237,-0.313282,-1.0
0.724784,0.148,0.072935,0.879132,-0.15009,-0.20065,0.692015,0.357812,-0.322638,-0.380303,0.271301,0.123567,-0.506652,-0.246401,-1.0
-0.777985,-0.231107,0.605833,0.834118,-0.362258,0.497916,0.591423,0.302997,-0.335359,0.410785,-0.251039,-0.320183,0.23173,0.406371,-1.0
-0.232844,0.257982,-0.6958,-0.893529,0.668598,-0.613388,0.645467,0.24628,0.418535,-0.356585,-0.28429,0.196258,0.235623,-0.289613,-1.0
0.320737,0.693371,-0.956373,0.055929,0.956632,0.106079,0.330111,0.264755,0.2221,-0.020539,-0.509741,0.452938,0.355731,-0.29868,-1.0
-0.630888,0.419059,0.364715,-0.293259,-0.501242,-0.416154,0.675097,0.886125,-0.342564,-0.393754,-0.025462,0.308779,0.073277,-0.538604,-0.995151
-0.21825,0.212517,0.101063,0.401383,-0.412903,-0.593942,0.598757,0.695858,-0.337121,-0.40824,0.101916,0.428218,-0.071506,-0.452163,-0.941982
-0.022743,0.515989,0.594135,-0.369232,0.471207,0.969599,0.463464,0.313996,0.1729,0.407844,-0.352528,-0.32573,0.289951,0.407481,-0.94086
-0.189427,0.005075,0.174684,0.954604,0.575104,0.316545,0.536102,0.546984,0.343517,0.174824,-0.551822,-0.112557,0.422556,0.212263,-0.991423
0.260462,0.806783,0.002723,-0.879373,-0.963422,-0.294596,0.074743,0.304155,-0.072721,0.051496,0.676281,0.645439,-0.343788,-0.31321,-0.990073
0.569787,-0.799825,0.643468,-0.945588,0.724834,-0.356095,0.663533,0.634453,0.534791,-0.293052,-0.124433,-0.299286,0.196105,0.506239,-1.0
-0.935219,-0.998905,0.562102,-0.463163,0.445496,-0.44503,0.8698,0.811219,0.536029,-0.520515,-0.098177,-0.026265,0.520463,0.223658,-1.0
0.34174,0.426418,0.037639,0.779436,-0.891345,-0.033349,0.582427,0.487751,-0.42158,-0.022209,0.479718,0.096076,-0.463301,-0.158584,-0.953764
-0.598045,-0.342018,0.97221,-0.740377,0.976304,0.91265,0.246994,0.005407,0.209498,0.12481,-0.535428,-0.431095,0.364791,0.365143,-1.0
-0.38521,-0.15179,-0.273953,-0.645013,-0.633414,0.810345,0.642357,0.997186,-0.380899,0.401828,0.046505,-0.301421,-0.093924,0.411947,-1.0
-0.655384,-0.008729,0.834016,-0.868232,-0.788853,-0.337955,0.336263,0.998894,-0.248417,-0.043912,0.262577,0.558662,-0.134071,-0.422622,-1.0
0.075674,-0.435751,0.971803,0.463389,0.822677,-0.418022,0.373766,0.350307,0.29563,-0.10338,-0.590272,0.005447,0.490934,0.112173,-1.0
0.465264,0.808592,0.699582,-0.27056,-0.28672,-0.395657,0.837865,0.240149,-0.531827,-0.557169,0.065589,0.08809,-0.25873,-0.371666,-0.990661
0.522648,-0.854232,-0.567223,-0.355826,-0.902763,0.002006,0.269804,0.343963,-0.219779,-0.099276,0.571593,-0.311497,-0.457027,0.279616,-0.991472
0.935686,0.901855,-0.982367,-0.407898,-0.436034,-0.493054,0.260554,0.606627,-0.150289,-0.198155,0.515701,0.586429,-0.319651,-0.33861,-1.0
-0.891276,-0.540304,0.408525,-0.253857,-0.311107,-0.04255,0.493967,0.858195,-0.448564,-0.011956,-0.338876,-0.326329,0.319538,0.294129,-0.978381
0.992695,-0.848948,0.983712,-0.603002,-0.411624,-0.535176,0.678202,0.049413,-0.332055,-0.442714,0.339545,-0.081902,-0.478294,0.102963,-0.979916
-0.135019,-0.527187,-0.029498,-0.643864,0.011225,0.0503,0.526526,0.582451,0.135976,0.36044,-0.132539,-0.452416,0.079603,0.398845,-0.915519
-0.889515,-0.963261,-0.508675,0.287682,0.015836,0.485873,0.08038,0.995458,-0.044328,0.139466,-0.53151,-0.771197,0.252593,0.455023,-1.0
0.464065,0.045308,-0.44936,-0.94895,-0.368429,-0.203832,0.204318,0.853925,-0.108753,-0.156849,0.64639,0.205109,-0.538095,-0.148643,-1.0
-0.125593,0.383879,-0.592713,0.336198,0.691787,0.838817,0.415244,0.95581,0.220602,0.208379,-0.485442,-0.267736,0.448222,0.225945,-0.973627
0.410358,-0.343694,0.415036,0.769048,0.788096,-0.347454,0.68029,0.629019,0.471766,-0.203574,-0.370032,0.026508,0.496821,-0.002502,-1.0
-0.969351,-0.581724,-0.439395,0.778542,0.833388,-0.318658,0.259155,0.52489,0.158168,-0.033787,-0.769741,-0.095685,0.545521,0.118799,-1.0
-0.623036,0.091828,0.521606,0.379623,-0.199808,-0.697435,0.777373,0.865497,-0.178569,-0.587276,-0.14781,0.234369,0.176875,-0.475151,-1.0
-0.582623,0.547491,0.0214,0.266095,-0.096992,0.295444,0.829915,0.249937,-0.149502,0.510386,-0.204425,0.045213,0.430018,-0.2596,-0.921194
0.074429,-0.308236,0.742187,-0.630057,0.127075,-0.511697,0.424342,0.108272,0.09501,-0.241379,-0.135464,0.546354,0.12524,-0.449315,-1.0
0.31367,0.977208,-0.374104,-0.567374,-0.38998,0.746795,0.380135,0.344111,-0.052978,0.276498,0.615868,0.212867,-0.446962,-0.153261,-0.99031
-0.974703,-0.092381,-0.497314,-0.487807,0.648405,0.046069,0.303254,0.455764,0.265616,-0.014973,-0.777869,-0.120866,0.544241,0.013461,-1.0
0.33901,0.719391,-0.590362,-0.818122,0.347385,0.884269,0.431207,0.929291,0.195478,0.29045,-0.055114,-0.565984,0.026845,0.527177,-0.962299
-0.132101,0.418138,0.59827,-0.988971,0.496355,0.149638,0.000343,0.902785,-0.072965,0.008985,-0.968083,0.423738,0.49555,-0.113022,-0.994717
-0.693232,0.238644,-0.568636,0.027188,-0.829207,0.58419,0.609422,0.434079,-0.352308,0.204497,0.149837,-0.363976,-0.139846,0.429043,-0.937577
0.081232,-0.30646,0.604848,0.707007,0.683627,-0.90411,0.037237,0.995777,-0.019704,0.022177,-0.665805,0.739025,0.334409,-0.300941,-1.0
0.680427,0.9823,-0.284473,0.169948,-0.863406,-0.08555,0.008014,0.589515,0.009978,0.039007,0.799906,0.603259,-0.395068,-0.268439,-0.915741
-0.410143,-0.126529,-0.579099,0.836586,0.584996,-0.307132,0.624698,0.916933,0.462809,-0.166086,-0.356611,0.061003,0.584289,-0.066678,-0.934305
0.92287,-0.634454,-0.80491,-0.301825,0.874919,-0.181978,0.554246,0.5316,0.349262,-0.063228,0.088508,-0.443461,-0.074396,0.628561,-0.918103
0.792211,-0.50924,-0.388314,0.365812,-0.209096,0.105835,0.561948,0.835507,-0.314179,0.219642,0.295509,-0.245367,-0.326628,0.261422,-0.932058
-0.048273,0.917463,-0.279611,0.734183,0.933085,-0.216231,0.189912,0.604924,0.158066,-0.031689,-0.545887,0.657777,0.328483,-0.379741,-0.918735
0.981869,-0.083485,-0.683344,0.7739,-0.593786,0.228859,0.790719,0.653619,-0.522582,0.368282,0.215981,0.021317,-0.508436,0.100549,-0.949752
-0.133882,0.591295,-0.793187,-0.61078,0.833432,0.781201,0.694866,0.334554,0.425451,0.488721,-0.343932,-0.120516,0.497071,0.125862,-1.0
0.35579,0.946629,-0.806342,0.881714,-0.198868,0.477629,0.400604,0.110101,-0.117691,0.264951,0.36277,0.346549,-0.418703,-0.363386,-1.0
-0.40087,-0.51766,0.127316,0.465948,0.342166,0.966488,0.814957,0.896682,0.265831,0.510104,-0.14039,-0.186635,0.242475,0.447188,-1.0
-0.529454,0.807822,0.734699,-0.785938,-0.145398,0.342652,0.330477,0.847046,-0.063608,0.261618,-0.392021,0.596643,0.321303,-0.342973,-0.934067
0.418371,-0.718252,-0.717721,0.476645,-0.4462,-0.792427,0.376069,0.973572,-0.208521,-0.267675,0.624255,0.100742,-0.423699,-0.136114,-1.0
-0.998495,-0.038494,0.888221,-0.328462,-0.428635,-0.86885,0.007401,0.442278,0.099461,0.054078,-0.492964,0.837958,0.243744,-0.479486,-1.0
-0.57738,-0.073646,-0.960645,0.351734,0.191672,0.76804,0.558429,0.009371,0.00761,0.559358,-0.293792,-0.259832,0.309367,0.320929,-0.877115
0.62544,-0.240807,0.831705,-0.684118,0.00014,0.707966,0.803725,0.38984,-0.019729,0.706977,0.084653,-0.166708,-0.309658,0.40523,-1.0
-0.274857,-0.656177,0.098182,0.633374,-0.160103,-0.871684,0.888196,0.389893,-0.163164,-0.733725,-0.018747,0.064777,0.277009,-0.441317,-0.975582
-0.653856,0.251143,0.842038,-0.644913,0.052277,0.882636,0.238115,0.627881,0.106674,0.114253,-0.521065,-0.394059,0.37124,0.403089,-1.0
0.386704,-0.514695,-0.065106,-0.014527,0.43605,-0.203408,0.400685,0.703862,0.304927,-0.156714,-0.095594,-0.559345,0.103749,0.464779,-0.951112
-0.38361,0.422448,0.432635,0.814622,0.019446,-0.87703,0.63038,0.890594,0.040479,-0.551549,-0.147324,0.417617,0.141449,-0.509615,-1.0
-0.298734,0.187523,-0.31459,-0.484797,0.767618,-0.01885,0.058678,0.948553,0.046813,0.056107,-0.936371,0.22276,0.45005,-0.064737,-0.967548
0.879087,0.076404,0.967233,-0.555699,-0.686975,-0.155107,0.713696,0.66434,-0.53297,-0.128172,0.350577,-0.005451,-0.586978,-0.0842,-0.980234
-0.827593,0.652979,0.559767,-0.736245,-0.27255,-0.471643,0.717082,0.365987,-0.244686,-0.481676,-0.095426,0.303705,0.251138,-0.519885,-1.0
-0.073797,0.731351,0.140109,-0.94765,-0.253375,-0.168846,0.631821,0.561562,-0.499479,-0.297179,0.111008,0.299057,-0.038002,-0.499106,-1.0
-0.533819,-0.155078,0.917494,-0.081833,0.821722,-0.528891,0.636594,0.480794,0.384073,-0.325472,-0.319154,0.113705,0.526583,-0.116318,-1.0
-0.555996,0.042352,0.451615,-0.905936,0.48062,-0.560832,0.281345,0.230451,0.090642,-0.177864,-0.640409,0.371842,0.504501,-0.185022,-1.0
0.411192,-0.71603,-0.547072,-0.394088,-0.202077,-0.815248,0.980813,0.476945,-0.154727,-0.775952,-0.039746,0.036654,-0.459078,-0.226254,-0.954199
0.3439,-0.639394,0.810884,0.428421,-0.005122,0.843524,0.741905,0.222431,-0.007176,0.670161,-0.001033,-0.250723,-0.170292,0.41794,-1.0
0.404254,-0.88148,-0.01763,0.491684,-0.676846,-0.046594,0.566922,0.167244,-0.566413,0.053607,0.288866,-0.191863,-0.403748,0.368473,-0.965454
0.985591,0.394398,-0.756276,0.092245,-0.612293,0.019914,0.725851,0.650396,-0.603022,0.010308,0.20133,0.038588,-0.557045,-0.101787,-0.938417
-0.876535,-0.985882,0.395887,0.024173,0.738204,0.970135,0.503554,0.866942,0.192247,0.315236,-0.372521,-0.356608,0.262437,0.394093,-1.0
-0.837764,-0.990056,-0.875771,-0.489753,-0.49356,0.916105,0.178063,0.67491,-0.164239,0.064151,-0.109302,-0.736053,0.053227,0.489249,-1.0
0.376631,-0.251421,0.721531,0.946648,0.853918,-0.355568,0.278481,0.508337,0.125015,-0.047951,-0.678713,0.111149,0.431017,-0.176915,-1.0
0.712339,0.590641,-0.258557,-0.111248,-0.195483,0.997261,0.697003,0.94767,-0.033804,0.501191,0.254851,-0.129797,-0.345628,0.214087,-1.0
0.321333,-0.29179,0.165738,-0.601291,-0.382593,0.89259,0.41755,0.896609,-0.157854,0.270594,0.326647,-0.503386,-0.363515,0.451953,-0.968489
-0.484326,0.477507,-0.488102,0.47498,-0.021459,0.810427,0.963881,0.374077,0.017708,0.758611,-0.113097,-0.056107,0.42379,0.324036,-1.0
0.23628,-0.746827,0.049202,0.265905,0.232537,-0.405431,0.250427,0.697899,0.053657,-0.127409,0.04851,-0.68885,0.015744,0.436842,-0.987731
0.398648,-0.763913,-0.313374,0.684257,-0.983036,-0.009729,0.210367,0.507132,-0.181691,0.053971,0.648778,-0.332754,-0.439667,0.201784,-0.996447
0.927347,0.117259,0.368007,0.610599,0.354859,0.77225,0.06232,0.006229,0.06687,0.031139,0.697492,-0.604142,-0.362151,0.375361,-0.964643
-0.609212,-0.872222,0.940459,0.98186,-0.649598,0.354679,0.27234,0.892544,-0.196233,0.106892,-0.017292,-0.668024,-0.031285,0.533828,-0.955392
-0.28666,-0.569908,0.072963,0.222114,0.634047,0.976105,0.830219,0.426643,0.4047,0.544538,-0.102172,-0.182931,0.196633,0.449152,-0.977974
-0.781305,-0.181913,0.915143,0.551768,0.584467,-0.096055,0.563158,0.815652,0.443724,0.00319,-0.454791,-0.059809,0.406301,-0.067663,-0.983652
0.687385,-0.660225,0.717232,0.939684,0.061104,0.002329,0.203514,0.294119,0.163476,-0.023092,0.482415,-0.475848,-0.396896,0.362712,-1.0
-0.740369,-0.217918,0.338791,-0.578883,0.412454,0.153613,0.867497,0.958886,0.724138,0.311033,-0.128411,-0.013216,0.566961,0.230998,-0.963685
0.871137,-0.408463,-0.534508,0.062022,-0.239934,0.978868,0.592197,0.879196,-0.143745,0.535793,0.228272,-0.291044,-0.327254,0.392122,-1.0
0.81557,-0.689549,0.426064,-0.55165,-0.526362,0.488248,0.201935,0.038168,-0.077427,0.180785,0.554528,-0.580609,-0.446232,0.320935,-0.956571
-0.23205,0.691579,0.345547,0.407244,-0.856903,-0.020886,0.529875,0.87759,-0.475895,-0.048395,0.331205,0.295469,-0.321114,-0.390842,-1.0
-0.711637,0.531515,-0.596869,0.22496,-0.89599,-0.022145,0.858268,0.477397,-0.672226,0.061396,0.002132,0.079741,-0.134218,-0.52069,-0.95994
-0.224898,0.983555,0.023177,0.041482,0.305204,-0.318978,0.904871,0.482018,0.622821,-0.524021,-4.2e-05,0.03238,0.136207,-0.451612,-1.0
-0.046313,-0.413889,-0.383376,0.033046,-0.563027,0.790405,0.418292,0.548027,-0.250929,0.301274,0.226655,-0.579957,-0.245574,0.489912,-0.985078
0.686677,-0.414522,0.447889,0.884806,-0.464847,-0.150613,0.152617,0.828983,-0.20916,-0.026752,0.874814,-0.24416,-0.441184,0.162314,-0.99861
-0.716538,0.142542,-0.384765,-0.850986,-0.740288,0.392806,0.797201,0.348861,-0.663791,0.301029,0.02763,-0.180773,-0.0347,0.548355,-1.0
-0.307317,-0.066692,0.347134,0.467546,-0.132405,-0.912579,0.964139,0.24528,-0.0717,-0.752177,0.03881,0.035524,0.102768,-0.498477,-1.0
-0.383849,-0.962141,-0.382484,0.98133,0.353456,-0.5959,0.259851,0.054934,0.19135,-0.218399,-0.70021,-0.368524,0.544596,0.210213,-0.958143
-0.244831,0.705306,-0.090086,-0.03729,-0.989414,0.496646,0.853489,0.894799,-0.516626,0.319777,0.107922,0.042874,-0.602814,-0.152636,-1.0
-0.80224,-0.48358,0.040341,-0.751532,0.692676,-0.090763,0.503674,0.455135,0.386567,0.001397,-0.447266,-0.136863,0.441342,0.090697,-1.0
-0.692022,-0.161099,-0.511237,-0.512135,-0.239038,0.126693,0.296342,0.175116,-0.167425,0.107198,-0.67901,-0.385835,0.45418,0.251426,-0.984716
0.666321,0.588164,-0.129754,-0.625939,-0.242283,-0.316374,0.783917,0.181631,-0.417995,-0.563934,0.200063,0.184526,-0.331402,-0.275523,-0.962798
0.445828,-0.224831,-0.235282,-0.68098,0.727874,0.194872,0.572199,0.267061,0.363182,0.053698,-0.185756,-0.374319,0.310282,0.398061,-0.874539
-0.523001,0.696497,0.969175,-0.523984,-0.143382,-0.619734,0.414662,0.488311,-0.00642,-0.202854,-0.117557,0.602273,0.09198,-0.494373,-1.0
-0.331946,0.615795,-0.436178,-0.242152,-0.235722,0.373531,0.854946,0.013763,-0.36286,0.597814,-0.038639,0.150626,0.16006,-0.499025,-1.0
0.956869,0.038454,-0.495938,0.947928,0.132514,-0.881416,0.456931,0.927896,0.086209,-0.35106,0.389075,0.408527,-0.393868,-0.507135,-0.955367
-0.820119,0.959421,0.314184,-0.889549,-0.346879,0.812705,0.003962,0.751757,-0.001475,-0.011929,-0.959659,0.398944,0.404931,-0.132641,-0.988368
0.521648,0.603532,-0.342444,0.693706,0.856972,-0.936042,0.938281,0.563785,0.514682,-0.593075,0.005672,0.048985,0.149484,-0.412348,-1.0
-0.417553,-0.116855,0.615631,-0.23404,0.134616,-0.100294,0.08024,0.312933,0.084715,0.013091,-0.851276,0.02214,0.520332,0.045355,-0.984081
-0.345189,0.628605,0.111447,0.792034,-0.902815,0.63446,0.793452,0.003687,-0.489876,0.263022,0.186881,0.019783,-0.54594,-0.014625,-0.994132
-0.242943,-0.99781,0.999319,0.425703,-0.853045,0.618425,0.967913,0.723398,-0.574643,0.422093,-0.011774,0.00641,-0.159309,0.522885,-0.962585
-0.655079,-0.473235,-0.698254,-0.801154,-0.812052,-0.204215,0.161711,0.164269,-0.035251,-0.017998,0.506234,-0.752148,-0.28183,0.502068,-1.0
-0.912749,0.968499,-0.575749,-0.192477,0.011637,-0.60184,0.045791,0.607577,0.021738,-0.113381,-0.454304,0.78086,0.302729,-0.456786,-0.952573
0.025943,-0.164797,-0.765555,0.494837,-0.333488,-0.476778,0.018849,0.962834,0.084177,-0.037556,0.725094,0.559482,-0.336689,-0.272659,-0.975087
0.577091,0.894482,0.703896,0.635021,0.650978,0.770371,0.224788,0.906009,0.086432,0.12377,-0.317863,0.781522,0.251333,-0.512636,-0.992244
-0.183267,0.198893,-0.467041,-0.483251,0.041577,0.063608,0.636516,0.748902,0.251951,0.461775,-0.308904,0.264211,0.446764,-0.220169,-1.0
-0.10609,-0.122549,0.262019,-0.975795,-0.691434,-0.229886,0.93148,0.184107,-0.590321,-0.249599,-0.05741,0.079906,-0.531137,-0.119473,-1.0
-0.919781,0.216733,0.116905,-0.456084,-0.663679,-0.27387,0.758005,0.207471,-0.513955,-0.287669,-0.093345,0.219004,0.246455,-0.441909,-0.991029
-0.43618,0.317941,0.621362,0.839158,0.303005,0.179855,0.895362,0.379362,0.56412,0.313729,-0.12051,-0.033976,0.550495,-0.0632,-0.940164
0.178013,0.652889,0.706739,0.822803,-0.612697,-0.720348,0.969498,0.762362,-0.488067,-0.580355,0.043537,0.078432,-0.232557,-0.448221,-1.0
0.908982,0.96458,-0.791519,-0.461278,0.225642,-0.958678,0.701025,0.874689,0.153144,-0.547219,0.048103,0.251361,-0.167605,-0.500338,-0.973555
0.95025,-0.521191,0.303391,0.87833,-0.138563,-0.47943,0.93029,0.772151,-0.218681,-0.651789,-0.010628,-0.010355,-0.50947,0.019121,-0.994163
0.627913,-0.712823,-0.952288,0.289752,0.400994,0.717205,0.775761,0.475524,0.282811,0.516215,0.031562,-0.269684,-0.052785,0.434932,-0.927341
0.731189,0.981399,-0.437509,0.99974,0.589069,0.869544,0.348739,0.155772,0.159197,0.21815,0.426065,0.426718,-0.513344,-0.210601,-1.0
0.670763,0.855167,-0.49565,-0.750373,0.868496,0.415923,0.539277,0.672883,0.385969,0.114852,-0.228173,0.367061,0.15674,-0.540498,-1.0
0.842472,0.050007,-0.130149,-0.005423,0.423815,0.111628,0.8041,0.706774,0.597475,0.214695,0.163552,-0.064083,-0.443375,0.052365,-0.97328
-0.072266,0.178038,0.072137,-0.859719,0.037495,0.1991,0.861638,0.984172,0.116361,0.694905,-0.258161,-0.057084,0.498425,0.118797,-1.0
-0.422141,0.301745,-0.114423,-0.710412,-0.397712,0.115882,0.446848,0.910843,-0.304632,0.031793,-0.088157,0.583837,0.097628,-0.515857,-0.999033
-0.21432,-0.827066,0.197547,-0.628662,0.84001,-0.802138,0.131371,0.285728,0.077578,-0.078145,-0.809427,-0.035976,0.417119,0.055814,-0.935342
-0.163754,-0.153302,-0.501399,0.109496,0.026059,-0.293724,0.562881,0.752715,0.067209,-0.476919,-0.336728,0.232299,0.321564,-0.249432,-0.989109
-0.654055,0.412937,0.259206,0.317607,0.008801,0.364224,0.483138,0.526499,0.006528,0.314954,-0.541958,0.072535,0.511031,-0.048124,-1.0
-0.072884,-0.413828,-0.109642,-0.468414,0.732381,-0.732591,0.781249,0.871156,0.514181,-0.446886,-0.223521,0.024264,0.495445,-0.175749,-0.884708
-0.332812,-0.646264,-0.906819,-0.739192,0.0052,-0.958368,0.283287,0.482786,-0.014029,-0.221639,-0.595716,0.472752,0.342956,-0.367011,-1.0
-0.687929,-0.145344,0.294616,-0.478646,0.277809,-0.893359,0.022184,0.664358,-0.035132,0.039249,-0.746068,0.551585,0.333955,-0.301519,-0.978216
0.777998,-0.90407,-0.612848,-0.377198,0.283635,0.503392,0.259263,0.378619,0.115758,0.208963,0.271734,-0.660648,-0.152013,0.501701,-1.0
0.089187,0.291515,-0.580952,0.725094,-0.069393,-0.644193,0.820037,0.781131,-0.019444,-0.637024,0.05311,0.113542,-0.146757,-0.490387,-0.930128
-0.308156,-0.379949,0.400018,0.659843,-0.229965,-0.020875,0.495545,0.379291,-0.291771,-0.064356,-0.087058,-0.49155,0.16459,0.460859,-0.954798
0.134029,-0.504218,0.429164,-0.368555,0.442399,-0.75109,0.739972,0.810418,0.250209,-0.448608,-0.229426,0.141413,0.359403,-0.24021,-1.0
0.549045,-0.595554,-0.81506,-0.096969,-0.864079,-0.40277,0.710335,0.805157,-0.47911,-0.193733,0.267807,-0.066551,-0.483016,0.016964,-1.0
0.944781,-0.147781,0.328773,0.554457,0.879407,-0.700024,0.736043,0.981103,0.470698,-0.298978,0.030499,0.277678,-0.19402,-0.609771,-0.93049
-0.191289,0.189344,-0.600322,-0.01265,0.438188,-0.692247,0.627586,0.492826,0.249235,-0.325695,-0.315864,0.290727,0.318546,-0.426414,-1.0
-0.94768,-0.453586,0.305586,0.209517,0.299233,0.339828,0.462915,0.209715,0.268524,0.196021,-0.406881,-0.300512,0.457016,0.292207,-0.933312
0.788888,0.332149,0.524518,-0.844087,-0.406541,-0.802754,0.554176,0.843009,-0.179181,-0.36838,0.319922,0.290566,-0.304627,-0.394562,-1.0
0.33454,-0.28892,0.529493,-0.914491,0.378831,-0.786377,0.367072,0.060823,0.005968,-0.330495,-0.045976,0.658128,0.055988,-0.390355,-0.989276
-0.546075,0.170871,0.91083,0.007522,-0.089824,0.846473,0.359692,0.879511,-0.079057,0.290487,-0.282269,-0.581506,0.332807,0.446976,-0.941706
-0.918216,-0.486437,0.115955,-0.801522,-0.413543,-0.753615,0.477482,0.762874,-0.132068,-0.377679,-0.547543,0.224988,0.502788,-0.229742,-0.944257
0.145611,0.75475,-0.279311,-0.457277,0.002342,0.537962,0.173498,0.423546,-0.107198,0.096709,0.408123,0.666117,-0.332735,-0.42001,-0.992003
0.67503,0.108352,0.93739,-0.303832,-0.002925,0.445929,0.807299,0.422058,-0.062969,0.688481,0.169572,-0.107657,-0.422949,0.240326,-0.995883
0.5166,-0.501971,0.375908,-0.631132,-0.798198,-0.174935,0.574523,0.739178,-0.48334,-0.125045,0.407755,-0.16134,-0.456655,0.03097,-0.968137
-0.26118,0.08795,-0.136058,-0.652518,-0.878515,-0.128502,0.744731,0.045786,-0.564739,-0.046889,0.280325,0.049496,-0.402529,-0.133881,-1.0
0.556698,0.707704,-0.602784,0.971791,0.082005,-0.118506,0.508948,0.186858,0.252997,-0.357809,0.23067,0.384438,-0.155367,-0.412353,-1.0
0.803339,0.087179,0.911805,0.30607,-0.909061,-0.293734,0.836236,0.787663,-0.71183,-0.225397,0.289161,0.000508,-0.63511,-0.088405,-0.963905
-0.290112,0.251622,-0.880475,-0.404249,-0.48727,-0.953204,0.209569,0.549796,-0.040558,-0.123076,0.087985,0.751901,0.00514,-0.49869,-0.973948
-0.220382,-0.314556,0.87397,-0.922677,0.114508,-0.352756,0.580379,0.175633,0.169092,-0.473808,-0.475956,0.148173,0.492586,0.017432,-0.906057
-0.188821,-0.775366,-0.832161,-0.064665,0.455567,-0.605512,0.853997,0.372442,0.377027,-0.522721,-0.200092,-0.04802,0.560873,0.189255,-0.98003
0.979872,-0.945221,0.713254,0.514325,-0.236993,0.045149,0.847032,0.445607,-0.693659,0.164838,0.117217,-0.037086,-0.397349,0.354887,-1.0
-0.316329,-0.517233,-0.104471,-0.03539,0.686503,0.589208,0.131227,0.940015,0.083744,0.073927,-0.619744,-0.652603,0.327054,0.353001,-1.0
0.764218,0.934532,0.208028,-0.838214,0.920383,0.815192,0.637067,0.149093,0.366743,0.3259,-0.269522,0.261865,0.436556,-0.269713,-0.987071
-0.420332,0.742688,0.89083,-0.895089,0.14539,0.457178,0.157114,0.874909,0.108079,0.142661,-0.690602,0.302013,0.360108,-0.171865,-0.991414
0.43427,-0.389713,0.514438,0.981698,0.054045,-0.547626,0.286466,0.96279,0.051426,-0.312828,0.637443,0.294428,-0.544409,-0.162462,-1.0
0.584692,0.845058,0.884858,-0.741561,0.552813,0.639323,0.113417,0.763505,-0.000147,0.076845,0.063301,0.901825,-0.03808,-0.519476,-0.994313
0.006196,-0.612801,0.877873,-0.64297,-0.83181,0.921614,0.884214,0.569237,-0.512399,0.555914,0.067459,-0.077327,-0.107283,0.397723,-0.988315
-0.823884,0.863884,0.053396,0.520637,-0.946874,-0.479282,0.221773,0.93077,-0.201976,-0.063273,0.116538,0.767698,-0.133608,-0.426372,-0.984128
-0.590658,-0.828028,0.449378,-0.585861,-0.747389,-0.47259,0.707467,0.972668,-0.455118,-0.325772,0.083811,-0.293733,-0.203112,0.39209,-1.0
-0.853975,-0.867773,-0.73296,-0.313576,-0.344314,0.610122,0.113692,0.798515,-0.065165,0.113295,-0.29189,-0.867356,0.133055,0.482344,-1.0
-0.590299,0.833035,0.117364,-0.978121,0.951721,-0.7481,0.325148,0.308393,0.161773,-0.206171,-0.534161,0.478038,0.35338,-0.336324,-1.0
0.442019,0.126991,0.143328,0.145088,0.403817,-0.603369,0.681856,0.028113,0.262098,-0.540013,0.027675,0.275609,-0.077991,-0.498599,-0.945045
-0.677418,0.449335,0.30048,-0.892436,0.000368,0.538171,0.133144,0.047015,0.035914,0.121678,-0.940064,-0.056984,0.513858,0.052508,-0.967226
0.947497,0.208923,-0.257885,-0.756982,0.611892,0.81901,0.312297,0.093022,0.135408,0.238379,0.38928,-0.69405,-0.147383,0.513587,-1.0
-0.591443,0.692225,0.308604,0.120108,0.369292,0.953658,0.736468,0.123387,0.190973,0.612275,-0.260554,-0.075614,0.491423,0.24697,-1.0
-0.676079,-0.536869,0.856525,0.385227,-0.76725,-0.16969,0.495337,0.08981,-0.423552,-0.007792,0.061222,-0.512232,-0.105019,0.455567,-1.0
0.341718,-0.170066,0.530121,-0.698642,-0.221327,-0.814928,0.752904,0.310188,-0.199748,-0.590144,0.132881,0.212947,-0.377817,-0.445273,-1.0
0.025639,-0.093108,0.631346,-0.486961,0.812218,-0.782396,0.946042,0.892143,0.569117,-0.512607,0.040904,-0.004293,0.468504,-0.237602,-1.0
0.726549,-0.430428,0.317996,-0.232967,-0.972741,0.275562,0.305094,0.295154,-0.298336,0.05548,0.654087,-0.277178,-0.526143,0.285169,-1.0
-0.100062,0.618135,0.2973,-0.492343,-0.01032,0.620686,0.159172,0.342174,-0.058568,0.148284,-0.831053,-0.019961,0.520207,0.004027,-1.0
-0.879922,0.472975,-0.44529,0.62934,-0.387976,-0.823364,0.816712,0.001276,-0.179617,-0.594828,-0.032654,0.222343,0.205287,-0.552677,-1.0
-0.828315,0.493652,-0.362102,0.507708,-0.468993,0.177892,0.777015,0.390802,-0.600185,0.223208,-0.228921,0.125205,0.313722,-0.286105,-1.0
-0.2588,-0.601835,0.799679,0.380438,-0.086921,-0.41411,0.960037,0.987548,-0.16766,-0.785902,0.0149,-0.101447,0.322651,0.424336,-1.0
-0.810853,-0.656916,0.195806,-0.95354,0.464529,-0.258537,0.906791,0.116468,0.597146,-0.349576,-0.155331,0.01166,0.532128,0.109954,-1.0
-0.567745,0.757917,0.75878,0.517506,-0.240718,-0.467271,0.549644,0.626456,-0.226738,-0.428285,-0.128231,0.48146,0.125685,-0.456031,-1.0
-0.96152,0.61432,-0.520098,0.125186,0.688483,-0.804795,0.618594,0.869591,0.378032,-0.320029,-0.317825,0.206633,0.316521,-0.344742,-0.952891
-0.048759,-0.766892,-0.10204,0.276546,0.043477,-0.400212,0.1975,0.270153,-0.074951,-0.168207,-0.193636,-0.74407,0.155523,0.514752,-1.0
-0.243175,-0.371886,-0.392596,0.084648,-0.380243,0.708064,0.56828,0.215183,-0.2962,0.417175,0.013107,-0.390439,-0.070828,0.474567,-1.0
0.293724,-0.268916,0.718298,-0.15109,0.417087,-0.248507,0.133712,0.541211,-0.010044,-0.056171,-0.870417,-0.093808,0.481346,0.073357,-0.989281
0.864304,0.354202,-0.892985,0.551103,0.292953,0.623833,0.967848,0.29842,0.325632,0.64059,0.132667,0.005816,-0.421731,0.236583,-1.0
0.38098,0.488901,-0.082331,-0.729682,-0.107381,-0.540805,0.794569,0.978859,-0.113521,-0.63684,0.060184,0.223683,-0.137392,-0.445511,-1.0
0.111409,-0.969718,0.067673,-0.021642,0.468027,0.711766,0.460509,0.013306,0.190213,0.320502,-0.10434,-0.494375,0.131585,0.396716,-0.889732
-0.753326,0.815169,-0.762573,0.981263,-0.662931,-0.363601,0.608026,0.015266,-0.454005,-0.164763,-0.041158,0.452667,-0.035666,-0.495776,-1.0
0.002706,-0.822097,0.373537,-0.308163,0.519485,-0.375439,0.994441,0.939148,0.574262,-0.400152,-0.019979,0.098395,0.366887,0.357854,-1.0
-0.639871,-0.563092,0.882593,0.260561,0.750149,0.860801,0.688561,0.776182,0.395877,0.355035,-0.239536,-0.17548,0.457088,0.467008,-0.979252
-0.885971,0.412412,0.985046,0.99369,0.585094,-0.484489,0.762648,0.409862,0.476675,-0.295942,-0.227035,0.105297,0.435794,-0.195488,-1.0
0.168196,0.548276,0.132872,-0.548644,-0.428914,0.609178,0.128519,0.253292,0.0418,0.134649,0.888085,-0.124971,-0.467811,0.08345,-0.990236
-0.699657,-0.407653,-0.930976,0.877524,-0.415082,0.449916,0.116577,0.393831,-0.064868,-0.01453,-0.177604,-0.845012,0.178934,0.490204,-0.97988
-0.388413,0.32544,0.888574,-0.288543,0.760606,0.757763,0.584299,0.821061,0.310485,0.33791,-0.350417,-0.249601,0.543686,0.235445,-0.968433
-0.213137,-0.013353,0.964379,0.077094,0.885606,-0.072788,0.578888,0.870453,0.574293,0.032171,-0.484267,0.004741,0.523248,-0.002309,-1.0
0.340446,0.318017,0.612552,-0.301216,-0.726936,0.915425,0.06564,0.761484,-0.03985,0.050682,0.786619,-0.383777,-0.415769,0.20627,-1.0
0.797923,-0.75721,0.475239,0.792905,0.992684,-0.301873,0.130646,0.961816,0.166456,-0.009075,-0.327299,-0.744137,0.2205,0.485929,-1.0
0.522506,0.381991,-0.181852,0.819829,0.555601,-0.289749,0.237045,0.201277,0.19605,-0.125112,-0.033547,0.761118,0.051498,-0.523859,-1.0
0.558127,0.570803,-0.022138,0.483237,0.476445,0.859337,0.874511,0.443305,0.395881,0.641203,0.020625,-0.01699,-0.226181,0.502585,-0.991649
0.081743,0.872387,-0.920572,-0.781027,0.398586,0.824376,0.95013,0.727563,0.405722,0.702457,-0.080393,0.038265,0.432617,-0.043119,-0.99961
-0.434562,-0.221191,0.074196,-0.447829,0.171354,0.433469,0.622674,0.766612,0.148147,0.424488,-0.259509,-0.32274,0.325952,0.431575,-1.0
-0.680429,0.584655,-0.461713,0.263608,0.606401,0.328957,0.993055,0.040236,0.651272,0.314941,0.020419,-0.079444,0.468001,-0.073765,-1.0
0.560169,-0.818931,-0.65484,-0.943139,0.758054,0.007914,0.78865,0.800392,0.576734,0.028775,-0.061396,-0.15555,0.171676,0.474253,-1.0
-0.303683,0.664383,-0.647603,-0.547838,-0.537058,0.880466,0.39791,0.886908,-0.229817,0.251735,0.494465,-0.355483,-0.338035,0.387512,-1.0
-0.975931,0.05809,-0.090518,-0.828283,-0.38344,-0.104794,0.125605,0.244659,-0.074293,-0.011932,-0.755554,0.189417,0.475843,-0.166327,-1.0
0.191507,-0.336238,-0.344913,-0.363872,-0.492966,0.14676,0.879554,0.431953,-0.651668,0.213739,0.167684,-0.038164,-0.426944,0.300838,-1.0
0.820763,0.529135,0.751563,0.413563,-0.53216,0.471632,0.18239,0.205756,-0.037283,0.115884,0.846904,-0.002857,-0.552334,-0.018092,-0.99998
-0.225839,0.285699,-0.551264,-0.669192,-0.860756,0.482102,0.794951,0.313338,-0.55692,0.259925,0.062407,-0.088337,-0.449149,0.158848,-1.0
-0.302033,-0.782062,-0.362254,-0.403413,-0.324991,-0.893489,0.577551,0.508514,-0.185553,-0.404182,0.034609,0.481998,-0.2112,-0.523675,-1.0
0.006968,-0.320954,-0.593233,0.130757,0.162508,0.724006,0.278458,0.316479,-0.0162,0.203508,-0.104117,-0.743926,0.018234,0.415032,-1.0
0.715678,0.055238,-0.303579,0.793869,-0.965134,-0.713534,0.756949,0.548052,-0.587402,-0.329838,0.211055,0.118984,-0.394155,-0.211627,-1.0
-0.700714,0.738764,0.835676,0.476439,0.679968,0.475062,0.761844,0.292295,0.589025,0.386611,-0.122598,0.09282,0.405765,-0.037541,-1.0
-0.387216,-0.841751,0.593568,-0.994284,0.343379,0.497588,0.420555,0.578025,0.189874,0.158726,-0.283107,-0.609957,0.26071,0.391968,-0.962245
0.481287,-0.375272,0.460449,0.535884,-0.375565,0.900075,0.270943,0.322636,-0.094125,0.221581,0.406567,-0.670996,-0.287373,0.355542,-0.956808
-0.951482,0.434838,-0.296939,-0.041854,-0.332521,-0.748358,0.522738,0.294437,-0.182721,-0.388929,-0.26192,0.470849,0.237352,-0.510659,-0.968452
0.016742,-0.632729,-0.526675,-0.563277,0.821483,-0.353819,0.209492,0.839271,0.170815,-0.159047,-0.725616,-0.279583,0.471934,0.042671,-1.0
0.526684,0.500895,-0.506709,0.153555,0.02494,-0.48611,0.575902,0.843849,-0.00633,-0.490741,0.219596,0.348902,-0.147783,-0.519073,-1.0
0.386149,0.806568,-0.585294,-0.292426,0.652022,0.522783,0.149789,0.160642,0.105028,0.08049,-0.63476,0.599228,0.334679,-0.412202,-0.994792
0.936131,0.339923,0.776183,0.352069,-0.077868,0.923505,0.833931,0.243234,-0.00149,0.709989,0.118675,-0.085271,-0.367599,0.267142,-1.0
0.862542,-0.39718,-0.66973,-0.003674,-0.801681,0.626708,0.197723,0.644353,-0.14765,0.159689,0.683073,-0.447453,-0.438624,0.248734,-0.959785
0.739464,-0.392954,-0.372146,0.171767,0.430489,-0.216411,0.233975,0.832556,0.130475,-0.043288,0.718514,-0.453162,-0.381371,0.312377,-0.972645
-0.36319,0.196162,-0.52504,-0.787884,0.392925,0.775022,0.231738,0.563347,0.107199,0.018653,-0.566734,-0.420532,0.45794,0.417748,-1.0
0.41153,0.343023,0.315602,0.136191,0.727442,-0.974957,0.726058,0.976287,0.309495,-0.508997,0.029283,0.277583,0.11572,-0.46656,-1.0
-0.968779,-0.728195,0.758566,0.235893,0.992598,0.022334,0.919342,0.194095,0.732197,0.003213,0.035312,-0.017089,0.484152,0.130143,-0.927025
-0.030953,-0.256088,0.172444,-0.568582,0.874664,-0.828759,0.264645,0.784701,0.095025,-0.095742,-0.728466,0.374163,0.392438,-0.236138,-0.914384
-0.097443,0.127399,-0.776946,0.60239,-0.143615,-0.109001,0.090687,0.834971,-0.051046,-0.045855,0.123901,0.850787,-0.089453,-0.414161,-1.0
0.553063,0.477438,-0.247884,0.617126,0.848267,-0.466634,0.228452,0.241774,0.159833,-0.039972,-0.174113,0.764022,0.191674,-0.39104,-0.925039
0.621621,-0.894164,-0.59211,-0.949251,-0.064699,0.391633,0.282078,0.95865,-0.036795,0.282806,0.419681,-0.579264,-0.187598,0.440887,-1.0
0.313798,-0.553739,-0.495585,-0.100955,-0.588518,0.876957,0.923629,0.745367,-0.444957,0.692329,0.011397,-0.012911,-0.281762,0.417448,-1.0
0.201448,0.521233,0.889151,0.120413,-0.861105,-0.830076,0.967113,0.844038,-0.504322,-0.6117,-0.027449,-0.023403,-0.222412,-0.367991,-0.995752
0.603306,-0.987607,0.943192,-0.354943,0.197608,0.104789,0.330059,0.712665,0.331819,0.156569,0.261373,-0.616892,-0.100554,0.463347,-1.0
0.873233,0.29726,0.972217,0.003624,0.780903,-0.2268,0.258875,0.486709,0.11535,-0.012196,0.091958,0.69777,-0.033866,-0.442606,-1.0
0.508864,0.503178,-0.313797,0.904606,0.393831,-0.476018,0.23902,0.840229,0.107857,-0.102411,0.129925,0.777127,-0.110192,-0.523903,-0.952896
-0.401825,0.343484,0.163961,0.494838,-0.669789,-0.151735,0.56562,0.532142,-0.460027,-0.074124,0.255071,0.372237,-0.298312,-0.462272,-0.911949
0.071699,0.786626,0.015035,-0.119656,-0.890763,0.374758,0.982533,0.419714,-0.677231,0.282993,-0.013893,-0.019365,-0.491204,-0.228651,-0.960306
-0.282918,0.972284,0.320513,0.738598,0.211029,-0.152815,0.557767,0.76822,0.414353,-0.260589,-0.152719,0.354867,0.217179,-0.447582,-1.0
0.73367,-0.275592,-0.568622,0.442454,-0.355023,0.351206,0.242134,0.044025,-0.111942,0.158954,0.688723,-0.38133,-0.441564,0.299749,-1.0
-0.888117,0.568385,-0.183515,0.43426,-0.20786,0.231727,0.776312,0.747445,-0.443175,0.541851,-0.189836,0.013142,0.475579,-0.280164,-0.995731
0.654036,-0.569995,-0.639857,-0.243396,0.872497,-0.199722,0.916671,0.987816,0.694069,-0.079877,0.016922,-0.071161,0.311678,0.428405,-0.994807
-0.339146,-0.026283,0.356909,0.574154,0.678199,0.923856,0.80798,0.214213,0.349879,0.434809,-0.103669,-0.100531,0.364058,0.328439,-0.947814
0.702027,-0.798159,0.625201,0.112458,-0.177971,0.052197,0.996624,0.821537,-0.827535,0.181048,-0.070118,-0.047201,-0.345401,0.373419,-1.0
-0.77012,-0.006938,-0.249386,-0.619369,0.801569,-0.254366,0.909913,0.180663,0.732969,-0.262004,-0.158033,-0.030312,0.491153,-0.042369,-1.0
0.533327,-0.62477,-0.381191,-0.473428,0.079949,-0.869505,0.004026,0.944386,-0.147141,-0.094024,0.940501,0.459965,-0.385461,-0.268067,-0.980362
-0.803531,0.669063,-0.119933,0.430934,0.453075,0.702764,0.100793,0.433318,-0.051806,0.065633,-0.88138,-0.070506,0.542041,-0.0271,-0.999237
0.614082,0.920735,-0.41353,-0.249171,0.77041,0.32006,0.911101,0.301937,0.66697,0.281124,-0.034902,0.153865,0.062792,-0.490232,-1.0
0.683525,0.280241,-0.632984,-0.305147,0.393156,-0.579178,0.023955,0.66616,-0.010055,-0.067148,0.385654,0.991175,-0.215865,-0.519658,-0.993232
-0.095329,-0.261315,-0.422308,-0.142461,0.067121,-0.369114,0.26249,0.169461,0.062009,-0.133916,-0.669367,0.341196,0.456866,-0.166866,-0.994383
0.385926,-0.980644,0.168105,0.653023,0.315599,-0.12181,0.174904,0.765216,0.094014,-0.009337,0.097464,-0.758921,0.003401,0.442869,-1.0
-0.891425,0.61385,-0.815948,-0.543884,-0.262459,-0.825301,0.566073,0.934081,-0.073039,-0.410136,-0.210575,0.437913,0.125684,-0.469278,-1.0
-0.220976,0.646416,-0.407427,0.458903,-0.617792,-0.924924,0.248597,0.059461,-0.07041,-0.189147,0.094649,0.748434,-0.129273,-0.539283,-1.0
-0.605439,-0.735668,-0.607503,0.389265,0.469307,-0.261131,0.981223,0.733026,0.681708,-0.397776,0.008224,-0.092438,0.347913,0.151196,-0.998379
-0.365616,0.066029,0.476631,0.577977,-0.241236,0.516417,0.337728,0.660881,-0.090137,0.149312,-0.1703,-0.573341,0.118388,0.524559,-0.96265
0.255577,0.831764,-0.154335,-0.288445,-0.358786,0.506055,0.977361,0.957321,-0.507581,0.639948,0.001272,-0.000414,-0.420661,-0.252291,-1.0
0.299211,-0.783455,0.70864,-0.778755,-0.549466,0.000244,0.186286,0.180863,-0.210111,0.055343,0.62837,-0.532499,-0.279206,0.341985,-0.924853
0.37484,0.642605,0.755332,0.273932,0.287167,-0.212477,0.125632,0.354117,0.047954,-0.007391,0.138385,0.866302,-0.072487,-0.417415,-0.958174
-0.407778,0.459993,0.839996,0.483294,0.198315,0.728147,0.911919,0.606299,0.229813,0.741793,-0.109972,-0.104036,0.450067,0.125201,-1.0
0.788722,-0.934507,-0.482242,0.469735,-0.110311,0.895392,0.527166,0.356017,-0.043255,0.466641,0.151705,-0.393325,-0.27233,0.563126,-0.971303
0.305276,-0.866615,-0.163081,-0.412934,-0.483665,-0.090897,0.292841,0.774581,-0.208932,-0.023553,0.452244,-0.517549,-0.407995,0.302901,-1.0
0.298075,0.964027,0.919453,0.731828,0.655247,0.002838,0.218102,0.599108,0.104012,-0.056448,-0.301912,0.70727,0.241572,-0.45309,-0.95196
-0.759751,-0.818986,-0.565272,-0.01537,-0.675671,0.401579,0.650805,0.224484,-0.42751,0.263087,0.026773,-0.321415,0.078114,0.515528,-0.909832
-0.737385,0.890226,0.489899,0.100229,-0.976369,0.077241,0.60886,0.442031,-0.479284,0.073263,0.039434,0.286239,-0.136514,-0.487418,-0.990008
0.316027,-0.536694,0.237344,-0.974789,-0.689584,0.799005,0.356388,0.947729,-0.293862,0.289956,0.321377,-0.555449,-0.292572,0.318194,-1.0
0.936167,-0.581791,0.568389,-0.573171,-0.63277,0.87688,0.626096,0.762857,-0.309556,0.34149,0.303373,-0.228908,-0.260161,0.308264,-0.988874
0.76044,0.364062,0.708073,-0.151434,0.006494,-0.179585,0.615871,0.234498,0.080245,-0.452638,0.370465,0.195409,-0.429402,-0.26506,-0.976795
0.72272,-0.392461,-0.49096,-0.497313,-0.026763,0.103808,0.903916,0.306668,-0.276519,0.783307,0.141556,-0.035417,-0.402119,0.35383,-0.997066
-0.564921,0.494711,-0.545475,-0.624183,-0.088639,-0.576758,0.856708,0.10439,-0.153037,-0.69007,-0.044997,0.100533,0.212885,-0.470961,-0.994771
-0.781541,-0.251798,-0.292779,0.804562,-0.755415,-0.939584,0.147761,0.420634,-0.082491,-0.151413,-0.067084,0.847466,0.063668,-0.551472,-1.0
0.796117,0.152423,-0.159764,0.777251,0.778736,-0.055864,0.09218,0.890777,0.074918,-0.009364,0.062052,0.965049,-0.071166,-0.571835,-1.0
-0.960701,-0.841223,0.134713,0.271323,0.056419,-0.100953,0.020995,0.647742,0.035209,-0.004256,-0.778019,-0.48678,0.457725,0.26714,-1.0
-0.028825,-0.782107,-0.091558,-0.772725,0.653779,-0.85668,0.62447,0.978812,0.225796,-0.415202,-0.384206,-0.013608,0.521249,-0.116814,-0.983425
0.240286,-0.065419,0.808845,-0.802921,-0.601227,0.527171,0.231087,0.126475,-0.155659,0.070354,0.634964,-0.488541,-0.396536,0.330696,-1.0
-0.957989,-0.416499,-0.722178,-0.468249,0.309623,0.54621,0.961135,0.077892,0.366654,0.544189,-0.101848,-0.06046,0.396498,0.266355,-1.0
0.166101,-0.98709,0.782444,0.783739,-0.045141,0.010641,0.746112,0.682056,-0.554337,0.179356,0.074711,-0.21906,-0.128653,0.445171,-0.960152
-0.297473,0.590416,-0.30776,-0.66834,0.542931,0.95744,0.065285,0.535297,0.016773,0.054136,-0.902101,-0.378498,0.393388,0.212041,-1.0
0.311262,0.007073,0.09709,0.509626,-0.23474,0.225471,0.354033,0.691329,-0.216699,0.084184,0.605121,-0.248349,-0.491208,0.134535,-1.0
0.99236,0.4177,-0.745737,-0.110764,-0.76821,-0.083764,0.68436,0.75557,-0.489326,-0.072641,0.286967,0.072022,-0.542861,-0.13293,-0.910808
0.454729,-0.32649,-0.716267,0.593651,0.344613,0.639598,0.982199,0.162201,0.449825,0.701073,-0.066984,-0.000405,-0.010927,0.477355,-1.0
-0.088477,0.95415,0.276068,0.91104,-0.181264,-0.871416,0.418245,0.641386,0.035951,-0.402748,0.016192,0.685701,-0.052192,-0.489203,-1.0
0.49844,-0.155751,0.761922,0.555535,0.996924,-0.178176,0.06634,0.699159,0.148329,0.006479,-0.865591,0.102572,0.571476,0.022271,-0.964633
-0.902423,-0.211279,0.505519,0.042589,0.023982,-0.974059,0.809486,0.99443,0.064044,-0.564132,-0.030175,0.118217,0.348712,-0.336662,-1.0
-0.376994,-0.454373,-0.69613,-0.399055,0.065623,0.835812,0.738384,0.971216,0.053766,0.56441,-0.047422,-0.31827,0.084543,0.467219,-1.0
0.581433,0.609239,-0.588919,0.000202,0.845575,-0.919529,0.984053,0.461366,0.584092,-0.68844,-0.077549,-0.080294,0.118807,-0.581508,-0.96369
0.20782,-0.379705,0.849262,-0.105154,0.245752,0.06052,0.341858,0.520638,0.256545,0.137737,-0.039781,-0.700224,0.098575,0.541309,-1.0
-0.971433,0.042655,-0.743935,-0.492505,0.665146,0.972198,0.276628,0.164512,0.178763,0.171828,-0.639712,-0.31748,0.468008,0.233207,-0.998916
0.39978,-0.002413,-0.500741,-0.865654,-0.33452,-0.016875,0.987656,0.472257,-0.724179,0.000356,-0.02655,-0.033917,-0.498666,-0.02641,-0.929941
-0.192235,0.456662,-0.851675,0.505941,-0.278814,-0.296863,0.117713,0.95177,-0.139087,-0.091046,0.076714,0.95618,-0.164519,-0.450623,-0.979358
-0.411648,0.914022,-0.201785,-0.56839,0.85208,-0.831577,0.505105,0.992055,0.300553,-0.292484,-0.287934,0.383026,0.345147,-0.350697,-1.0
-0.877585,0.041546,-0.560411,-0.940268,-0.986182,-0.965982,0.34248,0.773934,-0.07038,-0.126312,0.080027,0.593201,-0.017534,-0.545399,-1.0
0.323264,-0.548055,-0.775531,-0.845512,-0.604453,0.397301,0.416376,0.435956,-0.256143,0.053854,0.356551,-0.415678,-0.331794,0.382593,-1.0
0.474227,-0.241081,-0.538241,-0.314726,-0.390468,-0.390918,0.137501,0.253641,-0.136214,-0.097443,0.859748,0.051895,-0.584796,-0.047904,-1.0
-0.591135,0.062253,0.363582,-0.237048,-0.830401,-0.962208,0.141718,0.003557,-0.089834,-0.012085,0.133244,0.797462,-0.120567,-0.512407,-1.0
0.920247,0.902686,0.096735,0.637089,-0.160986,-0.282139,0.037112,0.892153,0.017034,-0.054366,0.705169,0.820357,-0.367774,-0.349543,-0.995738
0.451473,0.024812,0.921843,0.762439,-0.142852,-0.244213,0.268776,0.409512,-0.145083,-0.158991,0.684877,0.371551,-0.42643,-0.200364,-1.0
0.178028,0.961904,-0.17306,-0.463446,0.839801,-0.336274,0.092609,0.803576,0.005162,-0.048654,-0.393571,0.881655,0.167553,-0.444882,-0.955229
0.330925,-0.767808,0.732683,-0.036703,0.079468,-0.436129,0.801255,0.996309,0.075755,-0.627973,0.10335,-0.16516,-0.352813,0.39109,-0.933114
0.216937,0.287747,-0.478201,-0.453139,-0.521264,0.319422,0.371853,0.853828,-0.184936,0.223645,0.623346,-0.062101,-0.480927,-0.053014,-1.0
0.868486,-0.679891,-0.598052,-0.3299,-0.343229,0.150782,0.635003,0.558093,-0.390555,0.261329,0.306385,-0.224272,-0.435897,0.225446,-0.929853
-0.477968,0.539506,0.114974,0.637285,-0.092785,-0.947616,0.500123,0.878653,-0.064307,-0.458503,-0.059087,0.53089,0.114896,-0.51735,-0.948828
-0.033046,0.22831,-0.496584,0.871337,-0.71545,-0.053881,0.335646,0.004513,-0.228818,-0.027449,0.595226,0.299599,-0.50936,-0.200661,-1.0
0.207516,0.803389,0.557591,-0.370369,-0.557192,0.136634,0.003865,0.974357,-0.050655,-0.055218,0.816895,0.673431,-0.34333,-0.312876,-0.974217
0.163083,0.411327,-0.237686,0.835026,-0.324521,0.730719,0.416804,0.407574,-0.251402,0.331011,0.464073,-0.380725,-0.473213,0.197808,-0.911074
-0.090876,-0.937864,-0.505428,0.387083,0.925298,0.123989,0.285378,0.514304,0.256481,0.014496,-0.561909,-0.383959,0.433385,0.317206,-1.0
-0.882889,0.647876,0.268327,0.863936,-0.413927,0.671706,0.977835,0.185934,-0.383643,0.604938,0.001783,0.02631,0.438582,-0.086615,-1.0
0.821597,0.990236,-0.110859,-0.065508,0.927731,0.846914,0.646761,0.159928,0.36487,0.39626,-0.264682,0.261918,0.284279,-0.405433,-1.0
-0.8146,0.532584,0.644289,-0.675003,0.079435,-0.554195,0.197735,0.64246,0.028864,-0.161395,-0.550899,0.600014,0.435981,-0.41049,-0.95006
-0.802184,-0.362687,0.303323,0.145563,0.40067,0.50875,0.654243,0.472134,0.347299,0.454984,-0.240743,-0.149046,0.404985,0.347615,-0.983177
-0.355098,-0.635057,-0.993807,-0.426992,-0.558864,-0.470108,0.4156,0.369325,-0.320902,-0.253394,0.425282,-0.253928,-0.376463,0.411224,-0.930811
0.479556,-0.965944,-0.495483,-0.715194,0.644581,0.113574,0.864962,0.515662,0.726436,0.194285,-0.090967,-0.115406,0.10755,0.499443,-1.0
0.895212,0.557784,-0.922693,-0.787848,0.744983,-0.430729,0.559754,0.726767,0.408317,-0.183367,0.01849,0.443537,-0.065334,-0.405471,-1.0
-0.430285,0.385555,0.64203,0.861896,-0.239138,-0.246978,0.542346,0.573224,-0.260046,-0.3697,-0.152203,0.468364,0.151864,-0.470192,-0.952142
-0.19343,0.141773,0.732402,-0.39404,-0.847719,0.697605,0.976326,0.431723,-0.548157,0.525368,0.003422,-0.042047,-0.423851,0.247357,-1.0
-0.133457,0.34999,-0.129841,-0.294358,0.432421,-0.071341,0.503108,0.446657,0.379586,-0.043059,-0.39549,0.225926,0.442239,-0.329766,-0.941638
0.931608,0.557873,-0.230454,-0.516105,-0.123181,0.286217,0.471137,0.580624,-0.15364,0.333644,0.532527,0.100459,-0.460583,-0.100358,-0.96289
-0.862258,-0.335516,0.642563,-0.476101,0.451626,0.307718,0.381561,0.118335,0.254502,0.173757,-0.54017,-0.237633,0.325764,0.289183,-1.0
0.143447,-0.656439,0.117973,0.646163,0.623915,-0.627998,0.306135,0.203967,0.183043,-0.171706,-0.694269,-0.089689,0.509564,0.027964,-1.0
0.309498,-0.505948,0.149435,0.540143,-0.187182,-0.890527,0.87378,0.741755,-0.126102,-0.705248,0.100916,0.051186,-0.379431,-0.176067,-0.936694
0.743788,-0.789447,-0.336405,-0.780081,-0.453749,-0.115082,0.315469,0.095654,-0.152382,-0.033344,0.610016,-0.381482,-0.417357,0.175487,-1.0
0.524802,0.213057,0.768288,0.353283,0.5239,0.3848,0.37329,0.707414,0.195573,0.157377,0.016997,-0.597605,0.022226,0.478009,-1.0
-0.030525,-0.276645,0.800797,0.02611,0.07371,0.254947,0.870344,0.878841,0.144276,0.663243,-0.03484,-0.127856,0.044779,0.517956,-1.0
-0.254933,-0.971846,0.656927,-0.706756,0.964713,0.554453,0.299107,0.468485,0.2532,0.080108,-0.54027,-0.497911,0.367006,0.386778,-0.973951
-0.518863,-0.097344,-0.808092,-0.247988,-0.470059,-0.157557,0.161857,0.381006,-0.12358,-0.013146,-0.598647,0.677678,0.275841,-0.454378,-1.0
-0.185903,0.650991,-0.115324,0.895568,-0.954183,0.871063,0.368227,0.818615,-0.219531,0.240273,0.642678,-0.174645,-0.46904,0.200393,-0.958364
0.219016,0.148297,0.688981,-0.493069,0.332355,0.100686,0.83437,0.239423,0.724014,0.108104,-0.16881,0.089813,0.3768,-0.231218,-0.997637
-0.59096,0.078462,0.060643,0.585868,-0.472234,0.747461,0.004769,0.182817,-0.077703,0.057524,-0.0949,-0.98822,0.091267,0.588797,-1.0
-0.983481,0.927538,-0.460188,-0.460898,0.344258,-0.187893,0.693832,0.155041,0.407458,-0.331118,-0.22033,0.209187,0.41708,-0.335288,-1.0
0.490731,0.38722,0.165976,-0.913629,-0.473489,0.347728,0.354298,0.918914,-0.238689,0.174324,0.592202,0.065383,-0.47841,-0.059805,-1.0
-0.71035,0.838306,-0.2556,0.998405,0.279755,-0.587123,0.926397,0.49144,0.409763,-0.63887,0.013368,0.12393,0.249751,-0.383994,-1.0
-0.40543,-0.436152,-0.216225,-0.084466,0.060511,0.542314,0.897583,0.481013,0.142719,0.747094,-0.064766,-0.116489,0.271717,0.482551,-1.0
-0.784596,-0.699405,-0.647577,0.210423,-0.732629,0.049057,0.333248,0.901558,-0.300868,0.005769,-0.050382,-0.697941,0.012986,0.500016,-0.950801
0.482301,-0.796521,0.051527,0.648958,0.866918,0.703426,0.442421,0.331316,0.22754,0.23682,-0.064265,-0.524031,0.106078,0.493073,-1.0
0.819463,-0.7607,0.517403,-0.275332,0.762385,-0.413302,0.146652,0.805532,0.097038,-0.047949,0.169072,-0.87191,-0.096399,0.591229,-0.990609
-0.13353,-0.576111,0.97322,0.774766,-0.339432,0.532607,0.57535,0.38419,-0.16143,0.370771,0.069478,-0.414485,-0.038388,0.483149,-1.0
0.697591,-0.505883,-0.019613,0.927175,-0.026779,-0.054267,0.620776,0.692165,-0.21339,-0.458183,0.271135,-0.150516,-0.395788,0.250174,-0.884603
0.402801,0.569626,0.469687,-0.801524,-0.566126,0.909813,0.662791,0.61852,-0.310814,0.498528,0.340411,-0.083291,-0.468798,0.241403,-0.97535
0.676198,-0.123829,-0.864934,-0.65191,0.394009,-0.907074,0.931797,0.113457,0.326247,-0.567306,-0.013515,0.092926,-0.21862,-0.453139,-1.0
0.214386,-0.936229,-0.644867,0.671137,0.290812,0.445925,0.18665,0.63283,0.048114,0.1316,-0.075281,-0.79565,0.064067,0.530344,-0.994387
0.777717,0.703376,-0.971796,0.432775,-0.50032,0.441112,0.846815,0.627582,-0.495705,0.426625,0.136511,0.06557,-0.542008,0.003951,-0.928951
0.625946,0.426146,0.913399,-0.197929,0.135322,-0.809623,0.854775,0.119674,0.171832,-0.767016,0.046465,0.195843,-0.15112,-0.516818,-1.0
0.329425,-0.014662,0.481044,-0.278592,0.962547,0.813239,0.703549,0.436537,0.499376,0.315984,-0.197289,-0.253242,0.363787,0.490152,-1.0
-0.655253,0.95716,-0.318377,-0.635046,0.553395,-0.259572,0.77909,0.333018,0.595961,-0.284407,-0.182903,0.122729,0.242029,-0.351262,-0.971461
-0.313365,-0.368799,-0.091532,-0.06005,-0.099639,-0.629781,0.698918,0.018132,-0.078406,-0.498544,-0.140452,0.194744,0.33221,-0.392738,-1.0
0.993747,-0.235632,0.253545,-0.06865,-0.49357,0.351163,0.756151,0.635185,-0.509834,0.359233,0.214269,-0.021887,-0.48229,0.202342,-1.0
0.996592,0.71208,-0.025244,-0.057796,0.994102,-0.728167,0.823842,0.422443,0.536401,-0.343382,-0.006485,0.182777,0.029007,-0.55635,-0.93822
-0.287837,-0.24886,0.773029,-0.332269,0.939464,0.006917,0.420991,0.92661,0.385074,-0.103217,-0.517743,-0.087364,0.38993,0.094408,-1.0
-0.884034,0.766207,-0.259132,-0.233217,-0.101934,0.993741,0.127967,0.669955,-0.000542,0.059847,-0.767273,-0.318451,0.513522,0.180847,-1.0
-0.477174,-0.841943,-0.575205,0.039677,0.721557,0.986505,0.122397,0.809672,0.057602,0.060091,-0.415534,-0.847172,0.201112,0.439065,-0.928532
0.745662,0.870767,-0.077241,0.540509,0.699559,-0.049071,0.798453,0.719702,0.616965,-0.083896,-0.016153,0.27093,-0.090595,-0.500186,-0.964769
-0.313998,-0.336272,0.715841,-0.855969,0.809661,-0.955103,0.001534,0.48029,0.037679,-0.01114,-0.819655,0.482265,0.44051,-0.256941,-0.982133
-0.599365,0.564206,-0.895806,-0.820672,-0.613898,0.395874,0.14165,0.001222,-0.070143,-0.009266,0.092749,0.953269,-0.045184,-0.448776,-1.0
-0.543923,-0.440576,-0.25612,0.199343,-0.585794,-0.645511,0.873198,0.611571,-0.448305,-0.584295,0.106366,0.021841,-0.127386,-0.497888,-0.988277
-0.111866,-0.720151,-0.340134,-0.497431,0.148768,-0.556895,0.039744,0.714103,0.031907,-0.054647,-0.824609,-0.482197,0.322436,0.080536,-1.0
0.538253,-0.075603,0.241851,-0.773481,0.728023,-0.230633,0.681579,0.550473,0.523074,-0.148532,-0.255172,0.172345,0.379159,-0.30313,-0.985252
0.21218,-0.767435,0.574973,0.689061,0.261325,-0.607896,0.88079,0.615031,0.290743,-0.675071,-0.05857,-0.064043,0.16268,0.425679,-0.971834
0.084548,0.61872,0.907208,-0.662714,0.205908,0.885751,0.250189,0.965613,0.057248,0.291001,-0.289257,-0.565711,0.123648,0.491739,-0.976186
0.54725,-0.867532,-0.145614,0.945449,-0.479149,-0.244279,0.963443,0.689941,-0.719215,-0.322186,0.077984,-0.03952,-0.499702,0.283812,-0.972571
0.882076,-0.758524,-0.829873,-0.550854,0.37022,-0.378855,0.524211,0.853236,0.280693,-0.301339,0.395487,-0.284867,-0.336153,0.258091,-0.975582
-0.14163,-0.697918,-0.360345,0.928844,-0.130299,-0.789318,0.292324,0.652396,-0.131212,-0.224576,-0.01387,0.732847,-0.010736,-0.541573,-1.0
-0.420202,-0.852602,0.836889,0.323316,-0.647584,-0.717153,0.779718,0.688652,-0.436793,-0.593942,0.185027,-0.079745,-0.36335,0.294222,-0.964925
0.434963,0.05792,-0.632478,0.620062,-0.991675,0.929981,0.012932,0.323202,-0.112783,0.067083,0.871641,-0.407061,-0.406367,0.279684,-1.0
-0.298397,-0.400138,-0.705763,-0.528456,0.763784,-0.471106,0.656962,0.357549,0.476082,-0.221523,-0.305783,-0.017618,0.565125,-0.078679,-1.0
-0.870691,-0.62613,0.132594,-0.527769,0.335642,0.319514,0.269554,0.649128,0.135937,0.083585,-0.57243,-0.423455,0.424143,0.3196,-0.986797
0.008764,0.091335,-0.251568,-0.933686,-0.473163,0.900028,0.748476,0.374351,-0.215692,0.564625,0.09046,-0.169408,-0.244784,0.384998,-0.956929
-0.625471,-0.674114,-0.96729,-0.270342,-0.588707,-0.845829,0.584573,0.534419,-0.275598,-0.426282,-0.090791,0.428661,0.082557,-0.477747,-1.0
-0.434789,-0.484298,0.510921,-0.754758,0.986309,0.482756,0.810975,0.653164,0.601634,0.31131,-0.23068,-0.144056,0.429238,0.255619,-1.0
-0.431403,-0.076226,-0.29269,-0.96764,-0.914287,0.295362,0.840596,0.808922,-0.561393,0.232207,0.199044,-0.0923,-0.458249,0.312416,-1.0
-0.042574,0.435614,0.161721,0.945705,0.844658,-0.747406,0.12633,0.412152,0.055694,0.000129,-0.592214,0.743328,0.251994,-0.3654,-1.0
0.00408,0.523614,-0.910921,-0.285458,0.278516,0.188266,0.7237,0.081484,0.446295,0.374597,-0.226911,0.238548,0.34385,-0.430523,-0.959416
0.325228,-0.282421,-0.969589,-0.85272,-0.915401,0.142158,0.296582,0.682668,-0.22628,0.021277,0.679903,-0.213571,-0.456416,0.17595,-0.93766
-0.640079,0.706477,0.653103,0.709235,0.988633,0.683964,0.989721,0.126407,0.625335,0.413344,-0.071054,0.019403,0.491735,0.001711,-1.0
-0.378858,0.943285,-0.918091,0.153475,0.77712,0.604364,0.627169,0.928726,0.343438,0.273681,-0.403651,0.092885,0.506461,-0.106523,-0.988283
0.721094,-0.506845,-0.794031,-0.719332,0.319315,0.214584,0.892575,0.039325,0.600485,0.444129,0.108838,-0.048013,-0.292062,0.469279,-1.0
0.69161,0.255507,-0.654492,0.337527,-0.975395,-0.833917,0.206101,0.02522,-0.044161,-0.171886,0.640791,0.466505,-0.509018,-0.268157,-1.0
0.481114,-0.548487,-0.296339,0.820079,0.398372,0.487026,0.360495,0.100041,0.163837,0.208701,0.077207,-0.624962,-0.120061,0.477549,-0.966206
0.587053,0.829063,0.74682,-0.010894,-0.139846,-0.520778,0.105881,0.46051,-0.116301,-0.12012,0.436118,0.75903,-0.211303,-0.394536,-1.0
0.226512,0.225625,-0.667828,0.793849,0.570906,-0.336813,0.251595,0.12546,0.160195,-0.095495,-0.353098,0.584382,0.222675,-0.426129,-0.979081
-0.830035,0.368942,-0.717411,-0.435539,0.863442,0.396958,0.397813,0.499279,0.241318,0.125248,-0.678903,-0.045703,0.507236,-0.021208,-1.0
-0.030938,0.517536,0.989884,0.502623,0.796835,-0.105384,0.409144,0.340793,0.287052,-0.046332,-0.529614,0.432615,0.393478,-0.266038,-1.0
0.581382,0.093311,-0.829565,-0.400279,0.439792,-0.544339,0.2725,0.817096,0.013555,-0.165401,0.245975,0.777847,-0.111417,-0.464639,-0.9882
0.052455,-0.928316,-0.123073,0.761164,0.968669,-0.772036,0.158736,0.000257,0.040759,-0.058889,-0.900911,-0.16245,0.524273,0.074529,-1.0
-0.5047,0.942178,0.639311,-0.598546,-0.279028,-0.903673,0.74198,0.668998,-0.215476,-0.6217,-0.097307,0.300589,0.101314,-0.491646,-0.989755
0.334307,-0.615043,-0.667365,-0.616754,0.792819,0.706325,0.634195,0.231882,0.339738,0.403987,-0.028541,-0.376257,0.160017,0.375384,-0.989149
-0.746936,-0.974515,-0.491321,-0.322506,-0.62148,0.655275,0.120565,0.665426,-0.14253,0.080959,0.00774,-0.930964,-0.052557,0.502376,-1.0
-0.332491,0.038509,0.600265,-0.281278,-0.033468,0.926652,0.803222,0.440123,-0.094857,0.614726,-0.14509,-0.167344,0.110944,0.43966,-0.975741
-0.927577,0.404217,-0.646046,-0.779067,-0.662734,-0.382356,0.384264,0.243605,-0.311942,-0.087418,-0.157197,0.590246,0.127726,-0.395233,-1.0
-0.196545,0.766625,0.787606,-0.769817,0.497511,-0.934291,0.7135,0.241343,0.334989,-0.497772,-0.068944,0.263643,0.272606,-0.500299,-1.0
-0.680924,0.206064,-0.231269,-0.909103,0.942349,-0.757193,0.464744,0.019863,0.239107,-0.19328,-0.413965,0.17526,0.344678,-0.271738,-1.0
0.084071,-0.00623,0.164125,0.845811,-0.373748,-0.25548,0.526602,0.236639,-0.334747,-0.299499,0.519801,0.257357,-0.48343,-0.319498,-0.920838
0.225097,0.885029,-0.528613,0.198875,0.767912,-0.779827,0.879574,0.77599,0.423024,-0.509974,0.007638,0.09989,0.220882,-0.420339,-1.0
-0.998631,0.393686,0.318589,0.510365,0.684066,-0.691292,0.730737,0.680597,0.298918,-0.385108,-0.163347,0.147372,0.452335,-0.196674,-0.977268
-0.077969,-0.796005,-0.863977,0.731515,0.091356,0.729784,0.485994,0.173681,-0.011127,0.416139,-0.051401,-0.493869,0.042823,0.558069,-0.990921
0.159034,-0.489058,0.144324,0.654654,0.138779,-0.695365,0.597797,0.979658,-0.037351,-0.448876,-0.004095,0.520962,-0.114796,-0.471211,-1.0
0.615022,-0.316888,0.937128,-0.885692,-0.524521,-0.958426,0.131454,0.283341,-0.006297,-0.048694,0.731253,0.487239,-0.441096,-0.204775,-1.0
0.202029,-0.475786,-0.303182,0.218238,-0.540512,-0.359311,0.729893,0.084466,-0.390971,-0.300934,0.30463,-0.003891,-0.538262,0.053559,-0.956689
0.948986,0.7359,0.058998,0.670143,-0.0052,-0.224923,0.422783,0.644021,-0.028487,-0.413089,0.337157,0.380178,-0.381827,-0.359529,-1.0
0.268646,0.31501,-0.082959,0.212789,-0.228399,-0.372326,0.600844,0.895838,-0.218338,-0.454259,0.351967,0.292143,-0.285809,-0.400096,-1.0
0.885532,-0.483469,0.273856,-0.171009,-0.944635,-0.560119,0.885728,0.500737,-0.554221,-0.366949,0.095125,-0.008621,-0.508882,-0.037449,-1.0
0.940131,-0.714133,0.884772,0.586924,0.892289,-0.108208,0.378698,0.475118,0.249295,-0.063641,0.058239,-0.505636,-0.097276,0.532443,-0.961266
0.90735,-0.447322,-0.836192,0.245061,0.091137,-0.467042,0.857927,0.100802,0.139619,-0.629128,0.151275,-0.031638,-0.532849,-0.053836,-0.946955
0.411259,0.659982,-0.236939,-0.752626,0.060385,-0.365611,0.523975,0.50832,0.047374,-0.351947,0.154704,0.484962,-0.131872,-0.494393,-0.937244
-0.547988,-0.926167,-0.120109,0.729087,0.749553,0.252177,0.785476,0.045757,0.635544,0.068329,-0.15609,-0.204001,0.388694,0.38796,-1.0
-0.60225,-0.517718,-0.960641,-0.699073,0.514334,0.722062,0.2853,0.91344,0.198809,0.130181,-0.418391,-0.530576,0.342198,0.4061,-1.0
0.669516,0.211467,0.632232,-0.94219,-0.524681,-0.998597,0.755895,0.418481,-0.197443,-0.553156,0.169138,0.148221,-0.455045,-0.424961,-1.0
0.50484,-0.887473,0.714317,0.627421,0.317097,0.409076,0.176813,0.972737,0.112313,0.093169,0.084126,-0.738085,-0.032841,0.482615,-0.958796
0.223949,0.497869,0.727064,0.619036,-0.233706,-0.170519,0.057134,0.713754,0.06884,-0.018723,0.555583,0.889856,-0.268716,-0.435255,-0.903384
-0.073179,0.322834,0.388498,0.360197,-0.214525,-0.146802,0.972172,0.277086,-0.671867,-0.521352,-0.019564,-0.06414,-0.152758,-0.479206,-1.0
0.311341,-0.448165,-0.789899,-0.349875,-0.038222,-0.50036,0.870541,0.701877,-0.08245,-0.635455,0.147517,-0.001189,-0.429548,-0.133104,-0.983038
-0.440208,0.134844,-0.217196,0.557189,-0.2248,0.368373,0.904449,0.595444,-0.385476,0.5404,-0.114271,-0.075082,0.295761,0.375411,-1.0
-0.609569,-0.449938,0.599074,-0.255264,-0.83575,0.735931,0.073976,0.259119,-0.072889,0.061887,0.163613,-0.793225,-0.136802,0.478612,-1.0
0.839758,-0.503119,0.162361,-0.589131,0.944248,0.73268,0.808634,0.207784,0.452424,0.424779,0.034807,-0.232517,0.03268,0.583634,-0.867506
-0.506904,0.553145,0.066473,0.497752,0.14347,-0.638739,0.464208,0.317438,0.109288,-0.334397,-0.285373,0.479373,0.172595,-0.435508,-0.902106
0.738794,-0.035616,0.814956,0.06494,0.748219,-0.908876,0.830053,0.084467,0.405095,-0.42742,-0.044422,0.111334,-0.025716,-0.5268,-0.961571
0.620479,-0.049378,-0.614979,-0.80116,-0.892374,-0.756544,0.043803,0.144092,-0.072889,0.039566,0.857421,0.363978,-0.510826,-0.274567,-1.0
-0.316712,-0.030287,0.781931,0.276913,0.391227,0.705047,0.552649,0.122424,0.268453,0.362706,-0.263998,-0.363756,0.306799,0.311595,-1.0
0.880756,-0.901392,-0.84072,-0.328123,-0.807835,0.83775,0.808879,0.290745,-0.363338,0.449748,0.124812,-0.190274,-0.333419,0.352904,-0.97635
0.914623,0.087789,-0.035466,0.168921,0.780123,-0.358898,0.381024,0.923527,0.295415,-0.128102,0.232835,0.566443,-0.130982,-0.515213,-1.0
-0.904058,-0.217457,-0.981786,0.232801,-0.558016,-0.077652,0.319752,0.053222,-0.205495,-0.070116,-0.604716,-0.256212,0.471244,0.130487,-0.956377
0.852421,0.496024,-0.258327,-0.338764,0.904048,-0.319551,0.939466,0.854226,0.745008,-0.28526,0.027339,0.113512,0.094907,-0.566884,-0.991001
0.823334,0.784001,-0.046697,0.493199,0.077454,-0.003886,0.895214,0.529107,0.728761,-0.010485,0.123877,0.012412,-0.330385,-0.353318,-0.966158
0.3097,-0.098567,0.476951,0.738655,0.264679,-0.931712,0.726629,0.206802,0.2132,-0.548765,0.052107,0.278789,0.039006,-0.553397,-1.0
-0.997052,-0.845353,0.291437,0.554408,0.674064,-0.717837,0.454785,0.653841,0.254903,-0.274766,-0.571733,-0.040715,0.425894,0.044012,-0.965904
0.895607,0.535607,0.278739,-0.929219,-0.956301,0.016765,0.551958,0.929856,-0.499868,0.079168,0.397312,0.020581,-0.462501,-0.135811,-0.982449
-0.29613,0.176867,-0.6927,-0.750753,0.030539,0.970311,0.196464,0.590213,-0.012272,0.188212,-0.273461,-0.71873,0.173544,0.534547,-1.0
0.944733,0.176188,-0.183195,-0.412124,-0.070206,-0.522518,0.212553,0.675524,0.044258,-0.191326,0.677788,0.516446,-0.371354,-0.313085,-1.0
0.004868,-0.852526,0.673995,-0.057783,-0.080798,0.898342,0.248854,0.080601,-0.057664,0.169169,0.022683,-0.770564,-0.043512,0.526352,-0.964244
-0.756811,-0.985839,-0.203063,0.971698,-0.794706,0.956381,0.969028,0.320644,-0.491252,0.602304,-0.06347,-0.041574,0.017979,0.441512,-0.962125
0.888626,0.733985,0.603547,0.068779,-0.342684,-0.657308,0.715005,0.703978,-0.233822,-0.544527,0.203525,0.309612,-0.289656,-0.336901,-1.0
0.897,0.776057,0.399372,-0.627635,-0.11332,0.933015,0.653469,0.455375,-0.074546,0.528537,0.365632,-0.095442,-0.503431,0.140065,-0.93772
0.200609,-0.288657,-0.259353,-0.441678,0.944694,-0.325777,0.444127,0.253118,0.265134,-0.089795,-0.550153,0.070565,0.5146,-0.069304,-0.9929
0.049212,-0.372515,-0.54941,-0.582373,0.699613,0.58305,0.555263,0.55326,0.259576,0.363053,-0.248412,-0.359723,0.29949,0.369939,-0.90723
-0.351395,0.285995,0.404373,0.188191,-0.972655,0.13944,0.463238,0.889963,-0.318151,0.068018,0.499487,0.10233,-0.44503,-0.155921,-0.986323
0.902547,0.429386,0.875292,-0.791027,-0.258012,0.21147,0.280949,0.673232,-0.1133,0.091329,0.691389,0.140109,-0.467514,-0.035634,-1.0
0.551082,-0.882397,-0.84948,-0.227457,0.999088,0.570714,0.581415,0.856878,0.39813,0.180297,-0.110684,-0.34436,0.084158,0.529309,-1.0
-0.875842,-0.056081,-0.135856,-0.189881,0.654334,-0.432068,0.384449,0.166289,0.280117,-0.139544,-0.639415,0.156624,0.560036,-0.176928,-0.978357
0.641002,0.669133,-0.23653,0.335125,0.463194,-0.788386,0.834979,0.991746,0.3204,-0.507461,-0.041551,0.269182,0.035423,-0.510317,-1.0
-0.187665,-0.851725,0.19407,0.350564,0.660311,-0.050975,0.566241,0.408579,0.456062,-0.088792,-0.373728,-0.332217,0.400145,0.35101,-1.0
0.087494,0.784205,-0.07666,-0.325919,-0.477368,0.846829,0.858666,0.786385,-0.387856,0.641216,0.144348,0.04091,-0.481753,0.072012,-1.0
-0.01486,0.525234,0.082331,-0.434983,-0.885966,0.915982,0.830878,0.075452,-0.470952,0.461553,0.078519,-0.018566,-0.552559,0.189009,-0.984718
-0.426421,0.524199,-0.617025,-0.332411,-0.669732,0.441005,0.555222,0.964747,-0.350877,0.284936,0.47128,0.1404,-0.573505,-0.064259,-1.0
-0.690503,0.261939,0.027829,0.305759,-0.078013,-0.804945,0.927486,0.837167,-0.032136,-0.652944,-0.013443,0.139892,0.19311,-0.411324,-0.991902
0.023391,-0.407601,-0.483148,0.741972,0.382569,-0.992315,0.043866,0.339522,-0.022047,-0.076438,-0.446462,0.87061,0.306763,-0.416012,-0.909939
0.16242,0.623918,-0.660744,0.256696,-0.39027,0.530636,0.515481,0.420657,-0.306586,0.449452,0.438411,0.16368,-0.460699,-0.168396,-1.0
-0.508785,0.177078,0.832094,-0.087956,-0.668374,-0.831662,0.615861,0.091946,-0.325014,-0.423408,0.081785,0.419179,-0.122201,-0.591068,-1.0
0.316699,-0.068305,-0.488886,-0.075384,-0.491228,0.11425,0.088835,0.324944,-0.13406,-0.072741,0.871097,-0.279256,-0.496758,0.10484,-1.0
-0.42687,-0.750503,0.708002,0.339465,0.970653,-0.110923,0.782014,0.9465,0.603841,-0.044629,-0.101577,-0.107418,0.443845,0.212336,-1.0
0.658943,-0.664232,-0.257077,-0.88454,-0.43477,0.882682,0.945963,0.593189,-0.324333,0.677234,0.033232,-0.115641,-0.275709,0.446663,-0.99604
-0.398789,-0.724821,-0.969176,0.921854,-0.109491,-0.13446,0.761485,0.257538,-0.375917,-0.469496,-0.205131,-0.286462,0.307986,0.43915,-1.0
-0.821108,-0.446319,0.372152,0.516441,-0.057112,-0.890726,0.547653,0.655283,-0.013297,-0.471809,-0.356681,0.2385,0.376282,-0.293268,-0.975338
-0.323195,-0.224549,-0.630419,0.459305,0.826704,-0.32837,0.494928,0.85915,0.378289,-0.219503,-0.427308,0.070556,0.526531,0.04715,-1.0
0.626539,-0.349818,0.426666,-0.122057,-0.028001,-0.993774,0.797331,0.447458,-0.050886,-0.645088,0.133829,0.194184,-0.34742,-0.373716,-0.893404
0.775765,0.935895,-0.413909,0.786505,-0.949273,-0.683181,0.521654,0.881718,-0.290167,-0.291727,0.301007,0.446331,-0.41391,-0.31448,-0.981244
0.623351,0.649377,-0.473196,0.012918,-0.560731,0.395066,0.840382,0.37795,-0.592451,0.364092,0.170477,0.01931,-0.49845,-0.078228,-1.0
-0.50468,0.960855,-0.818059,-0.450032,0.683402,-0.476096,0.255728,0.704331,0.180206,-0.106007,-0.517926,0.559605,0.283973,-0.368951,-0.941899
0.449339,0.956778,0.134787,0.79522,-0.009102,0.158662,0.904773,0.866116,-0.040801,0.752299,0.011075,0.073923,-0.232691,-0.458558,-1.0
0.878047,-0.309701,0.195192,0.72357,-0.097275,0.267258,0.222197,0.075284,-0.108832,0.115602,0.622967,-0.440948,-0.424659,0.305182,-1.0
0.618069,-0.805591,-0.752902,0.834845,0.830032,-0.213985,0.596899,0.984332,0.506146,-0.068634,-0.055856,-0.370665,0.20575,0.476748,-1.0
-0.849709,-0.946254,-0.576749,-0.04616,0.757435,-0.132885,0.394448,0.250384,0.392395,-0.034091,-0.55236,-0.218394,0.473827,0.296717,-0.935543
-0.353146,-0.40048,0.540256,0.75006,0.341509,0.167113,0.763949,0.863837,0.64737,0.25798,-0.228014,-0.194244,0.406239,0.394083,-0.988649
-0.65187,0.583984,-0.202806,0.383792,-0.844998,-0.987534,0.597733,0.418712,-0.32166,-0.418045,0.044052,0.468658,-0.035546,-0.545846,-0.995831
-0.982051,-0.393401,0.115604,-0.644107,-0.111729,0.44623,0.890051,0.380344,-0.139641,0.642958,-0.115874,-0.135101,0.353089,0.350133,-1.0
-0.419568,-0.881347,0.810363,-0.651817,0.056998,-0.171192,0.68793,0.255934,0.225322,-0.472547,-0.175443,-0.264243,0.245736,0.3127,-0.917109
0.418475,0.806992,-0.161281,-0.626165,-0.064997,0.565852,0.508989,0.363074,-0.074226,0.454935,0.458594,0.163897,-0.513823,-0.242542,-1.0
0.417388,0.682827,0.935127,-0.247327,-0.96142,-0.858428,0.577723,0.717365,-0.327028,-0.348565,0.258339,0.293018,-0.318342,-0.365325,-1.0
0.584873,-0.841727,0.756006,-0.420589,-0.466439,0.927006,0.380652,0.497891,-0.139594,0.257485,0.291048,-0.487852,-0.27833,0.461318,-0.910002
-0.710281,-0.547973,-0.658493,0.362733,0.326841,0.094844,0.652835,0.253999,0.522191,0.113677,-0.254106,-0.179257,0.423567,0.239858,-1.0
-0.362418,-0.532098,0.788338,0.425886,0.499542,0.143558,0.138448,0.60165,0.141431,-0.000495,-0.651764,-0.588589,0.425832,0.354473,-1.0
-0.472582,-0.647565,0.091107,-0.132088,0.061994,0.908791,0.552101,0.978463,0.076482,0.438922,-0.140865,-0.439397,0.18287,0.474955,-1.0
-0.310047,-0.752755,-0.59673,0.722747,0.740616,0.508764,0.498713,0.510898,0.31535,0.2342,-0.390537,-0.278751,0.302011,0.367303,-0.969044
-0.500726,-0.174031,0.157848,0.241517,-0.615711,-0.539628,0.126007,0.808267,-0.134277,-0.196689,0.278841,0.848645,-0.223397,-0.407833,-0.969694
0.918481,-0.254309,0.582992,0.58479,0.095808,0.955449,0.014382,0.690365,0.021219,0.003852,0.553498,-0.821536,-0.3517,0.474049,-0.9616
-0.27819,-0.594236,-0.310576,-0.2817,-0.800306,-0.287116,0.491116,0.005363,-0.435292,-0.064677,0.497272,-0.21288,-0.517242,0.311059,-0.960703
-0.498339,-0.346151,-0.703925,-0.745669,-0.004174,-0.637467,0.056376,0.438382,0.008999,-0.037601,-0.782859,0.443591,0.422778,-0.195412,-1.0
0.408038,0.068937,-0.645754,-0.989207,0.954337,0.872351,0.983545,0.253959,0.57825,0.530859,-0.020334,-0.024709,0.247596,0.3573,-0.927735
0.138276,0.001418,0.612784,-0.954776,-0.344478,0.544678,0.131655,0.79222,-0.002273,0.110993,0.567204,-0.649954,-0.392225,0.357476,-1.0
0.176222,-0.584596,-0.811801,-0.053585,0.704644,0.761007,0.342501,0.842212,0.19409,0.228609,-0.22468,-0.649795,0.192496,0.387973,-0.945455
-0.52317,0.554412,0.710119,-0.209341,-0.679108,0.448057,0.583482,0.356398,-0.425867,0.280996,0.434542,0.257787,-0.50259,-0.236556,-1.0
0.139915,0.861155,0.324278,-0.134588,-0.976947,0.747582,0.704835,0.465325,-0.490674,0.268991,0.348709,0.012957,-0.475334,-0.059197,-0.928198
-0.051088,0.619231,-0.124276,-0.00161,0.600767,0.393856,0.355273,0.678393,0.278258,0.113542,-0.582261,0.263509,0.403762,-0.157949,-0.925311
-0.041784,0.439466,0.928057,0.039869,-0.93041,-0.15428,0.578325,0.782175,-0.462025,0.007149,0.434628,0.238691,-0.351965,-0.25731,-1.0
-0.936042,-0.014483,0.63375,0.894088,0.251838,0.848052,0.562377,0.114392,0.173968,0.528912,-0.381416,-0.250512,0.466711,0.325432,-1.0
0.353938,-0.564485,-0.568257,-0.829286,-0.899137,0.880607,0.193144,0.483489,-0.120065,-0.007087,0.490172,-0.573508,-0.313917,0.376648,-1.0
-0.314979,0.291869,-0.361251,0.479444,0.043811,0.383969,0.537213,0.757353,0.096742,0.532846,-0.417259,-0.129929,0.484297,0.093499,-0.973211
-0.264058,0.176906,-0.998902,0.365187,-0.950975,0.204281,0.261273,0.993657,-0.213502,-0.036131,0.77415,-0.029889,-0.448656,-0.005751,-0.964783
0.761558,-0.560836,-0.430728,-0.936796,0.840956,-0.833325,0.79227,0.536934,0.479176,-0.452093,-0.024043,0.196457,0.156144,-0.390446,-1.0
-0.752388,0.049504,0.715823,0.127227,0.559791,0.418824,0.200591,0.467311,0.133039,0.114207,-0.680264,-0.230906,0.469733,0.130844,-0.955084
-0.806592,-0.220588,-0.818031,0.46197,0.128845,0.389992,0.896645,0.059828,0.259741,0.62186,-0.128602,-0.135502,0.3545,0.222344,-1.0
0.083891,-0.811924,-0.004788,0.948171,-0.703998,-0.307669,0.599807,0.143581,-0.389372,-0.282422,0.305341,-0.287616,-0.394222,0.242394,-0.987229
-0.799058,-0.321174,0.393821,0.481495,-0.656775,0.981134,0.476087,0.299768,-0.196974,0.338479,-0.052365,-0.432683,0.042652,0.552895,-0.940337
-0.11851,0.327313,-0.486335,0.718178,0.588691,0.71171,0.675664,0.182903,0.314139,0.423223,-0.322902,-0.103859,0.376634,0.234655,-0.970185
0.404912,-0.289076,0.880748,-0.604898,0.081637,0.860209,0.225149,0.101464,0.125457,0.157688,0.249228,-0.752506,-0.192661,0.512123,-0.962557
0.90122,-0.588279,-0.083823,0.322288,0.590681,0.223016,0.348259,0.083576,0.304062,0.062742,0.115814,-0.668764,-0.216619,0.572073,-1.0
-0.376755,-0.973647,-0.509883,-0.441104,0.940427,-0.901103,0.207374,0.240048,0.147097,-0.175112,-0.676045,-0.149941,0.578522,0.006845,-1.0
0.246492,0.049899,0.799826,-0.936275,0.07066,0.121417,0.726596,0.898954,0.333707,0.372664,0.259503,-0.10064,-0.39564,0.274275,-1.0
-0.908464,-0.254784,0.146783,0.939096,-0.016255,0.497535,0.567869,0.556677,-0.014404,0.529036,-0.371153,-0.184805,0.417278,0.384166,-0.979073
-0.895418,0.033353,0.046828,-0.909248,0.863493,-0.283804,0.11624,0.816544,0.067862,-0.027902,-0.851706,0.222402,0.531615,-0.099962,-0.959474
0.953379,-0.55397,0.34995,-0.215947,0.731227,0.762007,0.978707,0.889272,0.559021,0.564499,0.035939,-0.026411,-0.091627,0.466768,-1.0
-0.012224,-0.57337,-0.289097,-0.996186,-0.11344,-0.821374,0.212094,0.399098,-0.007593,-0.108919,0.25148,0.764111,-0.151795,-0.590397,-1.0
-0.242035,0.052764,0.98224,0.369736,0.913952,-0.436422,0.715078,0.979059,0.557993,-0.214797,-0.357142,0.080499,0.386858,-0.143858,-0.96901
0.579357,-0.315691,0.850054,-0.900122,0.992994,0.293686,0.20027,0.570554,0.123445,0.113131,-0.47359,-0.660817,0.278507,0.480762,-1.0
0.050729,0.869685,0.330064,-0.599387,0.079754,-0.830761,0.281504,0.417647,0.106785,-0.204945,0.002374,0.729672,-0.025183,-0.437121,-0.995995
-0.458345,0.747881,-0.803206,0.798135,-0.440714,0.403043,0.913681,0.460333,-0.563765,0.552182,-0.042619,0.096759,0.013419,-0.608122,-1.0
-0.599825,0.782014,0.02709,0.206534,0.612378,0.082277,0.471339,0.507121,0.392145,0.013682,-0.446654,0.291787,0.405052,-0.257871,-0.990846
0.963235,-0.608053,0.627565,0.618607,-0.94084,0.415111,0.149063,0.197677,-0.093657,0.044417,0.750474,-0.437377,-0.381702,0.237856,-1.0
-0.072021,-0.582168,-0.778958,0.518577,-0.285911,-0.318144,0.708862,0.585487,-0.312317,-0.421595,0.201367,-0.236119,-0.380381,0.376045,-0.966512
-0.398805,-0.384701,0.635988,-0.066435,-0.463173,0.221128,0.314477,0.897826,-0.214834,0.163915,0.044278,-0.589828,-0.011372,0.470183,-1.0
-0.981615,-0.347218,0.556426,0.86228,-0.481824,-0.49411,0.986353,0.910162,-0.56849,-0.558342,-0.020815,0.042838,0.499961,-0.150905,-0.943192
-0.451715,0.328687,0.941552,0.573309,-0.685801,0.625251,0.670883,0.202987,-0.353525,0.328213,0.189663,-0.32255,-0.343929,0.345666,-0.975893
-0.320896,0.239265,-0.025558,-0.902731,0.157213,0.276682,0.366292,0.707237,0.144475,0.260396,-0.590377,-0.00398,0.523641,-0.035106,-1.0
0.876574,-0.332927,-0.674779,0.130502,-0.867888,-0.199469,0.811935,0.471242,-0.717667,-0.168837,0.232226,-0.007465,-0.49743,0.063944,-1.0
-0.447054,0.289223,-0.76221,-0.728079,0.2829,-0.454402,0.213154,0.424951,0.098071,-0.134843,-0.550095,0.628009,0.393681,-0.367643,-1.0
-0.057864,-0.977781,-0.829825,-0.93647,0.605105,-0.316917,0.302092,0.723202,0.208838,-0.128253,-0.570967,-0.465893,0.27102,0.359605,-1.0
0.858607,0.889316,0.531723,0.05762,0.272872,-0.351937,0.106306,0.176408,0.094933,-0.100847,0.340898,0.817831,-0.271293,-0.440582,-1.0
0.20881,-0.699356,-0.533097,-0.062286,0.572423,0.744491,0.580577,0.019731,0.245411,0.334569,-0.101475,-0.388388,0.201249,0.397552,-1.0
0.022444,0.006462,0.05794,-0.765098,0.242103,-0.602292,0.075642,0.429834,0.094283,-0.02166,-0.308415,0.868854,0.166159,-0.406168,-1.0
-0.690227,-0.606243,0.167685,-0.366866,0.356209,0.133769,0.524682,0.85398,0.431291,0.10932,-0.45256,-0.269581,0.411421,0.31633,-1.0
0.770854,0.519095,0.197962,0.840298,0.241243,0.607348,0.130473,0.963642,0.066407,0.022097,0.852411,-0.142886,-0.499526,0.119454,-1.0
0.866511,0.746547,-0.504415,0.122437,0.906711,-0.141468,0.907359,0.093015,0.801145,-0.16667,-0.006828,0.055621,-0.064973,-0.445599,-0.965116
0.530195,0.116369,0.467687,-0.550485,0.432017,-0.574857,0.366758,0.81202,0.136608,-0.214417,0.055675,0.570372,-0.036027,-0.434194,-0.866072
0.685048,0.754367,0.866942,-0.734238,-0.463386,-0.273807,0.470447,0.049901,-0.319925,-0.201419,0.424857,0.399793,-0.370523,-0.338581,-0.989262
0.574724,-0.318258,0.509741,0.010347,0.23945,-0.387932,0.59504,0.43618,0.315686,-0.329602,0.401184,0.14096,-0.409193,-0.099571,-1.0
0.246026,-0.717489,-0.05165,0.293273,-0.515855,0.976567,0.949421,0.881436,-0.399493,0.658186,0.107646,-0.060239,-0.291565,0.362059,-0.977951
-0.334311,-0.198471,-0.41603,-0.426783,-0.943171,0.016159,0.586445,0.374758,-0.511288,-0.020806,0.392246,-0.179569,-0.487433,0.187647,-1.0
0.519896,-0.642418,0.730413,0.342012,-0.076485,0.238365,0.218106,0.498016,-0.01262,0.200552,0.451721,-0.681576,-0.301127,0.414453,-1.0
0.821758,0.048922,0.65018,-0.730052,-0.745629,0.851721,0.830657,0.071596,-0.405333,0.475825,0.10143,-0.024119,-0.541853,0.136156,-1.0
-0.910827,-0.664191,-0.013043,-0.59995,-0.299752,-0.547252,0.604916,0.07275,-0.261395,-0.391122,-0.339269,-0.117772,0.475967,0.182231,-0.98181
-0.271988,0.400481,-0.818106,-0.981535,-0.814993,0.236413,0.983768,0.116367,-0.725522,0.186093,0.046371,0.086409,-0.465428,-0.252384,-0.974373
-0.376864,0.855934,-0.924229,0.652788,0.286227,-0.581571,0.533022,0.733016,0.187204,-0.406926,-0.17248,0.422524,0.230265,-0.466108,-0.984073
-0.343809,0.22427,0.357177,0.038177,0.597223,-0.062999,0.135638,0.98909,0.110768,0.071696,-0.859147,0.265198,0.505979,-0.094685,-1.0
0.707902,0.214255,-0.686225,0.955136,0.751463,0.6705,0.220508,0.575453,0.116051,0.0868,-0.040023,-0.818318,0.079196,0.435428,-1.0
-0.764117,0.591439,-0.096071,0.821195,0.345741,-0.551269,0.835609,0.127492,0.359783,-0.500671,-0.152394,0.133433,0.466368,-0.292986,-0.976957
0.668642,-0.549637,-0.486133,-0.076186,-0.382789,0.058085,0.743365,0.325926,-0.628119,0.153644,0.242958,-0.157744,-0.432768,0.255575,-0.929541
-0.18626,-0.471016,0.696,0.329381,0.489363,-0.836549,0.065517,0.466897,-0.060881,-0.009791,-0.821872,0.389568,0.431461,-0.255276,-0.953781
0.279847,0.266221,0.649026,0.987237,0.423101,0.106111,0.72837,0.35398,0.581789,0.185908,-0.123312,0.13507,0.385103,-0.405674,-1.0
0.194093,0.782955,-0.616062,-0.296622,0.921025,-0.623767,0.275501,0.524953,0.131566,-0.129452,-0.319325,0.644069,0.209671,-0.468071,-0.953739
-0.573412,0.191259,0.938054,-0.450458,0.573158,-0.731192,0.124527,0.845853,0.02774,-0.032286,-0.749739,0.555419,0.408034,-0.351342,-0.985057
0.204539,0.946685,0.362607,0.354683,-0.40622,0.198186,0.515515,0.272373,-0.369584,0.204507,0.226148,0.341296,-0.358824,-0.366084,-1.0
0.630028,0.934018,0.280692,0.444944,-0.427893,-0.954487,0.450398,0.006356,-0.04335,-0.22564,0.31613,0.476381,-0.232486,-0.408571,-0.961984
-0.069738,-0.879756,-0.374777,0.38392,-0.376766,-0.563657,0.206197,0.858265,-0.012163,-0.097908,0.593456,-0.614176,-0.354838,0.324832,-1.0
-0.169238,0.78845,-0.84226,-0.311947,0.075993,-0.606885,0.355974,0.624079,-0.004371,-0.256079,-0.113336,0.659671,-0.047075,-0.429195,-0.998328
-0.767128,0.470382,-0.415684,-0.704786,0.594857,-0.465577,0.108575,0.035056,0.097741,-0.001974,-0.750146,0.581445,0.414785,-0.246715,-1.0
-0.891053,-0.527322,0.465946,-0.678286,0.908486,-0.587363,0.702368,0.373564,0.52781,-0.314299,-0.271711,0.103174,0.637846,-0.004426,-0.927675
0.889526,-0.347001,0.525489,0.207715,0.452742,0.971082,0.337368,0.650819,0.132252,0.259408,0.226603,-0.641897,-0.201528,0.478386,-0.997533
0.565223,0.219549,-0.323137,-0.216728,-0.145113,-0.634085,0.630484,0.83882,-0.065855,-0.542405,0.20319,0.375855,-0.241803,-0.406515,-0.95983
0.712917,-0.479867,-0.936996,-0.678489,0.491987,-0.537017,0.779845,0.517124,0.536722,-0.478772,0.245698,0.05746,-0.552183,-0.075194,-0.924077
0.499347,0.291531,0.223035,0.77182,-0.323747,-0.527575,0.096686,0.954931,0.016692,-0.099659,0.715529,0.619216,-0.294695,-0.295158,-0.963344
-0.55623,-0.105799,-0.415397,0.912313,-0.693585,-0.887692,0.680428,0.13732,-0.337332,-0.423137,0.018043,0.264307,0.001466,-0.44614,-1.0
0.742989,0.827731,0.607761,-0.728343,-0.328172,-0.361298,0.036496,0.651478,0.003934,0.003557,0.622139,0.746082,-0.345819,-0.391578,-1.0
-0.542711,0.771067,-0.360337,-0.232387,-0.071845,-0.294927,0.08633,0.384614,-0.019104,-0.030987,-0.341645,0.894775,0.188099,-0.462714,-0.991888
0.240573,0.970028,-0.645087,-0.374958,-0.472485,-0.314796,0.930656,0.267619,-0.635645,-0.469393,0.04685,0.061783,-0.259495,-0.444545,-0.966115
-0.660288,0.407202,0.018238,0.449534,-0.293781,-0.804142,0.874795,0.751948,-0.267029,-0.671093,-0.017626,0.096056,0.167228,-0.499003,-1.0
0.770675,0.311064,0.4323,-0.745237,-0.128102,0.040016,0.744564,0.487495,-0.555016,0.164268,0.171162,0.061896,-0.463923,-0.06515,-0.976737
0.36753,0.491841,-0.856367,-0.092053,0.639018,-0.988892,0.270392,0.805428,-0.004475,-0.114525,-0.104028,0.772887,0.126913,-0.476454,-0.908242
-0.281056,0.300855,0.651786,0.650926,0.926364,-0.981989,0.070804,0.615678,-0.00707,-0.065649,-0.621404,0.662534,0.385659,-0.404848,-1.0
0.194137,0.967451,-0.207325,0.633326,-0.47754,0.187451,0.933209,0.228064,-0.779945,0.203392,-0.038448,0.010402,-0.317793,-0.386678,-0.958511
-0.76428,-0.075161,-0.118663,0.441039,0.275944,0.238683,0.493247,0.361642,0.280201,0.209323,-0.493421,-0.141289,0.536679,0.173128,-1.0
-0.093479,0.334115,0.892186,-0.570308,0.167608,-0.417474,0.129407,0.8114,0.060624,-0.118935,-0.398477,0.803742,0.178062,-0.486434,-0.99128
0.195944,-0.686301,-0.376713,-0.856094,0.939604,-0.783628,0.355965,0.253051,0.202103,-0.135815,-0.687633,0.07144,0.561129,-0.124283,-1.0
0.470034,0.377497,0.216289,-0.743868,-0.697912,0.936586,0.847898,0.998805,-0.524199,0.666783,0.112729,-0.13934,-0.479179,0.155301,-1.0
0.061035,-0.453306,0.130518,-0.758122,-0.277493,0.072385,0.879772,0.856331,-0.677118,0.131099,0.089663,-0.183674,-0.327801,0.492249,-1.0
-0.790896,-0.108038,-0.664288,0.707294,0.440869,0.42032,0.035354,0.123339,-0.043987,0.012541,-0.871793,-0.430289,0.523091,0.138126,-1.0
-0.792909,-0.711436,-0.394691,0.111438,0.081089,-0.207734,0.529291,0.106995,0.159555,-0.390567,-0.483087,-0.166149,0.435517,0.27852,-0.991738
0.851313,-0.223741,0.647845,-0.668134,-0.463239,-0.743667,0.062212,0.019622,-0.018936,0.033075,0.884771,0.382567,-0.510559,-0.174909,-1.0
-0.985753,0.178332,0.650026,-0.934639,0.501892,0.322534,0.395017,0.736257,0.338292,0.192411,-0.576682,-0.032466,0.461982,0.075149,-1.0
0.830857,-0.381787,0.692147,0.24542,-0.605268,-0.256585,0.441038,0.04771,-0.371321,-0.202494,0.616571,-0.083439,-0.400708,-0.002798,-0.980202
0.873506,-0.254816,-0.166987,0.089109,-0.84424,-0.364396,0.346396,0.39354,-0.262429,-0.106402,0.482433,0.066784,-0.494314,-0.045722,-0.965417
-0.055981,-0.870997,0.909455,0.511671,0.474677,0.568343,0.843352,0.033009,0.540552,0.604799,-0.038778,-0.170851,0.200345,0.542657,-1.0
0.237692,0.030409,-0.33977,-0.669238,0.467177,0.075725,0.573149,0.523584,0.425002,0.094373,-0.461961,-0.150403,0.447804,0.150694,-0.954986
0.491,-0.81456,0.36205,-0.124007,-0.034904,-0.933911,0.234179,0.256898,-0.001205,-0.177085,0.690326,0.128182,-0.458405,-0.147969,-1.0
-0.823126,-0.465119,-0.070323,0.570345,0.746165,0.845099,0.730576,0.512394,0.369075,0.487842,-0.199519,-0.147921,0.411434,0.320642,-1.0
0.104549,-0.790941,0.695868,0.094134,0.095005,0.625048,0.787519,0.628732,0.111185,0.581015,-0.069918,-0.17897,0.047118,0.560766,-0.910009
0.924162,0.89019,-0.130847,0.894006,-0.491984,0.817233,0.240449,0.055725,-0.104371,0.233117,0.732113,0.013953,-0.568198,0.025464,-1.0
-0.414483,0.802202,0.723041,-0.173555,-0.992433,0.59833,0.23663,0.211789,-0.190897,0.162591,0.763538,0.216428,-0.539202,-0.137097,-1.0
0.302043,0.149769,-0.536697,-0.184917,0.902868,-0.91169,0.233753,0.934738,0.116738,-0.144298,-0.424202,0.550228,0.23412,-0.43799,-0.978831
0.930283,0.718416,0.362672,0.426022,0.469367,-0.012112,0.854086,0.938697,0.651911,0.016702,0.09855,0.098132,-0.24435,-0.390821,-0.946671
0.128115,0.067788,0.755989,-0.202765,0.129243,-0.953995,0.611653,0.746243,0.068882,-0.487219,-0.002838,0.374508,-0.022297,-0.484676,-1.0
-0.658365,-0.003208,0.821046,-0.44954,-0.85765,0.225564,0.475411,0.435981,-0.314918,0.051159,0.404376,-0.389444,-0.421762,0.40473,-0.985265
-0.274701,-0.870766,0.940482,0.936479,-0.402533,-0.294511,0.153493,0.106547,-0.178278,-0.099905,0.217817,-0.820904,-0.076097,0.439414,-0.988299
-0.918546,-0.566445,-0.537448,-0.207429,0.851132,0.455312,0.044018,0.634251,0.039617,0.04255,-0.864749,-0.464305,0.490105,0.27913,-0.920037
0.527166,-0.550022,-0.218372,0.068088,0.822658,-0.121095,0.660246,0.72421,0.610714,-0.037535,-0.079851,-0.292888,0.20295,0.394723,-1.0
-0.118877,-0.615105,0.13289,0.056769,0.243157,0.759209,0.101369,0.341816,0.059151,0.047779,-0.194292,-0.838161,0.159031,0.568484,-0.999557
0.722849,-0.50206,-0.897332,-0.677209,0.648563,0.490663,0.822882,0.983567,0.568838,0.451156,0.050409,-0.166018,-0.019416,0.507322,-0.932818
0.807895,-0.792018,0.984827,-0.818095,-0.932436,-0.072781,0.651925,0.737562,-0.446719,-0.065297,0.287774,-0.08207,-0.568763,0.203617,-1.0
0.287149,0.116835,-0.659461,-0.454666,0.878291,0.417407,0.660223,0.914527,0.531204,0.242265,-0.340027,-0.09345,0.397023,0.164683,-1.0
0.389666,0.654233,0.429616,0.028484,0.354748,-0.581354,0.828414,0.012157,0.297112,-0.571465,-0.094902,0.201777,0.02481,-0.563172,-1.0
0.850558,0.003748,0.145304,-0.67086,0.988043,-0.048384,0.813159,0.50358,0.51111,-0.058229,-0.186143,0.038281,0.414992,-0.190417,-0.977663
-0.328771,-0.447317,-0.918692,0.47466,-0.51493,0.52184,0.557079,0.640828,-0.309875,0.315424,0.007275,-0.413449,-0.09776,0.366502,-0.909561
-0.304498,-0.302091,-0.19902,-0.662248,0.543423,-0.142895,0.601686,0.015289,0.48272,-0.161154,-0.469445,-0.051336,0.49987,-0.029957,-0.99516
0.92346,-0.440416,0.797788,-0.751326,0.707905,-0.728322,0.770353,0.162119,0.537889,-0.500659,0.046448,0.2378,-0.276687,-0.315391,-1.0
-0.306568,0.001701,0.122849,0.558317,-0.950572,-0.741808,0.810587,0.591762,-0.554328,-0.403908,0.087604,0.11286,-0.369258,-0.376821,-0.976695
0.903294,-0.695516,0.597487,0.802831,0.138699,0.416754,0.727377,0.145639,0.201887,0.612098,0.209522,-0.184404,-0.133337,0.448883,-0.955613
0.926898,-0.853528,0.606496,0.765055,-0.246456,-0.081759,0.402115,0.349426,-0.393201,-0.097051,0.493635,-0.403975,-0.438841,0.364939,-1.0
-0.592551,0.432008,-0.608687,-0.626951,-0.037152,-0.927409,0.092893,0.285132,-0.019934,-0.097354,-0.311555,0.856592,0.129031,-0.430528,-0.985949
-0.556208,-0.725509,0.830304,-0.989559,-0.633631,-0.509814,0.473377,0.783298,-0.307061,-0.282679,0.172195,-0.515239,-0.143,0.420611,-1.0
0.880141,-0.411812,-0.700125,-0.39082,-0.778873,-0.625578,0.092755,0.79859,-0.118869,-0.068287,0.888413,0.169651,-0.563483,0.005216,-1.0
0.605324,-0.565231,-0.730455,-0.7678,-0.786834,0.645723,0.632422,0.280371,-0.401108,0.424164,0.292142,-0.23606,-0.301742,0.196655,-0.951355
0.018438,-0.01177,-0.220857,-0.362933,-0.760916,-0.935166,0.070528,0.944256,0.057929,-0.108343,0.657365,0.662027,-0.358296,-0.456122,-1.0
-0.824736,-0.851431,0.439065,-0.079919,0.223033,0.938535,0.1207,0.552098,0.090931,0.069684,-0.480795,-0.89832,0.26665,0.389398,-0.937371
-0.182147,-0.853816,0.042695,-0.167819,0.422581,-0.664616,0.995371,0.447409,0.410453,-0.74924,-0.083982,-0.008399,0.445866,0.136305,-0.897
0.453625,0.935647,-0.049525,0.443253,-0.25134,0.196569,0.335353,0.391391,-0.23782,0.14275,0.508151,0.445353,-0.373695,-0.428956,-1.0
-0.680371,-0.956213,-0.003473,-0.526221,-0.539488,0.297159,0.129346,0.680633,-0.065463,0.08247,-0.1616,-1.0,0.072418,0.37087,-1.0
0.040299,-0.790174,0.355749,0.77374,-0.016877,-0.131531,0.91921,0.658825,-0.135115,-0.77369,0.083846,-0.111809,-0.004176,0.526343,-1.0
0.469186,-0.749116,-0.099166,-0.316945,-0.711043,0.970684,0.517866,0.12624,-0.188977,0.321305,0.204295,-0.461732,-0.323897,0.435126,-1.0
-0.12728,-0.176865,0.809138,0.201382,-0.734657,0.802636,0.945944,0.518022,-0.5281,0.564562,0.029377,-0.036653,-0.258593,0.462871,-1.0
0.088483,0.423206,-0.968124,-0.046826,-0.59462,0.975004,0.824517,0.280367,-0.341365,0.530327,0.102584,-0.154735,-0.413268,0.344299,-1.0
0.668996,-0.621815,0.515318,-0.111898,-0.407092,-0.23899,0.358147,0.758298,-0.270749,-0.100603,0.60703,-0.191351,-0.549835,0.076014,-0.901979
0.129481,0.581602,-0.853239,-0.022687,-0.32838,0.343086,0.074399,0.85425,-0.029971,0.008241,0.90126,0.438322,-0.493518,-0.285274,-0.948338
0.547827,-0.81597,0.024729,0.192257,-0.474974,0.517941,0.142163,0.815297,-0.026877,0.105,0.598343,-0.675416,-0.29202,0.407554,-1.0
-0.321623,0.808729,-0.612678,0.531132,-0.366949,-0.692033,0.608577,0.771383,-0.225143,-0.413954,-0.079866,0.413167,0.035575,-0.54801,-1.0
0.384158,0.301077,-0.514846,-0.430409,0.334822,0.62222,0.254201,0.795912,0.133495,0.233394,0.103621,-0.704953,-0.126972,0.479042,-0.978573
-0.063656,0.993251,0.908088,0.907074,-0.812695,0.635643,0.654016,0.544613,-0.439034,0.364758,0.380201,0.163814,-0.362069,-0.178121,-0.98724
-0.775515,-0.317539,0.691098,0.512844,0.088747,-0.722283,0.503048,0.712588,-0.037762,-0.42583,-0.45395,0.17481,0.451202,-0.267676,-0.946987
0.768687,-0.970908,-0.802902,0.562407,0.818625,-0.555439,0.322663,0.342222,0.226806,-0.105195,-0.09892,-0.687035,0.159168,0.392865,-0.968738
0.002871,-0.412739,-0.440586,-0.765149,-0.815759,-0.649232,0.38355,0.672788,-0.315794,-0.148119,0.679492,0.13962,-0.427032,-0.146794,-0.965335
-0.677777,-0.383888,0.478755,0.455387,0.384863,0.36136,0.756192,0.831232,0.515,0.414643,-0.244916,-0.125014,0.480094,0.272693,-0.951612
-0.868518,0.186193,0.151363,0.038771,0.077633,0.051427,0.362044,0.534337,0.176284,0.193563,-0.654698,0.054744,0.593283,-0.076673,-0.98841
-0.676192,-0.968731,-0.936313,0.966657,-0.082268,-0.590428,0.715417,0.573816,-0.056141,-0.591469,-0.263809,-0.174552,0.378099,0.289707,-1.0
0.670357,0.952597,0.525823,0.466708,-0.293973,-0.47224,0.097156,0.33031,-0.132963,-0.109259,0.452266,0.706643,-0.284487,-0.392253,-1.0
0.991536,0.390528,0.416806,-0.228287,-0.954157,0.896445,0.174162,0.441444,-0.106975,0.102499,0.73267,-0.145787,-0.509117,0.184954,-0.982284
0.636192,-0.644425,-0.18997,-0.524257,-0.661707,-0.680878,0.429716,0.591563,-0.235322,-0.116548,0.529663,0.024684,-0.560103,-0.009387,-0.949687
0.870277,0.730286,-0.152321,-0.686863,0.94982,-0.869207,0.159161,0.573786,0.201978,-0.08601,0.016358,0.960005,0.006476,-0.453532,-1.0
-0.256505,0.307389,0.529292,0.658144,-0.386026,-0.965836,0.061108,0.354282,-0.081872,-0.066732,0.015841,0.891715,-0.102005,-0.439164,-1.0
0.631646,0.282913,-0.198474,0.020752,-0.997571,-0.377771,0.991116,0.653772,-0.726958,-0.176667,-0.001222,0.061734,-0.462726,-0.228404,-0.957141
0.403639,-0.764968,0.58677,0.725127,0.713704,-0.168674,0.992544,0.180401,0.805763,-0.109681,-0.160816,-0.105399,0.290714,0.37416,-0.969054
-0.432689,0.317102,0.203681,0.533147,-0.098163,-0.016564,0.809132,0.373429,-0.717505,-0.140556,-0.109816,0.003184,0.381586,-0.310602,-1.0
-0.646892,-0.416678,0.067617,-0.309255,0.018015,0.227978,0.331315,0.523231,0.042366,0.246061,-0.514635,-0.468915,0.399886,0.351556,-1.0
0.696061,-0.513967,-0.17347,0.979433,0.588113,-0.676273,0.501011,0.143847,0.242878,-0.335001,0.244332,0.429392,-0.331219,-0.414022,-1.0
0.002664,-0.46934,0.025643,-0.925205,-0.938038,0.447906,0.679604,0.853772,-0.518763,0.190297,0.294608,-0.241069,-0.360962,0.362667,-0.994573
0.953497,-0.305769,-0.13212,-0.492341,-0.391553,-0.35915,0.789065,0.199234,-0.371871,-0.403716,0.278755,0.03794,-0.49382,0.012533,-1.0
-0.228529,0.837089,0.050012,-0.981106,-0.480324,-0.909527,0.40533,0.703786,-0.201677,-0.209052,0.114339,0.520008,-0.068525,-0.563779,-1.0
0.841229,-0.998255,-0.059949,0.489289,-0.493388,-0.309783,0.717214,0.403534,-0.3376,-0.310679,0.296748,-0.046284,-0.511465,0.24998,-1.0
0.014579,-0.897379,0.581674,-0.973161,0.217833,0.116771,0.832222,0.532087,0.626959,0.353077,0.018556,-0.119874,0.026323,0.544049,-1.0
0.659033,0.670845,0.115511,0.639408,0.286583,-0.512423,0.241241,0.331427,0.092031,-0.140601,0.354588,0.829691,-0.170177,-0.434494,-1.0
0.273481,-0.260086,-0.949736,-0.511974,-0.563995,-0.957894,0.204724,0.855625,-0.044194,-0.073809,0.613587,0.429315,-0.511997,-0.379094,-1.0
-0.776696,-0.78283,-0.138616,0.997663,-0.658463,0.735934,0.095748,0.949426,-0.038119,-0.023697,-0.146998,-0.783801,-0.022662,0.473289,-1.0
0.127183,-0.824669,-0.451797,0.682252,-0.187846,-0.652798,0.152863,0.708604,0.00181,-0.108576,0.725847,-0.539008,-0.414425,0.319246,-0.988724
-0.941743,-0.903361,0.196444,0.237449,-0.841621,-0.910309,0.7669,0.826299,-0.422715,-0.421602,-0.270007,0.068985,0.471959,-0.062672,-0.963539
0.439174,0.488636,-0.196516,0.651656,-0.555831,0.443505,0.313373,0.138506,-0.194746,0.09953,0.760058,-0.01032,-0.462882,-0.073639,-0.920898
-0.053187,0.595104,0.34389,0.607086,-0.811268,-0.008525,0.037391,0.159988,-0.15507,0.000128,0.701629,0.568182,-0.370932,-0.327785,-1.0
0.598017,-0.070939,-0.28818,-0.613721,0.273758,-0.606259,0.043323,0.767313,-0.049193,-0.081582,0.603941,0.803073,-0.306672,-0.408352,-0.894572
0.812269,-0.814951,-0.930607,-0.565541,0.9851,0.606565,0.229527,0.54373,0.195423,0.089572,-0.107235,-0.772484,0.073097,0.540123,-0.914694
0.245842,0.305669,0.067332,-0.838471,-0.552779,-0.016688,0.600481,0.715588,-0.502585,0.033917,0.405674,0.217916,-0.46031,-0.178849,-1.0
-0.475919,-0.014324,0.122743,-0.597011,-0.220163,0.949771,0.698507,0.454225,-0.121698,0.534529,-0.077224,-0.324144,0.1716,0.532176,-1.0
0.339727,0.964313,0.355196,-0.784431,-0.434738,0.336424,0.211085,0.285844,-0.191669,0.188618,0.616659,0.494057,-0.317302,-0.383989,-0.951679
0.726388,0.122038,0.152837,-0.498072,-0.487075,-0.017853,0.915232,0.620111,-0.758154,0.049567,0.092979,-0.000145,-0.464652,-0.004179,-0.988927
-0.226877,-0.00947,-0.925439,-0.764076,0.824616,0.062332,0.901123,0.991891,0.751534,-0.055202,-0.075891,-0.048447,0.474486,-0.012372,-0.936888
-0.662768,0.125973,0.714947,0.474709,-0.075967,-0.503918,0.202427,0.83685,-0.132221,-0.09916,-0.628256,0.573184,0.377294,-0.335642,-0.952031
0.106105,0.634783,0.673945,-0.971046,0.087847,0.578455,0.622091,0.360091,0.10425,0.534107,0.137951,0.354386,-0.203049,-0.516853,-1.0
-0.380304,-0.128337,0.650961,0.68745,-0.103221,0.754753,0.660291,0.206086,-0.098789,0.451888,-0.100125,-0.261832,0.12609,0.401263,-1.0
-0.071712,-0.552792,0.903132,-0.76796,0.779057,-0.408409,0.492316,0.003759,0.313582,-0.158405,-0.558047,-0.069426,0.497723,0.121387,-1.0
-0.921296,-0.944475,-0.018172,0.78106,0.081472,-0.539126,0.343796,0.420966,0.018744,-0.276564,-0.580365,-0.21178,0.430588,0.186348,-1.0
0.212283,-0.863216,-0.261826,0.143054,-0.984486,-0.867253,0.356052,0.813226,-0.187418,-0.198282,0.733525,-0.033453,-0.469821,0.084936,-0.930491
-0.407323,0.316745,-0.639657,0.593338,-0.283895,-0.806075,0.621829,0.214589,-0.143012,-0.431177,-0.035837,0.347797,0.042744,-0.546354,-1.0
-0.712736,-0.858602,-0.043896,-0.745036,-0.333869,-0.994203,0.987637,0.680203,-0.226309,-0.756628,0.119855,0.006536,0.412962,-0.147255,-1.0
0.553609,0.750431,0.111605,-0.023502,-0.705452,0.030691,0.393177,0.734919,-0.35196,0.021704,0.447817,0.289734,-0.407828,-0.224535,-1.0
0.105957,-0.048345,0.56725,-0.950689,-0.244406,-0.952364,0.052321,0.60193,-0.062407,0.013763,0.348586,0.840472,-0.164753,-0.481539,-0.929393
0.705531,-0.126767,0.996062,0.180473,0.747707,-0.519875,0.779257,0.69843,0.46203,-0.400146,-0.108816,0.129549,0.052535,-0.490609,-1.0
-0.970562,0.498279,-0.90647,-0.675844,-0.357367,0.682696,0.270409,0.292517,-0.159462,0.198315,-0.59352,-0.063423,0.465261,0.198953,-1.0
-0.233173,-0.450887,0.216348,0.11711,-0.983433,-0.099167,0.06642,0.162416,-0.063416,0.010421,0.901443,-0.441991,-0.500841,0.232329,-1.0
-0.222377,-0.548846,0.128427,0.911125,0.059691,-0.050814,0.908182,0.502332,0.512129,-0.350831,0.0716,-0.037047,0.231171,0.581657,-0.996254
-0.462639,-0.573537,0.343594,-0.399427,-0.672887,-0.788704,0.529896,0.141553,-0.427908,-0.34677,0.256057,0.225963,-0.379271,-0.31082,-0.957841
0.314052,0.174747,-0.203932,-0.246766,0.093827,0.049643,0.318977,0.56918,0.218612,0.097068,0.582326,0.420476,-0.453566,-0.183979,-1.0
-0.457645,-0.070333,0.495586,-0.371554,-0.886542,-0.173015,0.021131,0.905047,-0.054392,0.093162,0.911269,0.310036,-0.50558,-0.19726,-0.944434
0.084051,-0.636001,0.186436,-0.502896,-0.651317,-0.551623,0.328279,0.030668,-0.237829,-0.099924,0.68777,-0.015918,-0.486543,0.145879,-1.0
-0.272294,-0.283052,-0.284904,-0.769832,0.677954,-0.283489,0.694179,0.055547,0.504462,-0.221008,-0.348877,-0.069506,0.466719,-0.014203,-1.0
-0.015785,-0.897706,0.449486,0.21957,-0.369308,0.614065,0.414358,0.625704,-0.14992,0.329329,0.150362,-0.485551,-0.168017,0.477411,-0.997132
-0.936212,-0.270862,0.104935,0.958258,0.647353,-0.786473,0.843763,0.68526,0.463384,-0.452625,-0.146828,0.102219,0.383229,-0.152082,-1.0
0.452537,0.055041,0.218773,-0.848273,0.421592,-0.586393,0.709681,0.007739,0.355203,-0.39565,-0.020604,0.247857,-0.004155,-0.514034,-0.899349
0.338988,0.536848,-0.139774,0.097852,0.634759,-0.397485,0.798389,0.184524,0.600232,-0.287379,-0.042074,0.175034,0.134807,-0.4823,-1.0
-0.49615,-0.519372,-0.443837,-0.160409,0.716706,0.985975,0.409077,0.641743,0.241901,0.234929,-0.364091,-0.460461,0.275144,0.406127,-0.976844
-0.049062,0.54203,0.520278,-0.756529,-0.461774,-0.229487,0.605368,0.58039,-0.503807,-0.290416,0.115419,0.3495,-0.319257,-0.413916,-1.0
-0.679979,0.597029,-0.898787,-0.997132,0.849931,0.909011,0.665782,0.799485,0.396746,0.362411,-0.30957,-0.044339,0.392224,0.19443,-1.0
-0.164822,0.474634,0.699928,0.725805,0.467945,-0.630819,0.046949,0.244105,0.045745,-0.014225,-0.511873,0.83071,0.14271,-0.429144,-0.995365
-0.207326,-0.98821,0.822018,-0.47841,-0.273274,-0.449241,0.74289,0.160139,-0.294596,-0.463472,0.030143,-0.246429,-0.03268,0.541083,-1.0
-0.305565,0.277268,0.449426,-0.917785,-0.989786,0.090478,0.974615,0.307754,-0.700473,0.146667,0.102977,-0.02138,-0.495019,-0.073268,-0.986433
-0.666739,-0.525893,0.697246,0.220743,0.817962,0.619196,0.797453,0.726026,0.531425,0.425687,-0.172565,-0.165517,0.406929,0.262308,-1.0
-0.013015,-0.107604,-0.256197,0.757373,-0.440407,-0.181536,0.623659,0.205829,-0.515852,-0.214028,0.46762,0.093915,-0.460683,-0.080798,-1.0
0.684238,0.003509,0.006401,-0.687637,0.041017,0.682644,0.672144,0.575121,0.010639,0.622575,0.268536,-0.297217,-0.308377,0.442624,-1.0
0.631433,0.807016,0.108186,0.331162,0.670062,-0.232895,0.361275,0.175282,0.281605,-0.098063,-0.018584,0.703366,0.08508,-0.43557,-0.951293
-0.306634,0.558987,-0.613175,0.504794,0.50626,-0.232864,0.972749,0.103822,0.770263,-0.394475,-0.0536,0.02147,0.382046,-0.309647,-1.0
-0.523559,-0.057847,0.965143,0.931548,0.361168,0.473226,0.539039,0.030912,0.262409,0.357292,-0.391249,-0.248107,0.429202,0.215765,-0.999247
-0.326149,-0.568808,0.645051,0.719332,-0.418677,-0.435528,0.231977,0.378065,-0.192647,-0.095748,0.513396,-0.662866,-0.280675,0.355223,-1.0
0.310474,0.074549,0.993583,-0.947096,0.020796,0.944628,0.923065,0.238739,-0.040468,0.740597,0.074165,-0.099977,-0.159528,0.439565,-1.0
0.142925,0.902397,-0.864602,0.44794,-0.661431,-0.342947,0.283617,0.3328,-0.253103,0.000386,0.415771,0.557419,-0.274166,-0.424306,-1.0
0.050556,0.897839,0.429997,-0.523491,0.931492,0.851005,0.399234,0.358214,0.255685,0.141154,-0.608257,0.083962,0.498214,-0.081849,-1.0
0.51774,-0.375222,-0.193195,-0.926452,0.633489,0.99197,0.163235,0.044408,0.062084,0.114947,-0.068039,-0.81764,0.100556,0.491774,-0.934493
-0.040298,-0.897789,0.923405,0.022859,0.080582,0.511444,0.839958,0.935045,0.116111,0.696978,0.015641,-0.141125,-0.003647,0.513459,-0.942033
-0.625919,0.061159,0.346352,0.654616,0.798233,-0.215619,0.067418,0.201269,-0.084667,-0.042003,-1.0,0.122763,0.52978,-0.135659,-1.0
0.870778,-0.860817,-0.17191,-0.906767,-0.946807,0.993614,0.901559,0.523718,-0.505614,0.512795,0.030574,-0.027066,-0.300868,0.303055,-1.0
-0.711894,0.947653,-0.329208,0.88127,0.974657,0.675373,0.518531,0.272511,0.358767,0.249903,-0.500643,0.165205,0.384908,-0.068359,-1.0
-0.262729,0.501758,-0.051487,0.109066,0.879282,-0.188171,0.397178,0.748234,0.330784,-0.049497,-0.506461,0.253781,0.473135,-0.25112,-1.0
-0.299893,0.009808,-0.432995,0.894493,0.160354,0.078203,0.973325,0.493665,0.638595,0.306033,-0.075249,0.005923,0.512969,0.062287,-0.930444
0.163474,-0.032163,-0.95523,-0.523021,-0.454933,0.698768,0.409398,0.781099,-0.090573,0.284162,0.32432,-0.458868,-0.310126,0.354129,-0.897983
-0.156574,-0.687887,-0.281874,-0.838729,0.613461,-0.21154,0.868509,0.126933,0.71396,-0.270515,-0.13052,-0.012034,0.451075,0.293103,-0.974951
0.143253,0.048011,-0.162688,0.442902,0.734949,0.585666,0.148719,0.189281,0.192025,0.059888,-0.659468,-0.632376,0.393168,0.3155,-1.0
-0.804919,0.968765,-0.490229,-0.739561,0.434065,-0.763603,0.799664,0.506718,0.269646,-0.571439,-0.025332,0.181582,0.252581,-0.431782,-1.0
0.315112,0.637827,-0.35788,-0.877992,0.225611,-0.113184,0.029587,0.784521,0.008093,0.0079,0.134295,0.949884,-0.125646,-0.505759,-1.0
-0.39402,-0.919983,-0.063367,-0.740701,-0.667762,0.816936,0.237758,0.477534,-0.148903,0.126791,0.137609,-0.756299,-0.072287,0.522411,-0.949194
0.243446,0.774625,-0.301283,0.694514,-0.277906,0.964575,0.288167,0.594204,-0.101519,0.225353,0.664336,-0.206412,-0.440309,0.162079,-1.0
0.251014,0.254928,0.348311,0.583376,-0.702348,0.950735,0.868261,0.172991,-0.526357,0.4775,0.089374,0.015237,-0.448947,0.332107,-0.932623
-0.694745,0.309961,-0.67048,0.610017,-0.714306,0.535733,0.791296,0.409663,-0.54378,0.370648,0.029894,-0.27093,-0.041802,0.54171,-1.0
-0.785916,-0.712733,-0.617826,0.099406,0.953838,0.485719,0.41789,0.134832,0.291374,0.176621,-0.423625,-0.243127,0.46904,0.256379,-0.983964
-0.985752,0.613646,-0.383809,-0.582837,-0.952822,0.586277,0.948184,0.25237,-0.650294,0.440547,-0.038498,0.107022,0.39732,-0.289964,-1.0
0.529058,-0.281151,-0.432731,-0.796784,-0.009899,-0.721831,0.196968,0.55527,0.040361,-0.190076,0.572972,0.441319,-0.327301,-0.168673,-1.0
0.93249,0.101396,0.36297,0.024428,0.257273,-0.641554,0.328834,0.109322,0.057102,-0.214667,0.447022,0.47967,-0.403164,-0.376059,-1.0
0.693532,0.94588,-0.903232,-0.958822,-0.664579,-0.133882,0.458166,0.643345,-0.370658,-0.022556,0.439317,0.342969,-0.299815,-0.29128,-1.0
-0.282558,0.561302,-0.316115,-0.181041,-0.968757,0.435425,0.846065,0.849596,-0.568529,0.368341,0.080258,0.006025,-0.468909,-0.110784,-0.989005
-0.950313,0.837144,0.788882,0.133601,0.183133,0.953912,0.07394,0.325868,-0.006082,0.084426,-0.934581,-0.156856,0.534594,0.042291,-1.0
-0.723248,-0.22649,0.435749,-0.783839,-0.721869,-0.291362,0.805768,0.293837,-0.558282,-0.213354,0.038983,0.224778,0.055853,-0.476391,-0.956923
0.940163,0.166048,0.510849,0.58823,0.16643,-0.275342,0.743011,0.830024,0.253116,-0.473122,0.224687,0.056721,-0.49274,-0.26038,-1.0
-0.458838,-0.11433,0.241004,-0.57982,0.980525,0.810698,0.715734,0.26062,0.574271,0.335124,-0.213169,-0.224015,0.410491,0.190766,-0.954322
-0.953702,-0.425789,0.424176,0.532804,-0.957607,0.733487,0.188063,0.513926,-0.128508,0.033479,0.088285,-0.862518,0.064547,0.445799,-0.925881
0.237671,0.984861,0.54038,0.433897,0.590412,0.818718,0.158973,0.428615,0.059406,0.052087,-0.727661,0.296636,0.391494,-0.178026,-1.0
-0.763976,0.445064,0.695406,-0.779885,0.69858,-0.642344,0.658238,0.837113,0.429618,-0.305923,-0.327662,0.157638,0.311415,-0.322014,-1.0
0.428853,0.218253,-0.134247,0.342828,0.011154,-0.138741,0.316265,0.074485,-0.015554,-0.299438,0.540869,0.446396,-0.334035,-0.323669,-0.95587
-0.382314,0.733169,-0.061281,-0.92774,-0.325091,-0.315852,0.167272,0.789361,-0.03222,0.003896,-0.036623,0.874649,-0.019066,-0.423492,-0.969148
0.917607,-0.976818,0.630539,-0.934024,0.516931,0.267652,0.763192,0.025027,0.543182,0.285839,-0.04599,-0.338747,-0.222338,0.523168,-0.981749
-0.802204,-0.749958,0.167204,-0.07348,0.412169,-0.262289,0.215213,0.854825,0.147831,-0.09778,-0.75068,-0.215592,0.417352,0.256078,-0.946464
-0.470298,0.328277,-0.740699,0.118543,-0.843697,-0.576947,0.906841,0.314992,-0.611529,-0.405005,0.054026,0.15951,-0.119095,-0.448967,-1.0
0.483353,-0.834211,0.808937,-0.078351,-0.914689,0.727947,0.534302,0.922352,-0.361697,0.24734,0.38918,-0.387616,-0.318458,0.36588,-0.986586
0.147739,-0.759903,-0.303767,0.433786,-0.07099,-0.407105,0.253014,0.659897,-0.036746,-0.249925,0.368963,-0.680628,-0.332674,0.363927,-1.0
-0.520482,-0.315063,-0.106401,0.709846,0.54641,0.562218,0.403624,0.08998,0.179707,0.28107,-0.447433,-0.382348,0.417285,0.319052,-1.0
0.99648,0.306716,0.624104,0.909775,-0.923955,0.305976,0.144141,0.061698,-0.248811,0.08953,0.781077,-0.044355,-0.446635,0.042257,-1.0
-0.512627,-0.479906,-0.71498,0.003829,0.035103,-0.329127,0.267576,0.702743,0.080202,-0.289514,-0.674268,-0.141705,0.480784,0.094982,-1.0
0.554421,0.302422,-0.407697,0.589822,0.715377,-0.881133,0.561067,0.726392,0.360657,-0.383742,-0.048516,0.372714,0.102452,-0.517602,-0.916188
-0.993899,-0.892525,0.920454,-0.533862,-0.982485,0.983295,0.999123,0.950692,-0.516864,0.545048,0.115925,-0.001355,-0.045854,0.479327,-1.0
-0.283817,0.223885,-0.357186,0.206216,-0.272753,-0.332468,0.622414,0.026678,-0.286075,-0.447713,0.021512,0.411597,-0.004786,-0.514443,-0.984327
-0.250218,0.074575,-0.677612,-0.851859,0.57266,-0.534198,0.948793,0.247726,0.445759,-0.501591,-0.037321,0.007177,0.437247,-0.311618,-1.0
-0.647515,0.71306,0.132584,0.392518,-0.743964,-0.43399,0.053354,0.239074,-0.082013,-0.054666,0.131386,0.890949,0.03139,-0.446687,-0.998277
0.658684,-0.339004,0.045723,0.543337,0.527359,0.24206,0.433043,0.265433,0.349128,0.104319,0.065882,-0.525806,-0.093415,0.457109,-1.0
-0.733006,0.173229,-0.211067,0.141827,-0.01714,0.227836,0.644165,0.191995,-0.018097,0.436809,-0.342634,-0.012952,0.500786,0.02932,-0.997552
0.975814,-0.045979,-0.905495,-0.841636,0.510392,-0.389768,0.510704,0.0076,0.268285,-0.201782,0.334077,0.27844,-0.387997,-0.33892,-0.972021
0.602375,0.192498,-0.007488,-0.352454,0.203852,-0.597656,0.043419,0.358765,-0.03121,-0.102879,0.441095,0.788814,-0.203384,-0.514245,-0.981258
0.859529,-0.141171,0.229968,0.193904,-0.712819,-0.398919,0.487466,0.530113,-0.321666,-0.143556,0.473562,0.160009,-0.597728,-0.104177,-1.0
0.247952,0.777478,-0.821671,-0.762482,-0.225092,0.933704,0.313896,0.560316,-0.052367,0.283709,0.681691,-0.126759,-0.387935,0.143474,-1.0
-0.571775,-0.567922,0.413053,0.644485,0.812539,-0.943362,0.636945,0.897625,0.40881,-0.323463,-0.273422,-0.010867,0.473974,-0.124778,-1.0
0.271405,-0.25265,0.03814,-0.47803,-0.677061,-0.222437,0.346478,0.551678,-0.2981,-0.119259,0.695085,0.029766,-0.52931,0.039029,-1.0
0.069146,-0.580043,-0.107318,0.355836,-0.777777,-0.241233,0.418135,0.529456,-0.358822,-0.163113,0.520439,-0.174844,-0.495706,0.165057,-1.0
-0.5936,-0.304063,0.388787,0.274194,0.441903,0.876578,0.98878,0.419164,0.423465,0.677026,-0.096165,-0.007169,0.377438,0.383856,-0.999682
-0.508993,-0.428738,0.194896,-0.371344,0.305671,0.578101,0.22706,0.792116,0.075121,0.203591,-0.515213,-0.547844,0.345733,0.338485,-0.946182
0.993188,0.561367,-0.283367,0.632639,-0.707643,-0.782037,0.847399,0.22862,-0.518272,-0.523638,0.232068,0.097074,-0.34976,-0.305917,-0.962276
0.291963,0.325328,-0.330679,0.440077,-0.820671,0.778089,0.775587,0.781982,-0.462248,0.473401,0.157079,-0.068715,-0.44772,0.188287,-0.934245
0.447367,0.750184,0.327768,-0.593868,0.089647,-0.675837,0.766406,0.163028,0.09664,-0.58514,-0.012753,0.304058,-0.108003,-0.488965,-0.915466
0.851113,-0.95033,0.944036,-0.272049,-0.322663,0.662563,0.794014,0.004014,-0.273246,0.525945,0.137385,-0.179644,-0.224249,0.450325,-0.933051
-0.05856,0.846502,0.499601,-0.780927,-0.494086,0.98623,0.858012,0.210213,-0.279105,0.674517,0.099972,-0.1117,-0.461685,0.162151,-1.0
0.34933,-0.195066,-0.897729,-0.95779,0.040634,0.128605,0.884054,0.466153,0.22057,0.680331,0.085483,0.024801,-0.407402,0.477052,-0.997035
0.205986,0.882134,0.822117,0.122773,-0.695119,0.301914,0.267231,0.721372,-0.201075,0.054533,0.69832,0.395858,-0.386275,-0.230361,-0.989065
-0.260102,-0.393741,-0.107509,-0.200022,-0.064885,-0.284476,0.017029,0.321681,0.051298,0.012422,-0.85159,-0.448688,0.532548,0.203098,-0.895052
-0.20187,0.924718,-0.092048,-0.030377,0.643619,-0.207501,0.576263,0.226164,0.425436,-0.13664,-0.317811,0.422377,0.361607,-0.331451,-1.0
0.688178,-0.368722,-0.598053,0.895841,0.31068,0.213259,0.408193,0.994161,0.27514,0.176958,0.29433,-0.533752,-0.301779,0.368413,-0.934182
0.119994,0.419431,0.302488,0.463065,0.551663,0.030896,0.322591,0.422588,0.239353,0.098279,-0.397139,0.45855,0.319369,-0.364852,-1.0
-0.099734,-0.042481,-0.145715,0.826418,0.842302,-0.704521,0.040967,0.256586,0.077625,0.014656,-0.725874,0.586348,0.460038,-0.24712,-1.0
0.496353,0.318742,-0.505111,0.037611,-0.663775,-0.961379,0.460616,0.480834,-0.35015,-0.272064,0.337378,0.424569,-0.337178,-0.35028,-1.0
0.578695,-0.23119,0.43669,-0.86748,-0.171764,0.922332,0.555433,0.349578,-0.09351,0.480959,0.197561,-0.350003,-0.272734,0.465374,-1.0
-0.020058,-0.026899,0.823614,-0.000956,-0.223123,0.806829,0.300618,0.448271,-0.077085,0.24752,0.146037,-0.717305,-0.118371,0.530406,-0.96664
-0.045874,0.939349,0.569447,0.70298,0.693658,-0.359666,0.479957,0.750871,0.273317,-0.175714,-0.276441,0.400438,0.237398,-0.38053,-0.961046
0.789226,0.96979,-0.085468,-0.524409,-0.693776,-0.750596,0.272915,0.2212,-0.195423,-0.213695,0.491016,0.596358,-0.328396,-0.365982,-0.949949
0.397056,-0.234992,-0.006357,0.964961,0.043161,-0.291877,0.910025,0.979833,0.085735,-0.678898,0.174649,0.008202,-0.481017,-0.179362,-1.0
0.279933,-0.543225,0.809193,-0.606847,0.882183,0.513693,0.79593,0.972417,0.499713,0.340024,0.060051,-0.174766,0.281615,0.356564,-1.0
-0.508669,0.457349,-0.13656,-0.06468,0.231874,-0.179405,0.756352,0.576703,0.466726,-0.449582,-0.106218,0.190623,0.396438,-0.358914,-0.977399
-0.479836,-0.081257,0.399414,0.519487,0.89667,0.544271,0.314515,0.264438,0.127909,0.119225,-0.70495,-0.21988,0.431315,0.334778,-1.0
-0.488561,0.935439,-0.594443,-0.714007,0.782842,-0.819787,0.695345,0.506953,0.409755,-0.364629,-0.131658,0.203046,0.244641,-0.417522,-0.966047
-0.928369,0.755581,0.616234,0.793017,-0.093481,-0.038667,0.390299,0.410623,-0.308744,-0.205331,-0.504074,0.474047,0.363566,-0.345935,-1.0
-0.257736,0.526283,-0.30178,-0.348588,0.438479,-0.351886,0.801704,0.646005,0.485407,-0.39313,-0.151081,0.136374,0.345783,-0.355016,-0.960892
0.567784,-0.458404,-0.14345,-0.052279,0.017138,-0.60678,0.955257,0.082445,0.065833,-0.787402,0.068627,0.005073,-0.556881,-0.125928,-1.0
-0.855518,0.750122,-0.985976,-0.89826,-0.699407,0.180392,0.582071,0.81691,-0.532975,0.089225,-0.144763,0.453212,0.170719,-0.508929,-0.988792
-0.707129,0.117107,-0.130988,-0.721397,0.677297,-0.15441,0.122674,0.911424,0.120783,0.021812,-0.860062,0.202995,0.456212,-0.208886,-0.932218
-0.137548,0.340769,-0.009819,-0.730199,-0.784605,0.870757,0.908366,0.231443,-0.448681,0.58107,0.011884,-0.040774,-0.379045,0.292326,-0.980388
-0.178707,0.39009,0.847578,0.919072,-0.360831,-0.17411,0.46039,0.465531,-0.305648,-0.194349,0.231918,0.489805,-0.210939,-0.416833,-0.970889
-0.100346,0.309717,-0.982497,-0.250208,-0.701303,0.265966,0.322793,0.089939,-0.178131,0.031465,0.727468,0.106285,-0.49277,-0.010484,-0.970591
-0.98569,0.428349,0.744937,-0.841232,0.526712,0.350815,0.12188,0.939528,0.096175,0.111582,-0.840745,0.111218,0.516653,-0.012216,-1.0
-0.932445,-0.766193,-0.542595,-0.68515,0.536262,-0.704709,0.717927,0.663532,0.367433,-0.491316,-0.334684,-0.019019,0.522181,0.081238,-0.955142
-0.312056,0.367228,0.455437,0.186857,-0.134979,-0.924452,0.650008,0.422472,-0.142347,-0.577442,-0.147058,0.411382,0.033949,-0.528442,-0.966475
-0.780862,0.41551,-0.700346,0.292078,-0.285622,0.377149,0.983454,0.121778,-0.400345,0.683829,-0.04198,0.034132,0.544633,-0.066376,-1.0
0.206288,-0.611275,-0.243787,0.922906,-0.800272,0.067596,0.169153,0.354009,-0.099431,-0.143033,0.812391,-0.554438,-0.447651,0.347195,-1.0
0.123536,0.562559,-0.682542,0.890653,-0.479553,0.545345,0.473046,0.414983,-0.220676,0.215013,0.498985,-0.003154,-0.464713,-0.07468,-0.983262
0.416829,0.085733,-0.336489,0.35259,-0.001243,-0.014839,0.745092,0.553834,-0.047865,-0.552145,0.198701,0.013162,-0.355158,-0.159256,-0.917532
0.990226,-0.352709,0.512187,-0.6508,0.748528,-0.806208,0.48536,0.297108,0.279889,-0.348156,0.21694,0.548602,-0.305392,-0.430691,-0.984039
0.68174,-0.315572,-0.862976,-0.154529,-0.697258,0.462992,0.892884,0.271529,-0.577898,0.273426,0.092231,-0.07041,-0.387353,0.335005,-1.0
-0.631727,0.317186,-0.307259,-0.682291,-0.22671,-0.712277,0.800739,0.796863,-0.174539,-0.697176,-0.003795,0.185998,0.176678,-0.374137,-0.955548
-0.132489,-0.42673,0.869023,-0.266361,-0.559408,0.930782,0.344528,0.365712,-0.192702,0.223238,0.156273,-0.649631,-0.203878,0.473739,-1.0
0.277104,0.119904,0.637405,0.714904,-0.987744,-0.352857,0.267939,0.450156,-0.175063,0.018525,0.700168,0.283748,-0.496335,-0.10196,-0.988423
0.551823,0.307676,-0.147451,0.85451,0.340707,-0.305234,0.814702,0.011905,0.46151,-0.494447,-0.031783,0.167336,-0.123547,-0.476188,-0.91749
0.580075,0.088984,-0.465377,-0.345641,0.235278,0.135491,0.362366,0.83486,0.251991,0.15529,0.611505,-0.098965,-0.557549,0.047392,-1.0
0.394233,0.373083,-0.853761,0.744027,-0.487238,-0.78719,0.175662,0.641077,-0.168784,-0.112227,0.443711,0.726272,-0.294359,-0.42133,-0.958034
0.529813,0.346435,0.282532,-0.109972,-0.066562,0.123645,0.806769,0.257055,-0.333558,0.56049,0.191719,0.010746,-0.4314,-0.172869,-0.971879
-0.975452,-0.996932,0.287478,0.107007,0.407228,-0.600043,0.37988,0.126966,0.22393,-0.215848,-0.512719,-0.160713,0.423185,0.212541,-0.900149
0.656342,0.190258,0.789606,-0.906076,0.646903,0.890853,0.072598,0.497252,-0.009369,-0.07189,0.010364,-0.883243,-0.046279,0.49227,-0.930506
0.814256,-0.508631,0.132369,0.262494,0.781937,-0.269026,0.440722,0.700426,0.359886,-0.071826,0.120418,-0.560517,-0.047793,0.48638,-1.0
-0.907477,-0.506396,0.90882,-0.131886,0.696271,-0.241445,0.500556,0.311554,0.399199,-0.15606,-0.465836,-0.071549,0.473439,0.057616,-1.0
-0.672944,-0.005231,-0.485167,0.575036,0.642513,0.094389,0.65808,0.792997,0.571693,0.180486,-0.423462,-0.065251,0.485645,0.015972,-0.998514
-0.051074,-0.058108,-0.8646,-0.749321,-0.087605,0.149931,0.137524,0.280281,-0.05585,0.144034,0.171676,-0.805114,-0.110191,0.511982,-0.949662
-0.034403,0.172503,-0.471498,-0.329002,0.443208,-0.579207,0.866075,0.195297,0.494348,-0.480826,0.03618,0.139806,0.267173,-0.391065,-0.952363
-0.639215,-0.415174,0.845517,0.528409,-0.671945,0.90334,0.066815,0.171521,-0.042228,0.078151,0.090731,-0.885158,0.08881,0.459221,-1.0
-0.421131,0.39159,0.877574,-0.471556,-0.994692,0.53209,0.780209,0.842978,-0.589782,0.199479,0.134069,0.010319,-0.430659,0.145947,-1.0
0.823543,-0.076151,0.575154,0.493438,0.614001,-0.703777,0.724161,0.139064,0.323917,-0.381186,0.025829,0.244929,-0.099172,-0.446296,-1.0
0.152049,-0.168287,-0.485112,0.638787,-0.48358,-0.005449,0.721053,0.911623,-0.603763,-0.008743,0.264152,-0.144506,-0.581084,0.146637,-1.0
0.337089,0.981273,-0.660258,-0.829058,-0.927014,0.553296,0.449694,0.491541,-0.288393,0.159715,0.50826,0.063809,-0.450841,-0.101653,-1.0
0.769904,-0.819753,0.727957,-0.282235,0.464814,-0.611085,0.718869,0.897813,0.316687,-0.463525,0.283327,-0.183391,-0.410476,0.321696,-1.0
0.446924,0.339812,0.33678,0.649547,0.207386,0.877756,0.16676,0.72202,-0.070146,0.109401,0.303334,-0.792179,-0.149581,0.512077,-1.0
-0.09723,-0.970271,-0.006256,0.289057,0.433137,0.969093,0.491956,0.831942,0.104239,0.356533,-0.071702,-0.498885,0.155508,0.508514,-0.957133
-0.911149,0.352819,0.297689,-0.53263,0.739156,-0.541549,0.5262,0.087729,0.392913,-0.177227,-0.386916,0.219349,0.390706,-0.190919,-0.941466
-0.845583,-0.026356,-0.743482,-0.818382,0.401295,-0.92638,0.980768,0.328637,0.274664,-0.763624,-0.007084,-0.077655,0.428811,-0.243938,-1.0
0.238756,-0.011268,-0.011273,-0.826953,-0.125493,0.420703,0.292813,0.265323,-0.051902,0.208488,0.516728,-0.522313,-0.341954,0.375239,-0.936988
0.278668,-0.01781,0.369755,-0.401181,0.971948,0.635325,0.268099,0.701297,0.112546,0.116992,-0.649124,-0.557314,0.40272,0.31273,-1.0
0.022303,-0.030868,0.538259,0.266199,0.040146,0.287278,0.710081,0.661617,0.078501,0.514152,0.067455,-0.272722,0.123833,0.531941,-0.971965
-0.53219,0.702174,-0.096213,-0.55328,-0.705085,0.737889,0.168865,0.06208,-0.101321,0.162816,0.877075,-0.159244,-0.455339,0.089056,-0.945764
-0.636808,-0.321865,-0.337461,0.344021,0.489526,0.187277,0.31923,0.625733,0.28074,0.104361,-0.654301,-0.284189,0.497112,0.163631,-0.965254
0.201343,-0.707124,0.051895,0.372697,-0.503275,-0.518175,0.647028,0.503145,-0.398431,-0.409638,0.357716,-0.11838,-0.557355,0.048698,-1.0
0.561969,0.37821,-0.066856,-0.6226,0.843738,-0.649203,0.197868,0.77318,0.13405,-0.066209,-0.19175,0.709578,0.096408,-0.451792,-1.0
0.21113,0.093213,0.832424,-0.130302,0.543905,0.68379,0.867266,0.510237,0.414841,0.565174,-0.089711,-0.094357,0.311344,0.490652,-1.0
-0.095335,-0.990954,-0.042444,0.193667,-0.248574,-0.273311,0.291242,0.630557,-0.181203,-0.205288,0.135807,-0.614867,-0.083709,0.503427,-1.0
0.776157,-0.803894,0.790504,-0.80544,0.801576,-0.453364,0.702682,0.277755,0.482896,-0.277386,-0.11194,-0.286593,0.073049,0.491508,-0.96034
-0.883624,0.285596,-0.204036,-0.82862,0.06111,0.994362,0.188524,0.349445,0.04223,0.088875,-0.590199,-0.440625,0.428811,0.242612,-0.992339
-0.150166,-0.855626,0.926225,0.086473,-0.905687,0.856134,0.556076,0.275139,-0.258752,0.330787,0.107553,-0.42995,-0.150005,0.406716,-1.0
-0.199595,-0.598235,-0.625548,0.559707,0.418032,0.496736,0.098606,0.814868,-0.014527,0.160431,-0.416985,-0.760407,0.256067,0.453055,-0.974541
0.913033,-0.469087,-0.485075,-0.005431,0.706838,-0.020011,0.832268,0.239657,0.719297,-0.037562,0.13952,-0.153719,-0.154081,0.417024,-0.984051
0.135641,-0.929299,-0.20197,0.521562,-0.606108,0.701705,0.655277,0.780398,-0.37373,0.391175,0.148972,-0.421631,-0.237758,0.482787,-1.0
-0.979635,0.136544,0.358637,-0.039899,0.057007,-0.185165,0.746691,0.115715,0.189367,-0.623205,-0.290184,0.121313,0.500938,-0.089552,-1.0
0.338698,0.082801,-0.994882,0.036791,-0.691698,-0.492823,0.883877,0.592163,-0.612721,-0.505034,0.13334,-0.011742,-0.446519,-0.257902,-1.0
-0.401854,0.341096,0.787037,-0.962713,-0.465414,0.964328,0.114885,0.812897,-0.086224,0.07428,0.101928,-0.887993,-0.055831,0.439806,-1.0
-0.698258,0.965408,-0.240179,0.147974,-0.095296,-0.386576,0.255664,0.554551,-0.036831,-0.243881,-0.279219,0.711531,0.205342,-0.421872,-1.0
0.720276,0.641856,0.795163,-0.597821,0.291796,0.119389,0.616342,0.125073,0.452369,0.12664,0.301423,0.332202,-0.32401,-0.353832,-1.0
0.654057,0.469763,0.760214,-0.241029,0.030404,-0.659049,0.31463,0.55628,0.021303,-0.233044,0.336414,0.539171,-0.305593,-0.408758,-1.0
-0.8804,0.903306,-0.805256,-0.598314,-0.028651,-0.122934,0.079642,0.502054,-0.03709,-0.055991,-0.531452,0.636798,0.294863,-0.287697,-1.0
0.0591,-0.546798,-0.483472,0.094211,0.606347,0.43438,0.487783,0.771315,0.268293,0.284816,-0.286211,-0.50512,0.251835,0.446304,-1.0
0.873531,0.086758,-0.611096,0.003867,-0.564432,-0.047398,0.694475,0.797185,-0.611868,-0.156361,0.239229,0.14282,-0.480284,-0.007026,-1.0
-0.61962,-0.841723,0.789654,-0.810658,0.515883,0.800333,0.186865,0.212375,0.102892,0.141912,-0.43386,-0.653552,0.277305,0.502649,-1.0
-0.545973,-0.180549,-0.047926,-0.759329,0.027214,0.619901,0.950511,0.668215,-0.013648,0.759407,-0.044492,0.04438,0.285666,0.363002,-0.950656
0.026279,0.755356,0.350166,-0.818495,0.765158,-0.237605,0.028811,0.690445,-0.007815,-0.026544,-0.573877,0.827045,0.329108,-0.434851,-1.0
-0.795939,-0.222113,0.456713,0.465885,0.520536,0.273238,0.680934,0.780401,0.436967,0.274558,-0.192627,-0.111966,0.505989,0.124022,-0.996986
-0.973801,0.481617,-0.74403,0.816153,0.766195,-0.274312,0.322369,0.584112,0.189902,-0.108139,-0.701305,0.342051,0.415194,-0.063957,-0.921316
0.736297,-0.190936,0.232145,0.022115,0.66942,-0.29604,0.07621,0.371874,0.066321,0.0228,0.472341,0.735587,-0.302603,-0.446578,-0.990821
0.297938,-0.033397,0.871975,0.465286,-0.393017,0.908459,0.791415,0.456884,-0.250371,0.49008,0.159343,-0.120629,-0.246505,0.333511,-0.997441
-0.130788,-0.728034,0.674241,-0.844014,0.755593,0.094651,0.649381,0.051902,0.547985,0.049088,-0.2122,-0.287584,0.339914,0.292122,-1.0
-0.811392,-0.299888,-0.697535,-0.786979,0.994124,0.215587,0.625222,0.74321,0.633459,0.187156,-0.348974,-0.175957,0.497771,0.18774,-0.99507
0.500133,-0.74001,-0.215439,0.290554,-0.239187,0.414273,0.370892,0.070348,-0.144346,0.261141,0.317053,-0.519707,-0.221817,0.486212,-0.999907
0.678621,0.886973,-0.647767,-0.473726,0.286706,-0.282366,0.947193,0.320185,0.592199,-0.591771,0.139885,-0.019112,-0.184461,-0.421038,-0.971111
0.262745,-0.089872,0.780865,0.080662,-0.743461,0.99623,0.178256,0.566286,-0.096719,0.123769,0.558536,-0.638876,-0.376722,0.311895,-1.0
-0.301482,0.996983,0.473025,0.191772,0.600492,-0.205336,0.260614,0.139016,0.270099,-0.100993,-0.435811,0.593537,0.346304,-0.4072,-1.0
-0.557222,0.330169,-0.471712,0.647311,-0.86852,0.254693,0.85356,0.343429,-0.707666,0.121468,0.193394,0.03305,-0.42797,-0.182006,-1.0
0.149651,0.255666,-0.659092,-0.283252,0.686104,0.479781,0.447053,0.062384,0.241227,0.217651,-0.546602,-0.20162,0.537744,0.219886,-1.0
0.454376,0.483692,0.702488,-0.345989,0.548591,0.351364,0.51171,0.112776,0.282084,0.207613,-0.265656,0.38538,0.377876,-0.415991,-1.0
0.322412,-0.602215,-0.220588,-0.527469,-0.247866,0.192588,0.150199,0.423485,-0.071555,0.009196,0.474778,-0.591872,-0.247444,0.445754,-0.949346
0.521244,-0.8188,0.590121,-0.251766,0.026137,0.997456,0.887451,0.717547,0.088032,0.731315,0.020611,-0.165704,-0.061231,0.491898,-1.0
-0.534408,-0.395991,0.330388,0.607804,-0.407843,0.416616,0.85328,0.721033,-0.572704,0.494144,-0.028499,-0.13583,0.005515,0.406391,-0.985955
0.436981,0.073633,-0.810091,0.259308,-0.872431,0.585643,0.178885,0.936657,-0.167223,0.069863,0.733504,-0.345396,-0.580688,0.211068,-1.0
-0.609669,-0.20589,0.192633,-0.243001,-0.347451,0.108094,0.220062,0.876405,-0.153222,0.042492,-0.476557,-0.511893,0.337604,0.439449,-0.950304
0.62672,0.390256,0.055987,-0.420223,-0.576728,-0.616926,0.620197,0.322253,-0.3336,-0.398121,0.328702,0.164071,-0.375138,-0.372747,-0.969341
0.462332,0.18542,0.66802,-0.830704,-0.314484,-0.090018,0.037141,0.742373,-0.04182,0.019001,0.94819,0.304703,-0.558928,-0.144533,-0.946704
-0.946735,-0.874966,-0.353031,0.875253,0.776663,0.725826,0.771653,0.948354,0.422914,0.401295,-0.231147,-0.134109,0.308144,0.356939,-0.960073
0.468158,-0.042479,0.035274,-0.150439,0.601397,0.517408,0.709022,0.875412,0.509131,0.305514,-0.014186,-0.358148,0.080559,0.510128,-1.0
0.892087,0.551325,0.687353,-0.249463,-0.830603,-0.452711,0.61866,0.269869,-0.456106,-0.201169,0.259443,0.100015,-0.415433,-0.286129,-1.0
-0.400442,0.70455,0.673912,0.343228,0.175736,-0.167513,0.365098,0.218583,0.184051,-0.24852,-0.30417,0.538373,0.292193,-0.38234,-0.872585
-0.432051,-0.970664,0.932552,-0.038343,-0.102205,-0.159849,0.831801,0.227121,-0.389078,-0.556909,-0.088439,-0.164626,0.189386,0.390177,-1.0
-0.261013,0.611637,0.413934,-0.186581,-0.82458,0.550378,0.338121,0.206183,-0.206563,0.20108,0.655027,0.058339,-0.491938,-0.058832,-1.0
0.282397,-0.974576,-0.215142,-0.065134,-0.200875,0.582666,0.837911,0.374065,-0.316684,0.5585,0.07267,-0.092645,-0.194185,0.433897,-1.0
-0.18559,0.546813,0.864784,0.571817,-0.747382,-0.45424,0.002982,0.916554,0.067934,0.023658,0.47819,0.846723,-0.234446,-0.435541,-1.0
0.088317,0.084347,-0.632732,-0.979144,0.769267,-0.177129,0.958581,0.403043,0.700678,-0.085487,-0.010214,0.001131,0.449939,-0.146103,-0.965756
0.921629,-0.299339,-0.125154,0.193013,0.166947,0.163518,0.380925,0.640189,0.147446,0.210906,0.535757,-0.434037,-0.345388,0.255337,-1.0
0.369791,-0.279332,0.189778,-0.428651,0.369179,0.362833,0.353041,0.17334,0.236457,0.16636,-0.052939,-0.634919,-0.008823,0.455684,-1.0
0.333463,-0.881278,-0.111736,0.845919,0.611804,0.936999,0.487188,0.866801,0.289781,0.354556,-0.096675,-0.506446,0.074731,0.519488,-0.949663
0.297547,-0.914125,0.660568,0.240285,0.47526,0.600423,0.381195,0.666244,0.125157,0.252605,-0.066138,-0.671115,0.121255,0.504368,-1.0
0.553701,-0.16709,0.188678,-0.879605,-0.680289,0.599833,0.444777,0.776563,-0.188298,0.234664,0.463648,-0.222711,-0.415023,0.245724,-0.895111
-0.744169,0.969645,0.152337,-0.260045,0.795065,0.479624,0.450235,0.093163,0.356651,0.186192,-0.561082,0.130365,0.476077,-0.143725,-1.0
0.852542,0.701317,-0.490367,0.433703,0.680528,0.174926,0.933254,0.382268,0.720313,0.034381,-0.008778,0.058122,-0.172769,-0.524394,-1.0
-0.444202,-0.852046,0.735971,-0.265448,-0.25021,0.077423,0.142154,0.904977,-0.097014,-0.015256,-0.203745,-0.788728,0.162737,0.419505,-1.0
-0.793525,-0.831131,-0.813531,0.108261,-0.822614,0.685968,0.185989,0.47191,-0.025407,0.02152,0.05069,-0.804054,0.025816,0.607806,-1.0
0.102892,0.858495,-0.646911,-0.728838,-0.894243,0.092627,0.12283,0.12854,-0.156188,0.02029,0.758165,0.534349,-0.384404,-0.241411,-0.988872
-0.717417,-0.575598,-0.794071,0.276974,0.496103,-0.816046,0.057033,0.826594,0.018226,-0.086328,-0.970607,0.125592,0.567244,-0.078928,-1.0
-0.249165,-0.962143,0.028924,-0.603366,0.973992,0.706995,0.247145,0.657991,0.165567,0.118816,-0.489593,-0.584077,0.220762,0.472598,-1.0
-0.650475,-0.302241,0.895556,-0.290387,0.834067,0.30751,0.223819,0.287132,0.278673,-0.020764,-0.702997,-0.307615,0.435055,0.21289,-1.0
0.370649,0.468958,0.271535,-0.946554,0.196054,-0.972773,0.192656,0.747779,-0.025631,-0.188562,0.054031,0.81964,-0.068423,-0.430572,-1.0
-0.312943,0.718329,-0.155224,-0.564218,0.697849,-0.838987,0.206674,0.496331,0.026023,-0.100376,-0.323001,0.663277,0.337906,-0.47938,-0.991423
-0.813341,0.388177,0.554718,0.452744,0.862622,0.517593,0.248836,0.040211,0.203819,0.094006,-0.71223,-0.071009,0.444593,0.049804,-1.0
0.435512,-0.094079,-0.60951,-0.24353,-0.16973,0.915216,0.717039,0.534379,0.000825,0.561071,0.194079,-0.249814,-0.322796,0.394569,-0.97109
-0.640421,-0.664425,0.963702,0.264872,0.961901,-0.622479,0.732424,0.256209,0.531955,-0.203652,-0.365911,0.078305,0.577634,-0.015563,-0.948435
0.021761,-0.522921,-0.231209,-0.172933,0.163969,-0.247643,0.937855,0.491892,0.38564,-0.596062,-0.034287,-0.092016,0.290055,0.439207,-0.978993
0.033961,-0.148881,-0.604007,0.280214,-0.052513,0.94657,0.690594,0.150506,-0.084585,0.592611,0.035077,-0.237596,-0.109707,0.462589,-0.975248
-0.121877,0.936341,0.200684,0.672601,-0.331155,0.055465,0.503396,0.818856,-0.383005,0.106109,0.100044,0.438166,-0.131618,-0.467254,-0.970282
0.18302,-0.826677,-0.644488,0.785537,0.512724,-0.780762,0.305344,0.566894,0.144706,-0.256193,-0.710929,-0.036883,0.544163,0.055861,-1.0
0.59038,-0.010983,0.912801,0.270217,-0.072688,-0.657,0.691844,0.736909,-0.060138,-0.524448,0.105622,0.30289,-0.329333,-0.392784,-0.977661
0.141793,-0.975694,0.544299,0.660734,0.658123,0.122341,0.001556,0.279905,-0.042402,-0.047481,-0.444543,-0.850534,0.196965,0.426787,-1.0
-0.701496,0.141074,-0.442822,-0.466766,-0.773555,0.958852,0.925946,0.011384,-0.49016,0.595915,0.029327,-0.103986,0.02906,0.518388,-0.954345
0.336909,0.036956,0.876594,-0.31895,-0.590934,-0.456456,0.762315,0.808867,-0.587737,-0.380502,0.147948,0.037022,-0.516139,-0.274207,-0.987906
-0.253081,0.815961,0.207729,0.788628,-0.14543,0.672133,0.245192,0.70868,0.013466,0.139559,-0.434193,0.598557,0.346476,-0.402952,-1.0
0.884777,-0.323759,0.752168,0.31447,-0.011991,-0.984288,0.104142,0.431485,0.087116,-0.096948,0.736944,0.51437,-0.466388,-0.40436,-1.0
0.267239,0.55062,0.076331,-0.108761,-0.751076,0.921427,0.849747,0.341015,-0.427259,0.621576,0.156609,-0.083116,-0.471809,0.249619,-0.983986
-0.627645,-0.259042,0.416146,0.967623,-0.822696,-0.418123,0.62378,0.519559,-0.451501,-0.1858,0.264888,0.224075,-0.410852,-0.267993,-1.0
0.597499,0.5143,-0.226187,-0.522271,-0.239878,-0.898016,0.01091,0.746306,-0.004064,0.005053,0.462647,0.899732,-0.296654,-0.503509,-0.953909
-0.338935,0.593544,-0.281508,-0.043337,-0.472121,-0.93398,0.280539,0.315221,-0.141375,-0.209045,0.054345,0.679448,-0.062668,-0.595921,-1.0
-0.539036,-0.58582,-0.357899,0.639567,0.966111,0.951435,0.927653,0.659236,0.566854,0.525241,-0.119735,-0.109347,0.333154,0.306577,-1.0
0.665293,-0.588246,0.722021,0.451496,-0.331681,0.134538,0.768024,0.051555,-0.603745,0.306004,0.175484,-0.150424,-0.420603,0.292139,-0.989154
0.565671,-0.332897,0.152624,-0.431751,0.075305,-0.031974,0.766451,0.161613,0.599728,-0.343412,0.213776,-0.072351,-0.426682,0.298165,-0.852449
0.629603,-0.379843,-0.666704,-0.555924,0.606567,0.989806,0.008039,0.115208,-0.014989,-0.027454,0.063626,-1.0,-0.006072,0.509584,-1.0
-0.968741,0.678941,0.807504,-0.28825,0.525926,-0.415707,0.01468,0.359632,-0.031002,-0.042557,-0.834489,0.608735,0.449621,-0.353986,-0.948394
0.344144,-0.42303,0.920248,-0.58738,-0.951574,-0.930215,0.700602,0.573636,-0.388459,-0.431062,0.255254,0.247304,-0.485453,-0.179027,-0.932952
0.879572,0.518242,0.776579,-0.348914,-0.273725,0.320935,0.528413,0.892961,-0.25149,0.266627,0.478399,0.15907,-0.453462,-0.076883,-0.973338
-0.295717,-0.208132,-0.476259,-0.620299,-0.288343,0.447508,0.910761,0.054302,-0.408401,0.612169,0.070289,-0.094003,0.047677,0.534192,-0.939178
0.140626,-0.460662,0.095378,0.517468,-0.399065,-0.934126,0.957775,0.058274,-0.258358,-0.632663,-0.003152,0.062788,-0.418622,-0.39966,-1.0
0.717075,-0.213301,0.04633,0.332833,0.81731,-0.969243,0.851869,0.556494,0.434937,-0.616588,0.094737,0.126872,0.125002,-0.508245,-1.0
-0.766215,-0.108278,0.402048,-0.128563,-0.485411,-0.345427,0.144736,0.68398,-0.074765,-0.058914,-0.623317,0.626458,0.428968,-0.278333,-1.0
-0.503534,0.004128,0.214519,0.672102,-0.577002,0.987883,0.929181,0.060764,-0.395431,0.614477,0.063404,-0.081031,-0.02482,0.531604,-1.0
-0.729875,0.044161,-0.511722,0.845812,-0.455205,-0.118955,0.832832,0.946992,-0.615471,-0.115741,-0.148923,-0.024302,0.53753,-0.298733,-0.938109
-0.899541,-0.262315,0.678603,-0.666247,0.837512,0.692054,0.220045,0.865583,0.127421,0.04956,-0.723697,-0.340502,0.426292,0.175795,-0.959885
-0.913936,-0.045227,-0.319184,-0.053675,-0.982332,-0.570364,0.289584,0.713542,-0.156468,-0.080585,0.011647,0.710139,-0.116772,-0.540145,-0.999055
-0.305483,0.405313,0.306327,0.88661,-0.415577,-0.738036,0.348307,0.186096,-0.188589,-0.246771,0.002876,0.667656,0.030996,-0.43992,-0.94721
0.386377,-0.114724,0.269377,-0.866611,0.655448,0.322053,0.078621,0.362842,-0.005172,0.020645,-0.411361,-0.819591,0.249267,0.449412,-1.0
-0.286843,0.352548,0.122639,0.619026,-0.334065,-0.652067,0.176635,0.781623,-0.117155,-0.189224,0.062135,0.90422,-0.086579,-0.476331,-1.0
0.923306,-0.177887,-0.068473,-0.249512,-0.350285,-0.47793,0.73441,0.972453,-0.331175,-0.428731,0.271491,0.086744,-0.508029,-0.077959,-0.953378
0.817311,0.801061,-0.018718,0.762461,0.405868,-0.926104,0.062233,0.215243,0.100084,-0.029448,0.214592,0.966236,-0.052414,-0.541656,-1.0
0.392746,-0.941845,-0.734868,0.253759,0.300039,-0.689514,0.480951,0.569771,0.133538,-0.394591,0.197037,-0.565908,-0.089728,0.490292,-0.939343
-0.297777,-0.795718,0.797301,-0.246582,-0.526055,-0.072938,0.40058,0.503951,-0.32799,-0.092628,0.235673,-0.545879,-0.234117,0.500535,-1.0
0.584504,-0.232888,-0.070011,0.520578,0.953489,0.393432,0.091469,0.572884,0.149037,0.06021,-0.407761,-0.809811,0.267856,0.397743,-0.882279
0.973978,0.762559,-0.342462,0.159403,0.675951,-0.190383,0.973212,0.130848,0.736426,-0.215071,-0.062684,-0.037206,-0.16177,-0.538108,-1.0
-0.670744,-0.685107,-0.6567,-0.4373,-0.30771,0.97273,0.602922,0.45471,-0.194922,0.4852,-0.062459,-0.420514,0.118525,0.491956,-0.999082
-0.077811,0.790216,0.85076,0.77616,0.273651,-0.941128,0.457261,0.469676,0.057567,-0.424947,-0.092831,0.470404,0.099773,-0.542119,-1.0
-0.183187,-0.596344,0.182728,0.277265,-0.555932,-0.54347,0.420397,0.012694,-0.272962,-0.207557,0.55965,-0.15537,-0.451123,-0.000595,-0.989383
-0.664101,-0.043712,-0.402315,-0.910032,0.163971,-0.602178,0.866604,0.728075,0.162136,-0.658902,-0.150377,0.107046,0.381781,-0.21771,-0.962786
-0.091287,-0.144577,-0.488241,0.310993,0.362302,0.268539,0.741811,0.691352,0.435041,0.427711,-0.184809,-0.214192,0.384481,0.335735,-1.0
-0.782964,-0.028808,-0.801148,-0.505711,-0.668505,0.816505,0.70825,0.810639,-0.386411,0.460686,-0.010683,-0.254965,-0.011155,0.524077,-0.998045
-0.365826,0.857735,0.663785,0.328426,-0.7242,-0.622423,0.551943,0.178244,-0.355046,-0.20635,0.09122,0.456407,-0.129103,-0.444522,-0.981082
0.800485,-0.646842,-0.343157,0.195482,0.609101,-0.130305,0.027711,0.574285,0.051113,-0.06325,0.339879,-0.92739,-0.240517,0.413315,-0.963052
-0.028325,-0.960385,0.132514,-0.148681,0.962694,0.555168,0.110273,0.467859,0.071706,0.010956,-0.495661,-0.778788,0.29415,0.430403,-0.956711
-0.494374,0.029806,-0.215671,0.16105,0.789097,-0.118222,0.532619,0.988292,0.410263,-0.063769,-0.487179,0.098398,0.47933,-0.091345,-1.0
0.738179,0.28935,-0.412179,-0.629008,-0.950098,0.016702,0.976319,0.437155,-0.624196,-0.021544,0.117035,0.054435,-0.495551,-0.061328,-0.920806
-0.533802,0.012379,0.931463,-0.274692,0.555799,-0.867626,0.055331,0.289306,0.125112,0.023868,-0.743743,0.609062,0.345359,-0.282428,-0.933989
-0.0162,-0.740957,0.409488,-0.826298,-0.6703,-0.436724,0.551048,0.979014,-0.278174,-0.288361,0.441973,-0.190789,-0.34287,0.229125,-1.0
-0.37006,0.45549,-0.637868,-0.00263,0.854399,0.852474,0.580283,0.851125,0.375457,0.343321,-0.453212,-0.155512,0.479175,0.151296,-1.0
-0.893216,-0.922992,-0.953455,-0.104578,-0.323438,0.822318,0.345772,0.81319,-0.040353,0.348804,-0.159687,-0.61616,0.16903,0.463738,-0.975658
0.67293,-0.074343,-0.510026,-0.079076,0.803745,-0.018024,0.580721,0.08791,0.47867,0.023898,-0.355348,-0.254598,0.331948,0.132709,-1.0
-0.195306,0.790598,0.26389,0.780758,-0.151784,-0.0478,0.78815,0.815092,-0.660203,-0.140823,-0.05191,0.251463,0.060734,-0.459243,-1.0
-0.772039,0.388165,0.685513,-0.115433,-0.508184,0.893234,0.969232,0.621448,-0.357801,0.677213,-0.059852,-0.098524,0.203027,0.398001,-1.0
-0.779605,-0.512359,0.927362,0.420213,0.500819,-0.423375,0.863519,0.210546,0.55818,-0.439668,-0.079952,-0.053147,0.434881,0.030505,-0.958157
-0.050167,-0.590793,-0.978115,0.291451,0.469623,-0.751113,0.610961,0.913833,0.29992,-0.378744,-0.468711,0.109345,0.415464,-0.170095,-0.984817
-0.402775,-0.288019,-0.676189,-0.400913,-0.561133,0.623477,0.941884,0.062365,-0.566389,0.518239,-0.030207,-0.07174,-0.065425,0.461047,-1.0
0.944206,-0.463428,0.136961,0.734497,0.946347,-0.471523,0.285318,0.395472,0.21237,-0.131205,-0.262964,0.599789,0.20096,-0.427792,-1.0
0.629443,0.341201,0.800945,-0.941227,-0.937244,-0.994403,0.569355,0.51543,-0.264151,-0.267549,0.32674,0.18159,-0.382221,-0.319294,-1.0
-0.688212,-0.565012,0.318239,-0.133404,0.541611,-0.313608,0.462897,0.754943,0.378109,-0.272494,-0.592785,-0.090757,0.572743,0.2098,-1.0
-0.50581,-0.962371,-0.819313,-0.774553,0.106177,-0.696546,0.853626,0.848189,0.120639,-0.689983,-0.071106,-0.144663,0.387748,0.249033,-1.0
0.288563,-0.619036,-0.029612,0.404711,-0.821669,-0.760059,0.922052,0.350982,-0.589342,-0.458449,0.041353,-0.042709,-0.434619,-0.03892,-1.0
-0.076743,0.8032,0.918554,0.779548,0.797086,-0.767479,0.406098,0.187961,0.205828,-0.241288,-0.296359,0.523198,0.227632,-0.490665,-1.0
-0.291609,-0.082129,-0.833143,0.660731,0.395084,-0.527073,0.792801,0.690693,0.441447,-0.442185,-0.127485,0.134272,0.444096,-0.30379,-0.950293
0.928359,0.174413,-0.410837,0.317234,-0.970888,-0.426108,0.915502,0.445084,-0.643123,-0.331034,-0.002193,0.088663,-0.542956,-0.13264,-1.0
-0.105878,0.876037,0.841186,0.236001,0.623639,-0.306417,0.270342,0.92284,0.278306,-0.076105,-0.314686,0.62551,0.240856,-0.419566,-1.0
-0.538727,0.709279,-0.619021,-0.428508,-0.528863,0.880736,0.077018,0.642295,0.039171,0.000621,-0.034017,-0.90184,0.044899,0.496658,-0.948461
0.876019,0.732968,0.856239,0.404138,-0.315391,0.762083,0.034243,0.215618,0.015254,-0.00126,0.9498,-0.041837,-0.442271,0.058663,-0.907296
-0.089943,0.595794,-0.954265,-0.083357,-0.25089,-0.954297,0.715476,0.08891,-0.020288,-0.518388,-0.068121,0.28072,-0.070469,-0.479702,-1.0
-0.69114,-0.023201,-0.515043,0.902003,0.897494,0.167153,0.058392,0.288139,0.017183,-0.075913,-0.978996,-0.095328,0.506746,0.073515,-1.0
-0.239185,-0.436088,0.237834,-0.737673,0.316917,-0.6418,0.700738,0.638172,0.303797,-0.531244,-0.299446,0.148505,0.563201,-0.181203,-0.99561
-0.178801,0.329536,0.455763,0.042452,0.869451,0.363088,0.717288,0.140016,0.49479,0.25062,-0.252285,0.08942,0.524515,0.015166,-1.0
0.885387,-0.87925,-0.582041,0.812172,0.858017,0.294637,0.894541,0.579335,0.657465,0.26805,0.162331,-0.194522,-0.032826,0.564144,-0.998591
-0.547708,-0.039532,-0.408113,-0.691919,0.075981,-0.62499,0.399597,0.859073,0.039822,-0.260834,-0.426154,0.373599,0.42577,-0.326009,-1.0
0.080448,-0.063353,-0.582004,0.176143,0.945295,-0.574747,0.036002,0.217319,0.009414,-0.009865,-0.864882,0.405985,0.327717,-0.288541,-1.0
0.435248,-0.775123,0.366201,-0.234442,-0.316824,-0.659593,0.848762,0.990441,-0.331777,-0.594985,0.159839,-0.013974,-0.519785,0.123407,-0.955125
-0.488798,-0.696115,0.986974,-0.920934,0.581455,-0.382827,0.148491,0.129053,0.079228,-0.064468,-0.679358,-0.230367,0.506743,0.159865,-1.0
0.129794,-0.660963,0.739517,0.191962,-0.451189,-0.763048,0.246929,0.703696,-0.210706,-0.173012,0.7577,0.140685,-0.476039,-0.092738,-1.0
0.19417,0.3519,-0.858544,0.760429,0.295805,0.581881,0.188877,0.22846,-0.042602,0.126697,-0.227834,-0.68247,0.276377,0.420747,-0.98616
0.633672,0.839121,-0.774838,0.344825,0.870692,0.114985,0.886715,0.315995,0.794236,0.164913,0.05232,0.163041,0.151091,-0.411677,-0.994032
0.159111,0.52611,0.113008,-0.131468,-0.330982,-0.384101,0.821184,0.287999,-0.396632,-0.592218,0.104156,0.126909,-0.307902,-0.482812,-1.0
-0.832665,-0.564154,-0.976029,-0.851585,-0.428195,-0.369213,0.65288,0.713979,-0.434762,-0.339725,-0.288727,-0.068898,0.474907,0.231258,-1.0
0.653281,-0.045083,0.881384,-0.942004,-0.073875,-0.635908,0.349552,0.054591,0.03421,-0.317472,0.474846,0.484768,-0.384843,-0.279544,-1.0
-0.828329,-0.361692,-0.839612,-0.781217,-0.158308,0.873287,0.632216,0.329178,-0.201243,0.495196,-0.186801,-0.275413,0.230785,0.423627,-1.0
0.651777,-0.216338,0.194464,0.60889,0.05456,-0.429764,0.223632,0.773871,0.047216,-0.182084,0.728474,0.266735,-0.585117,-0.223229,-1.0
0.011164,-0.777134,-0.080119,-0.928981,0.039832,-0.310789,0.93398,0.715619,0.047351,-0.69114,-0.00624,-0.075908,0.006463,0.454891,-1.0
0.635069,-0.736672,-0.498394,-0.584668,0.424803,0.629282,0.168681,0.424723,0.06013,0.190192,0.139637,-0.79887,-0.113411,0.453356,-1.0
-0.306212,0.508467,-0.400648,-0.636912,-0.197243,0.674705,0.226803,0.166618,-0.067576,0.217602,-0.394727,-0.657073,0.321829,0.313906,-0.96679
0.503848,0.907708,0.594922,-0.722047,-0.894157,0.145117,0.319157,0.585484,-0.276875,0.094111,0.663515,0.306385,-0.349497,-0.136948,-1.0
-0.949037,-0.219454,0.673883,-0.514698,0.058153,0.505353,0.545894,0.556401,0.124347,0.457017,-0.355329,-0.275811,0.411782,0.358867,-1.0
0.418727,-0.787587,-0.543559,0.83577,0.791925,-0.736024,0.399412,0.591334,0.214497,-0.294969,-0.609735,-0.068699,0.427,0.025659,-1.0
-0.272684,0.591336,0.317464,0.72549,0.078261,0.012904,0.758188,0.677623,0.560019,0.084174,-0.022065,0.241544,0.305701,-0.413225,-1.0
0.817265,0.665093,-0.380885,-0.755285,0.317219,0.27641,0.714517,0.223021,0.336719,0.346507,0.241932,0.070775,-0.396761,-0.291344,-0.977364
0.324451,0.349754,0.228336,-0.8771,0.177892,-0.084634,0.72071,0.737235,0.605422,-0.165759,-0.018989,0.214546,-0.1851,-0.451821,-0.898973
0.933827,0.525376,0.817262,-0.716736,-0.832605,-0.290633,0.131925,0.593117,-0.135836,0.047981,0.819916,0.468385,-0.421741,-0.1646,-0.958847
-0.532805,0.098328,-0.775964,0.175254,0.786385,0.239451,0.606672,0.670604,0.449561,0.219726,-0.4348,-0.021784,0.496944,0.10096,-1.0
0.601479,-0.481242,0.647415,0.107429,0.771117,0.146412,0.968539,0.896473,0.835607,0.162483,0.030114,0.007563,0.097036,0.432294,-1.0
-0.420089,-0.871277,0.141979,0.958704,0.107531,-0.527958,0.886657,0.171257,0.095535,-0.811533,-0.059509,-0.095716,0.411376,0.374198,-1.0
-0.011148,-0.362282,-0.86296,-0.133935,0.571334,-0.256892,0.004306,0.296344,-5.7e-05,0.08849,-0.975588,-0.241574,0.463789,0.067893,-1.0
-0.564398,-0.686799,0.576394,-0.858546,-0.306597,-0.675139,0.522477,0.233919,-0.230693,-0.376657,-0.535877,0.052785,0.459716,-0.099398,-1.0
0.413189,0.392462,0.355648,-0.414576,-0.521512,-0.969925,0.058641,0.317977,-0.098857,-0.100289,0.48815,0.853672,-0.253351,-0.365479,-1.0
-0.792812,-0.244819,-0.366951,-0.706089,0.381698,-0.007346,0.506879,0.388301,0.36677,-0.010169,-0.538332,-0.098513,0.430108,0.072921,-1.0
0.610031,-0.44532,0.482155,0.387894,0.980215,0.081246,0.72839,0.680939,0.695453,0.055696,-0.152111,-0.275453,0.299304,0.350285,-0.945381
-0.647604,-0.955626,-0.365859,-0.214492,0.979123,0.807402,0.968216,0.942729,0.567175,0.552168,-0.118704,-0.039961,0.340129,0.35168,-1.0
0.867267,0.941617,0.458973,-0.779819,-0.382723,-0.184469,0.696581,0.62857,-0.475589,-0.224331,0.176386,0.173352,-0.442895,-0.345028,-0.995452
-0.814486,0.417245,0.902488,-0.429742,-0.00963,-0.827581,0.761526,0.848033,-0.014892,-0.695646,-0.159174,0.198325,0.211712,-0.418527,-1.0
-0.405134,0.30295,0.939089,-0.380474,-0.213925,0.775272,0.754957,0.40216,-0.148152,0.594373,-0.162746,-0.170279,0.103638,0.376376,-0.99323
-0.344586,0.620384,0.204888,0.392324,0.414925,0.448656,0.176272,0.224762,0.092101,0.118679,-0.776735,0.15819,0.539477,-0.11087,-0.97216
-0.878849,0.872699,-0.303945,-0.166822,-0.904394,0.049996,0.731022,0.422273,-0.476337,-0.000618,-0.06995,0.271879,-0.038258,-0.481187,-1.0
0.247129,-0.353102,0.980338,-0.667273,0.732131,-0.22623,0.226831,0.987869,0.131279,-0.017654,-0.672962,-0.157393,0.480785,0.140862,-0.968665
-0.715682,-0.394517,-0.566233,0.247176,-0.823842,0.922366,0.963542,0.172302,-0.538441,0.580803,0.000209,-0.021471,-0.062941,0.523069,-1.0
-0.292381,-0.681182,-0.95937,0.580702,0.411721,0.63614,0.128706,0.67188,0.077208,0.125774,-0.39052,-0.72291,0.210834,0.469626,-0.960971
-0.071508,-0.377494,-0.19225,0.109228,-0.699063,0.041573,0.712381,0.587536,-0.621546,0.122034,0.341192,-0.185542,-0.401161,0.212191,-1.0
0.672697,-0.149018,0.141064,-0.43624,0.392005,-0.137277,0.817652,0.135745,0.64277,-0.270501,0.222424,0.06702,-0.427815,0.037295,-1.0
0.979079,0.519085,-0.791135,0.450146,-0.468559,-0.209755,0.738793,0.819262,-0.502159,-0.267479,0.243719,0.037798,-0.37034,-0.25092,-0.932617
0.845375,-0.467604,0.805641,0.337827,-0.480294,0.191436,0.191152,0.893222,-0.072673,0.104333,0.805944,-0.288555,-0.45964,0.182928,-0.975501
-0.856145,-0.79657,-0.807045,0.073648,-0.729263,0.997961,0.32952,0.791044,-0.113071,0.18945,-0.015132,-0.659001,0.01629,0.543036,-0.958718
0.48613,0.640372,0.224356,-0.727687,-0.88576,0.578248,0.070411,0.172296,-0.018255,0.054513,0.92951,0.057571,-0.485389,-0.027569,-1.0
0.543307,-0.213187,-0.005046,-0.19047,0.584848,0.508167,0.883967,0.796812,0.542745,0.446468,0.01278,-0.126488,-0.0561,0.425089,-1.0
-0.376987,0.964482,0.332451,-0.796868,-0.212629,0.8858,0.635046,0.537604,-0.236853,0.547295,-0.422925,0.165931,0.528955,-0.165171,-1.0
-0.293905,0.760009,0.376364,-0.277089,-0.020149,0.46936,0.242238,0.000207,-0.095192,0.211213,-0.550498,0.587476,0.374126,-0.413169,-1.0
-0.461376,-0.136904,0.130027,0.1252,-0.304488,0.47704,0.334474,0.705758,-0.123061,0.234817,-0.193138,-0.663683,0.171112,0.465199,-1.0
0.88735,-0.17147,-0.998108,-0.278071,-0.853493,0.075922,0.31386,0.12091,-0.268045,-0.020097,0.723413,-0.028149,-0.616077,0.070575,-0.941948
0.265992,0.386006,-0.71717,0.977738,-0.70152,-0.42706,0.585751,0.241391,-0.369513,-0.267667,0.287764,0.234352,-0.49581,-0.344957,-0.902575
0.614585,-0.838592,-0.14197,0.341365,-0.650005,0.829905,0.795334,0.673036,-0.372008,0.5419,0.052619,-0.100311,-0.259204,0.442184,-1.0
0.363914,-0.224505,-0.130039,0.722904,0.994431,0.274193,0.25069,0.584856,0.202778,-0.011119,-0.569128,-0.538809,0.391128,0.280032,-0.979052
-0.892589,0.723361,0.732708,-0.01922,0.136973,0.04225,0.758897,0.627815,0.56783,0.148908,-0.197122,0.16167,0.45533,-0.20627,-0.982994
0.92048,-0.020701,-0.388261,-0.603772,0.360464,-0.925079,0.910165,0.516601,0.315088,-0.772267,0.009817,0.130939,-0.279234,-0.452468,-1.0
0.213107,-0.985066,0.683776,-0.44537,-0.855694,-0.64528,0.419141,0.978223,-0.340995,-0.195956,0.514776,-0.211674,-0.498234,0.174415,-0.977392
0.483665,-0.016243,-0.743112,-0.555313,0.481874,0.135258,0.861379,0.435659,0.635656,0.226389,0.034716,-0.181258,0.046999,0.489548,-1.0
-0.961198,0.221544,0.648123,-0.147259,-0.962656,0.206254,0.029863,0.532292,-0.052505,0.027729,0.172279,0.944366,-0.095822,-0.457317,-1.0
0.414828,0.225415,0.746896,0.062163,0.847013,0.954837,0.790739,0.842269,0.426924,0.517249,-0.126131,-0.27509,0.347656,0.496482,-0.952059
0.740219,0.743414,-0.110739,-0.224302,0.642632,-0.394335,0.642275,0.748849,0.487523,-0.246242,0.070441,0.332023,0.003716,-0.542387,-0.97883
0.817888,-0.150972,-0.601897,0.089468,0.654159,0.162063,0.272668,0.824014,0.209956,0.064268,0.361231,-0.704765,-0.222243,0.39542,-1.0
0.396954,-0.467323,0.99692,-0.919756,-0.728196,-0.990842,0.705967,0.515463,-0.393165,-0.430565,0.242501,0.083327,-0.379325,-0.167136,-0.955664
0.289486,0.755802,0.511709,0.176599,-0.415028,-0.078679,0.667674,0.191211,-0.581566,-0.079954,0.225406,0.215858,-0.314021,-0.40558,-1.0
0.069765,0.620241,0.648947,0.447465,-0.094723,-0.640769,0.528772,0.604835,-0.068954,-0.356691,0.040677,0.392623,-0.121717,-0.525265,-0.968559
-0.287253,-0.860734,-0.880544,0.95428,-0.10642,-0.499724,0.560398,0.192386,-0.066735,-0.454453,-0.213023,-0.334637,0.19332,0.464718,-1.0
0.686052,-0.988807,-0.503514,-0.339467,-0.764304,0.638102,0.814087,0.886725,-0.485927,0.473701,0.142819,-0.167365,-0.330468,0.266856,-0.953477
0.749839,-0.099264,-0.636589,-0.765851,0.097726,-0.62599,0.726961,0.477785,0.140248,-0.543699,0.206024,0.175146,-0.448426,-0.228999,-1.0
0.41562,-0.879259,0.484812,0.755266,-0.057229,0.708997,0.922366,0.556057,-0.114005,0.749958,0.057342,-0.045597,-0.102382,0.502283,-0.893409
0.112935,-0.396022,0.34267,-0.401041,0.949487,-0.210871,0.894639,0.753176,0.728344,-0.145617,-0.113183,-0.074848,0.471772,0.053185,-1.0
0.028035,0.530377,0.087254,-0.477281,0.926221,0.750407,0.451093,0.624366,0.368916,0.200183,-0.554365,-0.254714,0.559466,0.087439,-1.0
0.358999,-0.703425,-0.151729,-0.862532,0.374518,-0.117837,0.687464,0.403083,0.585882,-0.141447,-0.026691,-0.313592,0.053575,0.500893,-0.985876
0.296737,-0.075897,-0.049465,0.535703,0.047728,-0.903691,0.341353,0.994674,-0.052452,-0.279792,0.223257,0.604446,-0.081757,-0.441426,-0.985005
0.506575,-0.283731,0.830576,0.688875,-0.361683,-0.026297,0.387801,0.204505,-0.256593,-0.030339,0.556526,-0.149493,-0.464103,0.132326,-1.0
-0.834758,0.648991,0.820318,0.033841,-0.262009,0.588623,0.100307,0.834657,-0.097834,0.023818,-0.992624,0.173797,0.56147,-0.051645,-0.993128
0.600056,0.19553,-0.206023,0.902186,0.604385,0.390186,0.994645,0.402133,0.711317,0.370122,-0.040563,0.020961,-0.003243,0.490014,-1.0
-0.584526,0.892522,-0.284886,-0.342331,-0.77722,0.555231,0.500378,0.309394,-0.294313,0.278876,0.238903,0.517393,-0.160083,-0.534427,-0.9279
-0.932356,0.583791,-0.599302,-0.561262,-0.349556,-0.585354,0.738843,0.789585,-0.292798,-0.552016,-0.182918,0.176014,0.191419,-0.399278,-0.976077
-0.144019,0.339865,-0.099183,-0.5201,0.603534,-0.780077,0.105246,0.521461,0.025389,-0.047167,-0.484086,0.698393,0.278347,-0.396893,-0.959782
-0.305386,0.422766,0.545866,0.337478,0.99618,-0.952684,0.744251,0.759204,0.407961,-0.37328,-0.140717,0.162359,0.274815,-0.439974,-0.996965
-0.241018,0.851548,-0.6705,0.360433,-0.080968,0.435674,0.772998,0.247257,-0.109046,0.591903,-0.088017,0.254399,0.205802,-0.487855,-1.0
0.051305,0.82758,-0.083609,0.273111,-0.751473,-0.651267,0.724172,0.220302,-0.360545,-0.422829,0.147367,0.280935,-0.347097,-0.493286,-1.0
0.049129,-0.988755,0.024394,-0.810661,-0.491287,0.13823,0.867706,0.467025,-0.70151,0.106793,-0.024662,-0.106605,-0.251675,0.454115,-0.921307
0.348459,-0.016032,-0.202857,-0.657568,0.954128,0.808284,0.151023,0.174972,0.092559,0.083735,-0.560017,-0.67731,0.297417,0.430731,-1.0
0.215131,-0.136695,-0.10638,0.111332,-0.076748,0.909316,0.597845,0.110548,0.030087,0.495477,0.166386,-0.406692,-0.218766,0.477085,-1.0
0.425909,0.953341,-0.265375,-0.86904,0.267633,0.609874,0.222523,0.278112,0.158011,0.209388,0.312523,0.724548,-0.118783,-0.50904,-0.969143
0.130731,-0.291911,0.851662,0.09849,0.354243,0.203863,0.257687,0.267013,0.176022,0.114959,-0.3227,-0.674369,0.22202,0.338163,-0.935433
0.134733,0.50724,0.47589,0.883291,0.290168,0.283791,0.555228,0.906534,0.291111,0.279839,-0.337598,0.424709,0.323092,-0.505669,-0.927461
0.183863,0.41048,-0.266978,-0.090879,-0.927058,-0.801513,0.447194,0.489132,-0.217634,-0.219722,0.381269,0.381408,-0.308923,-0.363253,-0.95107
-0.533265,-0.636872,-0.244538,-0.347086,0.898876,-0.598317,0.59459,0.522663,0.411671,-0.216867,-0.360863,-0.04427,0.567253,0.062784,-1.0
0.530842,0.977366,0.335224,0.414758,0.348348,-0.525936,0.927178,0.314579,0.346077,-0.633314,-0.066751,0.032613,-0.087067,-0.532103,-1.0
0.068477,-0.249867,-0.145738,-0.219328,-0.581966,0.75808,0.084182,0.632885,-0.079158,0.08735,0.493862,-0.749905,-0.181015,0.358512,-1.0
0.825708,-0.7924,0.66468,0.990671,-0.507194,-0.150831,0.499144,0.082023,-0.387747,-0.121361,0.348498,-0.214758,-0.43336,0.238443,-1.0
-0.655073,-0.232728,-0.435797,-0.982254,-0.155309,-0.549384,0.681005,0.646702,-0.060097,-0.551265,-0.270289,0.131836,0.412923,-0.346401,-0.923399
0.016092,-0.407372,-0.568471,-0.153415,-0.161129,-0.760705,0.128242,0.443934,-0.011562,-0.010097,0.349712,0.745664,-0.245626,-0.38583,-1.0
-0.761005,0.996712,-0.818904,0.314136,0.008439,0.060934,0.618506,0.63267,0.074219,0.475496,-0.266497,0.307362,0.337892,-0.484302,-0.957134
0.142805,-0.331245,-0.596299,-0.562264,-0.430144,-0.827543,0.209906,0.34716,-0.093312,-0.238785,0.502299,0.471216,-0.312233,-0.356535,-0.949418
-0.691065,-0.43032,0.4698,-0.357066,-0.023277,0.967263,0.063718,0.515202,0.118224,0.115216,-0.430737,-0.852195,0.200492,0.418333,-0.976747
0.877772,0.326782,0.641978,-0.755865,-0.321452,-0.334644,0.57207,0.877132,-0.347205,-0.338532,0.453822,0.159063,-0.489375,-0.177411,-0.994839
0.722574,-0.75595,-0.999115,-0.890084,0.567594,-0.721591,0.421958,0.243918,0.27769,-0.276232,0.628567,-0.15612,-0.388147,0.091976,-0.997334
0.22229,-0.186308,-0.360017,-0.563004,-0.383524,0.567333,0.870162,0.18007,-0.357011,0.495234,0.139876,-0.207469,-0.361299,0.317796,-1.0
-0.625708,-0.72001,-0.246746,0.259832,0.614294,0.110377,0.577749,0.039542,0.450484,0.119089,-0.395257,-0.22972,0.361585,0.213615,-0.986837
0.945182,0.559732,0.381045,0.713127,0.874845,0.964135,0.150495,0.97558,-0.024415,0.094018,0.074537,-0.764195,-0.065786,0.489074,-0.956491
0.512966,0.076302,0.700034,-0.371008,-0.929597,-0.01399,0.274297,0.041395,-0.252553,0.02582,0.70996,0.032732,-0.497614,-0.038363,-1.0
0.957397,0.920722,0.835942,0.925568,0.070999,0.050196,0.725272,0.393382,0.408414,0.349481,0.278698,0.158476,-0.372938,-0.339693,-1.0
-0.894278,-0.928477,-0.318902,-0.040197,0.413289,-0.11562,0.358182,0.034998,0.33133,-0.125767,-0.513993,-0.357686,0.343942,0.230797,-0.984838
0.776449,-0.337448,-0.183171,0.534,-0.521318,0.02576,0.324166,0.164161,-0.213606,0.049223,0.761621,-0.15055,-0.448274,0.135404,-1.0
0.63155,-0.070674,-0.307252,-0.664797,0.982479,-0.387941,0.528067,0.551138,0.400295,-0.127557,-0.35674,0.435837,0.390774,-0.33255,-0.974072
-0.418485,-0.781343,-0.286211,-0.322733,0.66733,0.288938,0.838274,0.766398,0.664644,0.261572,-0.169863,-0.125396,0.446684,0.311877,-1.0
0.649025,-0.503674,-0.340016,-0.286051,0.470532,-0.363162,0.606111,0.79185,0.344494,-0.222671,0.299867,-0.18527,-0.364261,0.339254,-1.0
0.642121,0.266564,0.973477,0.22457,-0.406546,-0.079753,0.082501,0.674617,-0.054746,-0.057728,0.932447,0.265357,-0.412361,-0.108547,-0.897197
0.009729,-0.83889,-0.665482,-0.445213,-0.298067,0.472038,0.524165,0.051364,-0.219966,0.376341,0.154974,-0.522966,-0.051746,0.535976,-1.0
0.668053,-0.964184,-0.92556,0.133758,0.027772,0.149519,0.293502,0.376783,0.136967,0.286483,0.370424,-0.559871,-0.185658,0.385609,-1.0
-0.668398,-0.435436,0.75745,0.964454,-0.423276,-0.07547,0.311802,0.343455,-0.364761,-0.051837,-0.41457,-0.575626,0.328733,0.439036,-1.0
0.695815,0.852725,-0.257268,0.081144,-0.281424,0.866342,0.544915,0.142864,-0.04463,0.423301,0.47489,-0.016146,-0.426757,-0.031485,-0.896789
0.722162,-0.777638,0.00952,0.837044,-0.817546,-0.525498,0.885354,0.865018,-0.623861,-0.371959,0.120314,-0.074436,-0.425146,0.092172,-1.0
-0.62422,-0.319722,-0.774483,-0.990952,-0.687283,-0.854072,0.137839,0.852879,-0.017352,-0.190921,0.157385,0.910334,-0.115235,-0.43453,-1.0
-0.21763,-0.142707,0.176068,-0.051712,-0.699648,0.839723,0.459407,0.141662,-0.187565,0.279082,0.320467,-0.520993,-0.189542,0.337585,-1.0
0.48631,0.635152,0.692722,0.049697,-0.75925,0.260336,0.321827,0.320202,-0.277849,0.125502,0.592819,0.191339,-0.403416,-0.150069,-0.998501
0.035547,0.083146,0.134636,-0.356361,0.725502,0.065933,0.087728,0.508845,0.047614,0.099737,-0.862442,0.046183,0.491416,-0.004291,-1.0
0.45082,-0.745766,-0.805968,0.835031,0.694337,-0.174226,0.363778,0.066919,0.303171,-0.066869,-0.236433,-0.515687,0.232853,0.423214,-0.97734
0.844104,-0.94057,0.0147,-0.242112,-0.494646,0.593982,0.770285,0.204318,-0.3952,0.378717,0.154472,-0.121954,-0.349694,0.360645,-0.964819
0.848249,0.395447,-0.187665,0.58986,-0.472276,0.932794,0.839934,0.053099,-0.318222,0.687167,0.237589,-0.033597,-0.419686,0.271158,-1.0
0.722897,-0.404621,0.802871,0.564021,-0.350132,-0.879158,0.359806,0.902214,-0.025745,-0.222402,0.593465,0.361289,-0.456796,-0.161761,-1.0
-0.423985,0.40962,-0.674947,0.365321,-0.73246,-0.131631,0.792523,0.406946,-0.612536,-0.122453,0.117115,0.204073,-0.208605,-0.437936,-1.0
-0.6226,-0.817069,-0.451665,0.116052,-0.589621,-0.010119,0.49164,0.481432,-0.358294,-0.031047,0.037269,-0.497752,0.063183,0.495429,-0.942971
-0.501502,0.305124,-0.873704,-0.986849,-0.934759,0.951707,0.448531,0.692224,-0.215187,0.232156,0.205663,-0.44494,-0.313029,0.353602,-0.938131
0.731472,-0.4944,0.550733,-0.571722,-0.461264,0.925616,0.331547,0.481977,-0.118894,0.186135,0.494056,-0.495087,-0.377193,0.440477,-0.953876
0.647938,-0.284273,-0.754455,-0.958695,-0.182068,-0.997354,0.343631,0.629541,-0.079996,-0.248188,0.52717,0.526795,-0.457588,-0.313003,-1.0
-0.409349,-0.974037,-0.271113,0.537553,-0.162525,-0.969106,0.526407,0.335775,-0.12632,-0.402106,-0.517173,-0.009529,0.480683,-0.059107,-1.0
-0.814008,-0.658931,-0.825964,-0.796006,-0.047138,-0.404617,0.399707,0.846059,-0.018393,-0.302727,-0.587695,-0.176446,0.484549,-0.000336,-1.0
0.896716,-0.833377,-0.11624,0.485573,0.067911,-0.266969,0.209013,0.209162,0.079315,-0.210407,0.579194,-0.414122,-0.379658,0.307668,-1.0
0.037541,0.857474,0.232422,-0.244376,0.52304,-0.391261,0.437294,0.57904,0.182527,-0.182873,-0.237103,0.507859,0.152208,-0.469905,-0.94532
-0.154488,-0.223751,0.709032,0.18319,0.952687,-0.852225,0.709736,0.323913,0.440999,-0.359261,-0.268698,0.129406,0.368989,-0.261234,-1.0
0.971716,0.070776,0.539644,0.292347,0.779817,0.508866,0.600515,0.483649,0.445737,0.368061,0.136857,-0.339857,-0.232723,0.423083,-0.906843
0.786205,-0.643804,0.600814,0.716384,-0.429867,-0.947253,0.074181,0.00818,0.00583,-0.027234,0.931455,0.266616,-0.53814,-0.090494,-0.906842
0.450547,0.363084,-0.152607,0.749496,0.691856,0.11843,0.143123,0.692327,0.145731,-0.031507,-0.528365,0.566517,0.387178,-0.360184,-1.0
-0.757007,0.237007,0.704511,0.490048,-0.649199,-0.322477,0.862471,0.228703,-0.676003,-0.279996,-0.059095,0.150811,-0.006801,-0.492182,-0.996487
-0.9718,0.762534,0.544803,-0.099426,0.822396,-0.428882,0.754425,0.626532,0.525319,-0.232393,-0.154335,0.134075,0.390495,-0.306952,-0.976838
0.961889,0.943581,-0.283912,0.511083,-0.638768,0.729589,0.907734,0.549798,-0.431491,0.541288,0.194406,0.002176,-0.565635,-0.131396,-0.902526
-0.629199,-0.692535,0.090035,-0.269466,-0.910818,0.943718,0.531991,0.706593,-0.294808,0.253401,0.07025,-0.46273,-0.118759,0.432443,-1.0
0.395774,-0.825095,-0.115478,-0.741161,0.934,-0.243934,0.333004,0.389322,0.216258,-0.134339,-0.41724,-0.565769,0.385611,0.391054,-0.878121
-0.52349,0.904433,-0.97788,-0.486245,-0.651735,0.388768,0.111205,0.004201,-0.025702,0.16215,0.272818,0.820402,-0.18479,-0.438001,-0.981867
-0.663523,0.640209,-0.691138,-0.433138,0.161208,-0.916307,0.838308,0.681646,0.112623,-0.630463,-0.095794,0.181443,0.301907,-0.502814,-1.0
0.008992,0.636127,-0.079747,-0.883138,0.818089,-0.602857,0.514863,0.944041,0.30698,-0.250171,-0.253037,0.36733,0.266239,-0.366633,-1.0
0.247716,-0.267873,-0.036684,-0.986757,-0.477335,0.887144,0.741437,0.839644,-0.309598,0.602344,0.153224,-0.208487,-0.330756,0.443473,-0.934253
0.853274,0.714161,-0.91165,0.109947,0.847552,-0.060272,0.188171,0.003499,0.201003,0.008756,0.043405,0.847842,0.039578,-0.476421,-0.964343
-0.558632,0.189622,-0.631091,0.401345,-0.339262,-0.439781,0.301009,0.322819,-0.176967,-0.178895,-0.290842,0.722799,0.219628,-0.466512,-1.0
-0.720293,0.125661,-0.955964,0.804769,-0.468414,-0.622167,0.890351,0.164177,-0.418675,-0.584684,0.048174,0.113997,0.17284,-0.435841,-1.0
-0.706294,0.339814,-0.873102,0.159199,-0.737892,0.486706,0.112491,0.032111,-0.074496,0.063729,0.166448,-0.841369,-0.078466,0.40781,-0.959342
-0.927736,-0.796804,-0.274256,0.488804,0.026063,0.481616,0.23142,0.198288,-0.033621,0.178416,-0.519919,-0.644523,0.330705,0.333948,-1.0
-0.93498,-0.319286,-0.061052,0.076305,0.92501,0.778068,0.678936,0.960623,0.428339,0.436661,-0.304983,-0.227214,0.427851,0.338679,-0.98074
-0.830205,-0.997669,0.183042,0.027937,-0.671589,0.534464,0.87074,0.523531,-0.510988,0.407719,-0.03507,-0.083495,-0.009279,0.454224,-0.973602
0.656302,0.686704,0.253072,-0.08331,-0.493055,0.430737,0.128285,0.692494,-0.069353,0.045299,0.851882,0.206923,-0.522956,-0.060362,-0.909851
0.523417,-0.120258,-0.471564,-0.672329,-0.693546,0.023311,0.66696,0.752869,-0.549666,-0.011973,0.329773,-0.062088,-0.539875,0.120306,-0.963616
-0.184201,0.606343,0.369411,-0.511568,0.030093,-0.480006,0.018204,0.838287,-0.008305,0.102627,-0.164139,0.851057,0.189227,-0.444795,-0.961811
0.435957,0.779311,0.172208,0.703534,-0.492846,0.667663,0.338413,0.676689,-0.180154,0.235441,0.667127,0.083791,-0.50265,-0.046645,-1.0
-0.455138,-0.404582,-0.27893,-0.388809,0.621929,-0.035125,0.875992,0.569352,0.666902,-0.030964,-0.089511,-0.026006,0.573804,0.124853,-1.0
0.594677,0.795941,-0.087559,0.927849,-0.092314,-0.529509,0.466306,0.796242,-0.053075,-0.318212,0.234878,0.435094,-0.227449,-0.462843,-0.977454
0.28021,0.170104,-0.484317,-0.233864,0.857095,0.354581,0.443379,0.020564,0.333748,0.139121,-0.671576,-0.125521,0.488566,0.134046,-1.0
-0.509405,-0.558169,0.989462,0.299434,-0.376105,-0.823582,0.551358,0.691671,-0.174136,-0.339499,-0.189682,0.357738,0.206338,-0.370108,-0.992437
0.504809,0.110324,0.318482,0.602047,0.975124,0.122696,0.421304,0.100953,0.34785,0.067726,-0.5517,0.01478,0.558702,0.033403,-1.0
-0.377239,0.313778,0.911511,-0.827946,-0.544678,0.811117,0.570369,0.106855,-0.221138,0.446686,0.136559,-0.388835,-0.089171,0.469412,-0.970134
-0.882967,-0.530619,0.356321,-0.429881,0.20309,0.932382,0.851804,0.434652,0.167726,0.608267,-0.04998,-0.074898,0.307959,0.419484,-0.935116
-0.577854,0.683507,0.283895,0.258372,0.367869,0.150051,0.811816,0.439503,0.602525,0.251619,-0.131452,0.084856,0.459503,-0.298033,-0.920024
-0.93595,0.188326,-0.340475,-0.434367,0.506366,-0.470159,0.369967,0.798831,0.273679,-0.25734,-0.600834,0.260745,0.527403,-0.271514,-1.0
-0.92875,0.468685,0.004274,-0.026599,-0.723548,-0.766646,0.097489,0.140349,-0.070904,-0.042413,-0.207884,0.932482,0.080117,-0.517684,-1.0
-0.50849,0.013113,-0.320405,0.477877,-0.289248,0.063183,0.719303,0.995765,-0.569595,0.055131,-0.208553,-0.014636,0.478853,0.076149,-1.0
-0.32693,-0.702708,0.597288,0.020993,-0.086515,-0.64885,0.210751,0.812446,-0.003633,-0.195423,-0.689279,-0.066702,0.470707,0.102796,-1.0
0.49543,-0.595599,0.47852,-0.916737,-0.583493,0.429524,0.140726,0.726311,-0.030624,0.055669,0.603228,-0.726736,-0.279597,0.279977,-1.0
-0.944091,0.11656,0.137112,-0.295482,-0.689975,-0.893406,0.19065,0.816015,-0.070769,-0.173129,-0.229389,0.798044,0.190053,-0.462568,-0.887321
0.414743,-0.75939,-0.783135,0.698863,0.783898,0.071299,0.267666,0.984325,0.163096,0.062085,-0.292106,-0.673199,0.202884,0.470919,-1.0
-0.893574,-0.97261,-0.441017,0.26808,0.314088,0.592268,0.771315,0.256842,0.270992,0.479292,-0.242189,-0.17359,0.280193,0.373682,-0.973593
0.702353,0.236957,0.983154,-0.981614,-0.430318,-0.422854,0.201943,0.829808,-0.131059,-0.210482,0.713131,0.435923,-0.494184,-0.28547,-0.986247
-0.915601,-0.629008,-0.147258,-0.41828,-0.339742,-0.361511,0.797131,0.605931,-0.45901,-0.522538,-0.1405,-0.058582,0.51643,0.304705,-0.956242
0.389956,-0.559885,-0.734582,0.746221,0.198783,-0.543992,0.335783,0.582069,0.054984,-0.167109,0.637226,-0.063075,-0.503649,-0.005606,-0.997967
0.524083,0.484387,0.709995,0.922572,0.596289,-0.009636,0.210752,0.25079,0.241431,0.078452,-0.050233,0.907316,0.095094,-0.510345,-1.0
0.057635,0.752148,0.881481,0.045126,-0.886027,0.943959,0.753992,0.319044,-0.460117,0.341336,0.32858,-0.017695,-0.454695,0.034468,-1.0
0.200704,-0.147391,0.697539,-0.183965,-0.155288,0.046718,0.208554,0.092418,-0.139301,-0.057032,0.746161,-0.374708,-0.39853,0.190565,-1.0
0.266521,-0.78155,-0.954367,-0.558811,0.226401,-0.213759,0.12626,0.770411,0.133707,-0.021596,0.002892,-0.855109,-0.057466,0.502154,-0.962791
0.710205,-0.310596,0.205619,0.388639,0.963044,0.004519,0.403443,0.334658,0.386865,0.042283,-0.432434,-0.445359,0.435123,0.425846,-1.0
-0.404158,0.892626,0.508947,-0.60975,-0.361034,-0.42447,0.569251,0.37112,-0.293875,-0.270537,0.100595,0.452109,0.015635,-0.449057,-1.0
-0.763661,-0.448331,0.730143,0.211154,0.027417,-0.66684,0.113726,0.084777,0.119468,-0.097499,-0.815296,0.333728,0.464776,-0.123506,-0.966136
-0.55516,-0.217653,-0.220763,-0.540322,0.425977,-0.101729,0.763925,0.81362,0.573059,-0.181425,-0.244914,-0.095115,0.653437,0.156798,-0.982415
0.073335,-0.917778,-0.889718,-0.416967,-0.64194,-0.391593,0.605699,0.634101,-0.398681,-0.317716,0.319623,-0.163811,-0.445089,0.302124,-1.0
-0.135477,-0.945384,0.881247,0.094769,-0.353805,-0.010399,0.022305,0.679109,-0.02222,-0.045894,0.140108,-1.0,-0.04708,0.488969,-0.95758
-0.730082,0.283864,0.270234,0.840342,0.441269,0.527365,0.900048,0.040275,0.508875,0.597279,-0.167475,0.002362,0.5555,0.192179,-0.986922
-0.399729,-0.824284,0.91642,-0.402789,0.631945,-0.381075,0.626537,0.735137,0.413244,-0.230917,-0.35939,-0.186691,0.491363,0.090076,-0.995192
-0.370683,-0.691794,0.441204,-0.25711,0.823088,0.87028,0.340333,0.418615,0.147131,0.249802,-0.427474,-0.441919,0.326425,0.375648,-1.0
-0.25946,0.332022,0.897086,-0.715069,-0.939282,-0.403184,0.535344,0.025494,-0.304106,-0.148965,0.316049,0.397843,-0.3896,-0.273599,-0.986983
0.2113,0.403878,0.47015,-0.60871,-0.839884,0.223707,0.854956,0.634916,-0.651788,0.161234,0.237983,0.033339,-0.452387,-0.094517,-1.0
-0.54192,0.737636,-0.204312,0.498696,0.999773,-0.62102,0.624315,0.874907,0.501221,-0.28949,-0.276291,0.30381,0.460599,-0.28548,-1.0
0.627418,0.07081,0.239999,-0.003498,-0.677262,-0.641659,0.875567,0.749235,-0.480668,-0.564817,0.021824,0.069122,-0.339412,-0.266911,-1.0
0.240263,0.361405,-0.152055,0.68086,-0.495457,0.075461,0.784984,0.529839,-0.656107,0.139644,0.205253,-0.014051,-0.432485,-0.235516,-1.0
-0.161682,0.868067,-0.376381,0.442878,0.017826,0.154928,0.257943,0.802176,-0.062027,0.206613,-0.290543,0.688519,0.145754,-0.520307,-0.923701
0.752814,0.913917,0.421481,-0.424793,-0.069728,0.154103,0.136463,0.5521,-0.12859,0.164759,0.608342,0.599643,-0.385459,-0.354448,-1.0
-0.287517,0.176376,0.606246,-0.44919,-0.064828,-0.788594,0.327106,0.008433,-0.049985,-0.225756,-0.107897,0.604409,0.090651,-0.541909,-1.0
-0.178293,-0.830334,0.80181,-0.661418,-0.960602,-0.136807,0.327389,0.205071,-0.180428,0.02906,0.568968,-0.390198,-0.38732,0.261517,-1.0
0.280533,0.19275,0.60504,0.539451,-0.528852,0.014594,0.701468,0.274854,-0.5019,0.063921,0.321002,0.079795,-0.535391,-0.077214,-0.99741
-0.228939,0.59341,0.511314,0.097642,-0.00552,0.215493,0.390302,0.374259,0.013756,0.345043,-0.333407,0.475197,0.317746,-0.470637,-0.909065
-0.398546,-0.366412,0.653514,0.365747,-0.424107,-0.100308,0.1489,0.228979,-0.148165,0.008125,0.161044,-0.827669,0.045301,0.602069,-0.989707
-0.031937,-0.594671,-0.869624,0.944269,0.099675,-0.418674,0.082428,0.125427,0.094886,-0.104806,-0.568877,-0.758166,0.292493,0.335713,-0.965199
-0.569335,0.094999,0.216035,0.95424,0.072881,-0.963626,0.478898,0.186869,-0.039058,-0.417606,-0.187399,0.447848,0.223703,-0.39149,-0.965152
-0.534931,-0.01654,-0.974795,0.222694,-0.867816,0.449697,0.078838,0.376672,-0.066396,0.066778,0.541917,-0.691819,-0.225934,0.454281,-1.0
0.468962,0.404446,-0.758175,0.695289,0.879216,0.631073,0.232462,0.992733,0.173707,0.134785,-0.642798,-0.427607,0.406802,0.184027,-1.0
0.024271,-0.124511,0.400617,-0.244383,-0.732931,-0.562751,0.019957,0.005093,-0.092885,-0.023331,0.817036,0.446808,-0.470996,-0.234363,-0.943418
0.611571,0.372468,-0.546242,0.973908,-0.309738,0.603816,0.17228,0.137459,-0.079086,0.074464,0.831053,-0.243129,-0.393647,0.168946,-1.0
-0.993901,-0.056872,-0.083765,0.373512,-0.549373,-0.082727,0.405912,0.818122,-0.327694,0.007244,-0.595394,0.024035,0.504976,0.053961,-0.98488
0.841574,0.767481,-0.386262,0.331818,0.182374,-0.004157,0.681155,0.868253,0.483119,0.015942,0.316925,0.291303,-0.319249,-0.376782,-0.928389
0.396319,0.271433,-0.661885,-0.924997,0.142564,0.662456,0.227104,0.813055,0.065652,0.18076,0.388453,-0.629793,-0.263099,0.435203,-1.0
-0.098259,0.037689,0.508692,-0.312818,-0.250703,0.790705,0.383868,0.76434,-0.091071,0.341884,0.073237,-0.591819,-0.094367,0.418297,-1.0
-0.368709,0.151036,0.883421,0.242312,-0.257482,-0.142719,0.942528,0.451744,-0.679442,-0.397977,0.01161,0.07923,0.279882,-0.423745,-1.0
-0.98432,-0.615139,-0.774858,-0.367664,-0.517182,-0.189528,0.133055,0.377122,-0.120273,0.048825,-0.598348,-0.569171,0.475042,0.338942,-0.982816
0.812522,-0.956543,0.037609,-0.934952,0.020602,0.670759,0.107893,0.885924,0.013877,0.019709,0.445965,-0.726697,-0.176538,0.496193,-1.0
-0.103594,0.021026,-0.958687,-0.417824,0.652633,-0.76335,0.012728,0.857942,-0.040669,0.025178,-0.71562,0.756662,0.326009,-0.411132,-1.0
0.543302,-0.414459,0.103251,0.512496,0.306836,-0.996387,0.875481,0.950689,0.149758,-0.721191,0.048057,0.122144,-0.201471,-0.464289,-0.996575
0.51193,0.824521,0.851926,0.067686,-0.231843,0.25437,0.609223,0.166154,-0.302044,0.433902,0.366012,0.309574,-0.425434,-0.353786,-1.0
-0.711644,-0.108671,-0.603021,-0.12245,-0.960064,-0.338606,0.359181,0.40017,-0.187112,-0.137958,0.51998,0.45251,-0.337952,-0.384472,-0.968655
-0.64178,0.833577,0.848384,0.867491,0.277722,-0.550606,0.548261,0.499652,0.256988,-0.39085,-0.251104,0.385516,0.290163,-0.572337,-0.967681
-0.876213,0.000149,0.19882,-0.157921,-0.894976,-0.730624,0.704405,0.723151,-0.414025,-0.295942,0.030462,0.231675,0.064345,-0.482907,-0.957519
-0.124878,-0.185097,0.160282,0.625552,-0.318432,-0.081045,0.536272,0.358445,-0.44017,-0.058645,0.354042,-0.247862,-0.423703,0.254948,-0.9738
-0.166907,0.164346,0.058469,-0.88969,-0.954578,-0.237235,0.804402,0.930156,-0.668773,-0.109457,0.183261,0.075408,-0.488269,-0.26226,-0.996479
0.02675,0.849128,-0.579305,0.078468,-0.33604,-0.841887,0.88585,0.731586,-0.217363,-0.762085,0.095986,0.091379,-0.183217,-0.526109,-0.959516
-0.339702,0.118381,0.738294,-0.013501,0.767738,0.904232,0.135819,0.190736,0.107457,0.079084,-0.734604,-0.426158,0.422094,0.266779,-1.0
0.71402,0.333908,0.802272,-0.514206,-0.498188,-0.407749,0.940595,0.159371,-0.540621,-0.503383,0.093296,0.011998,-0.466819,-0.22579,-1.0
-0.933077,0.808028,-0.851373,0.41568,-0.547705,-0.526114,0.289629,0.756357,-0.187516,-0.116334,-0.192527,0.722066,0.119503,-0.40466,-1.0
0.796984,0.667882,0.814485,-0.332711,-0.59856,0.668663,0.830427,0.574284,-0.372766,0.490031,0.229154,0.016491,-0.516792,0.078408,-0.963437
-0.742654,-0.450875,-0.098903,-0.198768,-0.956896,-0.663048,0.521233,0.967682,-0.347216,-0.168307,0.350265,0.381886,-0.412961,-0.451555,-0.985383
0.299839,0.852581,-0.520298,-0.227197,-0.21892,-0.42002,0.206942,0.645964,-0.058074,-0.126637,0.318258,0.67913,-0.165267,-0.488533,-1.0
0.043783,-0.656123,-0.15254,0.411095,-0.737988,0.030143,0.86176,0.784451,-0.682489,0.058135,0.113079,-0.03389,-0.402006,0.270599,-1.0
0.144149,0.790472,0.510499,-0.939692,-0.666397,0.713061,0.64323,0.607859,-0.301253,0.370183,0.375047,-0.020818,-0.462623,-0.053467,-1.0
-0.530232,-0.544784,-0.319248,-0.6791,-0.08189,-0.539374,0.054075,0.113561,0.040537,0.162108,-1.0,0.030205,0.521798,-0.012439,-0.98988
-0.972763,0.396976,-0.030371,-0.247903,0.837644,0.924156,0.220269,0.747897,0.079134,0.185786,-0.775527,-0.251719,0.450109,0.018567,-0.917353
-0.389481,-0.401728,-0.711912,0.683753,0.225501,0.463666,0.425882,0.714943,0.212888,0.348143,-0.314708,-0.522439,0.264446,0.368958,-1.0
0.067384,-0.601929,0.227169,0.456513,0.045898,-0.851629,0.077755,0.692816,-0.008256,-0.056943,0.033795,0.908226,-0.008021,-0.436615,-0.962224
0.229044,-0.445803,-0.750774,-0.06606,0.62121,-0.912001,0.68639,0.322777,0.315653,-0.323626,-0.186951,0.242064,0.372077,-0.43491,-1.0
-0.55355,0.102151,-0.492775,-0.543404,0.565971,0.111323,0.941972,0.022794,0.732901,0.138937,-0.120676,-0.036025,0.51218,0.026561,-1.0
0.931567,-0.663099,0.02729,0.677611,-0.956529,0.157813,0.956436,0.339115,-0.824713,0.163253,0.133199,0.001108,-0.378075,0.182719,-0.986313
-0.353814,-0.928897,0.334256,-0.575603,0.982834,-0.519869,0.64835,0.083233,0.479319,-0.264891,-0.339559,-0.114563,0.5772,0.105332,-0.965137
-0.433188,0.746938,-0.185801,0.077899,0.93257,-0.535895,0.696596,0.814544,0.468199,-0.353458,-0.180305,0.245423,0.380257,-0.358715,-0.914824
0.809429,0.191927,-0.403913,-0.613664,-0.477847,-0.304179,0.609752,0.872634,-0.406799,-0.28252,0.402008,0.092403,-0.455043,-0.182542,-0.972746
-0.246443,-0.159234,0.699679,-0.015993,-0.98183,0.208156,0.322581,0.928966,-0.256632,0.053814,0.54491,-0.353667,-0.535997,0.202147,-0.930678
0.331504,0.397995,0.972306,-0.456198,-0.383756,-0.035309,0.962523,0.011915,-0.83068,-0.103166,-0.065848,0.070579,-0.461596,-0.246501,-1.0
-0.363466,0.376071,-0.013435,-0.435604,-0.890597,-0.050148,0.485708,0.592566,-0.350489,0.05045,0.351686,0.377883,-0.402763,-0.261571,-0.95646
0.944843,0.555702,0.918121,0.444608,0.63544,-0.748565,0.256131,0.179134,0.150099,-0.130789,0.15974,0.66713,-0.051941,-0.504157,-1.0
0.228328,-0.443648,0.075152,0.777927,-0.565458,-0.277783,0.521007,0.511818,-0.257775,-0.229934,0.410943,-0.109448,-0.478135,0.050448,-0.994085
-0.584778,-0.573086,-0.128293,-0.769027,0.645459,0.203309,0.594668,0.41281,0.44348,0.214262,-0.396479,-0.226241,0.44549,0.322824,-0.944094
0.715408,0.653669,0.550638,0.370463,-0.900251,-0.042466,0.974684,0.721796,-0.820678,-0.080891,0.034965,-0.008466,-0.429342,-0.258538,-0.987766
-0.897679,0.07048,-0.781322,-0.035414,0.901478,0.09659,0.4049,0.115863,0.339599,-0.001309,-0.679316,-0.025661,0.53561,0.043439,-1.0
0.716394,-0.810274,0.358094,-0.045093,-0.326322,0.357719,0.5732,0.493595,-0.315549,0.382639,0.283509,-0.285619,-0.360686,0.341412,-0.994252
0.373493,-0.198946,-0.837332,0.121406,0.892041,0.569922,0.266014,0.968984,0.111278,0.112915,-0.42271,-0.614311,0.30673,0.396573,-1.0
-0.393312,-0.100002,-0.553603,-0.276299,0.338171,-0.735362,0.542062,0.345481,0.1654,-0.324013,-0.32324,0.237549,0.45692,-0.265559,-0.927896
0.169005,0.744213,-0.370078,-0.509738,0.578083,-0.83348,0.181498,0.773749,0.044968,-0.098935,-0.226213,0.904134,0.086111,-0.470564,-1.0
-0.320563,-0.262331,0.53245,-0.733765,0.326349,0.350089,0.042423,0.648971,0.083841,0.018759,-0.747509,-0.635253,0.338273,0.286507,-0.87369
0.597356,0.472433,0.957915,0.264192,-0.500976,0.409653,0.165635,0.838526,-0.120686,0.074413,0.863749,0.11746,-0.485112,0.063044,-0.971075
-0.430946,0.65077,-0.344837,0.044054,0.357774,0.641296,0.897526,0.778656,0.380977,0.684395,0.040086,0.137714,0.534921,0.103241,-1.0
-0.689408,0.842697,-0.505276,-0.932967,0.19337,-0.787047,0.88721,0.429544,0.071351,-0.625816,-0.02665,0.13386,0.157953,-0.379217,-1.0
-0.074646,-0.969096,0.487856,-0.811609,-0.385751,0.805212,0.308662,0.136405,-0.061278,0.248021,0.114769,-0.710524,-0.033075,0.533914,-1.0
-0.308137,0.943252,0.731479,-0.555057,-0.229051,-0.489893,0.811627,0.352804,-0.246723,-0.537712,0.027604,0.170588,0.036025,-0.545577,-1.0
-0.850427,-0.749386,0.47958,0.927238,0.163484,0.113252,0.338219,0.646516,0.237331,0.153724,-0.476645,-0.463261,0.318106,0.346541,-1.0
0.820935,-0.272034,0.569253,-0.938237,0.057157,0.047828,0.184624,0.478208,0.215478,0.153279,0.693347,-0.176564,-0.449486,0.245197,-1.0
-0.781586,-0.279154,-0.63752,0.333628,-0.694584,0.89033,0.770687,0.351072,-0.410352,0.418728,-0.041518,-0.216812,0.027547,0.498357,-0.959029
-0.697514,0.47821,-0.571043,-0.779977,0.324475,0.148089,0.784557,0.76701,0.542738,0.260282,-0.210208,0.040122,0.489097,-0.159584,-1.0
-0.134177,-0.759101,-0.069387,-0.701406,-0.410187,0.497742,0.466021,0.760291,-0.280473,0.216572,0.021759,-0.56499,-0.142069,0.49203,-1.0
0.895134,0.381222,-0.151,0.796352,0.167721,0.493234,0.669252,0.923936,0.16706,0.506045,0.240858,-0.044266,-0.548231,0.13583,-0.921735
-0.570467,0.098632,-0.41768,0.497428,-0.462432,-0.949645,0.042936,0.586557,-0.038849,0.011173,-0.044851,0.916151,0.025827,-0.589996,-0.986868
-0.53996,0.651374,-0.383091,-0.738403,0.988128,0.478932,0.506612,0.281042,0.246886,0.229012,-0.491325,0.017654,0.569837,-0.03294,-1.0
0.301987,0.596238,-0.494379,0.842719,0.786587,-0.04687,0.072388,0.34344,0.052868,0.026964,-0.463772,0.793976,0.276754,-0.340069,-1.0
-0.310123,0.11019,-0.054182,0.765319,-0.95531,0.111909,0.875945,0.415074,-0.711313,0.073998,0.016695,-0.009527,-0.549814,0.010901,-1.0
-0.611706,-0.32343,-0.214938,0.157312,0.409859,0.955207,0.76964,0.608411,0.270289,0.60373,-0.083227,-0.192885,0.400739,0.42258,-0.931475
-0.602996,-0.639152,0.374429,0.947759,0.682055,-0.078453,0.487683,0.8227,0.333826,0.003857,-0.512592,-0.172953,0.397062,0.216897,-0.995712
-0.944767,0.561886,0.754752,-0.417206,-0.692421,0.74528,0.224313,0.486982,-0.127275,0.176271,-0.677889,-0.440931,0.339267,0.256651,-1.0
0.271475,0.236974,0.23388,-0.679193,0.531677,-0.628861,0.576868,0.554222,0.365748,-0.37465,-0.120285,0.404442,0.159688,-0.441354,-1.0
-0.400633,0.990294,0.159206,0.628677,-0.874629,-0.028297,0.861435,0.15769,-0.617685,0.06903,0.141074,0.034638,-0.137163,-0.366435,-1.0
0.882196,0.484672,0.858821,0.198913,0.17418,0.849273,0.657089,0.122443,0.090953,0.566423,0.389434,-0.059278,-0.47444,0.12998,-0.99475
0.872455,0.388598,0.767897,0.001304,-0.854345,0.289822,0.252871,0.713578,-0.157238,0.139839,0.73553,0.045018,-0.572935,-0.079476,-1.0
0.148615,0.616295,0.241608,0.624592,-0.912699,0.003351,0.380687,0.119087,-0.364973,0.034996,0.618928,0.295044,-0.451545,-0.211921,-0.954028
0.969963,0.91104,0.031276,-0.857889,-0.269364,0.334335,0.699213,0.963142,-0.254976,0.368278,0.264703,0.142056,-0.340479,-0.261177,-1.0
0.456517,-0.410886,0.821792,0.454439,0.105155,0.159656,0.505056,0.134035,0.249028,0.306001,0.177366,-0.454131,-0.184057,0.386249,-0.988369
0.153777,0.946798,-0.996158,0.929368,-0.662845,-0.891327,0.469447,0.188654,-0.233783,-0.285955,0.102543,0.475192,-0.158828,-0.430046,-0.923929
-0.652823,-0.839967,-0.941248,0.943271,0.312889,-0.079588,0.494631,0.903465,0.442423,-0.032212,-0.341899,-0.248118,0.396775,0.322149,-0.978295
0.631714,-0.833494,-0.454721,-0.952223,-0.117566,0.8672,0.565071,0.188744,-0.120544,0.380604,0.219974,-0.410057,-0.123782,0.381552,-1.0
-0.494667,0.073485,0.575251,0.60522,-0.499502,-0.956989,0.308179,0.713897,-0.03977,-0.227576,0.160549,0.636755,-0.102088,-0.462587,-1.0
0.743749,-0.441319,-0.617385,0.781827,0.737447,-0.293657,0.030248,0.83764,0.027184,0.067974,-0.00197,-0.95323,0.052232,0.549836,-0.990446
0.045838,-0.132323,0.513379,0.308384,0.410874,-0.917709,0.08039,0.343084,0.137815,0.025159,-0.338313,0.793657,0.289205,-0.537251,-1.0
-0.241952,-0.709502,0.99355,-0.208383,-0.468355,-0.7549,0.011065,0.889317,0.030111,0.009861,0.979693,0.188202,-0.57833,0.019298,-0.959306
0.979207,0.708722,0.788353,0.415488,0.544141,-0.887605,0.07551,0.728124,0.088111,0.005255,0.23029,0.927295,-0.158876,-0.521703,-0.968247
0.004937,-0.042178,0.945433,-0.236841,-0.361148,-0.2324,0.320499,0.995696,-0.221046,-0.115166,0.51058,0.327715,-0.417602,-0.234145,-1.0
0.943861,0.593465,-0.185533,-0.673658,-0.089058,-0.905162,0.835417,0.647002,-0.095022,-0.553674,0.146071,0.093102,-0.264004,-0.463497,-1.0
0.95067,0.849949,0.935588,-0.118068,0.952502,0.811469,0.885301,0.861751,0.63624,0.428232,0.093729,0.058699,-0.064525,-0.412613,-0.892342
0.55382,-0.114045,0.84695,-0.42785,0.389314,0.384644,0.195965,0.707901,0.069023,0.069863,0.252225,-0.738592,-0.140383,0.391073,-1.0
-0.239382,-0.61465,-0.063364,-0.118829,-0.921887,0.93844,0.428016,0.85302,-0.309629,0.164305,0.21297,-0.516855,-0.255859,0.477499,-1.0
0.359977,0.065201,-0.98861,-0.530324,0.092567,-0.224205,0.329872,0.573844,0.111668,-0.27883,0.389497,0.516209,-0.318554,-0.363693,-1.0
-0.829741,0.349972,-0.297583,0.27381,0.97869,-0.096813,0.074616,0.527903,0.043618,0.001523,-0.932896,0.284131,0.456102,-0.149401,-1.0
0.747,0.088742,-0.63636,0.273813,-0.18323,-0.083529,0.169361,0.861325,-0.153718,-0.105762,0.737455,0.058183,-0.506586,-0.12479,-1.0
0.69175,-0.738067,-0.215224,0.844283,-0.147235,0.436517,0.647535,0.744062,-0.21168,0.500904,0.23485,-0.314107,-0.199674,0.312541,-0.912633
0.99359,-0.04468,0.664352,-0.491821,0.879981,-0.366944,0.093909,0.193351,0.073617,0.036422,0.323293,0.834845,-0.211043,-0.483022,-0.965677
0.606619,-0.151733,-0.189009,0.695302,-0.208874,-0.069446,0.763841,0.650777,-0.522317,-0.233862,0.200864,-0.04657,-0.450681,0.094185,-1.0
-0.249059,-0.596586,0.95789,0.918397,-0.736595,-0.919642,0.754899,0.126354,-0.339477,-0.501237,0.199986,0.100909,-0.457228,-0.325225,-0.988632
0.63929,-0.188316,-0.876968,-0.280858,0.662275,0.265506,0.325061,0.972648,0.164039,0.047511,-0.05063,-0.72936,-0.010164,0.481768,-1.0
-0.723128,-0.324311,-0.678022,-0.056858,0.628704,0.493259,0.693189,0.289648,0.454876,0.330492,-0.297417,-0.16305,0.399791,0.22945,-0.91027
-0.001656,-0.039169,0.415986,-0.31218,0.157918,-0.780357,0.320481,0.035025,0.122288,-0.27082,-0.12291,0.632881,0.048181,-0.576478,-0.908565
-0.727207,0.166726,-0.507937,0.515839,-0.821464,-0.037158,0.273666,0.10603,-0.284327,-0.097148,0.280645,0.710222,-0.277464,-0.457265,-0.997375
0.891366,-0.177027,0.64816,0.30839,-0.752555,0.400718,0.865517,0.003762,-0.552134,0.276546,0.148922,-0.019932,-0.529994,0.112918,-0.994242
0.166351,0.35095,0.713869,0.888859,0.428199,0.797202,0.586804,0.421556,0.269706,0.408116,-0.206549,-0.3479,0.229904,0.562521,-1.0
0.693792,-0.669926,-0.436095,0.329026,0.416518,-0.389751,0.263961,0.319174,0.104689,-0.213848,0.564449,-0.581172,-0.331561,0.348076,-1.0
-0.387493,0.657269,-0.089822,0.7673,0.583972,-0.249247,0.480664,0.178435,0.325209,-0.249008,-0.371704,0.443729,0.353765,-0.372296,-1.0
-0.240534,0.518558,0.621407,-0.318892,0.620459,-0.906277,0.643654,0.337833,0.328053,-0.400486,-0.17122,0.358012,0.209556,-0.34391,-1.0
0.098798,-0.861452,0.13473,0.661437,-0.03531,0.96783,0.878966,0.543851,-0.012909,0.689201,0.056558,-0.117691,-0.028332,0.522145,-1.0
-0.476516,0.548026,-0.196136,0.853293,-0.13164,-0.926543,0.456558,0.954873,-0.042437,-0.406358,-0.199458,0.491809,0.071804,-0.634607,-0.962978
0.051535,0.152416,-0.834783,0.115871,-0.693726,0.354676,0.046688,0.15537,-0.01867,-0.055765,1.0,-0.330787,-0.460286,0.30354,-1.0
0.929195,-0.756314,-0.646053,-0.912731,-0.570693,0.531084,0.142814,0.931496,-0.007777,0.202904,0.647693,-0.650338,-0.315664,0.385253,-0.980799
-0.063335,0.026539,0.835128,0.015435,-0.528487,0.534606,0.083848,0.66,0.037462,0.13482,0.689812,-0.785327,-0.356457,0.330585,-0.926701
-0.406811,0.555687,0.884575,0.135034,-0.659115,0.03485,0.208116,0.874796,-0.119588,-0.1365,0.322873,0.674381,-0.237823,-0.47897,-0.998216
-0.278689,-0.40501,0.351983,0.158542,-0.644597,-0.428977,0.375169,0.572379,-0.359301,-0.235038,0.500349,0.09258,-0.55725,0.015542,-0.932453
-0.893128,-0.933276,0.046358,-0.38504,-0.626674,-0.841143,0.702961,0.248381,-0.369806,-0.521273,-0.300798,-0.073177,0.507978,0.189037,-0.942629
-0.065734,0.909202,0.453747,-0.907069,0.79852,-0.088869,0.68929,0.176832,0.558069,-0.055849,-0.202523,0.216164,0.381486,-0.327275,-1.0
-0.602536,0.681814,0.052746,-0.742531,0.940154,-0.986256,0.74618,0.043629,0.427539,-0.355367,-0.100701,0.169258,0.400305,-0.339405,-1.0
0.376226,-0.835837,0.970116,-0.582612,-0.219147,-0.245272,0.748669,0.567424,-0.33307,-0.308144,0.280772,-0.177691,-0.341593,0.293664,-0.888421
0.455365,-0.355805,-0.876948,0.556092,0.440751,-0.003981,0.324072,0.464523,0.358083,-0.01039,-0.065836,-0.606619,-0.00392,0.513213,-1.0
-0.337112,0.04916,-0.517243,-0.549289,0.840977,0.253529,0.877344,0.687974,0.716335,0.190478,-0.103113,0.009554,0.545541,0.131272,-1.0
-0.366386,-0.721084,0.109266,0.92938,0.39371,0.302185,0.798202,0.696676,0.487202,0.355221,-0.13866,-0.25203,0.333501,0.40763,-0.974412
-0.857533,0.04281,-0.703798,-0.789206,0.179918,0.832824,0.704153,0.509261,0.108967,0.566038,-0.254006,-0.165079,0.199935,0.320386,-1.0
0.458359,0.59287,0.967934,0.669717,-0.796608,0.079393,0.633639,0.052002,-0.461469,0.084287,0.332514,0.230833,-0.415355,-0.206353,-1.0
0.241551,-0.846256,0.281926,0.924801,0.334396,-0.354536,0.660108,0.732654,0.302833,-0.333227,-0.012162,-0.27426,0.131853,0.469503,-0.945881
-0.870352,0.998908,0.433641,0.221029,0.370821,-0.576638,0.998814,0.365367,0.463993,-0.613475,0.054344,-0.010333,0.346868,-0.35854,-0.967737
-0.670435,-0.078519,-0.326609,-0.505565,-0.758027,-0.595235,0.104105,0.550648,-0.049924,0.02415,0.142,0.950617,-0.101796,-0.521046,-1.0
0.243642,0.82393,-0.219658,0.175387,-0.391685,-0.649658,0.042662,0.502677,-0.113813,-0.067322,0.316192,0.900832,-0.121332,-0.373817,-1.0
0.796617,-0.694912,-0.306096,0.278467,0.07965,0.336216,0.9603,0.954806,0.158803,0.755332,0.145268,0.017955,-0.235642,0.317814,-0.975492
-0.371825,-0.118018,-0.103689,-0.118984,-0.244089,0.885757,0.797338,0.724231,-0.164911,0.665548,-0.007788,-0.198315,0.0949,0.600549,-1.0
0.332765,-0.296947,-0.731319,-0.027412,0.862746,-0.299167,0.224108,0.745307,0.117439,-0.004416,-0.816011,0.054375,0.574543,0.050209,-1.0
0.015533,-0.296327,0.487358,0.865608,0.221283,0.701559,0.727931,0.381854,0.195002,0.605781,-0.054495,-0.398098,0.173275,0.458404,-0.937702
0.855823,-0.982483,0.576638,-0.992137,0.99836,0.84827,0.580827,0.162488,0.414867,0.350036,-0.023048,-0.389984,-0.010421,0.504405,-1.0
-0.227714,-0.601409,0.914356,-0.834069,-0.440499,0.578875,0.807593,0.069733,-0.372839,0.497207,-0.012994,-0.267404,-0.089893,0.443625,-0.970849
0.685288,0.777343,-0.094704,0.32293,0.035337,0.856556,0.821375,0.608837,0.043851,0.676292,0.187852,0.005795,-0.441217,0.012547,-1.0
0.015559,0.033689,-0.444255,-0.685107,0.02627,-0.765936,0.946109,0.862174,-0.027792,-0.765312,0.050053,0.114531,0.036538,-0.633763,-0.969979
-0.683616,-0.503716,-0.987885,-0.810081,0.006165,-0.598617,0.648137,0.876123,0.056028,-0.591133,-0.336448,-0.006418,0.512522,-0.170405,-0.945775
-0.959196,-0.178007,0.208071,-0.743153,0.170926,-0.465317,0.759355,0.445819,0.287284,-0.573227,-0.285497,0.053395,0.551961,-0.114078,-0.954612
0.821027,-0.179238,0.849881,0.273098,-0.14058,-0.469722,0.184851,0.894791,-0.029953,-0.130786,0.736769,0.316089,-0.540719,-0.124245,-1.0
0.76829,-0.836134,0.33799,0.370498,0.592019,0.363944,0.318992,0.629743,0.201307,0.140959,0.130674,-0.649664,-0.095714,0.530684,-0.941811
0.442773,0.947437,-0.207389,-0.969731,0.984569,-0.759386,0.674503,0.919096,0.468035,-0.380131,-0.123074,0.226277,0.147043,-0.557039,-0.979384
0.838246,0.127309,0.178057,0.906949,0.655199,-0.760632,0.310276,0.270821,0.180065,-0.147317,0.213342,0.675382,-0.043711,-0.442367,-1.0
0.006642,-0.887699,-0.6478,-0.532543,-0.264816,-0.165382,0.497129,0.672289,-0.285075,-0.241447,0.187902,-0.50614,-0.180459,0.472448,-1.0
0.947384,-0.45481,0.771799,0.644142,-0.071035,-0.422528,0.521097,0.133329,-0.143795,-0.424704,0.566264,0.051298,-0.527113,0.026314,-1.0
-0.597265,0.15596,0.253133,-0.220583,0.446769,-0.867103,0.666362,0.249659,0.197337,-0.434841,-0.264987,0.216184,0.291004,-0.28212,-0.980488
-0.515973,-0.168549,0.389841,-0.152533,-0.229155,-0.111274,0.742601,0.688609,-0.560124,-0.250606,-0.221625,-0.13716,0.526864,0.147747,-0.997325
0.504038,-0.824019,-0.778627,0.070242,-0.494114,0.808044,0.805356,0.819073,-0.423886,0.580279,0.175778,-0.104376,-0.295973,0.436477,-1.0
-0.691094,0.765235,-0.882187,0.166744,-0.185642,-0.658009,0.965242,0.086814,-0.206682,-0.661379,0.003529,0.00332,0.123084,-0.344404,-1.0
0.044793,0.425616,0.698617,-0.71228,0.456381,-0.583402,0.225723,0.996456,0.088644,-0.180844,-0.249408,0.780224,0.198926,-0.444701,-1.0
0.701715,-0.965146,0.409629,-0.838,0.059702,-0.137068,0.33841,0.980774,0.125456,-0.20319,0.475441,-0.494407,-0.289767,0.398815,-1.0
0.102551,-0.36603,0.074744,0.881071,-0.006109,-0.955379,0.769392,0.340672,-0.033852,-0.665673,0.012148,0.25662,-0.07855,-0.513488,-1.0
-0.47256,0.091327,-0.260564,0.597502,-0.916969,-0.874176,0.258698,0.194699,-0.10316,-0.082736,0.289671,0.642178,-0.204826,-0.512664,-1.0
0.61068,0.297653,0.325975,-0.124822,-0.906265,-0.852269,0.998392,0.476495,-0.573566,-0.5323,0.093098,-0.007796,-0.33414,-0.315525,-1.0
0.90639,0.046906,-0.679369,-0.1364,0.056456,0.247966,0.106148,0.629162,-0.0109,0.024437,0.885898,-0.180848,-0.47418,0.11332,-0.985799
-0.210421,-0.717938,0.433921,0.530262,0.876424,-0.761515,0.98174,0.246574,0.550387,-0.54304,-0.065627,-0.012428,0.423943,0.047967,-1.0
0.855489,0.96935,0.090624,-0.622441,0.925942,0.533059,0.954176,0.235441,0.689836,0.343247,-0.020565,0.047393,0.15832,-0.51889,-1.0
-0.68249,-0.06325,-0.147102,-0.804705,-0.113428,0.306265,0.561871,0.322184,-0.121814,0.374293,-0.318609,-0.19546,0.374548,0.336328,-1.0
-0.808542,0.198387,-0.485213,-0.783018,-0.225316,0.435211,0.746022,0.44441,-0.203628,0.49091,-0.292316,-0.174076,0.512061,0.199492,-1.0
0.808182,-0.734703,0.169899,0.94069,-0.773689,0.051201,0.582789,0.465863,-0.485667,0.045961,0.321752,-0.218791,-0.416933,0.221666,-0.975841
0.610068,0.252266,-0.599224,-0.741795,-0.537499,-0.737206,0.947025,0.867659,-0.405257,-0.591512,-0.067503,-0.024025,-0.393028,-0.308718,-1.0
-0.864539,0.357954,0.068741,-0.427483,0.553275,-0.831981,0.333926,0.366757,0.127401,-0.136131,-0.442095,0.436224,0.37543,-0.445756,-0.969632
-0.37661,0.019878,0.310881,-0.587807,-0.092663,0.952869,0.604862,0.87737,-0.021782,0.46717,-0.128304,-0.392242,0.126156,0.487569,-1.0
-0.72096,0.43982,-0.741627,0.762345,-0.618427,0.188611,0.627361,0.897441,-0.51085,0.100128,-0.127634,0.327415,0.245392,-0.530334,-0.999996
-0.93716,-0.885539,0.167744,-0.202481,0.985588,-0.797859,0.1988,0.93135,0.084804,-0.122862,-0.814547,-0.137098,0.566014,0.013503,-0.988125
-0.378832,0.844793,0.842272,0.278298,-0.331104,-0.816151,0.537209,0.882987,-0.097239,-0.42193,-0.034138,0.482866,0.087297,-0.524667,-0.907259
-0.029777,-0.1756,0.278436,-0.611049,0.695075,-0.652051,0.550445,0.044162,0.322268,-0.337738,-0.457597,0.20758,0.483962,-0.258414,-0.95267
0.428624,0.007448,0.122719,0.989922,-0.599775,0.253517,0.865213,0.933726,-0.584721,0.243576,0.157368,-0.052416,-0.508836,0.143081,-1.0
-0.519665,0.933789,0.725639,-0.027611,0.574804,0.082945,0.568366,0.906122,0.445247,0.085698,-0.315519,0.278813,0.318611,-0.332507,-1.0
-0.199885,-0.943306,-0.988061,-0.374523,0.509348,-0.994863,0.128781,0.381326,0.018078,-0.112973,-0.817859,0.031605,0.440223,0.021294,-0.94123
-0.968854,-0.933123,-0.354762,-0.604572,0.295075,-0.728888,0.434416,0.083655,0.167614,-0.262582,-0.566614,-0.074865,0.520301,0.128585,-0.980063
-0.709147,-0.44048,-0.481698,-0.028824,0.927471,-0.076378,0.271387,0.696242,0.224207,-0.084082,-0.702992,-0.198852,0.481074,0.178277,-0.941648
0.259764,0.160843,0.689029,0.288394,0.15879,0.624737,0.695584,0.620622,0.102148,0.502634,0.094642,-0.280264,-0.198989,0.51642,-0.988566
-0.028205,0.040738,-0.302483,-0.367411,0.885555,0.512255,0.843309,0.528447,0.570787,0.384229,-0.065961,-0.010426,0.47746,0.227999,-1.0
0.169563,-0.498749,0.897783,-0.534576,-0.395693,-0.222051,0.120716,0.977096,-0.075809,-0.029357,0.742569,-0.308412,-0.383043,0.206254,-0.966947
0.833254,-0.881196,-0.678907,-0.198656,-0.972678,-0.139042,0.822902,0.446032,-0.718566,1.9e-05,0.116093,-0.092329,-0.453304,0.205687,-1.0
-0.137359,-0.825403,0.954199,-0.307735,0.781153,0.717594,0.647452,0.457197,0.416324,0.380695,-0.223695,-0.342163,0.211033,0.523605,-1.0
-0.626915,0.468941,0.846437,-0.820759,0.95794,0.822816,0.180382,0.279485,0.129701,0.020921,-0.816005,-0.226131,0.479703,0.147602,-0.984266
0.482263,0.67995,0.307106,-0.874769,0.617393,0.713539,0.411778,0.791037,0.297867,0.271561,-0.652187,-0.272581,0.538988,0.137307,-1.0
-0.754163,0.214565,0.788973,-0.722748,-0.577448,-0.338724,0.194264,0.29522,-0.078293,-0.014556,-0.258556,0.744353,0.184942,-0.412629,-1.0
0.992692,-0.913098,0.776615,0.759676,-0.735372,-0.931675,0.070691,0.446719,-0.040134,-0.049246,0.939355,0.024182,-0.470481,-0.063131,-0.947743
0.767682,0.333346,0.521582,-0.503765,-0.009049,-0.801689,0.302336,0.54069,-0.005731,-0.238929,0.408837,0.494917,-0.224696,-0.43512,-0.925606
-0.930999,-0.584795,-0.719204,-0.05279,-0.572035,0.197448,0.508004,0.981195,-0.405453,0.18513,-0.142274,-0.495318,0.251951,0.403335,-0.990325
0.32492,0.617911,0.160503,-0.220545,0.63829,0.662069,0.582861,0.519142,0.380691,0.267824,-0.319841,-0.00732,0.504918,0.044923,-1.0
-0.387858,0.960943,0.246871,0.982321,0.521066,-0.254213,0.72972,0.767373,0.538829,-0.297093,-0.118772,0.228419,0.292969,-0.466493,-0.973955
0.241969,0.528738,0.779362,-0.259427,-0.890775,-0.604275,0.35304,0.843644,-0.297879,-0.167897,0.404855,0.452962,-0.290358,-0.358248,-1.0
0.990707,0.697821,-0.963645,0.161882,-0.463414,-0.074379,0.713733,0.565817,-0.48431,-0.068517,0.294019,0.047296,-0.452942,-0.355937,-1.0
0.942798,0.347088,0.042025,-0.346348,-0.084677,-0.714097,0.905041,0.194554,-0.064788,-0.773115,0.094361,0.073722,-0.312393,-0.288972,-1.0
-0.824146,-0.056256,0.486884,0.154976,-0.469352,0.304907,0.548414,0.940488,-0.407893,0.219597,-0.384775,-0.277229,0.276955,0.390164,-1.0
-0.529572,-0.733883,0.480416,0.245534,-0.779001,0.372513,0.306224,0.725304,-0.232768,0.098735,0.172241,-0.641436,-0.089169,0.471838,-1.0
0.208433,0.03797,-0.148264,0.436212,0.557138,0.465243,0.040646,0.538268,0.051852,0.013616,-0.619266,-0.680263,0.313592,0.375526,-0.962297
-0.424582,0.45392,0.603929,0.332969,-0.269551,-0.353432,0.878106,0.452855,-0.366348,-0.54005,-0.026267,0.082126,0.076388,-0.495014,-0.980074
-0.748331,0.536596,0.759851,0.526242,0.943832,0.504545,0.129312,0.985411,0.089423,0.136861,-0.775284,0.011411,0.458985,-0.04532,-1.0
0.440975,0.022238,-0.281692,-0.267954,0.4651,0.094529,0.346703,0.481249,0.251782,0.087525,-0.121015,-0.688688,0.221522,0.463438,-1.0
0.828379,0.993858,0.165515,0.931189,-0.535689,0.816391,0.596688,0.742045,-0.214394,0.395646,0.404933,0.137954,-0.441624,-0.117984,-1.0
-0.460903,-0.344908,-0.188748,-0.569891,0.90295,-0.269858,0.244614,0.289625,0.185972,-0.007516,-0.855218,0.064079,0.451526,0.082228,-1.0
0.71975,0.710679,-0.247037,-0.856168,0.163262,0.99837,0.717833,0.222697,0.114297,0.574885,0.278375,-0.169246,-0.456637,0.220536,-1.0
0.663926,-0.394188,0.397498,0.088753,-0.958394,0.000668,0.3036,0.330795,-0.226458,-0.013348,0.68556,-0.123721,-0.503089,0.135236,-0.954169
0.082434,0.075017,0.943548,0.176429,-0.828182,-0.396757,0.96351,0.326261,-0.73673,-0.331482,0.027923,0.044587,-0.383219,-0.265818,-0.929531
0.31653,0.263091,0.795821,0.018885,-0.115672,0.957468,0.714301,0.122345,-0.075724,0.486903,0.154253,-0.189051,-0.341668,0.452657,-0.985947
-0.066729,-0.69454,0.990415,0.271617,0.048458,0.845899,0.197096,0.58247,0.047337,0.144964,-0.066561,-0.856115,0.127136,0.51047,-1.0
0.715981,0.994465,0.047809,0.329887,0.33673,-0.736742,0.663774,0.227274,0.286919,-0.429541,0.185889,0.319123,-0.042324,-0.373261,-0.922814
-0.981516,0.323922,-0.652029,0.152067,0.560455,0.340385,0.7634,0.659532,0.355293,0.363594,-0.315392,-0.030973,0.488384,-0.000931,-1.0
0.505069,0.832482,0.002793,-0.687518,-0.987792,-0.108783,0.577045,0.711736,-0.317773,-0.066798,0.300831,0.212949,-0.414801,-0.31705,-1.0
0.382884,0.401271,-0.311985,0.84899,0.639022,-0.276812,0.213954,0.839159,0.260004,-0.029499,-0.225256,0.728476,0.138306,-0.593878,-1.0
-0.942573,-0.767451,-0.023465,0.518415,-0.47302,0.890548,0.528469,0.103529,-0.193282,0.278835,-0.135928,-0.471843,0.074559,0.475442,-1.0
-0.427184,-0.441166,0.787062,0.529668,-0.692712,0.087576,0.681728,0.970461,-0.574399,0.123192,0.113754,-0.267981,-0.223197,0.411896,-1.0
-0.854586,-0.619717,-0.02326,0.781104,0.574339,-0.004845,0.443575,0.498569,0.406943,0.040958,-0.569922,-0.217951,0.444493,0.194678,-0.912364
-0.701357,-0.778473,0.67037,-0.386527,0.535422,-0.782301,0.557521,0.706863,0.260067,-0.432282,-0.496932,0.003968,0.584797,0.096098,-0.9503
0.385618,0.153715,-0.319484,-0.350314,-0.26363,-0.543011,0.028497,0.31189,0.073327,-0.030966,0.64257,0.652178,-0.383988,-0.312012,-0.970493
0.101413,0.541756,0.503218,-0.772937,-0.693543,-0.414489,0.17721,0.091353,-0.101308,-0.099486,0.545096,0.638894,-0.256273,-0.430162,-1.0
0.778378,0.633613,-0.600305,-0.137306,0.056315,0.893594,0.565929,0.044909,0.00544,0.423814,0.438972,-0.164562,-0.347728,0.194499,-0.9556
-0.613086,0.04859,0.343489,0.019059,0.571098,-0.493096,0.511871,0.64366,0.238482,-0.24752,-0.423235,0.171895,0.472387,-0.223378,-1.0
0.611275,-0.647362,-0.514593,0.092874,0.892507,-0.541922,0.527959,0.731329,0.415679,-0.197181,-0.425884,-0.238525,0.434433,0.210939,-1.0
0.814684,0.499715,0.339987,-0.948993,-0.187291,0.943089,0.704231,0.155354,-0.070761,0.468264,0.36578,-0.044794,-0.416062,0.128943,-1.0
-0.281104,0.980002,-0.808548,-0.238055,-0.036993,-0.428046,0.81574,0.117496,-0.070062,-0.593471,-0.023101,0.125447,0.031063,-0.365774,-1.0
0.647603,0.244639,-0.732974,-0.23838,-0.935909,0.9218,0.746014,0.845331,-0.466177,0.475486,0.28098,-0.072556,-0.376792,0.137084,-1.0
0.552832,0.605448,-0.298415,-0.745963,-0.905701,0.917322,0.677075,0.840262,-0.417249,0.471599,0.338201,0.012628,-0.48056,0.021485,-0.960442
0.782544,0.655464,0.068589,-0.65265,-0.496843,0.714456,0.971171,0.661426,-0.474474,0.624471,0.028016,0.024543,-0.509477,0.019304,-0.961693
-0.809017,0.93785,-0.279661,-0.251741,-0.199229,0.429433,0.859902,0.421749,-0.323849,0.540861,-0.131036,0.104985,0.353994,-0.314102,-0.996797
0.662071,0.423209,0.578508,0.188659,-0.491422,-0.7531,0.775134,0.991226,-0.351172,-0.435913,0.108812,0.132977,-0.345119,-0.321358,-1.0
-0.336249,0.763484,-0.82031,0.61305,-0.75603,-0.362685,0.088784,0.641446,-0.062109,0.063941,0.258042,0.861326,-0.201278,-0.527742,-1.0
-0.538114,-0.097102,0.76576,0.54539,-0.476193,0.312466,0.231185,0.968069,-0.046476,0.167058,-0.131081,-0.681141,0.060979,0.476486,-0.986904
-0.414063,0.404181,-0.664771,-0.470617,-0.211774,0.418297,0.769909,0.597306,-0.309589,0.527245,-0.241279,-0.083041,0.518037,0.029564,-1.0
0.416346,0.957188,-0.104694,-0.550497,-0.420679,-0.436278,0.574625,0.774787,-0.282511,-0.296302,0.259374,0.321271,-0.241916,-0.352966,-0.957038
-0.008355,0.832509,0.746338,-0.221819,0.908767,0.24455,0.185016,0.357118,0.107739,0.032318,-0.77829,0.527454,0.433928,-0.280472,-0.952525
-0.587025,-0.70743,-0.948418,0.647951,0.91633,0.044911,0.701915,0.676398,0.514409,-0.011725,-0.290763,-0.182841,0.562178,0.184538,-0.988337
-0.429622,0.237802,0.524364,0.702415,-0.678324,-0.029575,0.242109,0.145955,-0.266433,-0.000721,0.500948,0.599817,-0.3169,-0.343027,-1.0
0.885855,0.766728,0.611223,-0.191405,-0.175888,-0.279206,0.1499,0.102803,-0.017605,-0.065919,0.55108,0.533721,-0.312213,-0.357949,-1.0
0.534842,0.808039,0.594511,-0.527603,0.644144,-0.945142,0.063119,0.634347,0.160102,-0.134326,-0.051211,0.894324,0.033351,-0.508323,-0.945048
-0.056036,0.504938,0.226119,-0.573648,0.733749,0.01899,0.055572,0.572352,0.021314,0.039456,-0.842444,0.48896,0.28461,-0.218173,-0.965288
-0.429994,-0.351874,-0.693783,-0.702908,0.969819,-0.266176,0.641751,0.171438,0.467969,-0.1381,-0.339301,0.015214,0.582386,0.059942,-1.0
-0.576158,-0.206559,0.765297,0.139481,-0.732267,0.016717,0.607739,0.905097,-0.431944,0.065029,0.19778,-0.287235,-0.332367,0.459634,-1.0
0.547158,-0.798795,0.931986,0.356114,0.155276,-0.370984,0.65827,0.309557,0.206794,-0.457051,0.225309,-0.256021,-0.247308,0.382054,-0.954059
0.60124,-0.986265,0.385979,0.131749,-0.893884,-0.935941,0.719669,0.516031,-0.432438,-0.359766,0.294651,-0.056974,-0.512574,0.112629,-0.918983
0.531947,0.166403,-0.240446,0.025628,0.896312,0.011045,0.308764,0.972328,0.278483,-0.013124,-0.51026,0.20739,0.497773,-0.201397,-0.990011
-0.449001,0.951479,-0.251731,0.740072,0.100867,-0.39664,0.292467,0.387769,0.115777,-0.226288,-0.321709,0.680461,0.157653,-0.416981,-0.978878
0.594734,0.636027,0.43214,-0.13873,-0.380331,-0.529706,0.125363,0.646931,0.012132,-0.048585,0.513692,0.747224,-0.316746,-0.486236,-0.955484
-0.624047,-0.583753,0.858004,-0.223268,-0.30775,0.182552,0.965674,0.593997,-0.687467,0.430321,0.070181,-0.004379,0.107735,0.458344,-0.932176
-0.378118,0.848758,-0.224682,0.846837,0.637874,0.830255,0.269582,0.260843,0.223539,0.167397,-0.701436,0.078426,0.47554,0.030932,-1.0
-0.35464,-0.00706,0.349936,0.378514,0.891731,-0.047853,0.587565,0.023811,0.465836,0.062491,-0.41067,0.033,0.416147,-0.071972,-1.0
-0.795688,0.972682,-0.76149,-0.358306,-0.196741,-0.599621,0.543962,0.401703,-0.130846,-0.424467,-0.152162,0.449225,0.246813,-0.443339,-1.0
-0.5994,-0.921057,-0.778087,-0.691171,-0.11425,-0.314216,0.214787,0.275539,-0.039448,-0.13872,-0.486211,-0.633863,0.366827,0.39052,-0.974453
0.47466,0.13551,0.558213,-0.831207,0.138494,-0.587279,0.893781,0.730624,0.128246,-0.65509,0.001854,0.060778,-0.254253,-0.528338,-1.0
0.678813,0.319822,-0.07448,0.156954,-0.226576,0.482999,0.145733,0.51813,0.040698,0.060614,0.860559,-0.131562,-0.409612,0.103986,-1.0
-0.599096,0.730696,-0.419939,0.129756,-0.433665,0.116381,0.644102,0.653835,-0.450637,0.221048,-0.061122,0.321177,0.100197,-0.48817,-1.0
-0.124604,-0.451867,-0.592633,0.95031,0.605363,0.574384,0.761647,0.674204,0.471816,0.324075,-0.194131,-0.16026,0.165676,0.501132,-0.960377
0.201084,0.109727,-0.930099,0.582498,0.627761,-0.696002,0.058719,0.368587,0.042118,0.020034,-0.418357,0.8037,0.148113,-0.458218,-0.947316
0.631327,0.030107,-0.730758,-0.955473,0.833805,0.079543,0.023498,0.241409,0.020832,-0.057941,-1.0,-0.213512,0.509649,0.105931,-0.987176
-0.14281,-0.584426,0.65868,0.872671,0.258352,0.038943,0.618739,0.30216,0.38602,0.075523,-0.228819,-0.344084,0.308437,0.455322,-1.0
-0.31085,-0.987397,-0.496934,-0.330991,-0.87855,-0.726328,0.679217,0.104796,-0.338597,-0.361101,0.3765,-0.184131,-0.510733,0.177657,-0.986354
0.850955,0.683461,-0.365961,-0.761302,0.804589,-0.152349,0.755204,0.921706,0.621609,-0.107946,0.049371,0.302232,-0.072341,-0.452337,-1.0
0.002494,0.790456,0.020523,0.529268,-0.610701,-0.182583,0.396329,0.612035,-0.409288,-0.05085,0.221967,0.51592,-0.245344,-0.413734,-1.0
-0.124083,-0.828703,-0.563185,0.947223,-0.317647,-0.779836,0.333602,0.699668,-0.105969,-0.310737,0.605388,-0.094833,-0.522668,0.170156,-0.976289
-0.337669,0.316841,0.390764,0.827069,-0.663131,0.016937,0.02837,0.170854,-0.044805,0.109349,0.817092,0.678622,-0.30149,-0.342968,-1.0
-0.52226,0.86605,0.728285,0.057039,-0.654955,0.047756,0.168311,0.665535,-0.13444,0.015778,0.125348,0.81481,-0.025557,-0.570951,-1.0
0.565438,-0.630025,0.350131,0.116603,0.401744,-0.629216,0.690145,0.213503,0.360664,-0.508424,0.368349,0.000689,-0.430947,0.116094,-0.983291
-0.471873,-0.238385,-0.513042,-0.937091,0.231126,-0.359994,0.923858,0.26884,0.387948,-0.594458,-0.018297,0.064021,0.635419,-0.059022,-0.987006
0.31897,-0.156117,0.184248,-0.023752,-0.955999,-0.584202,0.123039,0.392629,0.006278,-0.03072,0.832619,0.284105,-0.454784,-0.146314,-1.0
0.685405,0.403877,-0.614702,0.360731,0.544916,0.929431,0.208354,0.835884,0.062228,0.079173,0.240704,-0.740439,-0.211716,0.465762,-0.934109
-0.632879,-0.051089,0.319218,-0.163796,-0.917299,-0.501029,0.920148,0.273486,-0.673209,-0.442441,0.054891,0.09131,-0.279012,-0.409991,-0.975521
0.293175,0.13168,0.995066,0.195509,0.481234,-0.949214,0.600488,0.816354,0.192853,-0.424334,-0.174069,0.376839,0.114472,-0.52204,-0.969389
-0.87794,0.221183,0.58648,0.081195,-0.688255,-0.654379,0.714618,0.281779,-0.330823,-0.342457,-0.098255,0.320092,0.008928,-0.471666,-0.969118
-0.871967,-0.148429,0.733135,-0.316066,-0.779415,0.669034,0.880189,0.755957,-0.580691,0.393745,-0.012712,-0.006402,0.054147,0.584716,-0.986069
0.649734,-0.23982,-0.184595,0.844703,-0.506068,-0.622959,0.144737,0.336563,-0.148963,-0.02404,0.846086,0.20435,-0.452965,-0.219322,-1.0
-0.253387,0.847046,-0.732461,0.100162,0.71469,0.561178,0.484543,0.513958,0.337224,0.153102,-0.501542,0.161481,0.398177,-0.036592,-0.991023
-0.457538,-0.200788,0.991254,-0.259368,-0.787635,-0.814199,0.331869,0.364818,-0.119143,-0.167107,0.275474,0.54447,-0.18253,-0.450463,-0.984998
0.453036,-0.964227,0.443428,-0.088237,-0.423299,-0.325048,0.161804,0.264235,-0.164582,-0.062566,0.636051,-0.527471,-0.270772,0.299272,-1.0
-0.473511,0.02918,0.202134,-0.927283,-0.860493,-0.107616,0.514903,0.325891,-0.458282,-0.048867,0.420201,0.186986,-0.494699,-0.15212,-0.98617
0.252458,0.160752,-0.399835,0.866574,-0.339697,0.191868,0.743302,0.586275,-0.58639,0.282079,0.25856,0.05351,-0.546883,0.104729,-0.973808
-0.817429,-0.339847,-0.661334,0.819479,0.850537,0.497912,0.140379,0.504242,0.087242,0.012317,-0.712999,-0.422944,0.328496,0.239458,-1.0
-0.797858,-0.808315,0.793284,-0.255248,-0.879127,-0.690094,0.644631,0.05718,-0.44907,-0.304508,0.130133,-0.252635,-0.345299,0.480609,-1.0
-0.988975,0.006047,0.628533,0.424755,0.719702,0.122878,0.996927,0.973156,0.919826,0.040237,0.082532,-0.032154,0.566449,0.1228,-1.0
0.736693,-0.016513,0.923272,0.460832,0.727175,0.388425,0.264382,0.021719,0.133233,0.093354,-0.011293,-0.676282,0.029671,0.505049,-0.968228
-0.622163,-0.036306,-0.5069,0.830707,0.264905,-0.48228,0.396052,0.866919,0.107928,-0.242605,-0.586192,0.27109,0.378848,-0.28615,-0.943701
0.618936,-0.163652,0.424699,-0.387403,0.608094,-0.562545,0.468642,0.771962,0.363548,-0.21441,0.031873,0.579674,-0.073177,-0.550464,-1.0
0.042425,-0.919116,0.40908,-0.458917,0.991056,-0.444272,0.315155,0.962833,0.256019,-0.113647,-0.543545,-0.201238,0.496305,0.241756,-0.933511
0.149793,-0.40174,0.251898,0.069067,-0.16635,-0.652424,0.312764,0.754476,-0.056615,-0.079571,0.599136,0.454134,-0.396037,-0.229605,-0.956341
-0.056596,0.726544,0.79225,0.29152,-0.617989,-0.420819,0.601172,0.767457,-0.416471,-0.283415,0.15682,0.399151,-0.215959,-0.428889,-1.0
-0.393489,0.482993,-0.619321,-0.142947,-0.947776,-0.27988,0.962941,0.161096,-0.82479,-0.264678,0.048286,-0.016791,-0.209528,-0.436726,-0.969805
-0.290684,0.104912,0.98082,0.935317,-0.86322,-0.834988,0.308189,0.835179,-0.283588,-0.17563,0.350174,0.567262,-0.263255,-0.428313,-0.940976
-0.452487,0.42778,0.059035,-0.410796,0.495262,-0.745929,0.175569,0.559816,0.104647,-0.163882,-0.551815,0.754933,0.301972,-0.433448,-0.978034
-0.470116,0.055542,-0.806845,0.305731,0.199402,-0.077226,0.508906,0.873547,0.477401,-0.088146,-0.454702,0.03204,0.508151,-0.025038,-1.0
0.419617,0.035863,-0.960552,-0.663944,-0.66847,0.519126,0.337755,0.279872,-0.148646,0.135706,0.682703,-0.143025,-0.412532,0.152857,-0.9432
0.455808,-0.851001,0.510949,-0.985082,-0.748106,-0.720786,0.394673,0.849216,-0.183537,-0.159718,0.608802,-0.044785,-0.398863,-0.009225,-1.0
-0.942357,0.733968,0.745521,0.332628,-0.401431,-0.732913,0.237699,0.320481,-0.115509,-0.190398,-0.255429,0.728822,0.178738,-0.505061,-0.97229
0.419087,-0.204689,0.630036,-0.46464,0.692905,0.46488,0.883164,0.728804,0.571603,0.412249,-0.041278,-0.09854,0.235101,0.443819,-1.0
0.180237,-0.174656,0.012022,0.758716,-0.623032,-0.980868,0.070253,0.618493,0.000701,-0.058874,0.730621,0.690434,-0.46118,-0.312917,-0.993444
0.845477,-0.860701,-0.409198,-0.414346,0.031203,0.384586,0.391926,0.714838,0.055711,0.321235,0.348175,-0.475023,-0.334049,0.296126,-1.0
-0.8184,0.179348,-0.645356,-0.07366,0.291828,0.128592,0.077135,0.96434,0.058378,0.044776,-0.943856,0.02861,0.47986,0.000839,-0.999958
-0.421724,-0.451654,-0.768462,-0.910464,0.052824,-0.708938,0.845841,0.3532,0.04103,-0.789891,-0.097845,0.089394,0.430194,-0.284511,-0.948907
0.727336,-0.690565,-0.262983,0.152114,-0.210477,-0.217615,0.941191,0.20911,-0.490815,-0.553048,0.076654,0.013873,-0.462658,0.18186,-0.956256
-0.578874,-0.664476,0.945146,-0.482587,-0.521753,-0.330297,0.523549,0.881608,-0.33479,-0.244041,-0.019508,-0.558237,0.085374,0.472058,-1.0
0.792409,0.381502,-0.0155,-0.484238,0.402922,0.520532,0.143439,0.115587,0.054244,0.000173,0.750513,-0.373616,-0.464681,0.213081,-0.963153
0.2378,-0.186165,0.35799,-0.097216,-0.361973,-0.580654,0.819659,0.604982,-0.340871,-0.537743,0.168088,0.128169,-0.409374,-0.250134,-1.0
-0.746115,0.401546,0.095901,-0.787022,-0.661596,-0.396716,0.124867,0.287431,-0.037223,0.037454,-0.07818,0.883066,0.092646,-0.548921,-0.973491
0.121996,0.740681,-0.350772,0.70444,-0.291548,0.673156,0.559986,0.867532,-0.217839,0.441798,0.499713,0.048202,-0.514872,-0.00535,-0.979301
-0.554835,-0.931317,-0.933508,-0.884293,-0.513253,0.211228,0.75542,0.031223,-0.534635,0.317542,-0.055024,-0.325608,0.066854,0.493543,-0.948725
0.489988,0.523809,-0.746589,0.995048,0.578869,-0.580678,0.886285,0.760246,0.518043,-0.448425,0.031741,0.065838,0.001064,-0.536327,-0.970685
0.564212,0.951939,0.621936,0.166807,0.726464,0.886725,0.595405,0.718441,0.245341,0.304175,-0.354219,0.194217,0.57627,-0.122911,-0.987366
-0.154815,0.869907,-0.667621,-0.406284,0.459729,0.694423,0.461998,0.443225,0.164916,0.26229,-0.548972,0.124186,0.408947,-0.237443,-0.93801
0.649206,-0.695998,-0.593172,-0.418718,-0.218722,0.136535,0.094981,0.099095,-0.089994,0.053944,0.540252,-0.611288,-0.332908,0.433763,-1.0
-0.850244,-0.155543,-0.087458,-0.61506,0.711524,-0.929166,0.346563,0.153333,0.122081,-0.214606,-0.601992,0.193704,0.396621,-0.187026,-1.0
-0.700259,-0.99036,-0.199609,0.127779,-0.935713,-0.230421,0.76217,0.765273,-0.681765,-0.122292,0.02759,-0.169693,-0.11745,0.414199,-1.0
0.29193,0.135805,-0.44235,-0.439793,-0.684539,0.837692,0.682193,0.523601,-0.379023,0.423416,0.242884,-0.17561,-0.29813,0.333099,-1.0
-0.311852,0.029591,0.973385,-0.784783,-0.992301,0.049399,0.032023,0.786596,0.02438,-0.004104,1.0,0.001969,-0.465164,-0.00303,-0.897722
-0.485555,0.9625,0.673884,-0.440596,0.317811,-0.65083,0.257224,0.592373,-0.022849,-0.148005,-0.366093,0.639307,0.239207,-0.50559,-0.993873
0.814166,0.403331,0.76705,-0.200102,0.735536,-0.533616,0.806905,0.232594,0.463114,-0.381303,-0.036981,0.220103,0.004503,-0.517995,-0.919117
-0.819912,0.04619,0.267226,0.345304,-0.996929,0.49021,0.090746,0.320443,-0.098751,0.043134,0.455888,-0.832931,-0.186447,0.49552,-1.0
-0.135093,0.282582,0.737776,-0.862289,-0.083236,0.319955,0.347167,0.977573,-0.091884,0.267147,-0.572606,-0.434053,0.416096,0.345078,-1.0
-0.888362,0.892486,0.609145,0.611979,0.568109,0.135821,0.528228,0.0834,0.442885,0.157179,-0.462328,0.280283,0.428388,-0.260131,-0.936505
0.187619,-0.936315,0.399181,0.390422,0.605341,0.600386,0.057212,0.027176,0.140413,0.082625,-0.178412,-0.944447,0.102294,0.486435,-0.954419
0.195467,-0.353109,-0.398148,-0.460809,0.840352,-0.925427,0.718884,0.993902,0.448273,-0.420802,-0.186091,0.243858,0.414851,-0.326217,-1.0
-0.848817,0.267796,0.960853,-0.023186,0.219712,-0.42717,0.828319,0.61326,0.243513,-0.591427,-0.129546,0.11038,0.413412,-0.260863,-1.0
-0.296224,-0.192409,-0.794153,0.956796,0.676195,0.722735,0.183763,0.860428,0.165272,0.147924,-0.663065,-0.558316,0.428418,0.363627,-1.0
0.486282,0.644682,-0.77404,-0.9665,-0.763901,0.974926,0.649136,0.349018,-0.321483,0.376401,0.349607,-0.117342,-0.452431,0.133089,-1.0
0.066431,-0.016206,0.124425,0.296143,0.969725,0.488924,0.966781,0.990913,0.728761,0.405709,-0.033601,-0.046012,0.47032,0.18361,-1.0
0.01223,0.76081,-0.870869,-0.856962,0.474061,0.952465,0.938442,0.825663,0.361451,0.718673,-0.109539,-0.031638,0.428664,0.154718,-1.0
0.608317,0.731959,0.915989,0.892439,-0.31522,-0.005206,0.162591,0.918243,-0.161246,-0.047169,0.674592,0.493983,-0.420182,-0.331273,-1.0
0.133147,-0.501234,-0.142328,-0.419525,-0.852837,-0.84185,0.090646,0.318475,-0.175371,-0.214461,0.821495,0.295251,-0.547802,-0.213011,-0.968184
-0.22574,-0.133252,-0.682793,0.692654,0.491687,-0.559441,0.106892,0.743122,0.008145,-0.0275,-0.784524,0.439586,0.367723,-0.170879,-0.950557
0.164319,-0.020809,0.865459,-0.340846,0.462048,0.746231,0.421117,0.765288,0.204243,0.319111,-0.225166,-0.558598,0.25568,0.473676,-0.965257
-0.973176,-0.975176,-0.783958,0.282329,-0.480508,0.793844,0.85855,0.511109,-0.27994,0.588262,-0.112182,-0.113334,0.157679,0.48582,-0.990915
-0.002381,0.602249,0.271275,0.395738,0.700604,-0.193701,0.602472,0.961006,0.582254,-0.175892,-0.216322,0.340642,0.381046,-0.327455,-0.981584
0.867368,-0.002466,0.429314,0.260461,0.978858,-0.113896,0.099385,0.179047,0.029371,-0.015191,-0.666507,0.658274,0.337036,-0.364765,-1.0
-0.749804,0.785775,-0.247426,-0.803879,0.551187,-0.112487,0.320436,0.259194,0.28092,-0.049803,-0.594687,0.368038,0.445565,-0.273915,-1.0
-0.004388,-0.672883,0.534987,0.148365,0.491509,-0.093604,0.642922,0.345328,0.5192,-0.150854,-0.245651,-0.256027,0.333502,0.456629,-1.0
0.964631,-0.185533,0.296822,0.167725,0.207001,0.007173,0.976772,0.306851,0.818871,0.007024,0.067504,-0.071086,-0.525814,0.068314,-1.0
0.254559,0.625498,-0.367086,-0.395886,-0.18642,0.811259,0.896466,0.581944,-0.044965,0.72071,0.083076,-0.135714,-0.354482,0.152321,-0.882172
0.153528,0.351673,0.688028,0.645968,0.401785,-0.327291,0.15565,0.480883,0.09496,-0.082929,-0.236653,0.797344,0.139449,-0.452213,-0.896191
-0.443694,-0.671604,-0.971377,0.745771,-0.014642,0.439699,0.770169,0.443506,0.014706,0.725325,-0.043629,-0.285028,0.218338,0.433121,-0.995773
0.854258,0.706218,0.01082,0.368865,-0.042361,0.847371,0.59546,0.945185,-0.007352,0.481521,0.410851,-0.054445,-0.422504,0.03072,-0.991017
-0.184586,0.000279,0.093571,-0.529423,-0.724046,-0.252923,0.292084,0.73042,-0.218722,-0.040448,0.653372,0.295149,-0.491794,-0.236201,-0.948243
0.441695,-0.609329,0.343478,0.049269,0.559151,-0.001071,0.719402,0.25504,0.574233,-0.005794,-0.041176,-0.292848,0.067975,0.498124,-1.0
-0.639913,-0.855631,0.571579,-0.80436,-0.492675,0.291939,0.384636,0.906689,-0.286463,0.179388,-0.049783,-0.520621,0.122158,0.515708,-0.953003
0.990639,-0.412574,0.507874,-0.457682,0.555856,0.993969,0.989206,0.666813,0.358456,0.636065,0.006083,0.02051,-0.120662,0.572603,-1.0
0.112747,-0.905515,0.520685,-0.027629,0.228924,0.927581,0.690975,0.761549,0.146859,0.55831,-0.030478,-0.32224,-0.035717,0.473542,-1.0
-0.6122,-0.571043,0.048356,0.533908,-0.882325,0.153925,0.909547,0.482673,-0.730988,0.111747,0.023809,-0.086306,-0.132684,0.423989,-0.989917
-0.069124,-0.11915,-0.235007,0.00973,-0.256615,0.820019,0.330836,0.372493,-0.126185,0.309785,0.120265,-0.692588,-0.13144,0.517127,-1.0
-0.644713,-0.381925,-0.833612,-0.64588,-0.486577,0.64232,0.176379,0.703697,-0.144453,0.070636,-0.116588,-0.741677,0.098601,0.450011,-0.985308
-0.846392,-0.074008,0.3733,0.172906,0.195344,-0.541591,0.314436,0.985417,0.133263,-0.242205,-0.568678,0.28936,0.412947,-0.204196,-1.0
-0.337332,-0.995634,0.788956,0.761887,0.79652,-0.816385,0.729199,0.275159,0.351853,-0.377105,-0.272035,0.075512,0.500306,0.094144,-1.0
-0.561324,0.276777,0.384111,-0.747045,0.905887,0.477863,0.745807,0.254513,0.53101,0.232982,-0.304895,-0.010375,0.490528,0.095655,-0.962736
-0.523694,-0.162736,0.238812,-0.377811,0.51316,-0.313444,0.14991,0.788527,0.115057,-0.075306,-0.859773,0.143864,0.505338,-0.066623,-0.951423
0.634411,-0.671654,0.585584,-0.951287,-0.011805,-0.292124,0.602167,0.211058,0.01563,-0.467706,0.347154,-0.29035,-0.339524,0.21911,-1.0
-0.252584,0.88865,-0.955309,0.593927,0.842532,-0.522063,0.086294,0.316225,0.061954,-0.108715,-0.570537,0.687442,0.244267,-0.446955,-0.899768
0.926167,-0.662249,0.787502,0.027355,-0.08449,0.652409,0.048794,0.112721,-0.015352,0.074296,0.546871,-0.768292,-0.31734,0.384055,-1.0
-0.639013,0.358181,-0.92979,0.371612,0.309602,-0.661763,0.749888,0.344386,0.279252,-0.555225,-0.184957,0.13576,0.324994,-0.426848,-1.0
-0.110453,-0.781907,-0.949665,0.152471,-0.143372,-0.262459,0.364032,0.28178,-0.240041,-0.295741,0.024013,-0.628589,0.021523,0.514222,-0.982396
0.708289,-0.263772,-0.645905,-0.774523,-0.074106,0.473128,0.555,0.990328,-0.122847,0.414081,0.346549,-0.263725,-0.315145,0.331565,-1.0
0.544059,-0.299378,0.973189,-0.360607,0.046914,0.5333,0.671834,0.733095,-0.003258,0.593655,0.125747,-0.201674,-0.238223,0.374717,-1.0
0.085458,0.662362,-0.783091,-0.09038,0.761872,0.324272,0.429533,0.350539,0.414353,0.221797,-0.478018,0.198987,0.51535,-0.245893,-0.889781
-0.814817,-0.316585,-0.768813,-0.935139,-0.252573,-0.669377,0.250771,0.933207,-0.034664,-0.215251,-0.643675,0.360835,0.372382,-0.291212,-0.979133
0.874245,-0.272834,-0.21976,-0.590986,0.478333,-0.330287,0.257023,0.358535,0.172513,-0.165648,0.673029,0.174978,-0.539732,-0.08754,-1.0
0.466918,-0.566831,-0.706154,0.955214,-0.616043,-0.7584,0.892917,0.682882,-0.414863,-0.629539,0.162835,-0.012207,-0.471083,0.048028,-0.995107
0.959414,0.569585,0.564468,0.393248,-0.868784,-0.482759,0.132922,0.594591,-0.100425,-0.068044,0.777859,0.405236,-0.460056,-0.210477,-0.969195
-0.442767,-0.45655,-0.981928,0.429788,0.674014,0.023642,0.417688,0.788329,0.306582,0.00081,-0.560444,-0.129262,0.389323,0.178705,-1.0
-0.269565,0.30111,-0.58882,0.858488,-0.190588,-0.793774,0.449285,0.688418,-0.115445,-0.337851,-0.111891,0.603006,0.069105,-0.515619,-1.0
-0.154346,-0.603523,0.740025,-0.559785,0.134258,0.490338,0.709978,0.701329,0.19546,0.411671,-0.226312,-0.316551,0.120177,0.455873,-0.998789
-0.568814,0.334044,-0.693222,-0.287542,-0.362314,-0.519936,0.708321,0.293889,-0.353013,-0.545123,-0.179814,0.374369,0.170015,-0.386839,-1.0
-0.515147,0.10702,-0.769534,0.457919,-0.359305,-0.814035,0.120705,0.173768,-0.051846,-0.11048,-0.194718,0.835841,0.070034,-0.489213,-1.0
0.774117,-0.187042,-0.979038,0.029574,0.481103,0.878849,0.851319,0.492677,0.298738,0.515968,0.091092,-0.15349,-0.18796,0.479478,-1.0
-0.019249,0.98915,-0.716332,-0.638056,0.75059,0.837972,0.736224,0.597167,0.443574,0.48244,-0.312736,0.039298,0.471292,-0.050903,-1.0
0.186326,-0.340364,0.240262,-0.765404,-0.842455,-0.025921,0.760276,0.806428,-0.62821,-0.017868,0.248344,-0.035128,-0.506779,0.129321,-0.92292
-0.186337,0.118284,-0.173427,0.301568,-0.834919,-0.365285,0.201591,0.596698,-0.126078,-0.132989,0.598185,0.395914,-0.442142,-0.338838,-0.993803
-0.18648,-0.453583,-0.723196,-0.931006,0.38629,0.468788,0.553728,0.846755,0.291147,0.366827,-0.286579,-0.390843,0.312852,0.380611,-0.997404
-0.113366,-0.615633,-0.037038,0.444531,0.82442,-0.052394,0.940007,0.930634,0.789285,-0.077196,-0.010858,0.017802,0.493356,0.308574,-1.0
-0.569167,-0.558148,0.044932,-0.727586,-0.574233,-0.341828,0.745366,0.764951,-0.45549,-0.232383,-0.009841,-0.258173,-0.065041,0.537585,-0.944379
0.989682,0.967105,0.125095,-0.486381,0.010771,-0.117935,0.164181,0.518429,0.015064,-0.136677,0.581172,0.717776,-0.318069,-0.415144,-1.0
-0.089906,0.947933,-0.328721,0.083565,0.884646,-0.481975,0.163293,0.243917,0.103422,-0.042416,-0.420338,0.722236,0.201802,-0.475689,-0.947804
0.371153,0.813381,-0.459602,0.828177,-0.105834,0.025925,0.99775,0.908197,-0.85314,0.250625,-0.031634,0.036507,-0.279668,-0.447375,-1.0
-0.619417,-0.167223,0.405455,-0.604034,0.638367,-0.15135,0.856254,0.668455,0.56876,-0.183573,-0.184045,-0.023285,0.504826,0.048271,-0.971627
0.78549,-0.500218,-0.862659,0.384944,-0.086544,0.852799,0.780335,0.623111,-0.129531,0.672971,0.137107,-0.239621,-0.209562,0.411775,-0.907758
-0.608991,-0.960163,0.831889,-0.947659,-0.846056,0.173644,0.461061,0.604545,-0.393654,0.075524,0.120131,-0.491842,0.02198,0.605216,-1.0
0.032811,-0.507523,0.804272,-0.21281,0.185176,-0.977608,0.412063,0.28062,0.109273,-0.347703,-0.224912,0.556554,0.164172,-0.590181,-0.981663
0.170873,0.048402,-0.014001,-0.991242,0.784157,-0.846658,0.243597,0.014377,0.112975,-0.133787,-0.412447,0.551543,0.307803,-0.411421,-0.98269
-0.1158,-0.295141,0.969244,-0.149239,-0.696766,0.995443,0.494016,0.827755,-0.212528,0.37231,0.13566,-0.450008,-0.215831,0.536695,-1.0
0.944702,0.436054,0.668682,0.885815,0.391018,-0.057182,0.062848,0.708649,0.076684,-0.003456,0.691604,0.70744,-0.390619,-0.358997,-1.0
0.386728,0.981814,-0.57496,-0.420624,-0.525464,0.598699,0.447645,0.787365,-0.277156,0.302715,0.502838,0.183228,-0.474527,-0.219299,-0.976879
0.086713,0.784564,-0.359933,-0.382414,0.169803,-0.280797,0.205891,0.907043,0.036835,-0.223634,-0.115721,0.784629,0.025064,-0.527506,-0.99788
0.343153,0.936003,0.908874,-0.521312,-0.518619,-0.724741,0.758503,0.891206,-0.410793,-0.449758,0.110418,0.205136,-0.355813,-0.384483,-0.951808
0.690865,0.956961,-0.014426,0.988838,-0.912376,0.556142,0.537011,0.956448,-0.353234,0.249796,0.513231,0.056544,-0.504456,-0.069211,-0.969084
0.807393,0.644498,-0.487846,-0.036718,-0.640374,0.419339,0.522098,0.99632,-0.355438,0.228181,0.444112,0.07741,-0.446972,-0.002664,-1.0
-0.231166,0.314019,0.383151,-0.228519,0.018659,0.330583,0.076705,0.049228,-0.065747,0.111657,-0.845558,-0.125015,0.460729,0.092896,-1.0
0.978388,-0.185788,0.499837,-0.266967,-0.74562,0.499885,0.205517,0.388262,-0.128063,0.136683,0.76504,-0.287475,-0.533281,0.286764,-0.989956
-0.327,0.210992,-0.694564,-0.965497,0.184015,-0.895082,0.131475,0.64145,0.026224,-0.154768,-0.442514,0.696526,0.182802,-0.48501,-1.0
-0.869146,-0.655225,-0.307471,0.870928,0.315863,0.949521,0.607541,0.521186,0.203284,0.461179,-0.218649,-0.358923,0.285034,0.414825,-0.95057
0.724185,0.93789,0.194186,-0.098966,0.58147,-0.826268,0.642968,0.117957,0.317033,-0.400707,0.018212,0.349033,-0.00596,-0.492999,-0.975724
-0.072948,-0.745297,-0.13228,0.169286,-0.448458,-0.489967,0.285146,0.943146,-0.175298,-0.212899,0.630504,-0.421608,-0.312169,0.272342,-1.0
-0.013002,-0.343093,0.892742,-0.401643,0.251475,-0.320575,0.904974,0.4528,0.391861,-0.550766,-0.096972,-0.000214,0.42661,0.057767,-0.987297
-0.40983,0.875543,-0.9303,0.218913,-0.977266,0.284866,0.123946,0.82388,-0.081905,0.018684,0.582463,0.652042,-0.317928,-0.40929,-0.998542
-0.692471,0.134695,0.300858,-0.699182,0.223852,0.802428,0.140371,0.507157,0.019047,0.047504,-0.642082,-0.471932,0.282128,0.211086,-0.988363
0.340482,-0.019082,0.206016,0.761151,-0.062725,-0.304273,0.615566,0.950854,-0.094165,-0.52147,0.284046,0.275066,-0.42247,-0.335547,-1.0
-0.735057,-0.01398,-0.120477,-0.466464,-0.996734,-0.212249,0.300038,0.806866,-0.206756,-0.037794,0.581438,0.507348,-0.347016,-0.268108,-0.955266
-0.385804,0.292504,0.717413,-0.451543,0.087144,-0.74247,0.376072,0.212115,0.057272,-0.297603,-0.286042,0.602443,0.120682,-0.507923,-1.0
0.640315,-0.640231,0.872871,-0.612178,-0.138898,0.865075,0.488489,0.941953,-0.083404,0.435662,0.209838,-0.380414,-0.27182,0.37879,-0.922723
0.226451,0.113119,-0.634758,0.208666,0.560421,0.917842,0.231214,0.433121,0.122393,0.218576,-0.353532,-0.68043,0.164947,0.44333,-1.0
-0.760993,-0.293405,0.749355,-0.54643,0.973267,-0.363034,0.418545,0.335637,0.352267,-0.266756,-0.537809,0.057339,0.509195,0.018489,-1.0
-0.696539,0.187751,0.107577,0.609185,0.868355,0.08366,0.210358,0.998369,0.167421,-0.043333,-0.74323,0.090085,0.464929,0.029492,-0.978682
-0.37667,0.206693,0.0489,0.20593,-0.312572,0.49416,0.701804,0.531968,-0.227814,0.380013,-0.045814,-0.325816,0.125649,0.515452,-0.975309
-0.420075,0.001035,-0.045874,0.864787,0.417779,-0.717368,0.911346,0.141968,0.297415,-0.73058,-0.143844,0.121316,0.367031,-0.392729,-0.937286
0.407183,-0.616987,0.905149,-0.19774,0.935144,-0.896162,0.197582,0.35891,-0.025608,-0.039739,-0.601715,0.351509,0.432265,-0.323589,-0.881573
0.863437,0.011977,-0.573353,-0.511012,-0.748381,0.819186,0.905002,0.120273,-0.484656,0.495666,0.138505,-0.033063,-0.469061,0.18295,-0.992521
-0.130151,0.056834,0.532712,0.939309,-0.289217,-0.379864,0.138406,0.944113,-0.081812,-0.118683,0.278766,0.823393,-0.142194,-0.520378,-1.0
-0.719563,-0.472914,-0.001372,-0.273717,0.773327,0.764454,0.169749,0.296376,0.102991,0.111313,-0.653459,-0.558169,0.360086,0.346715,-0.931913
0.330564,0.189215,0.760314,-0.311587,-0.850805,0.504936,0.98422,0.497698,-0.603473,0.468328,0.011043,-0.037727,-0.479563,0.180238,-1.0
-0.207888,0.0156,-0.262916,-0.164996,-0.684575,0.805111,0.757138,0.365965,-0.425965,0.460314,0.098047,-0.258915,-0.28351,0.390274,-0.98978
0.727168,-0.436113,-0.005312,-0.081813,-0.3359,0.861645,0.485403,0.677685,-0.212026,0.362234,0.353851,-0.417247,-0.383365,0.463892,-0.982587
-0.620945,0.929548,-0.558915,0.645041,0.794473,-0.685082,0.737195,0.66293,0.42008,-0.51429,-0.14014,0.187866,0.384626,-0.359615,-1.0
-0.582531,-0.349784,0.010151,0.586798,-0.224063,-0.275535,0.896014,0.006255,-0.455483,-0.532093,-0.076753,-0.0528,0.396255,0.143092,-1.0
0.368359,0.472438,-0.72319,-0.738683,-0.198634,-0.821236,0.49812,0.177418,-0.136581,-0.339309,0.104188,0.415707,-0.200244,-0.547356,-0.953502
-0.711323,-0.496181,0.622558,0.209232,-0.815042,-0.93517,0.916716,0.007706,-0.532174,-0.496353,0.05124,-0.053555,-0.103416,-0.393095,-0.950287
-0.167091,-0.339962,-0.03066,0.077586,0.208398,0.373267,0.494393,0.42568,0.134638,0.43251,-0.232093,-0.516984,0.195188,0.543813,-1.0
-0.231581,-0.540513,-0.457377,0.266735,-0.633325,-0.821525,0.483159,0.219134,-0.210536,-0.377638,0.507705,0.257516,-0.441965,-0.313665,-1.0
-0.997931,0.876516,-0.274142,-0.896246,-0.29552,0.294752,0.842448,0.550598,-0.442066,0.530541,-0.18439,0.097126,0.45901,-0.265242,-1.0
-0.813002,-0.914173,-0.042365,-0.078931,0.253806,-0.70371,0.341619,0.451623,0.118829,-0.185489,-0.68981,-0.125234,0.461015,0.192929,-0.954209
-0.260073,0.105647,0.461096,-0.286291,0.412969,-0.474268,0.252077,0.18869,0.120297,-0.144907,-0.529324,0.525403,0.423168,-0.297333,-1.0
-0.497564,-0.156308,-0.06349,0.860045,0.454102,-0.5556,0.738466,0.819264,0.302736,-0.45137,-0.259868,0.166217,0.458496,-0.23819,-0.960155
0.407983,0.335636,-0.297835,-0.519887,0.567302,0.899989,0.630869,0.585289,0.313488,0.437744,-0.112471,-0.327733,0.12679,0.489605,-0.958427
-0.993534,0.434196,-0.882041,-0.613824,-0.748439,0.006212,0.657569,0.505956,-0.494295,0.032008,-0.162374,0.313159,0.26615,-0.439151,-0.893896
-0.073341,0.562833,0.921227,-0.247979,-0.601593,0.316188,0.712412,0.766974,-0.524731,0.302198,0.166328,0.179197,-0.466142,-0.245024,-1.0
-0.242273,-0.447836,0.545418,-0.86897,-0.833115,-0.420151,0.257106,0.700049,-0.191302,-0.113112,0.792077,0.078508,-0.549311,0.034589,-0.938676
-0.46119,-0.622197,-0.561152,-0.184832,-0.274683,0.731671,0.370415,0.302775,-0.162026,0.218548,-0.136129,-0.665747,-0.030255,0.589244,-1.0
-0.592873,-0.432538,0.959887,-0.628406,0.126954,0.340689,0.163608,0.901261,0.047477,0.063986,-0.586775,-0.614177,0.29295,0.355429,-0.963637
0.292708,0.219714,0.889682,0.011099,-0.898254,0.325591,0.196777,0.093378,-0.15989,-0.006829,0.752633,-0.061014,-0.516498,0.041752,-0.973516
-0.252988,0.884752,-0.129374,0.045392,-0.382604,-0.954596,0.205455,0.708403,-0.040622,-0.134375,0.088071,0.804077,-0.081918,-0.534425,-1.0
0.189816,0.739164,0.648895,-0.035018,-0.465154,-0.670557,0.294379,0.404749,-0.203877,-0.177316,0.264113,0.617197,-0.214566,-0.408118,-0.963777
-0.161331,0.806019,-0.603401,-0.559134,-0.816113,-0.671375,0.407353,0.050331,-0.211913,-0.127873,0.317552,0.509044,-0.228254,-0.39848,-0.967472
0.427209,-0.735964,-0.834315,0.524495,-0.54548,-0.018455,0.524362,0.686832,-0.405993,0.026676,0.3321,-0.319623,-0.307362,0.285436,-0.946992
-0.142253,0.494661,0.379373,-0.749555,0.050948,0.857597,0.577381,0.205833,0.014643,0.468338,-0.14771,-0.404122,0.249864,0.392886,-0.937485
0.736751,0.079262,0.394582,0.618345,-0.371202,0.188428,0.855472,0.727399,-0.594954,0.383849,0.139047,0.000478,-0.415442,0.126005,-1.0
0.388965,-0.718334,0.954943,0.924116,0.230982,-0.391883,0.043387,0.129699,-0.101549,-0.014926,0.427662,-0.847254,-0.233644,0.492664,-0.976761
-0.658891,-0.858433,-0.634388,-0.564552,-0.003333,0.641939,0.005605,0.076112,0.037198,-0.023233,-0.47916,-0.930071,0.204432,0.518303,-0.997862
0.602017,-0.850177,0.665004,0.591969,-0.385516,0.200279,0.658121,0.001876,-0.397224,0.269508,0.272226,-0.293091,-0.286564,0.337941,-1.0
-0.176917,-0.511851,-0.570971,0.999891,0.507449,0.787423,0.219039,0.87696,0.184393,0.174137,-0.31321,-0.683553,0.216097,0.453665,-1.0
0.727248,-0.14268,0.27409,-0.114195,-0.716842,0.244518,0.162504,0.095741,-0.128884,0.057775,0.901607,-0.316539,-0.411472,0.085746,-0.927899
0.013471,-0.446303,0.078486,-0.194642,-0.566498,0.61358,0.550885,0.548656,-0.331454,0.412281,0.159466,-0.403971,-0.304833,0.374351,-1.0
-0.46086,-0.384461,-0.727709,-0.691972,-0.286242,-0.540697,0.353839,0.514029,-0.149353,-0.297588,-0.416214,0.400131,0.422691,-0.2349,-0.977806
0.29397,-0.483977,-0.901149,-0.756594,-0.4662,0.297554,0.244485,0.485759,-0.296236,0.120156,0.500278,-0.447383,-0.301049,0.307134,-1.0
0.844155,-0.736984,0.200109,-0.729286,0.282227,-0.626208,0.564926,0.295299,0.222641,-0.377369,0.387145,-0.040761,-0.425547,0.078559,-0.889051
0.815881,0.810033,0.532205,-0.762004,-0.991256,0.127649,0.426179,0.195508,-0.275277,0.027704,0.491101,0.256392,-0.479549,-0.119757,-1.0
-0.558492,-0.243112,-0.5898,-0.844122,-0.373259,-0.282975,0.150085,0.378396,-0.022247,-0.040519,-0.747404,0.180182,0.544424,-0.148782,-1.0
-0.959533,0.396657,-0.353583,0.308526,-0.780165,-0.097435,0.640351,0.369879,-0.455249,-0.035969,-0.052213,0.302317,0.096275,-0.449251,-0.948051
0.297831,0.864451,0.960413,0.86027,-0.84514,-0.352586,0.053405,0.305166,-0.081511,-0.107407,0.609049,0.666211,-0.378233,-0.415544,-0.995203
0.085939,0.50736,-0.320856,0.544595,-0.914195,0.58529,0.110961,0.563479,-0.08513,0.092763,0.882509,-0.038168,-0.494161,0.078631,-1.0
-0.311162,0.90012,-0.55668,-0.334284,-0.822564,-0.12914,0.277055,0.59311,-0.20901,-0.085392,0.419717,0.645308,-0.21016,-0.429695,-0.958803
0.664248,0.565146,0.428479,0.368643,0.382996,-0.058193,0.441824,0.320309,0.379469,-0.037598,0.198827,0.571981,-0.185885,-0.353892,-1.0
0.677522,0.000323,-0.583287,-0.946314,0.577461,0.428521,0.737977,0.889074,0.491025,0.413525,0.043636,-0.271818,-0.10188,0.458276,-0.960776
0.361639,0.126952,-0.161683,-0.498079,-0.81478,-0.392427,0.293055,0.005031,-0.09454,-0.114891,0.675612,0.296168,-0.548537,-0.148676,-1.0
0.364842,0.796857,-0.39745,0.730484,0.143822,0.986133,0.338167,0.362554,0.061881,0.277422,0.495201,-0.487491,-0.449225,0.323471,-1.0
0.542077,0.030593,-0.036057,0.344353,-0.115986,-0.492486,0.161731,0.348871,-0.073396,-0.104213,0.628451,0.517568,-0.321596,-0.302772,-0.995638
0.509095,0.654666,-0.471555,0.990945,0.600876,0.162491,0.006139,0.407479,0.106848,0.01739,-0.167087,0.959638,0.06001,-0.443479,-1.0
0.160439,0.397896,0.563137,-0.415659,-0.144358,0.112192,0.167089,0.993151,-0.091237,-0.000747,0.614527,0.56174,-0.461144,-0.354408,-1.0
0.043239,-0.757493,0.848708,0.536033,-0.012036,0.128261,0.411682,0.42225,0.023115,0.420732,0.096091,-0.644023,0.065441,0.504876,-1.0
-0.146385,0.507546,-0.145728,0.844903,-0.484062,-0.997545,0.652337,0.81006,-0.239956,-0.487446,0.116722,0.41302,-0.098208,-0.499698,-0.921846
0.004589,0.820739,-0.803565,-0.957219,0.717167,0.262688,0.103452,0.976305,0.156847,0.113672,-0.747415,0.564647,0.367843,-0.311909,-1.0
-0.66129,0.665001,-0.907772,-0.93275,0.964164,-0.528905,0.013067,0.965907,-0.062976,0.052022,-0.829944,0.598774,0.358579,-0.237634,-0.882644
0.300019,0.809964,-0.104515,0.708232,-0.270003,-0.735765,0.676476,0.634546,-0.210639,-0.531979,0.122448,0.292292,-0.19945,-0.475045,-1.0
0.733324,0.543521,0.586745,0.434964,-0.732237,0.278038,0.271009,0.792829,-0.174467,0.083077,0.694308,0.109675,-0.497252,-0.137605,-1.0
-0.342003,-0.765521,-0.405291,-0.418021,0.563578,-0.262075,0.779787,0.282311,0.647191,-0.192162,-0.204771,-0.16766,0.517198,0.27561,-0.959348
0.331384,-0.0268,-0.81829,-0.755236,0.201347,0.288072,0.033851,0.841415,0.005386,0.011096,0.400916,-0.90806,-0.188579,0.459062,-0.974581
-0.892547,-0.683081,-0.887271,-0.912331,-0.820393,-0.356115,0.722608,0.764932,-0.483903,-0.300563,-0.057615,-0.33629,0.226679,0.47894,-1.0
0.748442,-0.208563,-0.060469,0.680602,0.535071,-0.392304,0.37707,0.935756,0.173999,-0.179782,0.543919,0.407717,-0.354582,-0.26718,-0.965466
-0.106898,0.569997,0.772408,0.339045,-0.01228,-0.148174,0.047184,0.109863,-0.020767,-0.052851,-0.229869,1.0,0.11521,-0.39605,-0.989459
-0.39784,-0.762894,0.053091,-0.831451,0.084623,-0.664288,0.223368,0.033471,-0.029276,-0.130162,-0.758829,-0.090125,0.522288,0.079286,-1.0
0.403777,0.891612,0.68987,0.870448,0.449823,0.342047,0.153212,0.22168,0.086569,0.074918,-0.142119,0.831686,0.030305,-0.468104,-0.943857
0.627459,0.063866,0.309383,-0.109493,0.081541,-0.578526,0.601068,0.062345,0.082921,-0.499906,0.291934,0.325436,-0.350031,-0.275642,-0.999813
-0.208295,0.739337,0.437232,0.855443,0.641447,-0.000619,0.234324,0.157083,0.177961,-0.069951,-0.632453,0.561512,0.334527,-0.405427,-0.972675
0.955849,0.363981,0.2867,-0.051094,-0.559931,-0.738922,0.487321,0.927517,-0.260417,-0.410882,0.387033,0.216076,-0.410127,-0.286492,-0.954319
-0.668118,0.548311,0.632679,-0.785768,-0.806333,0.007943,0.866897,0.020157,-0.68079,0.075704,-0.013409,0.163324,-0.146819,-0.397141,-0.928926
0.628384,-0.966211,0.405826,-0.107459,0.290016,0.196129,0.923948,0.808074,0.643371,0.48663,-0.013636,-0.033784,-0.16944,0.384484,-0.898704
-0.115126,0.225171,0.810678,0.853716,-0.210925,-0.125235,0.202874,0.271785,-0.16898,-0.061463,0.162432,0.715006,-0.134257,-0.550836,-1.0
0.372041,-0.522504,-0.361794,0.549474,-0.614624,0.3105,0.118053,0.890325,-0.127026,0.123115,0.694221,-0.573331,-0.405792,0.321785,-0.965396
0.127393,-0.32381,0.148546,-0.115034,0.263766,0.572855,0.813792,0.48977,0.28999,0.56273,0.043685,-0.185046,0.099012,0.551162,-1.0
0.603363,0.07096,0.227333,0.756085,-0.283915,-0.173455,0.668978,0.132945,-0.459524,-0.258611,0.279743,0.100862,-0.435754,-0.144534,-1.0
-0.138016,-0.961424,0.878347,0.785462,-0.110653,0.374115,0.129543,0.329379,0.009926,0.159298,0.005822,-0.921676,-0.021349,0.506987,-1.0
0.792305,-0.009382,0.927216,-0.321094,0.57054,0.103801,0.081328,0.565326,0.039206,-0.016813,0.785994,-0.461959,-0.499364,0.208054,-0.992053
-0.234836,-0.315675,-0.24309,-0.120211,0.682883,0.701854,0.378604,0.672804,0.136247,0.178445,-0.480397,-0.530612,0.334284,0.365237,-0.977854
0.387778,0.91688,-0.606167,-0.541518,-0.335864,0.310468,0.53122,0.776775,-0.35926,0.208477,0.327001,0.317976,-0.322685,-0.367006,-0.943341
-0.309926,0.606863,-0.6267,0.559612,0.992569,-0.263766,0.047463,0.784853,-0.048905,-0.041644,-0.74724,0.473301,0.464134,-0.303667,-1.0
0.37698,-0.787789,-0.841443,-0.795583,0.891094,0.710746,0.900434,0.192029,0.565103,0.457199,-0.128507,-0.066918,0.222284,0.472426,-0.871229
0.03127,-0.194467,-0.933754,-0.189411,0.097689,-0.865341,0.39454,0.807656,0.048616,-0.228281,-0.071424,0.612121,0.01349,-0.374832,-1.0
0.32714,0.80554,-0.501469,-0.47651,-0.677048,0.924706,0.08121,0.881582,-0.096129,0.041059,0.851769,-0.092598,-0.482816,0.026437,-1.0
-0.21168,0.535489,0.612525,-0.348972,-0.49429,-0.04874,0.158559,0.984805,-0.119203,-0.025357,0.36934,0.729317,-0.242705,-0.427264,-1.0
0.880605,0.894782,-0.730342,-0.518547,0.516611,0.847496,0.985849,0.711403,0.516233,0.757047,-0.001814,0.071287,-0.521832,-0.108032,-1.0
0.553432,-0.526518,0.938529,-0.500467,-0.457615,-0.583335,0.323149,0.008003,-0.16302,-0.312685,0.687614,0.018377,-0.529705,0.04476,-1.0
-0.228287,-0.728487,0.718095,-0.576622,0.759549,-0.412984,0.761285,0.944363,0.530763,-0.290711,-0.261234,-0.014426,0.495377,0.161164,-1.0
0.334104,-0.06704,-0.015958,-0.497554,-0.544774,0.56811,0.801623,0.831263,-0.377637,0.492317,0.116996,-0.164417,-0.402088,0.217381,-1.0
-0.34764,0.164828,-0.204442,0.135631,-0.071634,0.327519,0.031039,0.505482,0.03294,-0.008905,-0.738926,-0.435072,0.507947,0.224865,-1.0
-0.479301,-0.954773,0.141058,-0.800772,-0.885428,0.27098,0.309042,0.481943,-0.248234,0.045062,0.151382,-0.689953,-0.187548,0.470754,-1.0
-0.287222,-0.86014,0.311489,-0.141147,-0.884943,-0.199706,0.344165,0.786792,-0.300568,-0.11862,0.33348,-0.484163,-0.32672,0.395454,-1.0
0.686115,-0.382175,0.12693,0.48744,0.16724,0.879654,0.125536,0.865114,0.06048,0.111443,0.291257,-0.806486,-0.20045,0.494947,-1.0
0.427453,0.988197,0.140416,0.590403,-0.301514,0.37595,0.518223,0.055137,-0.329036,0.25537,0.37196,0.370696,-0.382967,-0.317318,-1.0
-0.732762,0.585069,0.205582,-0.398601,0.074414,0.411994,0.192446,0.467072,0.016779,0.165596,-0.708732,0.034641,0.425355,-0.010896,-0.924872
0.444711,0.7909,0.423321,-0.436578,-0.80514,0.737906,0.507868,0.613655,-0.293101,0.2862,0.504127,0.033585,-0.448623,-0.0162,-0.98952
0.791356,0.022532,-0.561405,0.716467,-0.159465,-0.279965,0.87981,0.919898,-0.325158,-0.568263,0.143777,0.048236,-0.487197,-0.138285,-0.911742
0.884859,-0.183362,-0.639539,-0.453627,0.553957,0.249933,0.236698,0.590321,0.153616,0.007975,0.414104,-0.557813,-0.254382,0.466483,-1.0
0.476211,-0.649534,-0.235898,0.124203,-0.59317,-0.318959,0.296748,0.79607,-0.259693,-0.146651,0.643352,-0.222556,-0.494445,0.217927,-1.0
-0.712326,-0.664775,0.28768,0.613441,0.874509,0.751689,0.244482,0.271533,0.159972,0.094852,-0.513071,-0.506299,0.410599,0.378061,-0.922416
-0.849638,-0.419319,0.635674,0.248491,-0.702911,-0.663109,0.299929,0.035998,-0.180004,-0.150975,-0.327987,0.617522,0.210537,-0.422291,-1.0
0.874305,0.774486,0.923132,0.549525,0.947533,0.893857,0.968118,0.553094,0.517976,0.582054,-0.080183,-0.015031,0.378112,0.410508,-1.0
0.422648,-0.160918,-0.49826,-0.48021,-0.089505,0.096051,0.56935,0.648587,-0.364075,0.338473,0.382512,-0.294883,-0.472087,0.193845,-1.0
-0.671723,-0.005181,0.59913,-0.721649,-0.599103,-0.396983,0.003553,0.623072,0.018795,0.066929,-0.131012,0.898376,0.058019,-0.485905,-0.99025
-0.808848,-0.555312,0.346612,0.031374,0.471205,0.577915,0.470031,0.835551,0.263507,0.378051,-0.427635,-0.292584,0.400378,0.298573,-0.971267
-0.416084,-0.831241,0.433329,-0.706982,0.06882,-0.613452,0.476986,0.720438,0.080467,-0.306507,-0.410827,-0.20283,0.414138,0.175783,-1.0
0.364391,0.636185,-0.452814,-0.564349,-0.579955,-0.107927,0.967305,0.641298,-0.681662,-0.131571,-0.01065,0.046322,-0.291332,-0.281451,-0.939792
0.90296,-0.582864,0.043108,-0.574265,-0.19048,-0.058902,0.17533,0.614625,-0.185879,-0.02438,0.75795,-0.384498,-0.482132,0.257798,-0.980279
-0.536656,0.158844,0.523437,-0.740428,0.807987,0.261546,0.295823,0.513704,0.083159,0.034633,-0.722732,0.085258,0.529239,0.038947,-1.0
0.440878,0.706606,0.9633,-0.680319,-0.377718,0.412655,0.81724,0.6342,-0.515558,0.516586,0.134812,0.030209,-0.396251,-0.156789,-0.948088
-0.623526,0.066129,-0.774303,-0.505284,-0.000914,0.939203,0.126132,0.197514,0.033362,0.187292,-0.512542,-0.679636,0.280184,0.457463,-1.0
0.227066,-0.920072,-0.245593,-0.031234,-0.521468,-0.682261,0.674626,0.057302,-0.301428,-0.469579,0.304158,-0.008041,-0.594026,0.145677,-1.0
-0.122031,0.656906,0.564035,-0.654198,-0.806531,-0.895338,0.041474,0.270156,0.018587,-0.007064,0.425555,0.863703,-0.248081,-0.440512,-1.0
0.808134,-0.904326,0.526512,-0.836458,0.156657,0.59082,0.31712,0.448232,0.039432,0.208974,0.258449,-0.69275,-0.132705,0.471166,-0.977333
0.086025,0.992805,0.464344,0.399677,-0.222946,-0.241784,0.316918,0.95198,-0.074236,-0.261391,0.060959,0.712183,-0.126041,-0.50485,-0.957997
-0.142038,0.31417,-0.507686,0.054584,0.60566,0.093201,0.010817,0.646488,0.030203,0.002113,-0.956544,0.33232,0.422664,-0.150363,-1.0
0.0735,0.941348,-0.263996,-0.47969,-0.291574,0.224269,0.753262,0.909886,-0.468488,0.440611,0.127777,0.224187,-0.1511,-0.459853,-1.0
0.467019,-0.286739,-0.424557,0.906766,0.428387,0.823603,0.717408,0.410642,0.274701,0.495703,0.052998,-0.340355,-0.018725,0.497053,-1.0
-0.256054,-0.644575,-0.001403,-0.900592,-0.501519,0.848223,0.736868,0.262956,-0.356833,0.519123,0.048552,-0.178227,-0.130265,0.562307,-0.939845
0.243759,0.93081,0.708928,0.18016,-0.532931,-0.930513,0.221002,0.714928,-0.042947,-0.163958,0.320073,0.655103,-0.153155,-0.534766,-1.0
0.864324,-0.354583,-0.456889,0.122172,-0.975011,0.185825,0.472216,0.643601,-0.382582,0.10645,0.477982,-0.230546,-0.468665,0.191775,-1.0
0.875869,-0.761871,0.800939,0.785553,0.407843,-0.029827,0.215828,0.901713,0.182202,-0.030863,0.464245,-0.525006,-0.240243,0.437598,-0.965572
-0.522438,0.948781,0.770144,0.461343,0.898778,-0.406906,0.637679,0.575802,0.409843,-0.158424,-0.236854,0.227671,0.368368,-0.443631,-0.906675
-0.010661,-0.002542,-0.615815,0.111486,-0.456749,-0.786967,0.54173,0.457403,-0.210429,-0.381581,0.209493,0.39445,-0.397565,-0.406609,-1.0
0.722892,-0.758801,-0.547216,-0.290523,0.289025,0.368231,0.750111,0.046959,0.454269,0.526124,0.045484,-0.211929,-0.214031,0.51451,-1.0
-0.27705,0.356993,0.367857,0.241201,-0.777298,-0.745183,0.00291,0.565974,0.015519,-0.032474,0.392945,0.94231,-0.125486,-0.440373,-0.955274
0.138347,-0.248845,0.706358,-0.814533,0.662869,0.39413,0.483233,0.554363,0.356921,0.192684,-0.371081,-0.425687,0.312749,0.383179,-1.0
-0.549182,-0.442806,0.745414,0.026059,0.451942,-0.94881,0.488532,0.475434,0.155053,-0.427607,-0.440803,0.245277,0.441932,-0.188276,-1.0
0.246304,-0.80799,-0.027702,0.965451,-0.526655,-0.997256,0.7658,0.447053,-0.23908,-0.59205,0.144398,0.052437,-0.44203,-0.045032,-0.994796
-0.792182,0.619419,0.686493,0.435874,0.900303,-0.39731,0.553018,0.055501,0.386704,-0.196284,-0.353935,0.203267,0.499218,-0.327311,-1.0
0.424397,-0.682351,0.234215,-0.602563,0.700246,0.508171,0.781114,0.083922,0.468528,0.32342,-0.028533,-0.161943,0.116727,0.414005,-1.0
-0.364252,-0.884987,-0.535242,0.792739,0.537057,-0.24702,0.875532,0.785207,0.702899,-0.307977,-0.033362,-0.043892,0.461945,0.13582,-1.0
-0.715002,-0.991951,0.758181,0.989074,0.150664,0.111433,0.5172,0.19577,0.427206,0.268916,-0.358922,-0.342328,0.312498,0.38049,-1.0
0.947368,0.961075,0.125126,0.223104,-0.990375,0.388545,0.010521,0.606555,-0.0446,0.098414,0.963826,0.292836,-0.46606,-0.165078,-0.960643
0.585683,0.60998,0.388984,0.453772,-0.772163,-0.651616,0.946813,0.881437,-0.588286,-0.545962,0.077841,0.031996,-0.33941,-0.401009,-0.985988
0.958542,-0.564838,-0.954046,0.666149,-0.383564,-0.855371,0.977989,0.625001,-0.316166,-0.645322,0.104864,-0.013188,-0.545273,-0.103299,-0.942877
-0.511628,0.711854,-0.367545,0.095508,-0.261719,0.745902,0.606723,0.189266,-0.139485,0.431247,-0.401513,0.024532,0.505817,0.079218,-1.0
-0.016859,-0.213576,-0.192176,-0.182088,-0.509572,0.439842,0.31202,0.303944,-0.239217,0.170881,0.388252,-0.529398,-0.341812,0.385069,-0.909484
0.716946,0.426193,-0.863957,0.592904,0.550977,0.111866,0.825844,0.764726,0.675706,0.122181,0.043537,0.195696,-0.183018,-0.482697,-0.946922
-0.241326,0.200157,0.702429,-0.809121,-0.47487,-0.382473,0.491795,0.634622,-0.353602,-0.159203,0.183139,0.424563,-0.216869,-0.488942,-0.970662
-0.359227,0.024252,0.147392,0.226631,0.031784,0.625045,0.946581,0.196275,0.067713,0.649551,0.024119,-0.038202,0.224797,0.353244,-1.0
-0.846999,0.893327,0.365678,0.280445,0.418,0.02323,0.270111,0.933269,0.14902,-0.041232,-0.485277,0.328066,0.382012,-0.264022,-1.0
-0.718101,-0.656668,0.019785,0.208306,0.526213,0.441386,0.811046,0.782148,0.494038,0.489451,-0.158387,-0.131418,0.309519,0.396518,-0.991732
0.065223,0.496257,0.67244,-0.350385,-0.962144,-0.515104,0.447821,0.653585,-0.257225,-0.192105,0.360596,0.326615,-0.263002,-0.320309,-1.0
-0.316865,-0.613149,0.48411,0.367737,0.972404,-0.244813,0.360154,0.857765,0.347223,-0.041125,-0.577881,-0.189643,0.502471,0.186257,-0.976153
0.156948,-0.850668,-0.624837,0.671857,-0.417981,-0.759073,0.813029,0.938304,-0.390582,-0.658838,0.107937,0.03765,-0.511678,0.046879,-1.0
-0.837338,0.092076,-0.378548,0.7831,-0.280894,-0.120132,0.559235,0.179291,-0.485951,-0.06458,-0.323618,0.164121,0.480702,-0.227472,-0.975385
-0.316978,-0.945097,0.832444,-0.245171,0.114275,-0.233101,0.313219,0.73865,0.097654,-0.207748,-0.299006,-0.572181,0.276262,0.406921,-1.0
-0.761125,-0.0669,-0.303497,-0.544245,0.540756,0.263012,0.787184,0.441001,0.608944,0.302451,-0.328385,-0.074312,0.472608,0.107977,-1.0
0.667571,-0.966634,-0.411692,-0.428657,-0.475107,0.133372,0.99358,0.39462,-0.821297,0.178403,0.020124,-0.022242,-0.343174,0.342047,-0.989544
0.471988,0.622627,-0.955331,0.488519,-0.421268,-0.210616,0.405017,0.410267,-0.295309,-0.115871,0.494557,0.454822,-0.430808,-0.384779,-0.941285
0.064429,-0.820786,-0.669998,0.971491,-0.922525,0.345057,0.306178,0.545683,-0.21492,0.165006,0.4845,-0.55524,-0.381785,0.487614,-0.909295
-0.069789,0.41829,0.315557,-0.312691,-0.076783,-0.97403,0.049243,0.072356,0.003854,-0.145952,0.023448,0.953151,0.049482,-0.302322,-0.998644
0.655345,0.685186,-0.646579,-0.72946,0.473392,0.725384,0.951659,0.742201,0.381491,0.694774,0.003973,-0.064913,-0.526215,0.123683,-0.986615
0.19315,0.38457,0.33401,0.840051,-0.947255,0.001883,0.019562,0.443306,0.023113,0.013665,0.900202,0.255313,-0.531386,-0.349284,-0.93705
-0.662253,-0.3033,-0.96071,0.29972,0.692929,0.080311,0.605051,0.521527,0.509808,-0.016626,-0.421167,-0.104121,0.428962,0.145883,-1.0
0.408575,-0.738261,-0.079634,0.755117,-0.674768,-0.01864,0.596334,0.876413,-0.548428,-0.017726,0.384039,-0.241833,-0.518459,0.324351,-1.0
-0.678115,0.868824,0.061387,-0.745818,0.564277,0.659183,0.927016,0.750321,0.374339,0.583139,-0.086313,-0.005606,0.492822,-0.111601,-0.947241
0.562108,-0.343667,0.528848,0.126883,0.822422,-0.66461,0.849768,0.882855,0.590621,-0.349271,-0.020449,0.129803,0.18767,-0.333549,-0.97428
-0.396078,-0.298164,-0.809774,0.480874,-0.503372,-0.520629,0.807301,0.568604,-0.447154,-0.524465,0.054046,0.123586,-0.321669,-0.497827,-1.0
0.990876,0.986198,0.310493,0.527645,-0.605721,0.306068,0.351802,0.55384,-0.260391,0.082795,0.581714,0.287081,-0.450788,-0.170977,-0.912116
0.077522,0.386588,0.519474,-0.579471,-0.706727,-0.837131,0.378572,0.129762,-0.191261,-0.322687,0.308648,0.579484,-0.268983,-0.519669,-1.0
0.6879,-0.871773,0.147687,-0.746869,-0.38285,-0.379904,0.365349,0.7886,-0.140749,-0.134689,0.670963,-0.303368,-0.466437,0.252655,-1.0
0.700126,0.159356,0.285629,0.877087,-0.789805,-0.828739,0.570062,0.595688,-0.344032,-0.332783,0.355862,0.241256,-0.455055,-0.303216,-1.0
-0.216865,-0.59068,0.587686,-0.595236,-0.198372,-0.347163,0.107663,0.937627,-0.052126,-0.062902,-0.069799,-0.870626,0.076982,0.485361,-1.0
-0.600677,-0.485426,0.788219,0.364021,0.562344,-0.203066,0.989874,0.982273,0.826551,-0.219372,0.081021,0.010763,0.467691,0.084181,-1.0
-0.2926,-0.681416,0.253832,-0.620503,0.811123,0.217527,0.904062,0.396084,0.700434,0.193358,-0.022988,-0.045283,0.366708,0.341858,-0.899818
-0.537313,-0.572371,0.670212,-0.399249,0.383981,-0.235862,0.631897,0.933483,0.393283,-0.168212,-0.307459,-0.154655,0.345355,0.272261,-0.976347
0.159571,-0.415593,-0.387128,0.735242,0.28173,-0.969979,0.002887,0.017264,0.022645,0.089595,-0.166209,0.907718,0.117971,-0.466778,-1.0
0.108502,-0.001426,0.679994,0.690381,-0.126776,0.193326,0.367143,0.097185,-0.237204,0.238883,0.472568,-0.481843,-0.511314,0.301365,-0.962966
-0.909197,0.818807,0.196983,0.062391,0.636573,-0.54143,0.268037,0.830717,0.139995,-0.181608,-0.511075,0.386683,0.404637,-0.331286,-1.0
0.542865,0.833635,-0.242876,-0.002971,0.226259,0.163198,0.594172,0.08265,0.345638,0.293384,0.162296,0.472842,-0.208804,-0.492963,-1.0
-0.837716,0.751815,0.07636,-0.13544,0.627846,0.461944,0.171787,0.787469,0.073843,0.074988,-0.843866,0.136455,0.549099,-0.088035,-0.898596
-0.120878,-0.41589,0.870112,0.787398,-0.83447,0.203536,0.992155,0.035746,-0.666065,0.131482,0.028912,0.064825,-0.30451,0.346744,-0.910031
-0.318073,0.267084,-0.358497,0.61745,-0.296014,0.345042,0.402831,0.864341,-0.242254,0.148322,-0.195151,-0.522488,0.197011,0.525224,-0.995338
-0.347642,-0.365677,0.169654,0.810122,0.815606,-0.728024,0.737672,0.734339,0.524267,-0.415156,-0.236632,0.084827,0.485917,-0.093678,-1.0
0.010287,0.822977,0.429837,0.115102,-0.806929,-0.014203,0.772469,0.063381,-0.719146,-0.011661,0.133178,0.181982,-0.345474,-0.358389,-0.993342
-0.022464,-0.831246,-0.77783,-0.892107,-0.779017,0.009412,0.628678,0.826219,-0.59286,-0.059934,0.286605,-0.336929,-0.294883,0.375517,-1.0
-0.891529,0.02703,0.37346,-0.319325,0.858833,-0.65313,0.477003,0.188834,0.278846,-0.299192,-0.444685,0.184924,0.490162,-0.184092,-0.984729
-0.46181,0.644096,0.078261,0.675598,-0.933598,0.039739,0.389232,0.346736,-0.329276,0.023327,0.37251,0.496514,-0.272891,-0.30103,-0.990646
-0.673284,-0.206206,-0.516616,0.64684,-0.780218,-0.667165,0.391355,0.406844,-0.250513,-0.213862,0.152757,0.65947,-0.140126,-0.530998,-1.0
-0.423403,0.224262,-0.050678,0.978803,0.526754,-0.764314,0.988308,0.626695,0.478349,-0.689242,0.076684,0.012233,0.353528,-0.443289,-1.0
-0.735833,-0.558295,0.514122,-0.432351,-0.935367,-0.476734,0.153606,0.426254,-0.075243,-0.118619,0.817605,-0.376909,-0.504429,0.225631,-1.0
-0.827795,0.028052,0.739198,0.451444,-0.442104,0.078083,0.517269,0.642726,-0.451629,0.012299,-0.415589,-0.179012,0.471642,0.026945,-0.991685
-0.768622,-0.798877,-0.004861,-0.93291,0.161523,0.572405,0.909779,0.042948,0.216007,0.754429,-0.025091,-0.061753,0.291033,0.445084,-0.998013
0.409644,-0.191866,0.011847,-0.645991,-0.705909,0.13721,0.977219,0.144331,-0.709042,0.065254,-0.023306,-0.012852,-0.464313,0.162143,-0.913371
0.74685,0.83691,0.160566,0.766663,-0.648703,0.929325,0.162097,0.983476,-0.102406,0.053324,0.89405,-0.1127,-0.538721,-0.004944,-0.969144
0.328272,0.427569,-0.512553,0.487924,-0.142482,-0.989204,0.605336,0.64135,-0.080087,-0.589714,0.137227,0.371053,-0.132001,-0.449529,-0.939584
-0.878779,0.823832,-0.916278,-0.727593,-0.365295,-0.744076,0.385548,0.323654,-0.018542,-0.24427,-0.16888,0.517891,0.117748,-0.47945,-0.96316
0.563083,0.160315,-0.35656,0.663454,-0.87533,0.942746,0.757636,0.158835,-0.444835,0.451594,0.209525,-0.164109,-0.508275,0.235007,-1.0
0.902366,0.604902,0.289507,0.549496,0.474936,-0.514341,0.739104,0.335333,0.382688,-0.411287,0.206783,0.180444,-0.145285,-0.489534,-1.0
-0.585181,0.456581,0.956654,-0.689971,-0.099565,0.420921,0.988217,0.268263,-0.25759,0.784954,0.015999,-0.028896,0.446841,-0.040694,-0.922926
-0.232426,-0.046614,0.499756,0.430107,0.027274,-0.46862,0.121421,0.870607,0.019795,-0.164906,-0.455619,0.844166,0.246201,-0.465559,-0.98534
-0.454017,0.689842,0.229199,0.181234,0.848046,-0.027962,0.10921,0.226352,0.052306,0.040099,-0.777595,0.406791,0.48991,-0.213896,-1.0
0.765149,0.882308,0.561478,-0.531987,-0.421015,0.423984,0.597854,0.58977,-0.338881,0.277232,0.41488,0.149917,-0.448072,-0.100993,-1.0
-0.197621,-0.333646,0.298824,-0.464823,-0.81839,0.911782,0.792747,0.862356,-0.359862,0.488109,0.0953,-0.230766,-0.255691,0.358104,-1.0
-0.252049,0.126585,-0.239872,-0.434698,0.655958,0.814446,0.900213,0.532506,0.411773,0.462962,-0.134794,-0.072802,0.447599,0.230164,-1.0
-0.2402,0.701252,0.270271,0.402937,-0.493039,0.819167,0.527444,0.76923,-0.185681,0.389492,0.467562,-0.230112,-0.462133,0.17079,-1.0
-0.023239,-0.780742,-0.700773,0.811287,-0.401254,-0.935551,0.470259,0.06117,-0.139019,-0.301159,0.51551,0.170067,-0.36781,-0.181544,-1.0
0.25514,-0.267457,0.950672,0.928759,0.713832,0.602176,0.3879,0.424953,0.239929,0.257794,-0.368247,-0.527308,0.256609,0.444817,-1.0
0.334199,-0.293646,-0.259173,0.468616,0.499431,-0.897563,0.448611,0.563147,0.157893,-0.308965,-0.184762,0.617618,0.154508,-0.569341,-0.951711
-0.49086,0.113629,0.881535,0.230371,0.282559,-0.838736,0.474202,0.383005,0.122028,-0.40816,-0.2378,0.473376,0.295584,-0.43157,-1.0
0.085948,-0.053117,-0.263177,0.135155,0.189926,0.887047,0.278741,0.165277,0.017938,0.229107,-0.21578,-0.721972,-0.000552,0.553844,-0.963423
-0.892352,-0.524498,-0.824206,0.818474,-0.341516,-0.471332,0.233769,0.008872,-0.064378,-0.149943,-0.815881,-0.060163,0.475794,0.081467,-0.994233
0.258174,-0.06986,-0.892194,0.976461,0.763621,0.443537,0.917615,0.721008,0.536968,0.348701,-0.132846,-0.045934,0.246565,0.342925,-0.974638
-0.652927,0.943812,0.503448,0.393699,-0.190712,-0.514776,0.028998,0.047132,0.018539,-0.093275,-0.271788,0.960304,0.061149,-0.49555,-0.955098
0.506567,-0.918046,-0.116505,-0.253632,-0.963726,-0.22108,0.149874,0.197616,-0.107998,0.073633,0.800955,-0.370903,-0.509382,0.246015,-0.947773
-0.792953,0.05897,0.672093,-0.83407,-0.25512,0.232366,0.873188,0.329166,-0.528821,0.471598,-0.059185,-0.090304,0.574317,0.164183,-0.986698
0.43125,-0.850335,0.548135,0.764353,0.031096,-0.337686,0.01175,0.114579,0.055723,-0.057549,0.546686,-0.784504,-0.325263,0.325457,-1.0
-0.150204,0.193055,0.854168,-0.594382,0.539193,-0.926771,0.534108,0.736265,0.1731,-0.368011,-0.278056,0.43033,0.211058,-0.49265,-1.0
0.262453,0.610542,-0.54037,-0.159642,-0.767165,0.098667,0.563589,0.502203,-0.451346,0.099461,0.479558,0.189127,-0.436825,-0.167501,-0.954131
0.828927,0.146625,-0.722129,-0.363959,0.095785,0.094214,0.520268,0.028131,0.280703,0.249005,0.428116,0.073788,-0.576747,-0.029834,-1.0
-0.428896,-0.930545,-0.181564,-0.853573,-0.93784,0.712085,0.386109,0.229093,-0.346743,0.193908,0.056135,-0.5486,-0.170088,0.494494,-0.972882
-0.737502,-0.227113,-0.604968,-0.120864,0.220918,-0.826103,0.524864,0.093565,0.018295,-0.456137,-0.37555,0.265654,0.432558,-0.227668,-1.0
0.77031,-0.257738,0.0881,-0.895565,0.166672,0.02504,0.008558,0.967492,0.024869,-0.010036,0.926004,-0.474906,-0.431976,0.162844,-0.995687
0.633036,-0.856357,-0.149528,-0.668431,-0.817941,-0.726168,0.816708,0.113628,-0.48699,-0.397294,0.248559,0.052753,-0.551083,0.011636,-0.964909
-0.653166,0.546164,-0.598847,0.99524,0.439667,-0.803112,0.668255,0.1746,0.229231,-0.494825,-0.167208,0.268222,0.326053,-0.454192,-1.0
-0.055857,0.288106,-0.365834,-0.672242,-0.736162,0.227497,0.387998,0.661074,-0.314722,0.063373,0.548355,0.023753,-0.632143,0.040079,-1.0
0.48621,-0.201277,0.250783,0.904331,0.144682,-0.006507,0.942978,0.482391,0.659863,-0.057354,0.11909,-0.069614,-0.445506,0.206731,-1.0
0.318013,0.204826,-0.996758,-0.167212,0.432716,-0.496067,0.050057,0.643854,-0.008172,-0.071193,-0.102992,0.898123,0.12008,-0.544765,-0.818731
0.196357,-0.478671,-0.069181,0.747386,-0.22146,0.840968,0.868106,0.25154,-0.188542,0.658455,-0.006605,-0.139174,-0.03712,0.449997,-1.0
0.748407,-0.396363,-0.324125,0.036935,0.246239,-0.118253,0.007489,0.500885,0.04752,0.070423,0.916788,-0.446041,-0.385578,0.250926,-1.0
-0.308004,-0.138073,-0.856783,-0.254687,0.692229,-0.382501,0.768934,0.768867,0.620805,-0.23876,-0.246838,0.086176,0.458158,-0.075611,-0.942535
-0.997293,-0.345019,0.158811,-0.555445,0.204595,-0.360522,0.256285,0.40508,0.126948,-0.141126,-0.757449,0.055255,0.463779,0.017421,-0.952702
-0.536982,0.914001,-0.086007,0.425942,-0.693317,-0.318776,0.968139,0.849888,-0.698545,-0.3071,0.06537,-0.023415,-0.046861,-0.429139,-0.96755
0.799701,0.098683,0.401162,0.120366,0.409056,-0.641796,0.921508,0.673246,0.424359,-0.645969,0.029596,0.120881,-0.30324,-0.453317,-1.0
0.733536,-0.456207,-0.550733,-0.54283,0.643649,-0.193864,0.34859,0.968729,0.301847,-0.119277,0.252175,-0.622679,-0.17161,0.504727,-0.990079
-0.375833,-0.627125,-0.41174,0.146828,0.300042,0.537789,0.241401,0.28254,0.09704,0.161634,-0.522785,-0.681012,0.258639,0.395488,-0.977812
-0.54853,0.799676,-0.556056,0.339127,0.3633,-0.044128,0.917454,0.550304,0.855976,-0.110753,-0.064538,-0.012936,0.334847,-0.277851,-1.0
-0.09248,0.90211,0.872995,0.838845,-0.832639,-0.725767,0.002302,0.367893,0.035034,-0.008329,0.473817,0.996878,-0.199642,-0.463624,-1.0
-0.053458,-0.879117,-0.956421,0.31643,0.863201,0.935292,0.484874,0.521984,0.28272,0.279828,-0.175235,-0.498966,0.208664,0.450169,-1.0
0.855868,0.448794,0.570994,-0.936341,0.838071,0.642436,0.654613,0.24458,0.388219,0.287672,0.033837,-0.386056,-0.030524,0.582957,-1.0
0.886917,-0.24787,-0.541281,0.968441,-0.294397,0.227742,0.893914,0.573363,-0.579183,0.385561,0.084992,-0.140929,-0.616449,0.138077,-1.0
-0.560001,-0.264752,-0.683476,0.354621,-0.935312,-0.340195,0.180604,0.543297,-0.077023,-0.084367,0.772654,0.130924,-0.58881,-0.108699,-1.0
0.337999,-0.766077,-0.806339,-0.052446,0.200388,-0.289544,0.261782,0.027094,0.143543,-0.125278,0.16302,-0.756271,-0.20363,0.482597,-0.977806
-0.913299,-0.324727,0.241681,-0.009674,-0.822963,-0.809947,0.481941,0.258752,-0.390725,-0.33467,-0.198677,0.492568,0.16255,-0.487962,-1.0
0.714825,-0.629837,-0.889242,0.503714,-0.815576,-0.58798,0.690581,0.955483,-0.456369,-0.243597,0.305336,-0.038547,-0.538752,0.021175,-0.981372
0.026367,-0.215749,-0.688131,0.817926,-0.553635,0.913238,0.223639,0.562954,-0.066425,0.149146,0.340415,-0.792451,-0.182353,0.349424,-0.972582
0.291738,0.697999,0.457065,-0.061668,0.041391,0.597787,0.277022,0.037878,0.060618,0.251498,0.682272,0.268234,-0.512179,-0.162222,-0.949833
-0.469906,0.920807,-0.530287,-0.770157,0.018559,-0.012754,0.131949,0.699937,0.038635,-0.125258,-0.471316,0.836192,0.164906,-0.470566,-0.949901
0.049629,0.304681,0.540952,0.461976,0.362479,-0.854755,0.359256,0.101417,0.085785,-0.29795,-0.099317,0.618844,0.094798,-0.506226,-0.940045
-0.124406,-0.056587,0.379679,0.101944,0.707575,-0.277995,0.017634,0.617134,-0.026252,0.061623,-1.0,0.284737,0.434487,-0.066422,-0.985641
-0.753316,-0.199006,-0.3822,0.972499,-0.743489,-0.354515,0.643032,0.595184,-0.482988,-0.13511,-0.021479,0.400273,0.102265,-0.49543,-0.955942
0.159682,0.570656,0.549484,0.260245,0.785525,0.506209,0.745356,0.133744,0.506429,0.351649,-0.218422,-0.002333,0.47939,-0.125017,-0.993424
0.042964,-0.531663,0.163968,0.253647,-0.588414,-0.987373,0.161014,0.208619,-0.075935,-0.151336,0.72394,0.473534,-0.430418,-0.224246,-0.925708
0.206233,0.388318,-0.217981,-0.379832,-0.103046,-0.275207,0.664842,0.164693,-0.190137,-0.507281,0.09427,0.35587,-0.311463,-0.425784,-1.0
-0.949356,0.605502,0.135387,-0.487373,-0.007523,0.994161,0.523741,0.727322,-0.078343,0.440346,-0.421117,-0.116257,0.41611,0.097186,-1.0
0.166586,-0.75776,0.605592,0.754109,0.679539,0.34017,0.101692,0.47797,0.092666,0.032968,-0.324308,-0.829441,0.226217,0.470767,-1.0
-0.109319,0.295657,-0.332444,0.545952,0.702992,-0.007689,0.467476,0.333665,0.36337,-0.070148,-0.474254,0.207397,0.39827,-0.259143,-1.0
-0.882714,0.681523,0.709662,-0.505381,0.078274,-0.618794,0.63786,0.984039,0.104171,-0.533014,-0.232693,0.297658,0.278211,-0.428239,-1.0
0.232975,0.79133,-0.446707,-0.331409,0.30506,0.527939,0.236774,0.633452,0.085836,0.212162,-0.227812,0.757149,0.055389,-0.434632,-1.0
-0.076144,-0.65122,0.988523,0.824421,-0.381461,0.233817,0.394893,0.205818,-0.263688,0.228032,0.176135,-0.572915,-0.182497,0.416926,-1.0
0.329424,0.070728,0.087033,-0.922126,0.073372,0.469884,0.08797,0.142049,-0.069435,-0.038637,0.434527,-0.758179,-0.283279,0.523178,-0.915318
-0.816834,-0.724753,-0.033977,0.514806,-0.15053,-0.968247,0.950787,0.007027,-0.207488,-0.745297,0.026208,0.045623,0.503126,-0.217889,-0.923089
0.907553,0.281319,0.281678,-0.913937,-0.683072,-0.304514,0.143611,0.039319,-0.134198,-0.080965,0.788947,0.261107,-0.460263,-0.195461,-1.0
0.668123,0.749558,0.34589,-0.877853,-0.527184,0.67946,0.279017,0.502206,-0.069373,0.190459,0.704612,0.087462,-0.482831,-0.068342,-0.990963
-0.19267,0.515763,0.483353,0.44182,-0.432451,-0.866901,0.496571,0.712048,-0.068367,-0.336801,0.036082,0.501239,-0.152256,-0.52336,-1.0
-0.359497,-0.712051,0.736574,-0.091837,-0.193148,-0.678254,0.546754,0.403472,-0.03331,-0.480684,-0.466977,-0.109307,0.456199,0.167791,-0.968427
-0.22655,-0.093006,0.527616,0.53727,-0.091628,-0.800266,0.612891,0.171442,-0.032588,-0.399566,-0.045723,0.494948,0.09151,-0.567231,-1.0
0.454432,-0.973502,-0.195885,0.132168,-0.838207,0.909526,0.150826,0.615964,-0.066165,0.044564,0.489902,-0.785648,-0.185847,0.418278,-1.0
-0.97065,0.962991,0.616574,-0.905826,0.32107,-0.19163,0.042289,0.516878,0.081407,0.012137,-0.729632,0.688214,0.257111,-0.335066,-0.992121
-0.484767,-0.396476,-0.412242,-0.235024,0.073507,0.778248,0.611637,0.755125,-0.016094,0.518025,-0.128204,-0.412373,0.186044,0.436206,-0.999238
-0.109154,0.875855,-0.993117,-0.797314,0.553978,0.92545,0.685274,0.481128,0.28005,0.510595,-0.334964,-0.071196,0.494349,0.101314,-0.949764
0.13862,0.689506,0.0899,-0.395487,-0.262504,0.722582,0.879076,0.183671,-0.18817,0.653123,0.163971,-0.084707,-0.45955,0.062917,-1.0
-0.94906,0.816402,-0.980515,0.720286,0.120111,-0.883278,0.601154,0.213426,0.034576,-0.52719,-0.144777,0.353498,0.23428,-0.458348,-1.0
-0.827884,0.962696,-0.90127,-0.390853,-0.413189,-0.230349,0.645625,0.060128,-0.435104,-0.271911,-0.217606,0.296271,0.137167,-0.442093,-0.996501
0.491335,0.70743,0.410428,0.59499,-0.097151,0.190386,0.721804,0.903262,-0.216489,0.451325,0.192623,0.288636,-0.330186,-0.346875,-1.0
0.523127,0.045197,0.900982,-0.856394,-0.451192,0.729121,0.549738,0.600334,-0.27607,0.356888,0.343308,-0.218157,-0.479345,0.273894,-1.0
-0.27261,-0.740922,0.665146,-0.259251,0.019504,-0.709178,0.83272,0.852087,-0.001201,-0.610532,-0.114751,0.044494,0.529887,0.019013,-0.976733
0.919995,-0.866144,0.516121,-0.730066,0.45916,0.506131,0.979144,0.111765,0.463381,0.664022,-0.008575,-0.054715,-0.140077,0.519214,-0.974906
0.086743,-0.064984,0.35385,0.419131,-0.09963,-0.608006,0.005546,0.957766,0.034588,0.022011,0.34252,0.948465,-0.227921,-0.383218,-1.0
0.236841,0.375866,-0.697645,-0.603352,-0.959848,0.468166,0.074651,0.393844,-0.076162,0.052725,0.928436,0.033335,-0.539193,-0.010291,-1.0
-0.872259,-0.962493,0.576305,0.957241,-0.759253,-0.083003,0.018947,0.531656,-0.026073,-0.036894,-0.119504,-0.977166,0.067557,0.459035,-1.0
0.958478,0.735381,-0.322143,-0.438369,0.157019,0.751658,0.195376,0.393227,0.126613,0.130612,0.878857,-0.069243,-0.469472,0.103336,-1.0
-0.532603,-0.682062,-0.359258,-0.787463,0.746459,0.279887,0.380298,0.636468,0.219891,0.147861,-0.423788,-0.33651,0.42794,0.330975,-1.0
0.979524,-0.758081,-0.228505,0.522567,0.072587,-0.912371,0.516673,0.724697,-0.003153,-0.321081,0.490976,0.034172,-0.480241,-0.138518,-0.981963
0.845791,0.109014,-0.832062,0.817417,0.686922,0.882555,0.921649,0.605495,0.472545,0.548704,0.076178,-0.216629,-0.020797,0.485777,-1.0
0.493676,0.182911,-0.625199,-0.537717,-0.145259,0.691358,0.522512,0.897645,-0.064101,0.370482,0.348195,-0.394709,-0.369007,0.246483,-0.990918
0.916482,-0.880907,0.911992,0.522603,-0.845244,0.698779,0.780616,0.144054,-0.472081,0.502672,0.160553,-0.211055,-0.481568,0.331865,-0.938255
0.856301,-0.455124,0.547305,-0.783755,0.755124,0.888726,0.34738,0.131006,0.23441,0.288464,0.074886,-0.621534,-0.042598,0.576233,-1.0
-0.625738,-0.290344,0.220493,-0.076615,0.710243,-0.286437,0.658007,0.616774,0.454566,-0.123844,-0.275549,0.002915,0.599912,-0.05341,-0.932901
0.306026,-0.392771,-0.751945,0.284749,0.753576,-0.312873,0.407451,0.878107,0.290716,-0.147678,-0.609656,-0.09863,0.472899,0.098072,-1.0
0.846391,-0.340662,0.906741,0.993582,-0.488118,-0.21263,0.475224,0.165845,-0.368464,-0.14861,0.549401,0.008701,-0.494007,0.057013,-0.984051
-0.65109,0.104872,0.80508,0.655016,-0.329101,-0.137801,0.102736,0.795193,-0.175648,-0.010626,-0.689914,0.522008,0.443823,-0.354007,-1.0
0.877006,0.602484,0.250706,0.830087,0.696283,-0.426525,0.531075,0.618348,0.298318,-0.214325,0.041819,0.489884,0.014606,-0.55216,-0.948708
0.547139,0.89063,0.391535,-0.297773,-0.365213,-0.012094,0.592505,0.497838,-0.477444,0.046206,0.411821,0.239999,-0.400777,-0.332689,-0.983151
0.940448,-0.970415,-0.983903,-0.225143,0.613103,0.243175,0.248022,0.28932,0.231957,0.064887,0.174372,-0.787468,-0.141991,0.455745,-1.0
-0.278431,-0.057887,0.172969,-0.353315,-0.972243,-0.138629,0.270331,0.63825,-0.247239,-0.007322,0.67238,0.04989,-0.475905,-0.071131,-1.0
-0.394069,0.306166,-0.695076,-0.637413,-0.508066,-0.431021,0.334398,0.376993,-0.251444,-0.16774,0.048446,0.693613,-0.157396,-0.375497,-0.971274
0.405006,-0.959424,0.889024,-0.612929,0.767373,-0.52666,0.070739,0.671313,0.168104,0.008237,-0.51829,-0.678876,0.419742,0.375069,-1.0
-0.217896,0.272373,-0.215802,-0.491238,-0.261408,-0.00104,0.605468,0.580709,-0.470443,0.06943,0.027636,0.268448,-0.064228,-0.523301,-1.0
-0.408875,-0.803609,-0.244263,0.833216,-0.507036,0.006883,0.616457,0.959568,-0.512072,0.02836,0.062047,-0.391159,-0.11784,0.516249,-1.0
0.888297,-0.900971,-0.790923,-0.52436,-0.832617,0.082433,0.6151,0.539348,-0.555604,0.09634,0.266368,-0.256332,-0.450472,0.168664,-0.910924
-0.22184,0.554357,0.161127,0.559931,-0.619452,0.010966,0.932162,0.87786,-0.716699,0.028723,-0.041139,0.042502,-0.244328,-0.475542,-0.91905
0.219141,0.624374,-0.986302,-0.48063,0.14815,-0.9843,0.882638,0.636615,0.068859,-0.658475,-0.002936,-0.012693,-0.068384,-0.505033,-0.991346
0.471404,-0.262181,0.534633,0.782979,-0.160172,-0.483731,0.964241,0.984901,-0.280156,-0.729672,0.135654,0.001045,-0.393458,-0.110733,-0.913064
0.536334,-0.416362,-0.541983,0.330737,-0.403032,0.016911,0.573537,0.390253,-0.463849,-0.025802,0.353549,-0.239013,-0.412027,0.271715,-0.933137
-0.199245,0.95464,0.405666,0.60722,0.75557,-0.565047,0.555591,0.151936,0.318995,-0.182887,-0.232545,0.308655,0.221494,-0.417495,-1.0
0.197506,-0.887713,-0.228526,0.88938,0.328178,0.822763,0.397788,0.658404,0.108591,0.240815,-0.025699,-0.637039,0.085565,0.524736,-1.0
0.251724,0.306457,-0.269174,0.337389,0.602145,-0.490803,0.363374,0.133077,0.198564,-0.214201,-0.298726,0.591592,0.218201,-0.445988,-0.945834
-0.294574,0.625469,-0.830775,0.523732,0.553472,0.534334,0.404235,0.191276,0.30361,0.203214,-0.573006,0.059316,0.515123,-0.010139,-0.892613
-0.747735,-0.671419,0.919181,-0.741256,0.699496,-0.428548,0.436983,0.409143,0.325905,-0.169267,-0.543889,-0.105655,0.462784,0.092629,-1.0
0.181715,-0.340928,0.56093,-0.269145,-0.134502,-0.820417,0.043796,0.591366,0.02312,-0.045127,0.49551,0.811625,-0.380819,-0.436541,-1.0
-0.857383,-0.269001,-0.310871,0.480427,0.830699,0.935934,0.128717,0.25229,0.147631,0.162274,-0.750021,-0.546343,0.440063,0.264479,-0.977169
-0.083312,-0.136731,-0.970237,0.476855,0.668948,0.881197,0.072913,0.723423,0.0416,-0.026232,-0.457227,-0.640961,0.282237,0.373289,-1.0
0.713495,0.881038,0.27038,0.394451,-0.044952,-0.200108,0.19689,0.696775,0.003898,-0.087937,0.427969,0.631024,-0.19478,-0.368728,-0.960745
-0.892507,0.3434,-0.121,0.821083,-0.820461,-0.68235,0.447976,0.140625,-0.336133,-0.159359,-0.000357,0.576544,0.041018,-0.489229,-0.937273
0.354527,-0.839931,0.453197,-0.48899,-0.418372,0.397547,0.623225,0.355139,-0.350358,0.360255,0.143318,-0.343027,-0.286751,0.434695,-1.0
-0.626682,0.079481,0.818858,-0.094294,0.433121,-0.272563,0.384639,0.40221,0.322923,-0.130246,-0.619857,0.16895,0.564661,-0.104824,-1.0
-0.339528,-0.620325,-0.806407,0.452122,0.744242,0.179794,0.142862,0.56386,0.12193,0.005589,-0.640301,-0.516033,0.477228,0.290685,-0.925055
0.853203,-0.310005,0.335523,0.647795,-0.1069,-0.528566,0.806611,0.019041,-0.137534,-0.544329,0.165685,0.091591,-0.427212,-0.189534,-1.0
-0.115195,-0.910672,-0.234606,-0.249916,0.511087,0.316812,0.278645,0.696061,0.166923,0.046605,-0.316793,-0.518771,0.21766,0.452815,-1.0
-0.169477,0.858612,0.75453,-0.488555,-0.670084,0.100199,0.708933,0.275033,-0.633897,0.136841,0.15205,0.23531,-0.214524,-0.413124,-1.0
-0.462362,-0.693147,0.776989,-0.486939,0.804396,0.613426,0.581955,0.347704,0.370207,0.275468,-0.24753,-0.287367,0.4493,0.271203,-0.949286
-0.254044,-0.869716,0.961796,0.644387,0.500926,-0.074912,0.356266,0.875946,0.299034,-0.106264,-0.415757,-0.454851,0.268955,0.340133,-1.0
-0.357158,0.455067,0.471499,0.43656,-0.199834,0.409117,0.975107,0.382433,-0.361118,0.615972,-0.067708,0.056875,0.419797,-0.13668,-0.998109
-0.868195,0.319346,-0.583825,0.91538,0.241989,0.745014,0.273274,0.80802,0.064348,0.223475,-0.68271,-0.258811,0.424748,0.105157,-1.0
-0.605768,-0.986744,-0.102089,0.413906,-0.11956,0.787655,0.836031,0.213434,-0.115163,0.708349,0.011271,-0.196917,0.05457,0.443844,-0.996638
-0.604474,-0.642796,-0.331986,-0.675662,-0.454406,0.073719,0.546216,0.488969,-0.440003,0.076641,-0.065019,-0.520567,0.196903,0.424594,-0.976021
-0.450599,-0.367751,0.844332,-0.539858,0.872918,-0.195772,0.428627,0.473278,0.417207,-0.160613,-0.584012,0.003693,0.472663,0.117015,-0.986371
-0.068576,-0.670482,0.162056,0.470967,-0.276586,0.749958,0.929132,0.699159,-0.321063,0.710691,-0.053043,-0.051583,-0.031719,0.516791,-0.971808
0.929747,-0.974648,0.807513,-0.03937,-0.436363,0.458046,0.687619,0.999101,-0.395246,0.480633,0.27936,-0.22878,-0.242595,0.391232,-1.0
0.59454,-0.17565,0.011632,-0.998775,0.072199,-0.865652,0.149598,0.44517,0.05584,-0.147433,0.536466,0.697314,-0.3415,-0.319076,-0.907815
0.387333,0.764173,0.915598,0.68323,-0.90501,0.781955,0.519999,0.152877,-0.320341,0.290307,0.369473,0.00784,-0.466086,0.041503,-1.0
-0.205165,0.611254,-0.246884,0.467589,0.81828,0.396147,0.258977,0.81691,0.187682,0.129331,-0.73847,0.18405,0.436393,-0.118656,-0.9818
-0.117085,-0.022378,0.216546,0.469129,-0.505875,-0.077624,0.947599,0.640542,-0.741031,-0.106003,0.009571,-0.039587,-0.496124,-0.127857,-0.971287
0.794484,0.046182,0.445911,-0.239876,0.150119,0.103047,0.853357,0.576381,0.553515,0.388561,0.184423,-0.064015,-0.480146,-0.021612,-1.0
-0.94477,0.476375,-0.203713,-0.452221,-0.405059,-0.427074,0.387163,0.42483,-0.217813,-0.230243,-0.299597,0.527394,0.267467,-0.470418,-0.929282
0.769753,-0.93697,0.758056,-0.811827,-0.07566,0.348968,0.588231,0.502486,-0.115266,0.407182,0.146262,-0.297331,-0.273456,0.45317,-1.0
0.994721,-0.42929,-0.241898,-0.089802,0.139035,-0.897256,0.264696,0.403753,0.060463,-0.214386,0.666359,0.300729,-0.534374,-0.252702,-1.0
-0.506753,-0.47813,0.226285,0.620934,-0.571262,0.926009,0.033322,0.423487,-0.000786,0.033354,0.054093,-1.0,-0.048713,0.594281,-1.0
-0.69974,-0.058892,0.532778,-0.025382,0.584483,-0.453122,0.72324,0.605428,0.414551,-0.351414,-0.31991,0.060884,0.477176,-0.207869,-1.0
0.336661,-0.446316,-0.727666,0.774868,0.028714,0.923822,0.462681,0.306478,-0.01688,0.390786,0.077894,-0.529396,-0.072868,0.499398,-0.971071
0.171869,-0.468328,-0.009456,0.100866,0.579994,-0.142031,0.582472,0.362308,0.408292,-0.192262,-0.360257,-0.314916,0.357243,0.334101,-1.0
0.194454,0.618474,0.479046,0.556519,0.640893,-0.035874,0.424784,0.152122,0.338039,-0.01306,-0.383519,0.505146,0.240511,-0.341753,-0.936639
-0.792394,-0.092527,0.675319,-0.420647,0.389691,0.047353,0.038216,0.958732,-0.056064,0.046328,-0.995039,-0.008482,0.456603,0.009362,-0.965669
0.189125,0.032161,0.918486,0.858239,0.654163,0.180011,0.713254,0.571827,0.58483,0.111181,-0.324597,-0.079439,0.431215,0.268218,-0.993021
0.545441,-0.807787,-0.304325,-0.101136,-0.381932,-0.77109,0.81873,0.858954,-0.195082,-0.576268,0.142503,-0.028905,-0.504311,-0.015726,-0.962925
-0.382368,0.295075,0.457909,0.27513,0.962001,0.058009,0.82998,0.894266,0.753562,0.010881,-0.221983,0.095861,0.504724,-0.017938,-1.0
-0.590245,-0.011542,-0.674259,0.362043,-0.912666,0.052401,0.062232,0.622211,-0.011325,0.017812,0.921518,-0.222891,-0.487897,0.113486,-1.0
-0.527735,-0.571281,-0.236235,0.547678,-0.483935,0.256911,0.706796,0.414903,-0.487657,0.259358,0.026011,-0.348743,-0.040619,0.487798,-0.970477
-0.485755,-0.588988,0.253459,0.72199,0.036549,-0.905163,0.826328,0.656239,0.02783,-0.693762,-0.163406,0.034175,0.466188,-0.213321,-0.943404
0.694435,-0.930248,-0.937195,-0.402114,-0.270625,-0.990301,0.96889,0.776043,-0.243262,-0.800193,0.029752,0.030232,-0.484795,0.017152,-0.990701
-0.184233,-0.274264,-0.524539,0.841489,-0.071477,0.227258,0.680448,0.43904,-0.25083,0.561071,-0.101876,-0.301362,0.087964,0.452807,-0.985856
-0.16665,0.343083,0.687852,0.510468,0.971389,-0.0051,0.622742,0.374004,0.433227,0.065773,-0.421369,0.075794,0.422039,-0.104305,-0.984736
-0.675434,0.586427,0.173188,0.794378,-0.374865,-0.875288,0.513789,0.356076,-0.098448,-0.331355,-0.113214,0.484182,0.123231,-0.476514,-1.0
-0.475617,0.099009,-0.658614,0.841254,0.652517,-0.054022,0.675168,0.407697,0.572704,-0.077333,-0.294826,0.038431,0.416908,-0.081247,-1.0
0.855729,-0.190406,-0.102008,-0.607685,-0.834879,0.27583,0.159703,0.53545,-0.181048,0.073342,0.799634,-0.302887,-0.461336,0.110543,-0.968665
0.010319,0.008711,-0.645958,-0.926902,-0.898883,0.58147,0.018053,0.584266,0.084067,0.018366,0.800457,-0.478301,-0.347716,0.314869,-1.0
-0.907502,-0.105508,-0.650183,0.925221,-0.150517,-0.912218,0.021207,0.66789,0.059515,-0.011665,-0.5736,0.713954,0.351663,-0.429419,-0.955561
0.31121,-0.191451,0.54401,-0.352463,0.78842,-0.526696,0.020528,0.971699,-0.006864,0.042018,-0.903042,0.585831,0.414012,-0.234423,-1.0
0.294666,-0.079398,0.158754,-0.647986,-0.201433,-0.814491,0.559992,0.868559,-0.070161,-0.383057,0.336554,0.371165,-0.270858,-0.553497,-0.96593
0.535329,-0.295333,0.400948,0.652167,0.834073,0.122018,0.566689,0.632514,0.412312,0.058082,-0.287944,-0.386566,0.287535,0.401138,-1.0
0.803378,-0.731462,0.389897,0.538797,-0.809193,-0.755625,0.871244,0.172201,-0.518276,-0.388445,0.09376,-0.050678,-0.531198,0.029914,-1.0
-0.862483,0.977917,-0.319418,-0.368316,0.12722,-0.190732,0.279669,0.884037,0.142967,-0.221632,-0.498942,0.576686,0.346968,-0.404139,-0.946951
0.959431,-0.484432,-0.506894,-0.36527,0.190355,-0.307908,0.961109,0.822606,0.363466,-0.649179,0.025934,-0.028224,-0.55146,0.172331,-1.0
0.343647,-0.478777,0.446093,0.383806,-0.072357,-0.162582,0.151833,0.546312,-0.094258,-0.095268,0.603489,-0.516904,-0.458691,0.215293,-1.0
-0.503828,-0.914834,-0.975367,-0.965701,-0.244069,-0.940887,0.430995,0.659076,-0.049315,-0.281063,-0.570584,0.03746,0.454869,-0.061891,-1.0
0.509935,-0.762456,-0.68006,-0.315195,-0.640813,-0.184912,0.23208,0.782596,-0.175649,-0.030162,0.673794,-0.282968,-0.374836,0.210595,-1.0
0.451279,0.303988,0.150343,0.653091,0.148102,0.240317,0.9163,0.759797,0.318416,0.687525,0.085118,0.046992,-0.450792,-0.133226,-0.995572
0.161199,-0.609255,0.224285,-0.541778,-0.85632,0.166745,0.659525,0.175731,-0.570612,0.140511,0.229971,-0.267293,-0.334173,0.264314,-1.0
0.307523,-0.09486,-0.513519,-0.62443,-0.560781,0.785488,0.693598,0.283765,-0.218649,0.397107,0.127114,-0.136356,-0.335968,0.334274,-0.994228
-0.047679,0.509896,0.979281,-0.63923,0.710643,-0.250023,0.74263,0.050289,0.654569,-0.156584,-0.149225,0.166611,0.376984,-0.308611,-1.0
-0.582399,-0.838771,-0.738267,0.460371,-0.0032,0.433915,0.609431,0.694067,-0.049287,0.564224,-0.221156,-0.393942,0.189127,0.532383,-1.0
-0.392255,0.079447,-0.757959,-0.612692,0.669554,0.102835,0.034308,0.837215,0.056502,-0.07518,-0.970554,-0.058728,0.440137,0.073197,-1.0
0.634849,0.16956,-0.858944,-0.497611,0.031315,-0.521465,0.579196,0.473944,0.045348,-0.33291,0.288401,0.387918,-0.336181,-0.389301,-0.992703
0.377384,0.135839,-0.641659,-0.104507,0.507471,-0.508589,0.953925,0.732723,0.581134,-0.542114,-0.021499,0.018304,0.059801,-0.468654,-1.0
0.821921,0.723672,0.836507,-0.61788,-0.368052,-0.501342,0.33573,0.911969,-0.130441,-0.166265,0.437135,0.425384,-0.388825,-0.35978,-1.0
0.44268,0.317718,0.559519,0.095857,0.203207,0.978371,0.542949,0.574006,0.17599,0.348778,0.189686,-0.473004,-0.161884,0.529724,-0.965644
-0.840904,-0.79628,0.977498,-0.294404,0.031907,0.87649,0.333197,0.293325,-0.035392,0.34555,-0.300842,-0.641984,0.255702,0.415736,-1.0
0.293688,-0.234101,-0.893208,0.945996,-0.899843,-0.242035,0.163886,0.314053,-0.107695,-0.006355,0.803034,-0.083891,-0.523048,-0.113988,-0.96941
0.962866,0.696564,-0.801112,-0.39451,0.66387,0.567878,0.3937,0.255192,0.315756,0.286524,0.539522,0.294446,-0.490405,-0.240001,-1.0
-0.469949,-0.720171,-0.920556,0.713898,-0.603595,-0.97917,0.583214,0.466301,-0.289969,-0.375202,0.156856,0.337101,-0.162349,-0.458139,-1.0
0.918628,0.414968,-0.861829,0.773508,0.030524,0.732314,0.580726,0.365521,-0.016173,0.491404,0.448174,-0.090192,-0.42012,0.225314,-0.978715
-0.256441,-0.004688,-0.298239,0.777843,-0.074495,-0.390976,0.727365,0.584473,-0.177588,-0.614378,-0.202374,0.206649,0.11939,-0.392781,-1.0
-0.689684,-0.748222,0.581925,0.768791,0.851388,0.300836,0.642043,0.78896,0.41493,0.131974,-0.218367,-0.210927,0.357655,0.24055,-1.0
-0.747357,-0.071623,0.055101,-0.24572,0.40268,-0.141615,0.784923,0.390448,0.585648,-0.230315,-0.216798,0.058152,0.487298,0.015878,-0.98205
-0.620723,0.790567,0.240828,-0.76912,0.332529,0.287886,0.198207,0.137532,0.082358,0.049783,-0.659684,0.349397,0.447847,-0.181041,-0.98273
-0.26092,0.04263,0.919953,-0.314098,-0.071847,0.525709,0.936178,0.627614,-0.07278,0.765539,0.005738,-0.021102,0.149057,0.41362,-0.995055
-0.941497,-0.973463,0.873493,-0.80601,0.881946,0.304136,0.350313,0.17241,0.242594,0.198135,-0.467711,-0.351372,0.348102,0.283817,-1.0
0.919166,0.936667,-0.259914,0.967567,0.281247,0.312921,0.048049,0.384064,0.036826,0.058674,0.816356,0.680338,-0.421319,-0.35779,-0.992624
0.084816,0.693868,-0.471062,0.028408,-0.321144,0.010941,0.667929,0.983415,-0.564578,-0.035445,0.220454,0.329416,-0.219349,-0.428818,-1.0
0.309177,0.227947,-0.13734,-0.690697,-0.521528,0.088924,0.655553,0.894159,-0.465712,0.147706,0.377445,-0.01601,-0.50773,-0.125185,-0.966897
0.334631,-0.557365,-0.124291,-0.192321,-0.603783,-0.134018,0.810149,0.985709,-0.581667,-0.087922,0.125451,-0.0164,-0.453839,0.197632,-1.0
0.284225,0.934062,-0.062211,0.667844,-0.384521,0.848911,0.749286,0.585871,-0.215005,0.577317,0.277078,-0.014131,-0.567837,-0.066445,-0.962694
0.893501,-0.547133,0.331183,-0.910926,0.468553,0.972111,0.492154,0.535039,0.199361,0.373625,0.105172,-0.415016,-0.160356,0.41976,-0.912958
0.895719,-0.586076,0.574855,0.614745,0.016988,0.953759,0.913503,0.930043,0.090312,0.722175,0.022054,-0.012837,-0.283429,0.426062,-0.914392
0.135586,-0.310738,-0.860571,0.802474,-0.516585,0.086731,0.032061,0.933173,0.048805,-0.024642,0.814321,-0.5553,-0.512752,0.349635,-0.991373
0.926744,0.868416,-0.323336,0.986215,-0.147621,0.2074,0.64559,0.807271,-0.326564,0.309307,0.324272,0.20351,-0.423465,-0.264302,-0.965603
-0.95178,-0.133303,-0.770953,-0.851692,-0.323852,0.271683,0.247458,0.640439,-0.170756,0.090186,-0.626712,-0.381613,0.429573,0.219168,-1.0
-0.157585,-0.630801,0.368097,0.375582,0.708997,-0.754574,0.252756,0.315255,0.160173,-0.134561,-0.783488,0.104743,0.453577,-0.14419,-0.935286
-0.060793,-0.840534,0.520489,0.630207,-0.869102,-0.374458,0.80444,0.40546,-0.650192,-0.238771,0.145644,-0.079717,-0.426765,0.177228,-0.946953
-0.559646,-0.837124,-0.786374,0.155182,0.386741,-0.986113,0.215191,0.450787,0.01379,-0.142902,-0.78677,0.145017,0.53793,-0.102284,-0.896572
0.861563,-0.822329,-0.430333,0.805097,0.094862,-0.492453,0.056353,0.306969,0.038174,-0.007611,0.769383,-0.387335,-0.491258,0.163806,-1.0
0.710177,0.256515,-0.293225,-0.815428,0.006615,0.757581,0.476528,0.75503,-0.063515,0.364289,0.425481,-0.301264,-0.408565,0.242379,-1.0
0.028852,-0.071804,0.392363,-0.858221,-0.87092,0.71582,0.375584,0.827982,-0.299252,0.120392,0.479413,-0.354978,-0.506791,0.34925,-0.954695
-0.239098,-0.611935,0.069074,-0.27685,0.396366,-0.633005,0.424389,0.62959,0.188212,-0.222282,-0.531649,-0.029197,0.480051,0.044287,-0.994515
0.426581,0.437818,-0.386028,-0.208683,-0.376192,0.36596,0.991908,0.428751,-0.565091,0.608974,0.013831,-0.04982,-0.536401,-0.001579,-0.963071
-0.65913,0.911343,-0.907244,-0.587084,0.057084,0.525027,0.176057,0.657078,0.060328,0.1735,-0.773124,0.309735,0.415981,-0.162728,-0.975824
0.227403,0.621846,-0.177149,0.202244,0.379082,0.461906,0.371035,0.418324,0.177291,0.190203,-0.421842,0.535701,0.371226,-0.29312,-0.957724
-0.963523,0.860143,0.614421,-0.464114,0.229846,-0.657604,0.360201,0.295152,0.002151,-0.293571,-0.468308,0.515402,0.332957,-0.319664,-1.0
0.262722,0.673765,0.312036,0.925449,0.301057,-0.996702,0.629127,0.179943,0.144589,-0.512101,0.011636,0.351638,-0.059958,-0.556044,-0.92751
-0.30585,-0.747111,-0.643874,0.572226,-0.176048,0.094714,0.466854,0.05078,-0.242178,0.153731,-0.090275,-0.454797,0.064027,0.479358,-1.0
0.177355,-0.005617,-0.282592,0.084828,-0.720758,0.221434,0.111051,0.505811,-0.12643,0.028736,0.888881,-0.262768,-0.461168,0.225966,-0.973363
-0.492827,-0.82769,0.6347,0.216427,-0.300376,-0.611297,0.022916,0.86721,0.009585,-0.052518,-0.574537,-0.841583,0.361263,0.34455,-1.0
-0.809897,0.776896,-0.079813,0.656735,0.675536,0.495584,0.648987,0.156781,0.37761,0.332815,-0.37141,-0.008527,0.411621,-0.152844,-1.0
-0.727558,0.868947,0.659387,-0.461821,-0.660794,0.376887,0.717955,0.769588,-0.465419,0.340466,-0.067323,0.308164,0.039974,-0.497145,-0.937719
-0.953783,0.040355,-0.142827,-0.883657,0.370591,0.477996,0.31683,0.845429,0.108528,0.270572,-0.579744,-0.196751,0.53862,0.160568,-0.930426
-0.125376,-0.994701,0.808451,-0.853141,-0.971495,-0.534447,0.882153,0.327275,-0.609359,-0.329481,0.120758,-0.145539,-0.471441,0.303758,-0.950565
0.155699,0.975226,0.884536,-0.249713,0.45098,-0.746068,0.691465,0.135502,0.376561,-0.48969,-0.009087,0.323109,0.014809,-0.484705,-1.0
0.452157,0.066987,0.971966,-0.187558,-0.335216,-0.407887,0.913072,0.586102,-0.360331,-0.60856,0.113161,0.012517,-0.491184,-0.248592,-1.0
0.650607,0.662518,-0.165028,-0.261836,-0.107469,-0.409931,0.970255,0.788088,-0.195155,-0.7005,-0.057668,-0.007571,-0.253055,-0.414517,-1.0
-0.35412,-0.710805,0.842841,-0.939913,-0.217431,0.986118,0.718192,0.336977,-0.093079,0.521315,-0.004031,-0.267658,-0.002987,0.542532,-1.0
-0.059946,0.809699,0.499352,0.281505,0.031599,0.489982,0.330253,0.383415,-0.031602,0.226957,-0.157037,0.590249,0.199191,-0.515723,-0.957309
-0.745526,0.771414,0.805332,0.182851,-0.060443,-0.388492,0.603613,0.458734,-0.066376,-0.505015,-0.188108,0.385189,0.230334,-0.44167,-1.0
0.022337,-0.094993,0.402083,0.521342,0.925495,-0.13094,0.138174,0.41686,0.12695,0.003728,-0.869852,-0.096997,0.54748,-0.116093,-1.0
-0.056401,0.104513,0.531919,-0.235955,0.969,0.529406,0.334094,0.358437,0.248583,0.177318,-0.506657,-0.169405,0.420241,0.256061,-1.0
-0.668523,0.824628,0.147113,0.461052,0.194449,-0.562748,0.66794,0.481158,0.158426,-0.430198,-0.207521,0.3172,0.245074,-0.390189,-1.0
-0.436588,-0.031651,0.728902,0.840268,0.356714,0.54365,0.378834,0.464339,0.185056,0.240958,-0.456347,-0.393936,0.396611,0.319872,-1.0
0.448619,0.876908,-0.77735,-0.412476,-0.964333,0.79332,0.410488,0.446752,-0.215678,0.224488,0.578253,-0.033837,-0.50409,-0.026953,-1.0
-0.134924,0.714453,-0.301323,0.571821,-0.959609,0.17581,0.672063,0.673003,-0.516062,0.107538,0.290794,0.202119,-0.44385,-0.269583,-1.0
0.438588,-0.57857,-0.937122,-0.696501,-0.252549,0.599698,0.725139,0.54029,-0.191816,0.534549,0.103424,-0.225871,-0.201499,0.467928,-1.0
0.784865,-0.50895,0.954746,-0.567215,0.022803,-0.020335,0.461667,0.91377,0.220168,-0.249342,0.504396,-0.29567,-0.425925,0.212028,-1.0
-0.693466,-0.97775,-0.503542,0.899008,0.574706,-0.624722,0.261538,0.582055,0.185809,-0.176564,-0.712798,-0.250381,0.491868,0.107712,-1.0
-0.15541,-0.383574,-0.195066,0.75651,-0.596617,-0.391065,0.86947,0.21081,-0.572345,-0.435704,0.186825,0.048388,-0.462903,-0.077568,-0.960466
-0.648675,-0.532738,-0.404502,0.045733,0.737682,0.134557,0.367032,0.761828,0.216961,0.060256,-0.595455,-0.308736,0.425618,0.211957,-1.0
-0.336377,-0.251142,0.832672,-0.673163,0.746722,0.245088,0.562183,0.624276,0.407315,0.137417,-0.418117,-0.141197,0.442206,0.298682,-0.935476
-0.11831,-0.480212,0.024885,0.283319,-0.908724,-0.843686,0.006172,0.4154,-0.047434,-0.054697,0.910865,0.353076,-0.451683,-0.167028,-1.0
0.180448,0.565906,0.881257,0.143184,-0.937344,0.815655,0.001832,0.626954,0.059444,0.017727,0.942705,-0.067375,-0.525232,0.102841,-1.0
-0.573546,0.869877,-0.137898,-0.98329,0.621209,0.452706,0.747343,0.757459,0.502017,0.362744,-0.212991,0.07058,0.457612,-0.153291,-1.0
-0.355663,0.763204,0.498224,-0.03965,-0.961369,-0.358425,0.085978,0.926728,-0.09603,-0.0761,0.409011,0.824144,-0.271996,-0.52252,-1.0
0.523618,0.396785,0.567179,-0.792488,-0.190874,0.483983,0.972997,0.659148,-0.294253,0.74165,0.029311,-0.043749,-0.387525,0.057808,-1.0
0.869591,-0.256192,0.512754,0.419674,0.814234,-0.109085,0.596281,0.719559,0.419697,-0.097203,0.129472,-0.31266,-0.065078,0.42435,-1.0
-0.119274,-0.855752,-0.866952,0.909173,-0.588497,0.013733,0.611847,0.886492,-0.520072,0.028394,0.124499,-0.28047,-0.286121,0.363969,-1.0
0.050971,0.578552,0.349272,0.640047,0.488543,0.584186,0.883968,0.411341,0.471113,0.59165,-0.114071,0.120368,0.396448,0.07153,-1.0
0.725752,-0.051846,0.576849,0.109839,-0.889096,-0.034842,0.286519,0.16582,-0.284158,0.071996,0.736793,-0.089753,-0.527685,-0.110215,-1.0
0.715455,-0.4698,0.633464,0.231474,0.455419,0.025414,0.981116,0.677208,0.778731,0.052208,0.029254,-0.080599,-0.234153,0.435495,-0.997102
-0.702719,0.105319,-0.003665,0.138348,0.261818,-0.886229,0.431771,0.605297,-0.045556,-0.331091,-0.407838,0.427763,0.33397,-0.360707,-0.957191
-0.981891,-0.497707,-0.280563,-0.910472,0.165194,0.142042,0.092871,0.937539,0.051705,0.000971,-0.850475,-0.474285,0.393331,0.19405,-0.940998
0.863951,0.259525,-0.449784,-0.152756,0.432003,-0.667956,0.531285,0.382713,0.294984,-0.260131,0.211286,0.507977,-0.267433,-0.469384,-0.986907
-0.880693,0.8946,0.968242,-0.210851,-0.281976,0.915807,0.167069,0.300164,-0.032604,0.202791,-0.79431,-0.03265,0.443759,0.105846,-0.96476
-0.95371,-0.960998,0.533036,0.986992,0.542072,-0.136204,0.135255,0.304407,0.136037,-0.055097,-0.674433,-0.443405,0.420045,0.163935,-1.0
0.866377,0.46295,-0.885906,-0.241689,-0.315547,0.042904,0.307398,0.920508,-0.180892,0.104815,0.664703,0.27321,-0.46726,-0.187577,-0.988367
-0.907188,-0.713429,-0.496385,-0.778633,-0.584615,0.549112,0.328025,0.235433,-0.165278,0.198402,-0.143649,-0.658161,0.136046,0.492019,-0.969658
-0.047056,0.65727,-0.76775,0.128617,0.474554,-0.091943,0.566275,0.412966,0.424229,-0.092617,-0.262447,0.351809,0.270032,-0.477087,-0.972929
-0.090592,0.290658,0.047716,0.635405,-0.757937,0.855415,0.773289,0.789434,-0.361984,0.485711,0.179601,-0.134074,-0.371877,0.461114,-0.939135
0.660315,0.965032,-0.414948,0.031643,-0.971675,0.199521,0.180569,0.113947,-0.193663,0.050496,0.778745,0.276588,-0.524721,-0.181315,-0.940848
-0.123522,-0.635177,0.599368,0.967307,0.907787,-0.911803,0.451173,0.630541,0.234665,-0.295033,-0.510033,0.113063,0.474793,-0.238238,-1.0
-0.89597,0.917476,-0.095832,0.921429,0.773215,0.12733,0.642728,0.144795,0.489584,0.050004,-0.280054,0.177363,0.446284,-0.160642,-1.0
0.047734,-0.189219,-0.215881,0.997557,-0.577215,0.461547,0.507746,0.118034,-0.304052,0.350415,0.389302,-0.353083,-0.319828,0.332472,-1.0
-0.12682,-0.519413,-0.87301,-0.254719,-0.708247,0.879122,0.105044,0.261805,-0.05852,0.136945,0.301323,-0.843312,-0.257944,0.436939,-1.0
0.617742,0.13441,0.323569,0.729607,-0.4005,-0.334329,0.457647,0.33782,-0.302337,-0.290983,0.504242,0.179007,-0.364967,-0.178108,-0.970515
-0.054595,0.913194,-0.109363,0.179701,0.197551,0.258505,0.651238,0.86375,0.367078,0.356812,-0.105832,0.267463,0.169097,-0.449543,-0.988183
0.880263,-0.32965,-0.922898,-0.692389,-0.323791,0.225172,0.852025,0.727745,-0.464971,0.29487,0.19455,0.008335,-0.578861,0.269575,-0.998856
-0.271748,0.424714,-0.440685,-0.935671,0.065286,-0.104865,0.719866,0.641916,0.287853,-0.524541,-0.237243,0.264922,0.285686,-0.360118,-0.950615
-0.669898,-0.406026,0.504318,-0.901971,-0.111292,0.587398,0.851806,0.23271,-0.126345,0.792915,-0.088306,-0.18871,0.245503,0.416222,-1.0
-0.119576,-0.270971,0.424775,0.372968,-0.389017,-0.455226,0.233277,0.716709,-0.102605,-0.101412,0.660675,0.414714,-0.39502,-0.258312,-1.0
-0.330398,-0.558065,-0.496022,0.134249,0.829703,0.208219,0.494654,0.174686,0.419554,0.146146,-0.460708,-0.284107,0.413531,0.266589,-1.0
-0.511179,-0.856435,-0.038881,0.087283,0.913362,0.533442,0.015604,0.255854,-0.040189,0.010774,-0.690103,-0.727917,0.366367,0.288005,-0.970469
-0.807012,-0.585221,0.080272,-0.667927,-0.988825,0.940902,0.156884,0.208119,-0.118895,0.065544,0.096455,-0.814226,-0.094665,0.44228,-1.0
-0.237184,-0.224324,0.789537,-0.899286,-0.47666,0.186461,0.26089,0.611315,-0.227874,0.027158,0.326241,-0.690038,-0.240515,0.424191,-1.0
-0.140405,0.873399,-0.063017,0.853849,-0.475034,-0.842373,0.216837,0.685791,-0.00862,-0.042761,0.128547,0.76753,-0.135213,-0.497629,-0.903217
0.684513,0.409361,-0.76974,-0.303242,-0.339927,-0.581769,0.795976,0.316697,-0.354857,-0.560052,0.042503,0.156717,-0.342441,-0.273791,-1.0
-0.508046,0.726819,-0.084879,-0.349723,-0.793684,0.51768,0.674864,0.914006,-0.40393,0.344415,0.269543,0.132674,-0.407034,-0.282029,-0.969398
0.72101,-0.572919,0.502762,-0.954856,-0.351814,-0.711186,0.091212,0.477965,0.015739,-0.054632,0.835835,0.08385,-0.556665,-0.066833,-0.914952
-0.315934,-0.346123,-0.356456,-0.27813,0.294278,-0.202663,0.098197,0.841741,0.061168,-0.08476,-0.85884,-0.352075,0.498289,0.109242,-1.0
-0.676197,0.897027,-0.926421,0.127853,-0.660809,-0.951832,0.647055,0.548574,-0.249584,-0.415261,-0.085549,0.388251,0.011408,-0.404332,-1.0
0.621108,-0.428158,0.603724,0.357499,0.264644,-0.774161,0.80977,0.077687,0.267679,-0.5634,0.117197,0.156338,-0.381921,-0.289955,-0.913939
-0.236009,-0.691457,0.691146,-0.821935,0.195924,0.206051,0.179622,0.307451,0.09176,0.160598,-0.346482,-0.710276,0.135409,0.331269,-1.0
-0.059615,-0.690822,0.131147,-0.027236,-0.942382,0.020856,0.667933,0.602225,-0.585206,-0.083816,0.213436,-0.149028,-0.426446,0.271238,-1.0
-0.447461,-0.922556,0.668873,0.485018,0.873773,0.169047,0.641583,0.510022,0.535639,0.154283,-0.278022,-0.337308,0.35034,0.342445,-1.0
-0.200512,-0.70954,-0.976361,-0.486628,-0.329008,0.399627,0.155384,0.221217,-0.135147,0.120861,0.13645,-0.88155,-0.086362,0.485001,-0.941446
0.577818,-0.486394,-0.674905,0.280464,0.930829,0.649482,0.694663,0.698172,0.535419,0.323013,-0.160911,-0.297824,0.108411,0.505262,-0.96472
0.452033,0.224183,-0.716334,0.052766,0.922956,-0.15203,0.511553,0.189472,0.429039,-0.058682,-0.413282,0.266752,0.356348,-0.307865,-0.953983
0.420572,-0.090226,0.885999,-0.745925,-0.636469,0.695695,0.468406,0.524854,-0.341303,0.194651,0.467704,-0.289518,-0.413564,0.22082,-1.0
0.541588,0.977585,0.762917,0.274936,-0.027268,0.874832,0.001973,0.024043,0.116549,-0.010589,0.961015,0.230432,-0.555662,-0.08672,-0.965244
0.084665,-0.398162,-0.562469,-0.900053,0.293021,-0.921782,0.822819,0.990633,0.099045,-0.638327,-0.081225,0.144278,0.150281,-0.497274,-1.0
-0.675984,-0.427422,-0.376534,-0.023698,-0.830452,0.489838,0.977078,0.729639,-0.641623,0.374687,-0.047538,-0.085981,-0.095439,0.527676,-1.0
-0.801759,0.666009,0.092744,0.602869,0.544887,-0.511586,0.290869,0.1629,0.131693,-0.185195,-0.61532,0.499346,0.355426,-0.350615,-0.927608
0.104588,-0.430385,0.587087,-0.693735,-0.955141,-0.528379,0.919237,0.132838,-0.733937,-0.322952,0.072647,0.036288,-0.464556,0.011748,-0.992844
-0.572262,-0.378556,-0.422961,0.219555,-0.442263,0.4693,0.950065,0.937362,-0.529622,0.485222,-0.002955,-0.019143,0.092023,0.528559,-1.0
0.027002,0.69854,-0.782965,0.076204,-0.76659,-0.131491,0.135097,0.638429,-0.117146,-0.00142,0.681832,0.642954,-0.315493,-0.400346,-0.96791
0.709357,-0.92816,0.696467,0.987942,0.544307,-0.568129,0.611497,0.75459,0.407227,-0.353639,0.185505,-0.348853,-0.186688,0.446152,-0.945408
0.202075,0.642296,0.446281,0.384911,-0.109351,-0.182714,0.686167,0.798862,-0.255914,-0.483474,0.139101,0.327615,-0.140416,-0.478097,-1.0
-0.969572,0.307047,-0.613923,0.96996,-0.325825,-0.619847,0.282809,0.512148,-0.096426,-0.26577,-0.452938,0.581684,0.299179,-0.381321,-1.0
0.172659,0.404332,0.680237,-0.876657,-0.016288,0.481365,0.905128,0.422618,-0.035685,0.746131,0.049424,-0.060185,-0.437939,0.228733,-0.923382
-0.139214,0.772635,-0.777408,0.58698,0.40614,0.045457,0.990866,0.379018,0.929057,0.05094,-0.027042,-0.086653,0.261519,-0.459357,-0.949096
-0.093845,0.612999,-0.868372,0.761021,-0.697281,-0.391941,0.202074,0.530801,-0.14377,-0.063137,0.395152,0.630857,-0.281878,-0.373245,-1.0
0.026768,0.902926,0.14706,-0.55386,-0.138474,-0.970805,0.792768,0.63803,-0.209953,-0.6263,0.008876,0.201486,-0.110302,-0.397645,-1.0
-0.717682,0.244712,0.205644,-0.089272,-0.617755,0.158713,0.504043,0.164556,-0.422601,0.078092,-0.430258,0.356243,0.454722,-0.260977,-0.980716
0.550965,0.705912,-0.374278,0.199946,-0.414773,-0.214264,0.980995,0.412705,-0.769917,-0.276805,-0.00176,0.015131,-0.284534,-0.265881,-1.0
0.187089,-0.122123,0.052076,0.798323,-0.630366,-0.449127,0.608708,0.803383,-0.37184,-0.37594,0.41558,0.102122,-0.417884,-0.16691,-0.984212
0.713993,0.627676,0.511155,-0.196975,0.553346,-0.170219,0.093806,0.493263,0.07165,-0.025691,0.164821,0.944184,-0.087358,-0.468104,-0.936129
0.255493,-0.570799,-0.274338,-0.962946,-0.906364,0.43095,0.611634,0.374285,-0.438381,0.264013,0.251925,-0.223927,-0.449591,0.306076,-1.0
-0.854748,-0.512069,0.991692,-0.241139,0.917186,0.440651,0.631543,0.9864,0.52784,0.25157,-0.304971,-0.155654,0.306746,0.245448,-1.0
0.531216,-0.263656,-0.180379,-0.379791,0.199722,-0.274789,0.164319,0.822847,0.089012,-0.191467,0.777096,0.001018,-0.475528,-0.00247,-1.0
0.235195,-0.413719,0.275561,0.447535,-0.309834,-0.487868,0.019067,0.526834,0.014795,-0.108997,0.874277,0.036519,-0.49506,-0.089413,-0.963676
-0.414884,0.91725,-0.9524,0.590363,0.338583,-0.71614,0.622636,0.098243,0.214828,-0.4565,-0.210856,0.342568,0.273751,-0.55332,-0.937354
-0.330193,-0.07211,-0.591435,0.86813,-0.08539,-0.269252,0.221622,0.801507,-0.057691,-0.179281,-0.615708,0.444785,0.402215,-0.319205,-1.0
0.88527,-0.15332,0.585951,0.99122,-0.888574,-0.190523,0.18718,0.033578,-0.155899,-0.031366,0.803785,0.064253,-0.600269,-0.003881,-0.965011
0.809372,0.928821,0.069697,-0.585532,0.804361,-0.037933,0.652613,0.976319,0.550813,-0.072965,0.114451,0.371492,0.046595,-0.551872,-0.95557
0.543055,-0.601928,-0.881266,-0.569818,0.779808,-0.350994,0.809232,0.165052,0.590079,-0.285734,-0.101211,-0.171799,0.344649,0.304413,-0.997427
-0.064,-0.394778,-0.801757,0.288334,0.014262,0.270598,0.134984,0.86179,0.043345,0.111986,-0.056869,-0.9701,0.043854,0.583964,-0.993159
-0.858903,0.967451,0.262154,0.812521,-0.816654,0.871119,0.343804,0.560317,-0.193824,0.271874,-0.206248,0.558591,0.214371,-0.428872,-0.890417
-0.303663,-0.311078,0.326367,-0.288661,-0.494106,0.331062,0.665739,0.326475,-0.470025,0.320249,0.079412,-0.335319,-0.193415,0.467577,-0.957542
0.704518,-0.533561,0.297715,-0.57172,-0.075678,-0.053583,0.783504,0.636817,-0.497713,-0.36387,0.159905,-0.050239,-0.312363,0.185159,-0.920162
0.286766,-0.431338,0.067849,0.210178,-0.324407,0.66811,0.587749,0.167514,-0.17694,0.461111,0.279997,-0.368816,-0.209092,0.429628,-1.0
-0.718174,0.1984,-0.197773,-0.391317,0.082917,-0.918316,0.301986,0.467439,0.000956,-0.280161,-0.399972,0.597558,0.277121,-0.443736,-0.992049
-0.649982,-0.367003,0.639567,0.74467,-0.014469,0.529327,0.896124,0.660224,-0.034184,0.737654,-0.003957,-0.098061,0.387404,0.376712,-1.0
-0.083782,0.705135,0.116492,-0.91102,-0.782479,0.600764,0.359122,0.714908,-0.209454,0.080607,0.61697,0.086505,-0.485479,-0.007847,-0.964337
-0.700621,-0.19403,0.561579,-0.098737,-0.818007,-0.143686,0.639404,0.594802,-0.456106,-0.135427,0.455715,-0.204721,-0.501328,0.16948,-0.933711
0.469694,-0.452808,0.4901,-0.200645,-0.2299,0.926287,0.355607,0.573906,-0.169049,0.311999,0.323617,-0.621738,-0.156204,0.488109,-1.0
0.355815,-0.277738,0.313062,-0.6858,-0.612663,0.307986,0.005326,0.239709,0.037212,-0.135538,0.885476,-0.58218,-0.521423,0.288225,-0.975993
0.855553,0.567149,0.236386,-0.764874,0.624027,-0.921499,0.16611,0.949484,0.115884,-0.106427,0.102684,0.777478,-0.111542,-0.470495,-0.95265
-0.811278,-0.850278,-0.908616,0.662141,-0.056572,0.29561,0.035883,0.129469,-0.048279,0.058676,-0.521483,-0.858947,0.249388,0.398973,-1.0
0.651088,-0.548075,0.558638,0.525913,0.014198,-0.542787,0.0653,0.486053,-0.033109,-0.024082,0.979975,0.002122,-0.407106,0.014573,-0.960915
-0.082326,-0.898735,-0.659805,-0.935388,0.250968,0.235089,0.797407,0.570092,0.488867,0.442372,-0.146959,-0.236132,0.167431,0.498448,-1.0
0.651255,0.498625,-0.146377,0.626097,-0.762451,-0.43851,0.62786,0.405978,-0.49933,-0.208321,0.305441,0.206868,-0.433382,-0.285626,-0.945613
0.330726,0.695474,0.681965,0.950694,-0.889396,0.220819,0.010031,0.149825,-0.030254,-0.094393,0.842696,0.411929,-0.4322,-0.163958,-0.972222
-0.741552,-0.080508,0.418447,-0.000423,0.801903,0.027189,0.565969,0.877808,0.477256,0.031633,-0.472021,-0.03315,0.392415,-0.069765,-1.0
-0.564224,-0.362581,-0.953149,0.600661,0.651848,-0.988467,0.53984,0.622048,0.195023,-0.327846,-0.294758,0.205412,0.415519,-0.20229,-1.0
-0.498102,-0.876226,0.500186,-0.090595,-0.16737,0.202561,0.79896,0.415725,-0.461361,0.538975,-0.113993,-0.201141,0.197102,0.441795,-0.956524
-0.663647,-0.517868,0.553149,0.83107,-0.434773,0.767057,0.290035,0.251845,-0.154589,0.091989,-0.059428,-0.702815,0.17932,0.517986,-0.992772
0.455468,0.868268,0.85384,-0.242846,0.242524,-0.74282,0.581634,0.492866,0.138125,-0.348595,0.089205,0.450001,-0.068999,-0.550622,-1.0
0.141393,-0.45262,-0.410286,0.548306,0.897655,-0.3161,0.766798,0.742525,0.530539,-0.266157,-0.262924,-0.078854,0.464943,0.112499,-1.0
-0.694196,-0.223258,0.063484,-0.269012,-0.33936,-0.540958,0.625913,0.071959,-0.338301,-0.387098,-0.339148,0.173767,0.320686,-0.28202,-1.0
0.723072,-0.836781,-0.652842,0.04192,-0.813185,-0.44539,0.632178,0.055108,-0.437358,-0.189758,0.329205,-0.135837,-0.533917,0.164585,-1.0
0.191583,-0.028357,-0.05485,0.706719,0.340923,-0.564274,0.438554,0.068054,0.225817,-0.307648,-0.104055,0.555827,0.066767,-0.561421,-1.0
-0.301117,-0.26586,0.196905,0.325414,0.976929,-0.551484,0.742848,0.053314,0.521482,-0.323346,-0.231667,0.03371,0.5206,-0.091409,-1.0
0.02383,-0.413891,-0.003141,-0.686205,-0.387854,0.821645,0.538955,0.623681,-0.235253,0.382149,0.142109,-0.438715,-0.124841,0.414588,-1.0
-0.797303,-0.35164,0.156143,-0.079699,0.685774,0.392627,0.334415,0.852785,0.338315,0.015382,-0.643241,-0.260295,0.441861,0.232828,-0.999321
0.569276,0.625072,0.646817,0.001719,-0.107909,0.987082,0.544054,0.394115,-0.045834,0.472015,0.4089,-0.153855,-0.449259,0.24525,-1.0
-0.384337,-0.715311,0.432165,0.331639,-0.554237,-0.109763,0.856716,0.510467,-0.667929,-0.137998,0.162384,-0.158414,-0.098552,0.509112,-1.0
0.968004,0.049859,-0.920168,0.240615,0.154702,-0.171065,0.102785,0.870418,0.103514,-0.119474,0.848909,0.283133,-0.517892,-0.171401,-1.0
-0.349179,0.745494,-0.224049,-0.818222,-0.117327,-0.823917,0.071888,0.894552,-0.093801,-0.185868,-0.13182,0.862733,0.147419,-0.499768,-0.952439
-0.215178,0.284838,0.599728,-0.763799,-0.177187,-0.098476,0.983431,0.587802,-0.588791,-0.316951,0.072578,0.043209,-0.000179,-0.542508,-1.0
0.539426,-0.307086,0.073531,-0.363487,0.261849,-0.906813,0.614723,0.42603,0.092821,-0.538414,0.268137,0.41427,-0.206649,-0.555225,-0.98401
-0.260937,0.995512,-0.186458,0.422851,0.370199,-0.804254,0.824004,0.654965,0.27942,-0.569803,0.012085,0.1749,0.194858,-0.434841,-0.954338
-0.708918,0.028796,0.330137,-0.790123,0.194738,-0.46902,0.929949,0.242174,0.247217,-0.659674,-0.151955,0.01649,0.362891,-0.214836,-1.0
0.816434,0.195834,-0.998179,0.097299,0.24519,0.547487,0.808931,0.954045,0.243017,0.566851,0.215778,-0.22574,-0.463386,0.252317,-1.0
0.26391,-0.160445,0.727427,0.18009,0.316935,-0.254629,0.63057,0.958361,0.425747,-0.356755,-0.181397,0.373971,0.252956,-0.496227,-0.919567
-0.83296,0.682867,0.175634,-0.580841,0.711387,0.202552,0.864273,0.686638,0.738193,0.199002,-0.084135,0.055903,0.419875,-0.298103,-0.972881
0.852468,-0.015287,-0.325816,-0.189642,0.667216,-0.627878,0.544094,0.081327,0.316027,-0.274686,0.115995,0.469151,-0.189158,-0.445829,-1.0
-0.06264,-0.757844,-0.16948,0.800689,0.695298,-0.187071,0.975119,0.404039,0.756259,-0.179806,-0.013316,0.040327,0.394791,0.371082,-1.0
0.708099,-0.781337,0.222174,-0.453594,-0.009274,-0.233532,0.068852,0.559296,-0.077265,-0.085142,0.767377,-0.483455,-0.385445,0.360104,-0.949719
0.130644,-0.018314,0.069463,-0.49938,-0.556601,-0.788121,0.143997,0.385391,-0.128847,-0.09101,0.524274,0.699533,-0.319167,-0.390511,-1.0
-0.560829,0.806365,0.780804,-0.837897,0.929614,0.027676,0.912744,0.110865,0.789483,-0.043139,-0.005811,0.016942,0.527956,-0.235744,-0.978882
0.789989,-0.419933,-0.992911,-0.232008,0.157068,0.808196,0.651652,0.102788,0.12743,0.494802,0.129705,-0.27566,-0.257795,0.381318,-1.0
-0.473903,0.15414,-0.139215,0.682166,0.764832,0.707727,0.920616,0.421209,0.516187,0.547871,-0.110522,-0.094148,0.43085,0.150414,-1.0
-0.294376,-0.707043,-0.340374,-0.542869,0.905686,-0.721723,0.898605,0.420896,0.568341,-0.399136,-0.115129,-0.11716,0.484157,0.022749,-0.98041
-0.58603,-0.164843,0.183031,0.058346,-0.220818,-0.651891,0.181949,0.663194,-0.202019,-0.155961,-0.451858,0.597029,0.316257,-0.327855,-1.0
-0.277169,0.822765,0.765794,-0.516638,0.814996,0.569943,0.313215,0.687964,0.264681,0.119241,-0.604959,0.173059,0.509889,-0.156109,-1.0
-0.945744,0.075517,-0.273193,0.677767,-0.510447,-0.197689,0.339142,0.903275,-0.163714,-0.112585,-0.57925,0.331189,0.415006,-0.244399,-1.0
-0.050039,-0.368545,-0.708776,0.689953,-0.780389,0.159325,0.397089,0.485905,-0.319355,0.057451,0.549269,-0.380063,-0.375864,0.361308,-1.0
-0.051012,-0.132898,-0.423329,0.812923,0.32912,0.616619,0.132996,0.314248,0.098014,0.111015,-0.331802,-0.822223,0.21442,0.528213,-1.0
-0.630682,0.742483,0.4747,-0.524,-0.234488,0.277603,0.96126,0.737491,-0.514071,0.616217,0.00193,-0.051783,0.278372,-0.39125,-1.0
-0.118526,0.173896,0.001701,-0.464015,0.367733,0.415878,0.003682,0.948247,-0.01382,-0.094312,-0.897852,-0.421279,0.480875,0.226711,-0.954184
-0.039094,0.742005,-0.375623,0.489465,-0.638058,0.036081,0.710438,0.449589,-0.55381,-0.034074,0.168483,0.29775,-0.356113,-0.380251,-0.946321
-0.707433,0.238307,0.972195,0.012557,-0.385515,0.315376,0.775675,0.476644,-0.455961,0.32755,-0.261527,0.026661,0.453825,0.105683,-1.0
-0.216018,0.826453,-0.098077,0.847906,0.639121,0.116173,0.915726,0.334614,0.731832,0.25795,-0.005436,0.038032,0.396541,-0.341076,-0.942481
0.141961,0.294161,-0.924437,-0.788314,-0.530168,-0.938366,0.182492,0.774948,-0.040995,-0.056334,0.324779,0.794895,-0.199148,-0.374496,-1.0
0.080276,0.133655,-0.270214,-0.716397,-0.655778,0.329294,0.613253,0.949035,-0.45954,0.172527,0.402305,-0.150535,-0.377143,0.028753,-0.973024
-0.622697,-0.222022,-0.171096,-0.23321,-0.664553,-0.429588,0.809923,0.444177,-0.575007,-0.36042,0.037438,0.123722,-0.185463,-0.468549,-1.0
-0.499501,-0.270287,-0.26459,-0.556682,0.638065,0.175285,0.878138,0.083716,0.657314,0.105855,-0.145648,-0.088146,0.481751,0.15426,-0.990531
0.334656,0.886566,-0.184272,0.676389,-0.761208,-0.573483,0.061014,0.976638,-0.078395,-0.018988,0.593417,0.781823,-0.260908,-0.471599,-1.0
0.679223,0.626824,-0.484867,-0.737902,-0.688451,0.706962,0.903734,0.273248,-0.517436,0.560716,0.101005,-0.000297,-0.466546,0.085893,-1.0
0.043431,0.641917,0.899649,0.97206,0.666152,-0.873508,0.974503,0.464396,0.512144,-0.707841,-0.006504,0.06954,0.295178,-0.424369,-0.996196
0.495713,0.493908,-0.257737,-0.386092,0.064757,0.560589,0.986651,0.911726,0.185533,0.795064,-0.014848,0.099192,-0.474208,0.162745,-0.977495
0.62359,0.340488,-0.329785,0.37869,-0.907908,-0.233266,0.608944,0.165181,-0.492525,-0.157034,0.374033,0.065225,-0.451886,-0.177731,-0.965382
-0.575917,-0.413567,-0.653788,-0.217506,-0.292989,0.241099,0.417317,0.794572,-0.235087,0.174281,-0.241082,-0.571412,0.173638,0.487774,-0.998558
0.978882,0.126138,-0.40377,0.941974,0.641439,0.212664,0.282734,0.686572,0.194613,0.037434,0.629875,-0.205262,-0.505205,0.068809,-0.933643
-0.816737,-0.05112,0.704886,-0.037701,0.518382,0.452544,0.889438,0.889818,0.512046,0.495799,-0.133225,-0.048603,0.426089,0.104442,-0.982491
0.988062,0.008813,0.077476,-0.905157,0.928948,0.417503,0.299098,0.601811,0.253409,0.016184,0.092863,-0.626235,-0.066761,0.49816,-0.97986
0.510321,-0.872047,-0.749349,0.569201,0.878115,-0.35654,0.628154,0.027805,0.51317,-0.117431,-0.156122,-0.262733,0.286166,0.454405,-0.919346
0.937517,0.956505,-0.419563,0.754613,0.476464,-0.07918,0.842133,0.698651,0.661159,-0.061944,0.01318,0.168421,-0.224155,-0.446507,-1.0
0.106463,-0.876906,0.739321,0.393957,-0.711982,0.505304,0.413985,0.342657,-0.248447,0.202024,0.336602,-0.575769,-0.196828,0.463904,-1.0
0.938256,-0.178347,0.096301,0.911634,0.506553,0.722254,0.902613,0.825205,0.353188,0.625651,-0.04331,-0.085662,-0.258612,0.50909,-1.0
-0.019036,-0.562421,0.525562,0.575265,0.066468,0.947327,0.356031,0.032955,0.034959,0.270586,-0.035909,-0.632184,-0.011662,0.436262,-0.993585
0.92493,0.745511,0.660122,-0.926941,-0.808972,-0.717862,0.257881,0.780292,-0.133214,-0.07326,0.537369,0.419885,-0.286221,-0.307044,-1.0
-0.68496,0.626599,0.653032,-0.698139,-0.862468,0.090615,0.037991,0.718053,0.015472,-0.054711,0.303578,0.897212,-0.116845,-0.48795,-1.0
0.176416,-0.773831,0.692323,0.876107,0.251648,0.488006,0.394107,0.353499,0.17623,0.322404,-0.016517,-0.611387,0.016025,0.508518,-1.0
-0.267812,-0.483748,0.754439,-0.798671,0.239755,0.470646,0.058208,0.123652,0.005324,0.07863,-0.41612,-0.773633,0.200139,0.562276,-0.907287
0.295381,-0.944898,-0.997579,0.298662,-0.299806,-0.893651,0.180734,0.99416,-0.095162,-0.18073,0.791956,-0.062024,-0.510377,0.050499,-1.0
-0.767071,0.994313,0.453924,-0.042802,-0.499959,-0.785495,0.989632,0.012715,-0.426811,-0.663641,0.014932,0.002611,0.069567,-0.435579,-1.0
-0.612745,0.827811,-0.070928,0.35445,0.687035,-0.228197,0.810414,0.018139,0.563359,-0.23985,-0.128856,0.21898,0.490167,-0.298246,-0.943737
0.676451,0.451627,0.816053,0.480655,0.37976,-0.200989,0.786165,0.628984,0.590157,-0.267034,0.105617,0.202447,-0.241592,-0.450325,-1.0
0.057734,-0.048061,-0.124737,0.837135,-0.301589,0.174475,0.210252,0.300697,-0.228095,0.092489,0.665086,-0.44075,-0.395243,0.215975,-0.901528
-0.802205,0.233963,-0.891976,-0.423061,0.549343,-0.257632,0.170725,0.71414,0.106139,0.00957,-0.708356,0.21545,0.496735,-0.1712,-0.921503
0.538138,0.00096,0.346818,0.621808,-0.789284,-0.053714,0.711589,0.360077,-0.562348,-0.044762,0.25431,0.042272,-0.39878,0.061408,-1.0
0.396502,-0.388024,-0.94487,0.907373,-0.749608,0.070969,0.055686,0.078148,-0.044593,0.005874,0.918718,-0.32557,-0.462165,0.21711,-0.950377
-0.050331,-0.218575,0.640826,-0.108083,0.856693,0.460897,0.873589,0.540691,0.570013,0.280345,-0.063663,-0.036458,0.341627,0.300837,-1.0
0.491022,0.834023,-0.191913,-0.486233,0.547302,-0.085942,0.293556,0.026559,0.216962,-0.106929,-0.025119,0.753743,0.059627,-0.418908,-0.945362
0.374622,-0.304637,0.556845,-0.022265,-0.916577,-0.78158,0.043176,0.72746,-0.01238,-0.023666,0.887087,0.330947,-0.550472,-0.0936,-0.964317
0.662106,0.592828,-0.092526,-0.505162,0.600246,0.855667,0.455686,0.47711,0.270851,0.336922,0.158135,-0.548182,-0.109693,0.505715,-0.931442
-0.733353,-0.334739,-0.232831,-0.707208,0.466436,0.021405,0.559471,0.917222,0.440435,-0.08043,-0.460804,-0.202776,0.474701,0.19028,-1.0
-0.386913,0.726891,-0.552163,-0.961836,-0.48869,0.95563,0.61988,0.21378,-0.321891,0.394808,0.197914,-0.430188,-0.219035,0.450789,-0.989711
-0.64718,0.631537,0.609015,0.024639,0.139294,0.099197,0.247906,0.709086,0.18945,0.067294,-0.59751,0.367537,0.434687,-0.367875,-0.933525
-0.132278,0.852072,-0.926921,-0.114671,-0.324096,-0.54901,0.348913,0.625629,-0.088804,-0.264083,-0.001181,0.647579,0.022476,-0.485446,-0.980541
-0.422732,0.993724,-0.724732,0.727073,-0.597732,-0.856403,0.443419,0.023467,-0.177284,-0.31188,0.055176,0.55299,0.009169,-0.616265,-0.952843
0.831157,-0.916231,-0.745859,-0.351736,0.959752,0.959501,0.20614,0.429645,0.105189,0.146572,-0.096587,-0.822299,0.103075,0.514974,-1.0
0.929338,0.7836,-0.35701,-0.030023,0.57713,0.77079,0.207642,0.318834,0.063946,0.161169,0.769679,0.060558,-0.549752,0.061498,-1.0
0.636501,-0.691896,-0.676202,0.66807,0.774286,0.10855,0.092634,0.516601,0.028315,0.030963,-0.069705,-0.961759,0.123575,0.541451,-0.920946
-0.415846,0.396352,0.61382,-0.057231,-0.550811,-0.733978,0.599964,0.164246,-0.23768,-0.409482,0.010821,0.393767,-0.163638,-0.48174,-1.0
-0.370704,-0.592446,-0.29798,0.483627,0.237188,0.304329,0.235145,0.612633,0.129695,0.092458,-0.479813,-0.643393,0.219678,0.468531,-0.940702
0.44691,-0.65644,0.639781,-0.595012,0.32656,-0.602507,0.066504,0.188084,0.086773,-0.050907,0.86219,-0.328943,-0.42741,0.19983,-0.912482
0.767744,-0.736838,0.60566,0.549001,0.018376,0.612574,0.108149,0.0307,0.045631,0.050923,0.344197,-0.703997,-0.161172,0.488985,-1.0
-0.888709,-0.989383,-0.083973,0.972237,-0.594532,0.349004,0.632857,0.506526,-0.449169,0.167392,-0.086719,-0.341539,0.257641,0.505357,-0.977801
0.720461,-0.120234,0.812128,0.792387,-0.281551,-0.016926,0.131198,0.064858,-0.068945,0.038322,0.733295,-0.131166,-0.504107,0.010463,-1.0
0.537071,0.932913,0.923069,0.734747,-0.702524,-0.066926,0.523817,0.596379,-0.442214,-0.052535,0.316827,0.333097,-0.342363,-0.324203,-1.0
0.981772,0.784591,0.418433,-0.320571,-0.926965,0.401059,0.244464,0.145173,-0.187295,0.102562,0.820476,0.162879,-0.519645,-0.126804,-0.928287
-0.510873,0.881657,-0.443672,0.511521,-0.592196,0.49723,0.959756,0.817307,-0.656542,0.487561,0.028771,0.015263,-0.088813,-0.511116,-1.0
0.69392,0.806075,-0.062556,-0.290373,-0.314002,-0.353405,0.228405,0.187558,-0.04569,-0.186979,0.402283,0.593528,-0.417857,-0.321374,-0.929477
0.472601,0.820803,-0.781984,0.582062,0.631576,0.563938,0.656247,0.846264,0.439295,0.364994,-0.220228,0.358677,0.296855,-0.470877,-1.0
0.618911,-0.085316,0.955246,0.425537,-0.172179,-0.340593,0.184012,0.899259,-0.044258,-0.052713,0.799345,0.212949,-0.463086,-0.11926,-0.9826
0.944689,0.583527,-0.011181,0.233183,0.759744,0.940756,0.113563,0.034546,0.007775,0.061871,0.448994,-0.859837,-0.216592,0.464163,-0.991694
-0.934412,-0.756641,-0.281012,0.564263,0.070916,-0.552135,0.441865,0.523344,-0.040969,-0.400483,-0.559848,-0.164412,0.445442,0.135767,-1.0
-0.599607,-0.715927,0.453355,-0.462173,0.560289,-0.65047,0.394182,0.500795,0.188186,-0.22188,-0.63319,-0.026854,0.449449,0.165236,-1.0
0.981221,0.810462,-0.767367,-0.773549,0.994695,0.851571,0.263505,0.215283,0.149498,0.115412,-0.285446,-0.653335,0.184497,0.428678,-1.0
-0.42405,0.506628,0.310938,0.601644,0.130516,-0.39247,0.937639,0.479774,0.207158,-0.698605,-0.010102,0.075263,0.200876,-0.469924,-0.98415
0.244557,-0.528725,0.448856,0.148595,0.547824,0.66651,0.520754,0.656471,0.280878,0.296128,-0.125294,-0.524431,0.17056,0.579363,-1.0
0.308743,-0.621419,-0.034922,-0.076969,-0.054207,-0.70662,0.613898,0.243227,-0.107944,-0.486089,0.309138,0.079242,-0.500927,-0.16982,-1.0
-0.368414,-0.475393,0.194605,0.185745,-0.687902,0.293506,0.754517,0.314888,-0.522842,0.282621,0.096864,-0.194177,-0.159293,0.403974,-1.0
-0.984538,0.040186,0.576111,0.25636,0.228704,0.969887,0.818999,0.865755,0.11121,0.613805,-0.194572,-0.103566,0.403916,0.340047,-1.0
0.091636,-0.923345,-0.900162,-0.380525,-0.957576,-0.144877,0.092457,0.66388,-0.00926,0.03866,0.739667,-0.495987,-0.425326,0.253066,-1.0
-0.09323,0.444352,0.628905,-0.955136,0.285299,0.87664,0.48446,0.835153,0.130327,0.324898,-0.362774,-0.401948,0.300487,0.38576,-0.972983
0.484549,-0.840014,-0.561929,-0.184305,-0.238712,-0.761056,0.307758,0.008706,-0.072637,-0.245194,0.70322,-0.07099,-0.465018,0.052217,-1.0
0.93257,-0.38061,0.883039,0.216403,-0.59375,-0.376057,0.192605,0.095508,-0.204237,-0.101145,0.737635,-0.012599,-0.532195,-0.029069,-0.993566
0.364124,-0.159885,0.036513,0.453411,-0.819227,0.191679,0.634759,0.611361,-0.461039,0.15553,0.306296,-0.112494,-0.45861,0.18351,-1.0
0.272429,0.293957,0.599036,-0.811215,0.912041,-0.48213,0.867738,0.403285,0.600003,-0.309694,-0.104137,0.191279,0.301665,-0.332898,-1.0
0.75609,-0.308908,0.358419,-0.510799,-0.976739,-0.437783,0.513245,0.935603,-0.384605,-0.149064,0.463118,0.06048,-0.554799,-0.066054,-1.0
0.742275,-0.253651,-0.369879,0.307256,0.74127,-0.048024,0.036627,0.5369,-0.002309,0.035833,0.002786,-1.0,-0.040525,0.509923,-1.0
-0.842607,0.564276,0.8474,0.566031,0.762097,0.463331,0.969308,0.292976,0.665409,0.489683,-0.051367,-0.02197,0.568398,-0.075331,-1.0
0.460529,0.195278,0.867683,-0.79781,0.472578,-0.919172,0.389438,0.721186,0.185571,-0.256061,-0.019921,0.614662,-0.033303,-0.537859,-0.966207
0.899577,0.729524,-0.886922,-0.569266,-0.382974,0.789547,0.769121,0.870856,-0.328101,0.628874,0.187139,-0.027183,-0.507782,0.03059,-0.942778
0.631972,-0.451039,-0.32882,-0.398402,0.793927,-0.005369,0.819538,0.525083,0.629272,-0.000567,-0.046404,-0.200286,0.128521,0.474122,-1.0
-0.124244,0.920144,0.665788,0.221995,0.053277,0.754074,0.460928,0.971702,0.019692,0.306806,-0.42864,0.375529,0.458885,-0.400129,-1.0
-0.714589,0.219173,-0.774624,-0.996558,0.134976,0.771893,0.280435,0.997273,0.03456,0.145892,-0.633231,-0.39531,0.358133,0.391856,-0.955191
0.69858,0.37101,0.074886,0.983042,-0.463951,0.340497,0.156051,0.183494,-0.093037,0.036211,0.878805,0.003754,-0.449954,-0.054563,-1.0
0.339488,0.569379,-0.864388,0.876897,-0.180304,0.13919,0.402176,0.853904,-0.162122,0.156569,0.411456,0.358381,-0.402006,-0.366206,-0.966348
-0.880766,-0.25039,-0.013477,-0.619093,0.508044,-0.131394,0.21444,0.362229,0.150867,0.044164,-0.741095,-0.082559,0.513458,0.08872,-0.992294
0.55842,0.651078,0.841196,0.313958,0.393207,-0.698014,0.038695,0.772304,0.001301,-0.025552,0.18539,1.0,-0.005581,-0.547586,-1.0
0.362659,0.277034,-0.143506,0.75979,-0.007332,0.112488,0.023039,0.313482,0.019315,0.103692,0.827098,0.427374,-0.307423,-0.234667,-1.0
0.366665,0.00879,0.166396,0.388587,0.679176,0.417483,0.556351,0.079175,0.454266,0.180741,-0.263169,-0.323689,0.274836,0.312329,-0.981846
0.819339,0.928595,-0.512366,-0.458699,0.802428,0.442927,0.704534,0.322177,0.522715,0.296306,-0.102219,0.259828,-0.053564,-0.544137,-0.96091
-0.630238,0.332598,-0.517423,0.27426,0.314884,-0.353697,0.175108,0.945507,0.14038,-0.150655,-0.679531,0.531913,0.37098,-0.258013,-1.0
-0.75332,0.441126,0.117635,-0.807157,-0.806851,0.095802,0.451723,0.576445,-0.341735,0.005163,0.102416,0.53705,-0.014031,-0.52185,-0.98195
0.596802,-0.283048,-0.227734,0.445539,0.351454,-0.688999,0.553343,0.84414,0.203621,-0.264541,0.236596,0.422356,-0.229391,-0.451542,-0.997091
-0.763888,0.010825,-0.034505,-0.323717,-0.99257,0.34151,0.23577,0.309679,-0.171522,0.041998,0.507418,-0.580853,-0.184783,0.495398,-0.94967
-0.228744,-0.502267,0.84781,0.460249,-0.387287,-0.926426,0.937778,0.173238,-0.20868,-0.654086,0.077828,0.126831,-0.156019,-0.439246,-1.0
0.414319,-0.853062,0.81319,0.655038,-0.594699,-0.78694,0.504412,0.838355,-0.270699,-0.381602,0.466526,-0.009907,-0.488742,-0.024103,-1.0
-0.413487,-0.303631,0.423313,-0.823426,-0.664376,-0.148853,0.952621,0.355508,-0.752903,-0.20608,-0.017048,0.109458,-0.430475,0.232082,-1.0
0.340371,-0.705941,-0.532403,0.654808,-0.696212,0.794203,0.623171,0.083422,-0.254442,0.451724,0.1945,-0.320515,-0.398743,0.393002,-1.0
-0.291352,0.323284,-0.043995,0.922223,-0.021402,-0.359383,0.520563,0.192949,-0.048352,-0.39939,-0.040251,0.454865,0.26099,-0.422846,-1.0
0.757535,-0.492542,-0.062055,0.040027,0.44977,0.113241,0.82299,0.38289,0.554907,0.126018,0.027135,-0.238925,-0.244434,0.398619,-1.0
0.945098,0.251874,0.87241,-0.291646,-0.529567,-0.911863,0.878786,0.378324,-0.356722,-0.625571,0.176987,0.202458,-0.457172,-0.273835,-0.929034
-0.254575,0.21392,-0.620039,0.891927,0.374166,-0.97744,0.193567,0.189589,0.086661,-0.164281,-0.415254,0.754955,0.280815,-0.438808,-1.0
-0.735676,-0.454908,0.785077,0.012938,0.14604,0.54366,0.972523,0.484655,0.263063,0.69403,-0.064268,-0.02008,0.304521,0.407774,-1.0
0.680898,-0.963535,-0.565052,-0.274749,0.436932,-0.150379,0.232912,0.937728,0.174229,-0.021616,0.311542,-0.712159,-0.148045,0.480592,-0.963501
0.808614,0.42832,0.776306,-0.8611,-0.748401,0.003957,0.353697,0.150925,-0.276935,0.030425,0.641065,0.165102,-0.452533,-0.091237,-0.970866
-0.048134,-0.54044,-0.847553,0.828079,-0.840005,-0.097807,0.66893,0.203445,-0.532507,-0.049447,0.2951,-0.094124,-0.292077,0.174239,-1.0
-0.975496,0.588261,0.453922,0.171605,0.430384,0.003673,0.65149,0.228602,0.621036,0.069272,-0.342038,0.1238,0.511119,-0.233119,-1.0
-0.029539,0.750558,0.371624,-0.613296,0.025267,0.569206,0.27365,0.536302,0.119395,0.185538,-0.203648,0.687574,0.198163,-0.433336,-1.0
-0.010274,0.119261,-0.049728,-0.607507,-0.97322,0.278654,0.616979,0.276756,-0.440097,0.145794,0.297492,-0.092498,-0.527832,0.067962,-0.989089
0.382027,0.558512,-0.125588,-0.343935,-0.144376,-0.309136,0.548012,0.967915,-0.178313,-0.388572,0.280922,0.427693,-0.278425,-0.406285,-1.0
0.412929,-0.927433,0.72809,-0.827806,-0.38781,-0.819963,0.059288,0.470488,-0.119226,0.0069,0.962521,-0.156568,-0.589343,0.167071,-1.0
-0.531658,0.979183,-0.02216,0.479498,0.876005,-0.918262,0.763208,0.990935,0.513358,-0.461295,-0.103294,0.134018,0.30978,-0.369388,-1.0
-0.421494,-0.029991,0.305235,0.141891,-0.383232,0.011457,0.168599,0.776027,-0.101666,0.005973,-0.551585,-0.557038,0.367932,0.353209,-1.0
0.831732,0.012299,-0.895671,0.279214,0.673521,0.717197,0.542761,0.326987,0.339955,0.298302,0.131237,-0.423599,-0.084267,0.515811,-1.0
0.35591,0.395295,0.826345,0.910499,-0.463805,-0.360462,0.901958,0.914308,-0.624507,-0.515362,0.095131,0.11674,-0.341325,-0.457635,-0.993381
0.273746,0.649299,-0.593014,0.744103,0.360751,-0.638334,0.621617,0.570996,0.226717,-0.446913,-0.024769,0.39266,-0.002539,-0.48835,-1.0
0.499353,0.404393,0.077166,-0.739552,-0.227488,0.444294,0.549798,0.281967,-0.134903,0.356413,0.395668,-0.009964,-0.467431,-0.036837,-1.0
-0.189049,-0.930493,0.264215,-0.724485,0.668707,-0.072292,0.567583,0.278753,0.347022,0.00386,-0.309035,-0.291227,0.321573,0.359263,-1.0
-0.524279,-0.094452,-0.615646,-0.22358,-0.694538,-0.28218,0.277351,0.258638,-0.23784,-0.161767,0.545862,0.537627,-0.277541,-0.347343,-1.0
0.271853,-0.251977,0.228199,-0.722669,0.970796,-0.648617,0.751004,0.577332,0.580577,-0.286538,-0.189709,0.147721,0.434984,-0.274068,-0.891693
-0.75896,-0.033536,-0.466255,-0.892541,0.734045,0.870686,0.980401,0.285397,0.503804,0.546109,0.010338,-0.038049,0.399399,0.325761,-1.0
-0.437711,-0.766915,-0.105662,-0.62471,0.883713,-0.810089,0.389047,0.642332,0.216905,-0.147869,-0.648702,0.013177,0.464583,0.042134,-1.0
0.561766,-0.361584,-0.044459,-0.98469,0.456702,-0.941807,0.490836,0.577018,0.176901,-0.326026,0.119912,0.469157,-0.077203,-0.43287,-0.989111
0.06157,0.803622,0.891842,0.587283,0.364794,0.628682,0.401347,0.14317,0.129501,0.253509,-0.534684,0.31353,0.466279,-0.208162,-0.992197
-0.326041,0.543808,-0.012013,-0.702846,0.644025,-0.493667,0.697432,0.800578,0.592147,-0.364298,-0.213994,0.144435,0.285636,-0.380229,-0.931664
0.248742,-0.593817,0.094232,0.265367,0.899239,-0.616972,0.843667,0.254588,0.544025,-0.406813,-0.182449,0.013751,0.466636,0.054143,-0.947406
0.346128,-0.055679,-0.186401,0.495998,-0.12917,0.839686,0.609138,0.285755,-0.054063,0.557512,0.254008,-0.299698,-0.256357,0.408331,-0.980417
0.787373,0.026534,-0.919385,-0.912918,-0.336903,-0.246974,0.530953,0.625153,-0.376592,-0.200806,0.465748,0.065965,-0.527832,-0.154362,-1.0
-0.501358,0.438026,-0.292941,-0.595521,-0.181054,0.248951,0.274586,0.755813,-0.224836,0.230151,-0.61718,0.457198,0.423875,-0.192035,-0.960735
-0.464692,-0.672917,-0.761073,-0.034262,0.926889,0.219005,0.327317,0.958646,0.231016,0.092168,-0.588359,-0.42445,0.416644,0.296486,-1.0
-0.337106,-0.018451,0.00899,-0.925454,0.31001,0.845238,0.434921,0.782922,0.112939,0.319141,-0.403681,-0.509423,0.209168,0.499264,-0.872431
0.736126,0.129788,0.972643,-0.137236,-0.264092,-0.606932,0.741552,0.512716,-0.154443,-0.553853,0.177723,0.261587,-0.333535,-0.167831,-1.0
-0.713182,-0.843535,-0.615282,0.549835,0.090636,0.285012,0.757561,0.570912,0.099215,0.576923,-0.181694,-0.174499,0.243875,0.231059,-0.908962
-0.000238,0.263132,-0.900539,0.394957,0.782176,-0.785655,0.795161,0.466898,0.385719,-0.544248,-0.151447,0.202209,0.253414,-0.420135,-0.997734
-0.238835,-0.235722,0.182694,0.450953,0.779045,0.126388,0.532501,0.971774,0.354099,0.056838,-0.39481,-0.175173,0.512909,0.183922,-1.0
0.895549,-0.218131,-0.502769,-0.093003,0.447555,0.460385,0.626551,0.393279,0.353462,0.376989,0.162111,-0.344281,-0.374141,0.404476,-1.0
0.622977,-0.651272,-0.837376,-0.543941,-0.036149,0.187508,0.603568,0.358801,-0.201196,0.435553,0.17756,-0.363867,-0.358132,0.348324,-0.989754
-0.617255,-0.032045,-0.506408,0.55584,0.230194,0.201776,0.636275,0.960369,0.39332,0.356234,-0.275086,-0.051181,0.502729,0.147029,-0.969087
-0.095287,0.69268,0.939494,0.346007,-0.109459,-0.240895,0.823882,0.09715,-0.253823,-0.57502,-0.007128,0.120263,-0.02151,-0.505938,-0.992822
0.418505,0.329839,-0.048139,0.701819,-0.956603,-0.53237,0.35605,0.449013,-0.263365,-0.147532,0.529567,0.3678,-0.484032,-0.160275,-0.994624
0.409368,0.78382,0.255997,0.811784,-0.417529,0.206901,0.385212,0.951007,-0.255964,0.19811,0.579396,0.369973,-0.492355,-0.30091,-0.907626
-0.2327,-0.580491,0.914803,-0.815818,0.532795,0.744193,0.954311,0.290544,0.476809,0.735589,-0.028039,-0.013747,0.22251,0.377867,-0.957488
0.744365,0.356853,-0.005695,0.076658,-0.616207,-0.112738,0.179786,0.96992,-0.133859,-0.041622,0.770328,0.266224,-0.483825,-0.125632,-0.969727
0.935799,-0.840248,0.326395,-0.813663,-0.320756,0.627395,0.47516,0.290848,-0.185993,0.276419,0.407099,-0.355949,-0.259959,0.412571,-1.0
-0.430705,0.226344,0.091192,-0.81448,-0.219418,-0.590183,0.71884,0.37696,-0.099647,-0.555324,-0.064502,0.239128,0.088395,-0.415141,-1.0
-0.209852,-0.752076,0.587564,0.56075,-0.235835,0.456476,0.354457,0.823206,-0.143975,0.208402,0.048491,-0.631496,-0.010034,0.434276,-0.927884
0.022654,0.15516,-0.260825,-0.445344,0.533421,-0.178133,0.212823,0.651596,0.193227,-0.121818,-0.647687,0.395423,0.422508,-0.340258,-1.0
0.580434,0.925659,0.059713,-0.576857,-0.610473,0.720351,0.18486,0.031096,-0.222986,0.108228,0.75835,0.078249,-0.48683,-0.14802,-1.0
-0.231114,-0.247995,-0.323775,0.60014,-0.039159,-0.013007,0.476088,0.813676,-0.417739,-0.198735,-0.33921,-0.414343,0.385137,0.293733,-0.926
-0.477383,0.674453,-0.451308,0.411607,-0.772528,-0.039802,0.251182,0.489491,-0.254193,-0.053257,0.240192,0.713238,-0.187582,-0.452972,-0.944983
0.824371,-0.826712,0.578062,-0.550336,0.520196,0.597506,0.853861,0.276744,0.376026,0.491682,0.047255,-0.012659,-0.092381,0.499898,-1.0
0.975664,0.693934,0.413683,0.772224,-0.664018,-0.997982,0.997265,0.974687,-0.510138,-0.681738,-0.084007,-0.000333,-0.415798,-0.323696,-0.968201
-0.657498,-0.098032,-0.696714,-0.337036,-0.036936,0.742596,0.677056,0.885669,-0.113592,0.566359,-0.184069,-0.218583,0.310445,0.422331,-0.959527
0.64663,-0.374496,-0.833948,-0.717567,0.484654,-0.38749,0.839412,0.998013,0.517992,-0.35982,0.111053,0.018559,-0.474767,-0.049604,-1.0
0.382883,-0.341155,-0.062661,-0.868495,-0.145975,0.103732,0.452696,0.49369,-0.344707,0.236884,0.392989,-0.332472,-0.424753,0.27016,-1.0
-0.840675,-0.859418,0.547116,-0.483333,-0.182046,-0.122972,0.268972,0.07917,-0.150153,-0.140831,-0.445191,-0.592456,0.307655,0.422101,-0.963953
-0.318156,-0.484372,-0.211929,-0.277928,0.401129,0.037452,0.814696,0.482953,0.49438,0.039316,-0.158662,-0.036371,0.397064,0.367228,-1.0
0.516264,0.79351,0.908053,0.368102,-0.090842,-0.707277,0.144557,0.020178,0.057826,-0.138348,0.264772,0.812165,-0.194223,-0.390144,-0.975262
0.595856,-0.560948,-0.636008,0.589555,-0.837835,-0.586373,0.714214,0.953308,-0.460438,-0.356902,0.259773,-0.016369,-0.544387,-0.003851,-0.978967
-0.429931,-0.973393,-0.57336,0.125915,0.068433,0.5197,0.613663,0.654381,0.064814,0.535365,-0.127002,-0.319045,0.133138,0.434126,-1.0
0.823719,0.190883,-0.0385,0.522118,0.001829,-0.346226,0.840338,0.869671,0.041284,-0.720477,0.140759,0.018379,-0.406454,-0.269013,-0.978596
0.295805,-0.189211,0.683531,-0.024715,0.841419,-0.835285,0.98451,0.025895,0.531479,-0.44941,0.017885,-0.010804,0.344705,-0.347986,-0.983052
0.506073,0.886346,-0.983833,-0.084302,-0.174483,0.977257,0.416679,0.568056,-0.05632,0.328127,0.670183,0.047566,-0.526685,0.09464,-0.998962
-0.93575,-0.786569,-0.446425,-0.536561,0.660467,-0.122883,0.530796,0.70954,0.456595,-0.127907,-0.38629,-0.140029,0.482959,0.219596,-0.994592
-0.858305,-0.5004,0.750919,-0.323564,0.801663,-0.132216,0.581552,0.736664,0.470494,-0.0052,-0.455044,-0.103183,0.446972,0.165329,-0.986678
0.530628,-0.446173,0.278194,0.953011,-0.982421,0.749808,0.942286,0.519105,-0.570141,0.406527,0.058672,-0.020137,-0.372716,0.256727,-0.946482
-0.404134,0.395076,0.896242,-0.362977,0.248135,-0.569396,0.63123,0.660222,0.230142,-0.494867,-0.133655,0.265818,0.232764,-0.370975,-0.940687
0.557529,0.080671,-0.653936,-0.370276,-0.551136,-0.193418,0.990387,0.033809,-0.724845,-0.182842,-0.049121,0.081009,-0.454433,-0.114692,-0.961247
0.515479,0.333441,-0.439777,0.430042,0.241613,0.376096,0.955629,0.73692,0.417481,0.761453,0.071704,-0.046857,-0.413708,0.032281,-0.964097
0.281588,-0.937364,0.557892,0.224337,0.755467,0.265074,0.267892,0.731256,0.197706,0.141884,-0.245024,-0.650829,0.169053,0.483618,-0.964896
0.091962,-0.807829,-0.095519,-0.172205,-0.072157,0.529992,0.854617,0.458605,-0.107837,0.715978,-0.022546,-0.155629,0.037453,0.453016,-1.0
-0.196565,0.564798,-0.589759,0.473434,-0.509284,-0.136448,0.691021,0.291791,-0.5714,-0.161512,0.171894,0.252583,-0.210154,-0.440918,-1.0
-0.039955,-0.004466,0.874526,0.88968,0.991318,-0.833595,0.909146,0.660812,0.615022,-0.42869,-0.102509,0.015386,0.352662,-0.298142,-0.983805
0.822638,0.138387,-0.213985,0.85648,0.785208,0.326061,0.894378,0.342222,0.69075,0.223446,0.072266,-0.103666,-0.063982,0.447958,-0.913649
-0.173912,0.310002,-0.065797,-0.27016,-0.883816,0.105606,0.181519,0.189019,-0.181329,-0.014754,0.726025,0.278819,-0.409828,-0.086333,-1.0
-0.138339,0.628569,-0.722421,-0.48408,0.756183,-0.939546,0.011179,0.542144,0.002503,-0.107356,-0.440723,0.893193,0.232522,-0.431238,-1.0
-0.068942,0.470185,0.272564,-0.518223,-0.534865,0.997093,0.43809,0.207248,-0.153334,0.312995,0.362309,-0.3997,-0.33574,0.323568,-1.0
0.196727,-0.081388,-0.394212,-0.720334,-0.124373,0.486306,0.751106,0.166108,-0.160188,0.620629,0.223815,-0.290806,-0.22266,0.491107,-0.934747
-0.372797,-0.78427,-0.312151,0.28204,-0.322674,-0.286995,0.000388,0.034796,0.005654,-0.051777,-0.041379,-1.0,-0.028853,0.546953,-0.912839
0.257226,0.079885,-0.709119,-0.501409,-0.998007,-0.058438,0.5875,0.365248,-0.402056,0.041699,0.434108,0.028584,-0.498311,0.037773,-1.0
-0.404471,0.810372,-0.017163,0.079766,0.200134,0.327363,0.756173,0.095456,0.303257,0.416482,-0.230261,0.110903,0.44793,-0.264396,-0.982037
-0.76508,-0.817133,0.786612,0.77487,0.591364,-0.439558,0.689779,0.388395,0.509509,-0.270413,-0.274304,-0.076452,0.492133,0.180998,-1.0
0.160303,-0.046833,0.886041,0.156695,0.957123,-0.267795,0.342026,0.242955,0.273498,-0.094089,-0.610856,0.179822,0.593652,-0.000641,-0.938413
0.381268,-0.183125,0.544174,0.344185,-0.176407,-0.546554,0.013316,0.840041,-0.013354,0.050282,0.8355,0.622208,-0.45226,-0.234897,-0.980213
0.676775,-0.313571,0.873346,0.502596,0.028824,-0.398968,0.637406,0.881111,0.049743,-0.55909,0.511914,-0.030627,-0.536782,-0.01611,-1.0
-0.511406,0.058212,0.23506,-0.291089,0.984076,0.706043,0.828201,0.363295,0.583598,0.295899,-0.164199,-0.082907,0.563554,0.207783,-0.926738
-0.971484,0.03901,-0.933596,0.800833,0.19153,0.761334,0.028063,0.113043,0.018547,-0.072309,-0.85545,-0.481955,0.430955,0.236969,-0.992743
-0.396375,-0.444345,0.04733,0.35398,-0.059144,0.604774,0.112505,0.987893,0.064483,0.10779,-0.156192,-0.886812,0.174141,0.445939,-0.910511
-0.19467,-0.594962,0.92374,0.22173,0.70541,-0.600142,0.363958,0.351338,0.097784,-0.185614,-0.687751,0.052696,0.533655,-0.017053,-1.0
-0.884792,-0.560356,-0.7344,-0.773136,0.762289,-0.319812,0.017665,0.049226,0.017924,0.025603,-1.0,-0.127795,0.549952,0.017586,-1.0
-0.227331,-0.519101,-0.377892,-0.718348,-0.361574,0.860277,0.731351,0.480603,-0.213937,0.530637,-0.037948,-0.261077,-0.08825,0.441207,-0.932536
-0.827598,-0.916457,-0.200668,0.687703,0.01015,0.66374,0.170235,0.674803,-0.036557,0.047653,-0.445598,-0.813753,0.149094,0.415507,-1.0
-0.17461,0.995291,0.991148,-0.570102,0.090794,0.047578,0.759348,0.945959,0.564326,0.231703,0.021083,0.245452,0.212719,-0.494607,-1.0
0.112091,-0.209807,0.894243,-0.248041,0.614047,-0.011577,0.862612,0.406776,0.794992,-0.09555,-0.199808,-0.014637,0.431607,0.24593,-1.0
0.493795,0.396905,-0.806998,0.542022,-0.248813,-0.48803,0.579201,0.639314,-0.222712,-0.434502,0.29702,0.290132,-0.265257,-0.389734,-1.0
0.818702,-0.652644,-0.98104,-0.825785,0.566782,0.004719,0.267887,0.708963,0.170077,0.013366,0.261135,-0.722405,-0.207141,0.479621,-1.0
0.261693,-0.287858,0.040881,-0.600628,0.31635,0.937051,0.123675,0.48893,0.029922,0.017212,0.010852,-0.845494,0.039505,0.474437,-0.956217
0.943392,0.984656,0.800477,-0.755134,-0.182739,-0.871429,0.288412,0.46163,-0.03698,-0.262046,0.342449,0.557552,-0.235808,-0.384791,-1.0
-0.134157,0.743341,-0.850432,-0.705871,0.111136,-0.632432,0.090089,0.643019,-0.049346,-0.092179,-0.212717,0.913334,0.108697,-0.508014,-1.0
0.039571,-0.350473,0.869563,0.736182,0.297042,0.854437,0.767933,0.001568,0.260714,0.624699,-0.027082,-0.242666,0.099553,0.5571,-1.0
-0.890515,0.030134,0.936233,-0.934423,-0.697475,0.173037,0.603455,0.977196,-0.51573,0.097737,-0.376527,-0.209666,0.404455,0.22197,-1.0
0.10975,0.06769,0.750041,0.571313,-0.930193,-0.67623,0.697844,0.139048,-0.462521,-0.397801,0.24751,0.140767,-0.489021,-0.239046,-0.914099
-0.447723,0.234572,0.290845,-0.660072,0.378216,0.927679,0.818646,0.560706,0.254695,0.56774,-0.150304,-0.061826,0.422308,0.386342,-1.0
-0.812509,-0.140411,-0.254623,0.048,-0.895741,-0.661323,0.617765,0.371498,-0.412156,-0.35898,0.028156,0.341354,-0.119884,-0.453693,-0.997343
-0.558723,0.940021,0.909785,-0.808509,-0.989223,0.892896,0.689158,0.121709,-0.542453,0.383157,0.27893,0.091629,-0.545772,-0.10642,-1.0
-0.289042,-0.295012,-0.311705,-0.82395,-0.980744,-0.539094,0.587789,0.02079,-0.46918,-0.207971,0.347071,0.131309,-0.402793,-0.198722,-0.941634
0.743196,0.046685,0.537084,0.050332,-0.965165,-0.431707,0.076173,0.37536,-0.072898,0.008962,0.865608,0.294764,-0.437682,-0.150159,-0.955134
0.394994,-0.745331,0.816152,-0.089285,0.174201,0.889354,0.999058,0.556256,0.224129,0.741091,0.012055,0.029718,-0.060258,0.448118,-1.0
-0.430691,0.780903,0.172629,-0.302473,-0.39056,0.176332,0.573843,0.734514,-0.409692,0.185075,-0.014611,0.379886,0.007183,-0.596468,-1.0
-0.848384,-0.405129,0.455856,0.636523,0.38044,0.513108,0.941113,0.953068,0.422372,0.635712,-0.053808,-0.040709,0.400368,0.273728,-0.993437
0.444876,0.960663,-0.858498,-0.913355,-0.44658,0.646981,0.730785,0.591546,-0.330066,0.491915,0.207587,0.063878,-0.437366,-0.105567,-0.986504
-0.308699,0.880866,-0.093681,-0.772566,-0.416398,0.891456,0.790899,0.158752,-0.327627,0.551802,0.151379,-0.006571,-0.510691,0.041692,-1.0
0.017502,-0.565301,-0.756358,0.079443,-0.394305,-0.4246,0.241477,0.807599,-0.198932,-0.173518,0.706823,-0.204879,-0.476619,0.209889,-1.0
-0.586138,0.0691,-0.077345,-0.510708,-0.181532,-0.681631,0.219649,0.980698,0.000379,-0.199868,-0.291945,0.664873,0.188621,-0.43831,-0.945724
0.363043,0.740337,0.705695,-0.246606,0.665779,0.536264,0.545865,0.226832,0.384159,0.276384,-0.466848,0.207164,0.32289,-0.230041,-1.0
-0.172677,-0.700479,0.210456,-0.903987,0.560164,-0.531168,0.317198,0.859021,0.212396,-0.125281,-0.693344,-0.144279,0.559939,0.120016,-1.0
-0.176308,-0.291651,-0.546509,0.807766,0.102547,-0.371556,0.106536,0.028471,0.011247,-0.181655,-0.839275,0.240375,0.504429,-0.137571,-1.0
0.359979,0.041542,-0.634817,-0.021352,0.12008,-0.138593,0.533637,0.5891,0.303829,-0.391553,0.30787,0.260325,-0.314734,-0.232629,-1.0
-0.417215,-0.045465,0.692319,-0.858153,0.486743,0.928763,0.060233,0.597327,0.00712,0.050438,-0.646069,-0.636003,0.242354,0.332712,-0.980867
0.441399,-0.603636,0.901194,-0.444033,-0.213482,0.513278,0.090439,0.630348,0.021263,0.083331,0.398929,-0.794352,-0.347298,0.386,-1.0
0.897266,0.13795,0.047803,0.27491,-0.37929,0.988428,0.766821,0.097087,-0.192961,0.613114,0.131894,-0.147043,-0.415182,0.320695,-0.928639
-0.695026,-0.579003,0.086019,0.883726,-0.312269,-0.422846,0.221745,0.12384,-0.045524,-0.159948,-0.761097,-0.305972,0.442852,0.196369,-0.939093
-0.674246,0.289865,0.535722,0.669772,0.940634,0.229059,0.91518,0.605752,0.677434,0.172714,-0.108523,-0.052061,0.482818,0.035576,-0.950918
0.652374,0.65562,0.593765,0.753663,0.932459,-0.894166,0.362818,0.237264,0.225865,-0.272606,-0.123718,0.576066,0.182504,-0.418066,-0.932184
-0.511796,0.706149,0.57462,0.189272,-0.245244,0.374506,0.712001,0.42036,-0.316196,0.52136,-0.219751,0.222966,0.348911,-0.429246,-1.0
-0.729728,0.995345,0.846492,0.23262,0.398327,0.695412,0.75131,0.221917,0.30143,0.521893,-0.212399,0.051859,0.516067,-0.093227,-1.0
0.679679,0.511552,-0.157427,-0.604582,0.640838,-0.361793,0.236759,0.654766,0.181788,-0.105169,0.094737,0.824196,-0.02623,-0.534099,-1.0
0.28343,0.515781,0.440553,0.004253,-0.802616,0.922167,0.81439,0.087623,-0.477843,0.525543,0.201906,-0.043081,-0.335272,0.140309,-0.943199
-0.46509,-0.699312,-0.76515,-0.212288,-0.166186,0.827258,0.177312,0.926328,-0.024635,0.136506,-0.166731,-0.805014,0.098476,0.519123,-1.0
-0.745686,-0.469279,0.41112,0.188456,0.148031,-0.42619,0.723882,0.932354,0.309888,-0.549092,-0.251591,-0.057683,0.542196,0.081871,-1.0
0.120557,-0.144591,0.805998,-0.708772,-0.383228,0.527849,0.103917,0.549233,-0.003471,0.035772,0.64944,-0.758862,-0.257759,0.432853,-0.944183
-0.654886,0.360021,0.712648,0.715997,0.138324,-0.079392,0.851452,0.097146,0.685098,-0.459396,-0.163225,0.125773,0.469772,-0.253253,-1.0
-0.714829,0.991389,-0.075048,0.159747,-0.624746,0.11108,0.46629,0.111321,-0.31363,0.064104,-0.115034,0.489405,-0.026061,-0.426946,-1.0
0.917042,0.673046,-0.584621,-0.00314,-0.248243,-0.159588,0.150602,0.80228,-0.10459,-0.07216,0.605071,0.539551,-0.458607,-0.259089,-1.0
-0.336355,0.725483,-0.50318,0.364202,0.455288,-0.676816,0.709775,0.421289,0.349933,-0.440576,-0.099229,0.208639,0.178151,-0.353871,-0.976806
-0.026932,0.001038,0.596197,-0.348241,-0.999824,0.875527,0.924121,0.405524,-0.495124,0.434828,0.098937,-0.084252,-0.290742,0.362173,-1.0
-0.137093,-0.21773,-0.86952,-0.024405,-0.880776,0.156709,0.167937,0.704693,-0.184933,-0.015144,0.739005,-0.441454,-0.466284,0.268858,-1.0
-0.712088,0.253042,-0.867532,-0.136306,-0.710722,0.807758,0.212253,0.294728,-0.218463,0.193929,0.052213,-0.811025,0.077342,0.432755,-1.0
0.72343,0.301496,0.175117,0.934955,0.553378,0.014225,0.379475,0.376622,0.27414,0.085422,0.36315,0.549459,-0.282586,-0.429241,-1.0
0.082731,0.854176,0.10718,-0.546045,0.568642,-0.797583,0.879831,0.112048,0.381473,-0.502783,-0.082509,0.1177,0.16471,-0.453438,-1.0
-0.574958,0.965705,0.978318,0.891284,-0.177098,-0.22472,0.869187,0.444354,-0.369846,-0.570373,0.015861,0.079652,0.052224,-0.325958,-0.998792
-0.829385,-0.483515,-0.955942,-0.190005,0.406324,-0.773251,0.043266,0.344042,-0.02585,0.030009,-0.929163,0.327275,0.49413,-0.059422,-1.0
0.896613,0.291955,-0.026577,-0.926872,-0.715471,0.080404,0.589259,0.146927,-0.468223,0.048127,0.437774,0.029135,-0.474768,-0.056709,-0.978687
0.175683,-0.139012,-0.444165,0.497629,0.571529,0.075257,0.552573,0.486524,0.511404,0.098691,-0.362551,-0.155316,0.448626,0.219884,-1.0
0.527761,0.993908,0.928562,0.840558,0.143757,0.556009,0.521051,0.689129,0.090075,0.316189,0.294556,0.33567,-0.416873,-0.437852,-0.944488
0.723202,-0.17365,0.046173,-0.002593,-0.809584,-0.25943,0.565791,0.155473,-0.386347,-0.142998,0.450867,-0.059441,-0.472474,-0.12371,-1.0
-0.5093,0.34046,-0.381055,0.655771,-0.062961,-0.888253,0.544657,0.430273,-0.091616,-0.426144,-0.154521,0.381865,0.134546,-0.416507,-0.991495
0.107204,0.661955,0.508946,-0.357729,-0.302993,0.367936,0.679356,0.518363,-0.276512,0.445031,0.247601,0.210336,-0.464348,-0.22024,-1.0
-0.877677,-0.919616,-0.381119,0.322745,-0.007661,0.105982,0.37356,0.361782,-0.03405,0.346426,-0.359754,-0.427199,0.262048,0.364493,-1.0
-0.252063,0.067616,0.87299,0.181629,-0.253186,0.738505,0.989845,0.099673,-0.273416,0.643656,-0.104804,0.005948,-0.060198,0.453732,-0.992481
0.738768,0.352478,0.895412,-0.891364,-0.097804,-0.722322,0.480839,0.972062,-0.045836,-0.304177,0.276428,0.398575,-0.278618,-0.428627,-0.995908
0.040083,-0.130895,-0.718767,0.028258,0.353152,-0.126004,0.611793,0.489233,0.511307,-0.150926,-0.389214,-0.033539,0.457051,0.038396,-0.996553
-0.531092,0.449613,0.463249,-0.568543,-0.538458,-0.022102,0.164745,0.736012,-0.256857,-0.007069,-0.000478,0.864106,-0.061314,-0.386882,-0.960612
-0.874352,-0.685223,0.476375,-0.069287,-0.439127,-0.158779,0.63174,0.775886,-0.49696,-0.157173,-0.277144,-0.204406,0.427056,0.333524,-1.0
-0.524774,-0.525736,0.851275,0.239997,0.075258,-0.388324,0.975123,0.761285,0.11591,-0.730481,-0.108129,-0.029224,0.400853,0.065154,-0.978997
0.595898,0.608762,0.253047,0.985877,-0.421182,0.359592,0.548653,0.496924,-0.325601,0.286034,0.447733,0.179174,-0.515567,-0.12784,-0.906746
-0.578116,0.456905,0.751206,0.387677,0.997123,-0.786991,0.287665,0.197941,0.1158,-0.097222,-0.562602,0.519626,0.407334,-0.382841,-1.0
-0.840997,0.25365,-0.227455,0.873022,-0.625794,0.259738,0.430976,0.328248,-0.343837,0.075591,-0.596229,0.060207,0.526302,0.051474,-1.0
0.337598,-0.559521,-0.592168,-0.982156,0.980748,-0.822031,0.189938,0.599032,0.155281,-0.102535,-0.695383,0.263997,0.484908,-0.188878,-1.0
-0.008869,-0.239251,-0.957882,-0.287511,0.874874,0.568258,0.504841,0.885628,0.400045,0.315288,-0.358702,-0.308957,0.362845,0.377694,-1.0
0.375454,0.914315,0.032744,-0.374923,0.921742,-0.176608,0.502477,0.459205,0.339138,-0.173085,-0.175547,0.376553,0.279015,-0.403488,-1.0
-0.900271,0.449024,0.317903,-0.91825,0.863168,0.638468,0.206825,0.316534,0.154634,0.087029,-0.799477,-0.049003,0.460536,0.09769,-1.0
0.023826,0.440249,0.758256,0.265328,0.94001,-0.763587,0.21167,0.634832,0.141264,-0.098012,-0.436957,0.604883,0.376795,-0.417045,-0.898063
0.773387,-0.235057,0.844773,-0.306757,-0.67522,-0.580603,0.87041,0.093562,-0.543287,-0.481925,0.087299,-0.056294,-0.455534,-0.141196,-0.987991
0.253657,0.758823,-0.267503,-0.996629,0.540001,0.310504,0.827291,0.821432,0.578295,0.281282,-0.120326,0.121877,0.281073,-0.489235,-0.960037
-0.784559,0.377552,0.841825,0.926376,-0.565187,0.494272,0.961658,0.575487,-0.488106,0.454652,-0.063575,-0.063767,0.389562,0.185946,-1.0
-0.907261,-0.032506,-0.064906,0.732212,-0.702225,-0.950238,0.636851,0.17915,-0.293656,-0.46914,0.007411,0.291923,0.137483,-0.590827,-0.939159
-0.424602,-0.179728,0.436072,-0.64778,0.202644,0.82243,0.610689,0.970925,0.158141,0.541663,-0.151013,-0.302473,0.290654,0.395761,-0.927247
-0.484374,-0.449811,0.245054,0.101343,-0.901509,0.8613,0.097495,0.170773,-0.037761,0.072811,0.273843,-0.816828,-0.199025,0.437897,-0.997423
-0.259948,0.152345,-0.174028,-0.940862,0.513609,0.464966,0.269617,0.86849,0.194769,0.127298,-0.678752,-0.213272,0.571421,0.148504,-1.0
0.831771,-0.561359,-0.611322,-0.612174,-0.51313,0.454871,0.838542,0.924328,-0.516343,0.397743,0.116499,-0.072106,-0.341832,0.255225,-1.0
0.42227,-0.22786,0.466143,-0.932465,-0.141441,-0.681916,0.476449,0.500275,-0.051494,-0.358355,0.365641,0.321929,-0.358609,-0.344027,-1.0
-0.64375,0.096298,-0.386685,-0.784326,0.139399,0.01885,0.96593,0.814237,0.844433,0.072657,-0.077943,-0.044454,0.486594,-0.006923,-0.942854
-0.86591,0.5591,0.93928,0.294749,-0.72118,-0.019892,0.191339,0.931567,-0.186373,-0.051137,-0.195727,0.735666,0.117593,-0.437901,-1.0
-0.651182,-0.964085,-0.052159,-0.045801,-0.676444,0.902416,0.077135,0.553728,-0.064264,0.010916,0.039707,-0.839887,0.045235,0.512114,-0.936054
-0.165719,0.065188,0.024383,-0.234702,0.743369,-0.063107,0.790195,0.570974,0.665567,-0.0296,-0.183739,0.010033,0.424935,-0.148595,-1.0
-0.185192,-0.06209,0.364013,0.30461,0.076721,0.236172,0.698795,0.491706,0.153387,0.530177,-0.214729,-0.243504,0.37224,0.415973,-1.0
0.409737,0.009711,-0.279695,-0.749225,-0.018942,-0.119379,0.32538,0.595494,-0.035646,-0.21966,0.57371,0.147803,-0.427492,-0.129588,-0.963452
-0.711463,0.795344,0.038421,0.144912,0.899286,0.259629,0.962217,0.230944,0.726481,0.26657,-0.0527,0.064648,0.502778,-0.17912,-1.0
0.441512,-0.045432,-0.027991,0.417406,-0.710006,-0.072505,0.597451,0.047194,-0.49385,-0.001599,0.384409,0.03496,-0.504708,0.023196,-0.986731
-0.073807,0.903231,0.467396,-0.471902,0.007604,0.689104,0.958621,0.984976,0.046834,0.725566,-0.024673,-0.042498,0.181229,-0.517961,-0.999777
0.661576,0.832359,-0.680055,0.782615,0.846867,0.758519,0.884569,0.211631,0.452233,0.400345,-0.066844,0.064371,0.491412,-0.170654,-1.0
0.782222,-0.462163,-0.970684,-0.348615,0.427912,0.445425,0.869694,0.07828,0.520145,0.491702,0.083002,-0.124459,-0.151568,0.512952,-0.970428
-0.244411,0.111503,0.855417,-0.495029,-0.535948,-0.245981,0.38974,0.933515,-0.343776,-0.08353,0.301474,0.428701,-0.316688,-0.432849,-1.0
0.44827,-0.52282,0.264573,0.264041,-0.579733,-0.641917,0.263145,0.820174,-0.090334,-0.180684,0.682683,0.059556,-0.418505,0.014023,-0.908846
0.011259,0.596344,-0.533614,0.271452,0.890055,0.865616,0.740642,0.395451,0.362186,0.496213,-0.274566,-0.088514,0.410475,0.19415,-0.931919
0.476957,-0.701038,-0.626679,-0.581131,-0.152245,0.827786,0.379867,0.455032,-0.112189,0.334241,0.204242,-0.537933,-0.105925,0.524735,-1.0
-0.765516,0.530075,-0.068607,-0.427217,0.274246,0.943115,0.987759,0.919534,0.106315,0.793078,0.005405,0.045213,0.377916,0.108228,-0.932823
0.938408,0.719082,0.352865,-0.468279,0.246524,0.451678,0.683449,0.157616,0.281825,0.55835,0.234377,0.111845,-0.500175,-0.214783,-1.0
0.100431,-0.89009,-0.707488,-0.415332,-0.855984,-0.698771,0.602996,0.103937,-0.317872,-0.249234,0.419248,-0.005951,-0.536882,0.10115,-1.0
-0.136204,0.507381,0.005917,-0.850383,-0.40556,0.766884,0.450345,0.448978,-0.144421,0.399626,0.397416,-0.387568,-0.455169,0.397902,-1.0
0.509654,-0.278632,-0.918167,-0.886526,0.006353,0.548352,0.228334,0.017875,0.038422,0.186504,0.267016,-0.673843,-0.193847,0.500742,-1.0
-0.425286,-0.449846,0.845172,-0.577066,-0.270368,0.07671,0.308807,0.808221,-0.19966,0.125392,-0.120629,-0.634007,0.108141,0.484988,-0.977003
0.725969,0.594534,0.18119,0.773216,0.839553,-0.228818,0.24734,0.117347,0.210492,-0.087234,-0.141595,0.728316,0.075632,-0.541764,-1.0
0.638843,-0.273554,0.479702,0.420432,0.475746,0.236373,0.448833,0.398881,0.199083,0.150023,0.142835,-0.567887,-0.12669,0.436306,-0.918983
0.418824,-0.919653,-0.595434,0.517398,0.048905,-0.292195,0.148957,0.538286,-0.037258,-0.173393,0.486071,-0.797733,-0.299633,0.417214,-1.0
0.004222,0.486902,0.168727,0.297039,-0.821151,0.045559,0.98471,0.796341,-0.717203,0.051115,0.016448,-0.036553,-0.515255,-0.268135,-0.96339
0.776002,0.070035,-0.125242,0.489691,-0.218175,0.31145,0.561615,0.74346,-0.263973,0.393567,0.404791,-0.172147,-0.450918,0.078051,-0.979595
0.454272,-0.015672,0.836046,0.193613,0.195779,-0.690465,0.444808,0.038511,0.130502,-0.316067,0.249763,0.559296,-0.117228,-0.456371,-0.934241
-0.253646,0.685029,0.707064,-0.690323,-0.915614,0.366909,0.576883,0.668765,-0.363486,0.256552,0.356541,0.254361,-0.531778,-0.228109,-0.994342
0.784808,-0.086865,0.830419,-0.781217,-0.629731,-0.738948,0.295059,0.565261,-0.100526,-0.174279,0.713227,0.241764,-0.529941,-0.183851,-1.0
0.668417,0.578122,-0.035284,0.276114,0.761928,0.920498,0.076946,0.310764,0.024328,0.055916,-0.202697,-0.952574,0.134035,0.532086,-1.0
0.743374,0.442608,-0.675887,-0.745024,-0.166855,0.324917,0.597836,0.673707,-0.247855,0.474297,0.407424,-0.017614,-0.486867,-0.012286,-1.0
-0.704982,-0.691099,-0.608785,0.234337,-0.892242,0.484248,0.427775,0.104893,-0.268187,0.122543,0.156992,-0.578762,-0.094448,0.545394,-1.0
0.408231,-0.087996,0.367957,-0.884688,0.584626,-0.840033,0.780505,0.768852,0.393864,-0.50305,-0.090093,0.242079,0.15832,-0.582159,-0.955225
0.952598,0.236038,0.2186,-0.0233,0.345999,0.033838,0.687708,0.20616,0.490466,-0.00483,0.238117,0.113381,-0.483435,-0.098522,-0.998467
-0.384209,0.541788,0.166427,0.898534,0.180308,-0.998106,0.31096,0.66668,0.105209,-0.235809,-0.3043,0.66227,0.152573,-0.464565,-0.985587
0.470433,-0.313583,-0.150729,0.518447,-0.068123,-0.246619,0.885381,0.897628,-0.211578,-0.705413,0.122636,-0.065886,-0.583354,0.08662,-1.0
0.334613,0.814125,0.832592,0.810848,0.176586,-0.934101,0.669289,0.42103,0.091795,-0.486954,-0.007017,0.334197,-0.109653,-0.446645,-1.0
-0.351096,0.010723,-0.820793,0.063248,-0.62856,0.145167,0.416487,0.85712,-0.296588,0.051729,0.589335,-0.306158,-0.404549,0.191956,-0.97896
-0.193263,-0.320075,-0.607967,-0.80284,0.191976,0.954784,0.615807,0.531977,0.129704,0.423676,-0.068701,-0.392783,0.111871,0.554072,-1.0
0.002088,-0.951351,-0.186511,0.815816,0.024949,-0.22511,0.079647,0.885873,-0.025461,-0.067469,-0.064313,-0.925142,0.05522,0.487881,-0.949427
-0.182939,0.705761,-0.540087,-0.632887,-0.905573,-0.129593,0.424786,0.085459,-0.298156,-0.008994,0.388993,0.434357,-0.390001,-0.397793,-0.963289
0.857781,-0.001618,0.373993,0.294377,-0.738003,-0.639524,0.532726,0.680822,-0.397401,-0.287127,0.444216,0.207342,-0.448897,-0.270144,-0.905404
-0.176346,0.350721,0.868073,-0.046626,-0.011987,-0.203896,0.409911,0.584597,-0.061852,-0.297784,-0.122991,0.517598,0.186914,-0.459869,-0.968378
0.522324,-0.927524,-0.419618,0.604784,0.636772,-0.621694,0.231621,0.011856,0.095728,-0.131887,-0.350237,-0.671262,0.22952,0.459429,-0.976614
0.310828,0.145915,0.870106,0.521886,0.758433,0.230994,0.634088,0.949822,0.505644,0.132778,-0.357416,-0.139886,0.537561,0.069262,-0.987863
0.83913,-0.76901,-0.954547,-0.452386,-0.866981,0.671413,0.195343,0.958006,-0.12122,0.168818,0.492104,-0.444841,-0.364902,0.281458,-1.0
-0.270404,-0.370555,0.866832,0.679724,0.04619,0.481947,0.134766,0.21672,0.080702,0.122998,-0.245029,-0.825166,0.138233,0.427805,-0.907348
0.121522,0.925296,0.291738,-0.008418,-0.535568,0.582242,0.777103,0.990554,-0.36934,0.430005,0.256863,0.172754,-0.351693,-0.115733,-0.910131
-0.577889,0.850419,-0.295602,0.879838,-0.325554,0.326573,0.024871,0.276202,0.006311,0.07852,-0.370722,0.924213,0.211762,-0.400853,-0.946949
0.246178,-0.628651,-0.166836,-0.823706,-0.125963,-0.288021,0.609508,0.988718,-0.247353,-0.453747,0.17536,-0.309458,-0.391681,0.338507,-1.0
0.704869,-0.438771,-0.542611,0.934574,0.240349,0.370782,0.247194,0.886416,0.097574,0.179076,0.399978,-0.646522,-0.225605,0.454618,-0.995424
-0.745585,-0.002083,-0.978206,0.748436,0.34271,-0.493936,0.28249,0.506498,0.142379,-0.275679,-0.638603,0.235398,0.356637,-0.249695,-0.937222
0.088515,0.311063,-0.54872,-0.362996,0.110207,0.608811,0.923556,0.556314,0.067527,0.708557,0.014028,-0.139593,-0.019621,0.412081,-0.99557
-0.37013,0.066162,0.760412,0.671087,-0.056311,0.911308,0.412715,0.410066,0.022469,0.288438,-0.189124,-0.505026,0.198008,0.519351,-1.0
-0.205293,0.602416,0.969829,0.345675,-0.929232,0.634216,0.382244,0.885991,-0.22008,0.190902,0.753148,-0.080394,-0.492316,0.031725,-0.984241
-0.760915,-0.683377,-0.090335,0.121188,-0.369954,0.784031,0.735804,0.406501,-0.253679,0.482604,-0.080006,-0.27816,0.082225,0.543625,-0.95229
-0.611774,0.659608,-0.339084,-0.896847,0.43325,-0.753979,0.387611,0.30937,0.126097,-0.230622,-0.303808,0.432661,0.256583,-0.407316,-1.0
-0.908207,0.39301,0.318103,-0.724665,-0.067208,0.262125,0.841232,0.193838,-0.173808,0.737335,-0.145138,0.0216,0.44646,-0.132746,-0.877419
0.294036,-0.677683,-0.682266,-0.485408,-0.259526,-0.75205,0.989354,0.700131,-0.356415,-0.710359,0.027699,0.077137,-0.377418,-0.114198,-1.0
-0.935611,-0.274852,0.232619,0.355326,0.606431,0.919095,0.782533,0.853445,0.361962,0.582984,-0.175432,-0.093133,0.30339,0.375506,-0.997096
-0.834003,-0.340105,0.136944,0.344747,0.27941,-0.231125,0.331304,0.438966,0.215942,-0.141255,-0.612424,-0.009264,0.591852,0.03517,-0.928804
-0.271348,-0.401436,0.744249,0.888987,0.587811,-0.312234,0.057641,0.200382,0.090431,0.028573,-0.886458,-0.120405,0.507001,-0.075698,-0.982398
-0.616509,0.623783,0.551389,-0.04098,0.260053,0.131213,0.143171,0.654706,0.102037,-0.006285,-0.761251,0.381139,0.539604,-0.191925,-1.0
-0.417905,0.724559,-0.867104,0.481417,-0.96722,-0.581706,0.005276,0.885418,-0.03262,-0.038418,0.331667,0.994704,-0.209585,-0.417485,-1.0
-0.448012,0.571324,-0.691882,0.992835,-0.344827,-0.906766,0.215489,0.124034,-0.102122,-0.247636,-0.013805,0.648073,0.072468,-0.55573,-0.972893
0.760116,0.18268,-0.568045,0.720129,-0.313878,-0.010316,0.791733,0.093189,-0.611115,0.019902,0.275131,-0.040967,-0.499784,-0.119403,-0.949708
-0.122637,0.717704,-0.798195,0.565539,0.093418,-0.45995,0.476774,0.26881,-0.015702,-0.367963,-0.145935,0.593591,0.059628,-0.48255,-0.919799
-0.631098,0.538178,0.433333,-0.94365,-0.499371,0.586443,0.32126,0.544341,-0.275776,0.232198,-0.668927,-0.205247,0.445435,0.163118,-1.0
0.278777,0.891646,-0.113231,-0.934044,0.248412,0.995006,0.312129,0.941423,0.001842,0.365526,0.191261,-0.624531,-0.08373,0.543027,-1.0
0.335106,-0.751719,-0.669327,0.442233,-0.134263,0.843567,0.99608,0.102251,-0.213035,0.740194,-0.028661,0.019486,-0.152604,0.447332,-0.984518
0.157245,0.81225,0.122949,-0.906825,-0.777156,0.36712,0.205574,0.410184,-0.156291,0.088571,0.680961,0.357176,-0.50228,-0.225298,-1.0
-0.695074,-0.785559,0.802664,0.378989,0.624668,0.878162,0.638982,0.085073,0.291576,0.396337,-0.182525,-0.198,0.310994,0.350889,-0.943313
0.039326,0.237402,-0.597549,-0.675013,-0.568569,0.703386,0.044512,0.148295,0.035623,-0.042583,0.811831,-0.619711,-0.33269,0.352384,-1.0
-0.86521,0.837672,-0.257282,-0.073369,0.876818,-0.909883,0.808857,0.649006,0.505239,-0.515285,-0.167651,0.203963,0.394467,-0.4087,-0.937041
0.627774,0.973579,-0.027083,-0.223548,0.422803,0.185494,0.655233,0.620659,0.470682,0.175392,-0.020021,0.330846,-0.071923,-0.444258,-0.929097
0.724085,0.118911,-0.010728,-0.982849,-0.66461,-0.922304,0.661057,0.242649,-0.357536,-0.423147,0.268812,0.052109,-0.343289,-0.316641,-1.0
0.393799,-0.798511,-0.873408,0.860198,0.463287,0.761533,0.97543,0.382878,0.392202,0.725064,0.058443,-0.02327,0.021863,0.501943,-0.948029
0.190778,0.963133,0.194356,-0.507503,0.551142,-0.756022,0.818802,0.10815,0.396417,-0.537593,-0.048757,0.104716,0.144967,-0.458887,-1.0
0.667334,-0.541499,0.262747,-0.245456,0.626353,-0.5607,0.132251,0.149213,0.06802,-0.094973,0.815003,0.247423,-0.475202,-0.219,-1.0
0.343005,0.266656,0.483615,-0.54319,-0.055092,-0.991801,0.250048,0.659656,0.007601,-0.171873,0.110295,0.759942,-0.178828,-0.467219,-1.0
0.897342,0.95259,-0.15497,0.081324,-0.58431,0.381755,0.652001,0.71492,-0.477786,0.310838,0.289056,0.086796,-0.55379,-0.125012,-1.0
-0.775723,-0.797347,0.519061,0.581789,-0.606709,0.238761,0.252013,0.86019,-0.238332,0.080645,-0.223598,-0.772069,0.127824,0.485623,-0.9459
-0.196017,0.618671,-0.763863,-0.075105,0.396563,-0.257414,0.12518,0.16349,0.166324,-0.173326,-0.526895,0.648798,0.278192,-0.386142,-0.998511
0.573731,0.034982,-0.967687,0.892515,0.642256,0.815775,0.928107,0.906237,0.559799,0.59933,-0.0003,-0.025813,-0.033414,0.468695,-0.938901
0.945356,0.997674,-0.089276,-0.685756,-0.95498,-0.240995,0.884911,0.354183,-0.656996,-0.208601,0.098771,-0.003841,-0.430517,-0.254981,-1.0
0.011012,0.580557,0.4396,0.979042,-0.640504,0.83283,0.757909,0.853858,-0.416599,0.490236,0.194562,-0.095732,-0.449297,0.247555,-0.976106
-0.01213,0.455607,0.555704,0.359094,0.23567,-0.875731,0.661607,0.316222,0.188507,-0.563892,-0.054905,0.302366,0.087841,-0.570754,-1.0
0.06456,-0.640381,-0.959257,-0.506459,0.092064,-0.236492,0.27826,0.80486,0.100182,-0.268766,-0.128536,-0.678251,-0.012925,0.482857,-1.0
-0.749061,-0.250763,0.242848,0.48486,-0.907327,-0.281168,0.705012,0.589085,-0.520114,-0.120538,0.253826,0.029383,-0.588762,-0.03508,-0.967201
0.584522,0.524295,-0.510282,0.019608,-0.447554,0.882566,0.933064,0.741203,-0.387956,0.67699,0.120787,-0.006722,-0.442632,0.098792,-1.0
-0.118583,0.125654,0.865361,0.876129,-0.083339,0.842545,0.062568,0.287495,-0.015634,0.048929,-0.032875,-0.964749,0.006812,0.560373,-0.998152
-0.791018,-0.185717,-0.43623,-0.646005,-0.530194,0.602624,0.947343,0.343836,-0.418872,0.510782,0.032129,-0.082237,0.156087,0.453222,-0.991017
-0.307304,0.496034,0.852823,0.625754,-0.462735,0.545577,0.926081,0.375059,-0.418229,0.587389,0.136297,-0.034688,-0.460279,0.08047,-1.0
0.624943,-0.582301,-0.93516,-0.58855,0.894465,0.101837,0.699356,0.130067,0.584594,0.006764,-0.111893,-0.298456,0.162908,0.435028,-0.973585
0.362802,0.813522,0.17742,-0.820542,0.770974,-0.571138,0.121492,0.410796,0.074442,0.041495,-0.268225,0.900697,0.038747,-0.388498,-0.984454
-0.371661,0.359225,-0.141359,0.898908,0.587001,-0.267866,0.588499,0.217297,0.415549,-0.247968,-0.303951,0.19296,0.441984,-0.264994,-0.999272
0.208763,-0.03025,0.940496,0.284495,0.809222,-0.749912,0.39035,0.17356,0.205111,-0.111623,-0.421002,0.424578,0.31691,-0.375442,-0.975436
0.179083,0.335524,-0.710018,0.739613,-0.477501,-0.993993,0.742132,0.499095,-0.25917,-0.558323,0.076948,0.199254,-0.260573,-0.484271,-0.928802
-0.813673,0.887671,0.893386,0.174853,0.365886,-0.101946,0.651863,0.216512,0.551552,-0.194563,-0.2645,0.234456,0.419627,-0.348343,-1.0
0.986888,-0.588269,-0.444686,-0.852643,0.290819,0.129548,0.45441,0.92508,0.305983,0.156317,0.412565,-0.408927,-0.300336,0.373946,-0.981491
0.98959,0.901684,-0.740993,-0.558093,0.794458,0.539075,0.3137,0.080626,0.241588,0.1028,0.256163,0.658228,-0.154134,-0.507228,-1.0
-0.677175,0.317863,-0.616414,-0.184959,-0.052758,0.394769,0.570572,0.470812,-0.133863,0.444166,-0.366833,-0.03307,0.463895,0.079849,-1.0
0.971751,-0.979217,-0.543747,-0.242574,-0.120941,-0.649747,0.711501,0.58426,-0.119064,-0.553975,0.276438,-0.035553,-0.577319,0.092365,-1.0
0.633268,-0.887707,-0.652874,-0.023351,0.043094,-0.262078,0.95844,0.844437,0.080175,-0.800529,0.051143,-0.035209,-0.343873,0.400231,-0.949521
-0.436024,-0.622861,-0.087224,-0.968424,-0.873643,-0.178888,0.866921,0.934454,-0.647076,-0.039735,0.048524,-0.068243,-0.349595,0.338451,-1.0
-0.329083,-0.129372,0.186791,0.594937,-0.844877,-0.384539,0.646832,0.281202,-0.443717,-0.210569,0.312845,0.155797,-0.429649,-0.209203,-0.996116
-0.891614,-0.611852,-0.547547,-0.491378,0.954609,-0.349666,0.412748,0.758233,0.309201,-0.141517,-0.547799,-0.025994,0.536119,0.059211,-0.900903
-0.789555,0.132263,-0.895317,-0.903541,0.917108,0.303455,0.041075,0.228184,0.076181,0.061596,-0.991548,-0.142179,0.480241,0.041363,-1.0
0.992256,-0.701724,-0.908761,-0.664855,-0.798556,-0.48385,0.092697,0.361219,-0.044046,-0.101854,0.961052,-0.128045,-0.555748,-0.02464,-1.0
-0.311378,-0.589003,0.889225,0.611083,-0.027181,0.014014,0.211965,0.223732,-0.139395,0.125272,-0.415629,-0.715278,0.239328,0.428748,-0.892214
0.064332,0.641534,0.866877,-0.974983,0.901998,0.071234,0.534623,0.123765,0.371178,-0.021734,-0.361067,0.334356,0.382527,-0.240543,-1.0
0.693778,0.607192,0.131655,-0.233076,-0.486238,-0.415316,0.61956,0.904951,-0.298638,-0.348551,0.261429,0.284241,-0.33325,-0.436296,-0.968453
0.460796,-0.956277,0.065055,0.607495,0.611608,0.095596,0.153833,0.367569,0.094078,-0.045463,-0.103176,-0.908952,0.044228,0.578781,-0.951191
-0.111098,0.250501,0.473937,-0.886555,0.041409,-0.026427,0.284609,0.903334,0.161314,-0.180805,-0.369889,0.577491,0.303229,-0.443314,-1.0
-0.340958,-0.181388,-0.429051,0.803102,-0.480149,-0.185972,0.480404,0.012035,-0.36773,-0.123843,0.531674,0.085668,-0.5901,-0.008356,-0.948058
-0.777472,0.192559,0.669874,-0.615863,-0.133925,-0.518589,0.374584,0.068505,-0.092977,-0.223568,-0.355599,0.437358,0.365066,-0.449712,-1.0
0.288763,-0.759594,0.955004,0.447396,-0.011162,-0.739538,0.757606,0.711141,0.093218,-0.526517,0.264481,-0.054562,-0.551445,0.052595,-1.0
-0.211592,0.388471,0.066059,-0.964249,0.664429,-0.562253,0.547809,0.575851,0.323388,-0.36571,-0.271123,0.446986,0.314482,-0.305961,-0.954591
-0.547389,-0.362184,-0.582361,-0.070517,-0.151451,-0.290102,0.904182,0.274853,-0.244278,-0.618044,-0.106054,0.0306,0.512799,0.120802,-0.963763
-0.440456,-0.53379,-0.39476,-0.009457,-0.603161,-0.418874,0.209213,0.65157,-0.154267,-0.043903,0.675553,-0.453194,-0.331189,0.292777,-0.94273
0.678105,-0.153221,-0.78864,0.961332,0.553495,-0.173481,0.777956,0.658181,0.601792,-0.178141,0.276458,0.113341,-0.447958,-0.070243,-0.928123
-0.781053,0.223353,-0.735043,-0.285992,-0.72678,-0.099403,0.013511,0.66307,0.025283,0.047592,-0.134401,1.0,0.077427,-0.483215,-1.0
0.750023,0.694713,0.830201,-0.589219,-0.207234,-0.582326,0.660308,0.805119,-0.175337,-0.451378,0.220423,0.263474,-0.371242,-0.491803,-1.0
0.695094,0.333469,-0.531935,-0.873906,0.869119,0.724634,0.696012,0.938428,0.420978,0.39602,-0.090447,-0.303877,0.213554,0.405991,-1.0
0.177713,0.077579,-0.398393,-0.593122,-0.040587,-0.02089,0.785781,0.619144,-0.521222,-0.315737,0.19997,0.049204,-0.5213,-0.195365,-1.0
0.680479,0.060205,0.322705,-0.437348,0.458465,0.224482,0.119802,0.464749,0.113701,0.043845,0.640102,-0.517276,-0.317782,0.298898,-0.955883
-0.047699,0.948129,0.202052,0.80247,0.176782,-0.574022,0.900387,0.68735,0.233845,-0.619384,-0.003229,0.059843,0.1266,-0.430696,-1.0
0.950309,-0.740693,-0.477612,0.326176,-0.177631,-0.457848,0.179301,0.330175,-0.027512,-0.030425,0.767167,-0.206594,-0.50712,0.141788,-0.976441
-0.826896,-0.441961,-0.399667,-0.76181,-0.045277,-0.196967,0.836158,0.32784,-0.084345,-0.631931,-0.170679,-0.052986,0.487829,0.121126,-0.931843
0.515658,-0.505722,0.477003,-0.046878,0.756702,-0.095911,0.168297,0.824621,0.142607,-0.018138,-0.45449,-0.671609,0.261955,0.47809,-1.0
-0.731301,0.304936,-0.691627,-0.472707,-0.753468,0.941109,0.162244,0.82906,-0.057974,0.035531,0.040222,-0.749148,0.015676,0.472683,-0.998204
0.576061,-0.520733,-0.262184,0.443896,0.763002,-0.151133,0.792242,0.969365,0.65708,-0.072664,-0.089577,-0.181676,0.331956,0.395191,-1.0
0.513178,0.530915,-0.560608,0.974854,0.456827,0.8624,0.354235,0.114272,0.143153,0.214191,0.115737,-0.577439,-0.007968,0.460348,-1.0
-0.074873,-0.970376,0.420537,-0.187577,0.943167,0.801467,0.769548,0.46504,0.539405,0.452143,-0.194832,-0.195346,0.193925,0.36889,-0.985703
0.703992,0.166853,-0.882927,0.756051,0.250776,0.107718,0.663604,0.776625,0.446022,0.268016,0.235135,0.077433,-0.501189,-0.136618,-1.0
0.879731,-0.51301,-0.419084,0.087837,-0.640936,0.396534,0.892446,0.35473,-0.630695,0.364066,0.116959,0.050818,-0.38254,0.252862,-1.0
-0.575495,-0.68332,-0.620982,0.235239,0.19107,-0.76007,0.98793,0.061021,0.184186,-0.829427,-0.053999,-0.079105,0.497711,-0.032334,-1.0
0.927512,-0.501207,-0.326825,-0.384201,-0.755301,-0.59928,0.809786,0.71117,-0.452294,-0.435219,0.239605,-0.000137,-0.52392,0.100224,-0.920168
-0.911375,0.85122,-0.600024,-0.731326,-0.821194,-0.451541,0.426217,0.474431,-0.210512,-0.207512,-0.139075,0.574711,0.045249,-0.542985,-0.966015
-0.14172,0.413382,0.94299,0.50109,0.506474,0.408111,0.38562,0.381654,0.30519,0.17964,-0.657508,0.022507,0.551965,-0.002208,-1.0
-0.845496,-0.957611,0.017376,0.991248,-0.649864,-0.804132,0.036744,0.247801,0.035586,-0.12372,-0.779584,-0.579905,0.356866,0.405347,-1.0
-0.232337,0.958214,-0.888711,0.409982,0.670943,-0.762874,0.192059,0.324633,0.105677,-0.21697,-0.364913,0.757372,0.23033,-0.461563,-0.974248
0.264929,0.120179,-0.365273,-0.625197,-0.521444,0.562818,0.793811,0.177252,-0.392228,0.553843,0.240826,-0.130208,-0.430923,0.227341,-0.940705
0.168827,-0.085102,-0.613025,0.663553,-0.17074,0.747104,0.083309,0.048138,-0.054648,0.079006,0.398432,-0.804717,-0.163241,0.389868,-0.942842
0.458546,-0.924548,0.153717,0.377717,0.901413,-0.282368,0.70384,0.226584,0.531499,-0.134428,-0.206239,-0.268084,0.284892,0.43815,-1.0
-0.669646,0.891688,0.741463,-0.961936,0.563452,0.322061,0.730843,0.774666,0.585764,0.324526,-0.226988,0.203468,0.417433,-0.186755,-0.962085
-0.167646,-0.946694,0.991891,-0.78725,0.443537,-0.24621,0.984321,0.422356,0.677081,-0.375925,0.054948,-0.023447,0.359579,0.446642,-0.96868
0.997077,-0.599721,-0.65113,-0.463707,0.787245,0.046782,0.7232,0.721893,0.558262,-0.081943,0.006631,-0.130336,-0.181249,0.461756,-1.0
-0.408428,0.433841,-0.109315,-0.377739,-0.64576,-0.021358,0.206318,0.029857,-0.251702,-0.021882,0.400114,0.627195,-0.258945,-0.471454,-1.0
-0.744214,0.406875,-0.661592,0.676217,0.320016,0.299761,0.010833,0.364731,0.083914,0.104875,-1.0,0.11866,0.424209,0.004311,-1.0
-0.842431,0.779565,0.621342,0.774228,0.098087,-0.91354,0.484566,0.200409,0.076479,-0.322163,-0.233671,0.422098,0.282754,-0.454424,-1.0
-0.258241,-0.211819,0.240644,0.849231,-0.562582,0.025629,0.183191,0.302669,-0.132508,0.067744,0.64373,-0.449476,-0.390546,0.385741,-1.0
0.695083,-0.309662,0.628706,0.311577,0.861726,-0.765813,0.424781,0.350786,0.243176,-0.149296,-0.124893,0.536778,0.181359,-0.53085,-0.959063
-0.881286,-0.721926,0.282835,-0.343074,0.281058,0.014917,0.643392,0.899166,0.565647,0.067368,-0.324942,-0.194303,0.364267,0.260485,-0.997922
-0.291665,0.750473,-0.112866,0.902258,0.283619,-0.001716,0.332477,0.132218,0.332824,-0.001444,-0.361041,0.510023,0.188655,-0.407201,-0.972384
0.079994,-0.568177,0.087708,0.944764,-0.36394,-0.71114,0.307666,0.905721,-0.181989,-0.181134,0.629471,0.221606,-0.479136,-0.14865,-1.0
0.910985,0.303052,0.19946,-0.888936,0.160608,0.570262,0.19115,0.792042,0.005342,0.14771,0.777049,-0.219873,-0.415214,0.187655,-1.0
0.851866,-0.969591,0.250525,-0.435707,-0.807038,-0.967709,0.224535,0.745077,-0.046264,-0.078095,0.760523,0.023495,-0.518255,0.044321,-0.93641
0.838338,-0.502335,-0.885543,0.419116,0.40775,-0.341826,0.953402,0.532402,0.549205,-0.484879,0.009056,0.017634,-0.490542,0.246954,-1.0
0.332158,-0.555846,-0.387798,-0.659891,-0.391813,-0.819381,0.953944,0.039934,-0.304255,-0.709672,0.10988,0.017593,-0.503472,-0.173328,-0.968237
-0.608929,0.356914,-0.678613,-0.104191,0.621295,-0.101834,0.897403,0.921885,0.688538,-0.168601,-0.086254,0.042894,0.457795,-0.160736,-0.973819
-0.171682,0.048787,0.441647,-0.721577,-0.612572,0.744714,0.185845,0.469674,-0.08866,0.182327,0.409211,-0.719674,-0.214201,0.37144,-0.919041
0.984313,-0.194019,0.907314,-0.560392,-0.608092,-0.510138,0.194941,0.964654,-0.0785,-0.135072,0.77178,0.140091,-0.509196,-0.049615,-1.0
-0.313197,0.108729,-0.574407,0.905113,-0.09529,0.799254,0.352501,0.617189,-0.002911,0.236531,-0.050206,-0.660463,0.160929,0.464735,-0.958725
0.232797,-0.761743,-0.519429,0.664551,-0.764351,0.733946,0.870097,0.529069,-0.567537,0.406947,0.116482,-0.059192,-0.268498,0.362167,-0.977396
-0.932861,0.2932,0.837053,0.836495,-0.040543,0.558824,0.638187,0.388457,-0.103458,0.393457,-0.337476,-0.110641,0.582475,0.132487,-1.0
-0.973408,-0.210975,-0.005066,0.035238,-0.759501,0.077453,0.282113,0.174771,-0.247698,0.099963,-0.433476,-0.651973,0.290016,0.402751,-0.961287
-0.375629,0.536265,0.018587,0.82411,-0.440409,-0.427016,0.883914,0.49586,-0.561929,-0.489509,0.027347,0.087326,-0.002975,-0.474242,-1.0
-0.298943,-0.992474,-0.574936,0.106744,-0.227887,-0.872796,0.392913,0.604304,-0.037932,-0.309908,-0.306476,-0.488081,0.298443,0.472324,-1.0
0.285263,0.274442,-0.776122,-0.548309,0.448253,0.702812,0.487311,0.657637,0.200767,0.339968,-0.21192,-0.456855,0.215818,0.435207,-1.0
0.328355,-0.903872,-0.076076,-0.156562,0.195787,0.769245,0.096062,0.82647,0.044705,-0.041924,0.146741,-0.9084,-0.08189,0.461271,-0.972309
-0.561181,0.883229,-0.96257,0.905984,0.349171,-0.950626,0.634668,0.180271,0.221363,-0.430761,-0.201764,0.356716,0.277341,-0.467063,-1.0
-0.132501,-0.603369,0.405944,-0.612363,0.512544,0.867281,0.878949,0.774259,0.447215,0.645397,-0.033198,-0.168572,0.212481,0.445405,-0.994903
0.25765,0.120028,0.231592,0.369441,0.451466,0.329135,0.924513,0.574812,0.589614,0.393197,-0.022536,-0.024759,0.32622,0.360167,-0.949035
-0.08264,0.819897,-0.300777,0.646092,-0.86787,0.890235,0.87606,0.22674,-0.465113,0.440175,0.157694,-0.030121,-0.536645,0.003507,-1.0
0.074936,-0.025351,-0.588672,-0.118945,-0.55229,0.65528,0.874986,0.253534,-0.524903,0.587726,0.02114,-0.097107,-0.397912,0.333982,-1.0
0.562847,-0.886141,-0.688893,-0.220038,-0.425623,-0.080004,0.384461,0.148655,-0.393012,-0.059208,0.467455,-0.420685,-0.388704,0.361406,-0.969096
-0.115866,0.085787,0.191457,0.576659,-0.844684,0.516406,0.477384,0.315883,-0.252622,0.171908,0.295097,-0.297351,-0.433014,0.187744,-1.0
0.758007,-0.468856,0.354291,0.508348,-0.822544,-0.241592,0.986338,0.905539,-0.821681,-0.206517,0.049817,-0.045203,-0.487784,0.188956,-0.981163
-0.809935,-0.636235,-0.012379,0.094369,-0.051306,-0.590183,0.535046,0.753466,0.04666,-0.402066,-0.451231,-0.06551,0.353092,0.01521,-0.954335
0.517297,-0.162209,-0.596384,0.311304,0.0,-0.641925,0.770307,0.067215,-0.061306,-0.657308,0.171229,0.121712,-0.332183,-0.315202,-0.991112
-0.652863,-0.178437,-0.569487,-0.495118,0.894671,0.412501,0.077621,0.252794,0.122094,0.032091,-0.772504,-0.23053,0.467235,0.176174,-0.957569
-0.1188,0.426603,-0.360698,-0.387797,-0.640825,0.623018,0.171834,0.629243,-0.126753,0.15146,0.743368,-0.243211,-0.548202,0.181547,-1.0
0.755424,0.492132,0.907656,0.625739,0.164369,-0.28274,0.288531,0.498387,0.211703,-0.14481,0.382702,0.477061,-0.31967,-0.394096,-0.979598
-0.628297,0.835752,-0.100198,0.707721,0.001615,-0.383836,0.927905,0.045189,-0.006358,-0.659101,0.019838,0.115575,0.24342,-0.372901,-1.0
-0.29739,-0.591962,-0.102758,-0.053018,0.532553,-0.308576,0.962293,0.174775,0.648072,-0.418283,-0.092669,-0.050634,0.376608,0.124182,-1.0
-0.12933,-0.943042,0.757388,-0.740499,0.058966,-0.455798,0.96588,0.441144,0.144178,-0.839072,-0.048063,-0.054212,0.201744,0.487572,-0.962842
-0.963487,-0.302112,-0.336487,-0.72129,0.941829,0.471051,0.663243,0.576413,0.539729,0.199258,-0.254753,-0.141265,0.353764,0.177585,-0.906838
-0.794325,0.836437,0.624562,-0.909772,-0.20987,-0.628752,0.949745,0.414087,-0.17988,-0.697977,-0.082967,0.123487,0.161023,-0.461038,-1.0
0.053714,0.460687,-0.780939,-0.646698,-0.76376,-0.036381,0.512909,0.758464,-0.41625,0.000672,0.39908,0.250211,-0.369952,-0.227018,-1.0
-0.766351,0.047265,-0.781987,-0.67011,-0.247164,-0.357585,0.937501,0.732919,-0.512775,-0.60409,-0.062796,0.023104,0.354697,-0.265584,-0.964078
-0.752483,-0.916028,-0.713665,0.622919,0.659512,-0.742937,0.885425,0.21529,0.395595,-0.536676,-0.098938,0.045203,0.488775,0.049282,-0.99356
-0.111661,-0.746627,0.906295,-0.342049,0.963592,-0.938864,0.71376,0.192956,0.427987,-0.40342,-0.237851,0.018092,0.551748,-0.166068,-1.0
-0.391332,-0.161576,0.142369,0.284454,0.59295,0.705343,0.097994,0.237293,0.135933,0.035154,-0.759524,-0.517869,0.44802,0.206403,-1.0
-0.004104,0.778256,0.61851,0.061721,0.242685,-0.083627,0.574999,0.460894,0.398888,-0.227058,-0.154567,0.34747,0.150357,-0.530576,-0.96827
0.886137,-0.081944,0.303101,-0.361051,0.278764,-0.870296,0.81849,0.187211,0.193985,-0.586489,0.11191,0.104439,-0.288723,-0.351913,-1.0
0.971309,0.299446,-0.659516,0.666663,0.348914,-0.194887,0.456237,0.094556,0.201631,-0.207403,0.432188,0.405332,-0.434579,-0.2923,-1.0
0.467275,0.913321,-0.501462,0.20733,-0.294538,-0.688861,0.244292,0.91847,-0.140803,-0.254402,0.281489,0.804159,-0.216667,-0.434971,-1.0
0.33189,0.966286,-0.468139,-0.714452,-0.211976,0.285058,0.462513,0.076752,-0.251763,0.329495,0.313242,0.352216,-0.281335,-0.38072,-0.982466
0.743863,0.868101,0.901546,0.507871,-0.790898,-0.900429,0.409297,0.375381,-0.275075,-0.3235,0.365398,0.455701,-0.351637,-0.408027,-1.0
0.88974,-0.691043,0.726974,-0.889762,-0.772139,0.814003,0.524534,0.817534,-0.270629,0.353037,0.370177,-0.322368,-0.328864,0.303961,-1.0
0.999649,0.717473,-0.764503,0.697558,-0.075685,-0.584158,0.192769,0.53877,0.045058,-0.124947,0.546956,0.688429,-0.284282,-0.357571,-0.974095
0.283308,0.286738,-0.650155,0.480318,0.786911,-0.668899,0.464354,0.961573,0.361191,-0.195848,-0.272585,0.390634,0.274516,-0.457481,-0.950949
-0.345484,-0.638251,0.2368,-0.305129,0.316526,-0.213922,0.108059,0.279552,0.130043,-0.185817,-0.696976,-0.449276,0.442099,0.200844,-0.898832
0.99895,-0.904879,0.645426,0.791433,0.746895,0.305137,0.0063,0.54937,0.039709,0.026299,0.187653,-0.891015,-0.145953,0.43269,-1.0
-0.618522,0.552354,-0.966112,0.318969,-0.070105,0.261325,0.789417,0.314206,-0.184271,0.632675,-0.205,0.138264,0.456146,-0.153256,-0.951528
0.838754,0.005869,-0.679404,0.815531,0.658649,-0.511426,0.829378,0.891594,0.566626,-0.481898,0.075641,0.092173,-0.165127,-0.439793,-0.931252
0.85063,0.547889,-0.338238,-0.009584,-0.37813,-0.417486,0.985126,0.847519,-0.531643,-0.574984,0.155691,0.020857,-0.421726,-0.306454,-1.0
0.707519,-0.27822,-0.293011,-0.329777,0.0955,0.022615,0.735699,0.783694,0.452192,0.088426,0.196903,-0.180505,-0.538927,0.256249,-1.0
-0.135274,-0.962147,-0.677071,0.301167,0.908285,-0.585979,0.533838,0.501433,0.333262,-0.203515,-0.513474,-0.178681,0.469918,0.164664,-1.0
-0.082933,-0.094689,-0.340052,0.86147,-0.231981,0.344989,0.861568,0.689642,-0.386784,0.505611,0.095217,-0.234166,-0.234135,0.517597,-0.974964
0.112216,-0.022621,-0.980307,0.070841,0.309353,-0.364634,0.369399,0.411622,0.250734,-0.301944,-0.389928,0.544447,0.205303,-0.380783,-1.0
-0.874451,0.301724,0.545241,0.761156,0.90273,-0.724869,0.562904,0.236148,0.375589,-0.273137,-0.393114,0.219522,0.422703,-0.184101,-1.0
0.82935,-0.816329,-0.664229,0.540589,-0.125586,0.512193,0.569856,0.197542,-0.082024,0.492122,0.207026,-0.337215,-0.260416,0.375875,-1.0
0.287311,-0.401529,0.393631,-0.497365,-0.349078,0.808313,0.879675,0.989191,-0.254684,0.731373,0.036213,-0.15352,-0.305814,0.444663,-1.0
0.30483,-0.549374,-0.156546,0.90148,0.791926,-0.000819,0.477499,0.731605,0.386411,-0.025732,-0.27943,-0.456261,0.325124,0.316696,-0.945154
-0.880843,0.820921,0.753764,-0.081435,0.439337,-0.689751,0.790633,0.531977,0.254854,-0.51632,-0.099853,0.142477,0.257871,-0.37953,-0.93869
-0.682444,-0.86091,-0.315197,0.415716,-0.10248,-0.545332,0.903377,0.980801,-0.13525,-0.741569,-0.035212,-0.098598,0.486205,0.250801,-0.991019
0.352052,0.172713,0.833211,0.632696,0.138401,0.165165,0.349252,0.169322,0.208015,0.109169,0.520994,0.017203,-0.502126,0.005112,-1.0
-0.014021,-0.733147,-0.948001,-0.766137,-0.22024,-0.033664,0.808709,0.667228,-0.72096,-0.043361,0.07569,-0.274288,-0.1584,0.447568,-1.0
0.941163,0.538178,0.757003,0.971677,0.690296,0.451027,0.964106,0.074124,0.633588,0.399778,0.008454,0.023329,-0.531607,-0.168073,-0.983203
0.334534,0.945511,-0.866032,-0.218081,0.837918,0.42992,0.374018,0.766341,0.313076,0.166218,-0.349768,0.40792,0.334256,-0.35927,-1.0
0.689832,0.8348,0.070036,-0.276148,0.084483,0.523175,0.073721,0.42879,-0.035106,0.113588,0.837541,0.384888,-0.41619,-0.284668,-1.0
-0.870151,0.100099,0.846061,-0.580572,-0.236566,-0.108104,0.779159,0.351593,-0.551402,-0.224639,-0.245427,0.078246,0.429205,-0.162097,-1.0
0.083442,0.240482,-0.112827,-0.973227,-0.463054,0.687821,0.868656,0.191797,-0.442163,0.634993,0.136217,-0.143585,-0.432031,0.301556,-0.941025
-0.576902,0.765766,-0.216784,0.85432,0.564655,-0.503256,0.496409,0.580188,0.276062,-0.320037,-0.384892,0.440409,0.252056,-0.377458,-0.930455
0.971171,-0.509683,-0.6745,0.23747,0.923336,0.827301,0.330658,0.093479,0.205526,0.142218,0.057273,-0.590467,-0.034873,0.486612,-1.0
-0.085764,0.608983,-0.441666,-0.902464,-0.632728,-0.263581,0.237027,0.411173,-0.223136,-0.070338,0.402864,0.696254,-0.256886,-0.512309,-0.989665
-0.093476,0.540157,-0.695867,0.048152,-0.612633,-0.812309,0.80833,0.389206,-0.337621,-0.471542,0.0286,0.260474,-0.205493,-0.417392,-1.0
-0.378294,0.088822,-0.416821,0.131789,-0.794308,-0.541817,0.88334,0.976569,-0.528052,-0.441011,0.087087,0.046705,-0.283126,-0.462093,-1.0
0.499864,-0.239294,-0.289988,-0.310945,0.314932,-0.828027,0.462433,0.570408,0.087801,-0.330629,0.180697,0.533243,-0.221609,-0.556917,-1.0
-0.739598,0.913059,-0.870232,-0.664543,-0.764071,0.864732,0.366817,0.494042,-0.338804,0.205566,0.287004,0.536893,-0.247817,-0.491127,-0.995816
0.694318,-0.760274,-0.582567,0.434133,-0.089949,-0.024982,0.279695,0.97826,-0.282694,-0.050094,0.52195,-0.451459,-0.414432,0.320667,-0.986469
-0.177811,-0.506336,0.37581,0.40223,-0.631629,-0.502745,0.853309,0.329433,-0.561114,-0.300959,0.20885,0.089878,-0.528196,0.003459,-0.994453
0.674116,-0.365834,0.846586,-0.386667,-0.879562,-0.105632,0.657428,0.693647,-0.517009,-0.01727,0.389335,-0.078206,-0.537397,0.130082,-1.0
-0.318254,0.235138,0.710376,-0.049243,-0.664216,0.973341,0.806769,0.917642,-0.350568,0.487849,0.092613,-0.172278,-0.124194,0.466119,-0.990792
-0.475216,0.100214,-0.881267,0.800138,-0.408159,-0.258119,0.14272,0.321049,-0.028783,-0.023452,-0.088761,0.840031,0.081742,-0.516758,-0.96737
-0.825402,-0.294352,-0.346066,0.884044,-0.384891,-0.394003,0.613923,0.4632,-0.36182,-0.4129,-0.432617,0.204139,0.431966,-0.17012,-1.0
0.898233,0.197918,-0.923314,0.450821,0.463971,0.496929,0.204896,0.280877,0.049984,0.147503,0.649068,-0.479735,-0.412414,0.321907,-1.0
-0.241791,-0.636453,-0.942625,-0.322961,-0.292086,-0.145934,0.98136,0.451451,-0.678014,-0.320755,0.055411,-0.028599,-0.039242,0.587899,-1.0
0.098601,0.184555,-0.741598,0.309021,0.491299,-0.850749,0.818227,0.655689,0.285905,-0.561113,-0.064198,0.067058,0.209305,-0.348052,-0.967928
-0.535486,-0.471662,-0.833137,0.669759,0.646143,-0.191974,0.597022,0.71235,0.435524,-0.12454,-0.40095,-0.146922,0.458899,0.155168,-1.0
-0.395559,0.948483,-0.281079,-0.722593,0.572481,0.890299,0.612795,0.891681,0.301372,0.306943,-0.355188,0.0429,0.512097,0.005389,-0.930971
0.562734,0.339872,-0.566579,-0.998787,0.436644,0.858794,0.099995,0.079854,0.146483,0.115804,0.196364,-0.915034,-0.053922,0.471975,-1.0
0.735758,-0.892433,0.123867,-0.33507,-0.354688,-0.403377,0.106044,0.011509,-0.011972,-0.02931,0.731552,-0.346714,-0.447781,0.159051,-1.0
0.11548,0.941274,0.322546,0.948989,-0.98909,-0.363828,0.909522,0.738966,-0.672687,-0.208796,-0.024017,0.072718,-0.298154,-0.318806,-0.958843
0.320676,-0.238848,0.523702,-0.472284,0.238023,-0.674592,0.593983,0.665048,0.200535,-0.363929,0.051958,0.376363,-0.192972,-0.512381,-0.962125
-0.073151,0.788658,-0.081818,0.776427,0.858239,-0.031079,0.987962,0.864273,0.751241,-0.035956,0.032144,-0.088803,0.377986,-0.226835,-1.0
0.004046,0.666772,-0.091228,0.105584,-0.030148,0.197402,0.956256,0.991444,-0.177252,0.725836,0.011336,0.119965,0.038607,-0.456016,-1.0
0.03527,0.789028,0.09911,-0.761981,0.691624,0.101485,0.470771,0.595718,0.386121,0.160661,-0.318787,0.369357,0.312641,-0.40512,-1.0
-0.19871,-0.635922,-0.706026,0.946326,-0.38923,-0.417371,0.46887,0.455204,-0.297737,-0.338245,0.374387,-0.329569,-0.39688,0.333076,-1.0
0.28463,0.948556,0.885771,-0.465471,0.051275,-0.403474,0.071971,0.318557,-0.067824,-0.020432,0.169483,0.851457,-0.15631,-0.502275,-1.0
-0.427703,-0.681898,-0.060373,0.051231,-0.262663,0.579493,0.229673,0.877202,-0.094771,0.183165,-0.058577,-0.787935,0.08017,0.483655,-1.0
-0.258045,-0.516632,-0.039743,-0.382385,-0.407516,-0.451442,0.87336,0.641503,-0.421002,-0.566744,0.091509,-0.121066,-0.488943,0.111003,-1.0
-0.20527,0.053399,-0.544303,0.390629,0.054437,0.162666,0.992409,0.251024,0.206895,0.78076,0.044125,-0.028506,0.49881,0.286864,-0.97663
-0.920118,-0.624695,0.936387,0.445214,0.416119,0.909534,0.382073,0.452833,0.088521,0.219738,-0.434941,-0.49389,0.367181,0.398177,-0.987943
0.740397,0.558491,-0.773422,0.88788,-0.764693,-0.356956,0.683087,0.713607,-0.465712,-0.138729,0.239627,0.194141,-0.484476,-0.315091,-1.0
0.046067,-0.989377,-0.797316,-0.012601,0.076041,-0.735602,0.229095,0.30425,0.015038,-0.159731,-0.108122,-0.74591,0.089813,0.554138,-0.950908
-0.598054,0.25785,0.262977,0.805835,-0.49821,0.495068,0.667877,0.324722,-0.538736,0.387256,-0.183572,-0.36471,0.225626,0.45059,-1.0
-0.838973,-0.169335,0.816133,0.211109,-0.924065,-0.201047,0.782669,0.229563,-0.574927,-0.10804,0.19959,0.060713,-0.416976,-0.197236,-0.920818
0.485082,-0.421185,-0.830429,0.981425,-0.312603,0.310992,0.378843,0.933854,-0.280104,0.202318,0.443984,-0.522086,-0.305474,0.323552,-0.950933
-0.883634,-0.116015,-0.313558,0.027086,-0.927956,0.208034,0.95249,0.742701,-0.734962,0.197445,0.083721,-0.072656,-0.103481,0.531875,-0.898054
0.220582,-0.219379,0.911591,0.288182,0.2498,0.204186,0.090702,0.514956,0.061734,-0.050094,-0.097566,-0.908478,0.036576,0.492473,-1.0
-0.072858,0.596659,-0.394815,-0.84106,0.034352,-0.889471,0.389336,0.229582,0.062952,-0.256617,-0.064021,0.597705,-0.075398,-0.50315,-1.0
0.56161,-0.405705,0.467324,-0.194926,0.836593,-0.274788,0.729209,0.53334,0.577492,-0.150183,-0.299547,-0.196213,0.40117,0.182246,-0.99811
-0.72728,0.495799,0.997988,0.191385,-0.225115,0.951583,0.108698,0.200181,0.053372,0.11794,-0.623128,-0.544421,0.320127,0.315999,-0.970397
0.78639,0.835758,0.742052,0.147623,0.175488,-0.806858,0.524671,0.611927,0.11352,-0.392839,0.127916,0.416186,-0.092538,-0.51028,-1.0
-0.313589,0.125282,-0.118956,0.650114,-0.464731,-0.612746,0.852024,0.106929,-0.392534,-0.598461,0.00612,0.066614,-0.13039,-0.470516,-1.0
-0.493474,0.863184,-0.623506,0.623629,-0.874425,0.720098,0.982332,0.906705,-0.627771,0.524321,0.081792,-0.01439,-0.551448,-0.139241,-1.0
0.299792,-0.909279,-0.724071,-0.262438,0.393175,0.918205,0.677588,0.599743,0.254138,0.497456,-0.035452,-0.275067,-0.027059,0.599939,-0.954769
-0.114514,-0.157705,-0.946257,0.549284,-0.084505,-0.203926,0.110371,0.001392,0.012677,-0.058877,-0.521441,0.760915,0.353989,-0.435602,-0.96442
0.418659,-0.017397,0.959495,0.448747,0.927588,-0.313255,0.354935,0.029999,0.364099,-0.145525,-0.530043,0.249508,0.30208,-0.221653,-1.0
-0.104757,-0.249974,-0.792096,-0.902742,0.173258,-0.641231,0.827968,0.903497,0.169294,-0.618025,-0.152789,0.127994,0.358108,-0.345325,-1.0
0.485429,-0.197294,-0.410866,0.22167,0.465622,0.913112,0.500619,0.495751,0.124586,0.458603,-0.056058,-0.470421,-0.049002,0.455215,-0.976093
-0.548602,-0.292504,-0.968379,0.997847,0.523581,0.241659,0.141611,0.043515,0.038973,-0.022178,-0.777477,-0.281699,0.440853,0.250694,-0.978405
0.446867,0.83884,-0.961117,-0.768197,-0.61368,0.882424,0.208867,0.956848,-0.084427,0.204841,0.879835,0.027762,-0.505279,-0.048743,-0.990151
0.007869,-0.858893,-0.881895,-0.442074,0.766104,0.882793,0.157601,0.499637,0.060413,0.214983,-0.310339,-0.753203,0.230243,0.458281,-1.0
0.827986,0.413629,-0.667786,-0.205606,-0.957156,-0.890913,0.525275,0.681877,-0.331316,-0.310486,0.379039,0.312989,-0.424067,-0.378466,-0.982397
0.310218,-0.372975,0.727502,0.908494,0.234576,-0.371409,0.102636,0.438464,0.058152,-0.218594,0.931905,0.002915,-0.523267,0.039829,-1.0
0.380727,0.313519,0.119379,-0.317758,-0.185777,-0.299636,0.748048,0.690273,-0.362504,-0.474532,0.137047,0.215473,-0.403393,-0.45894,-1.0
-0.83075,-0.360637,-0.54458,-0.676861,-0.544049,0.497182,0.297292,0.237369,-0.239432,0.094907,-0.197757,-0.584323,0.121289,0.521431,-0.963726
-0.957675,-0.246811,0.679697,-0.66701,-0.347011,-0.374738,0.554611,0.697394,-0.301107,-0.352633,-0.377201,0.05052,0.458638,-0.159851,-1.0
-0.59207,0.699377,0.857695,0.569222,0.102849,-0.037731,0.201981,0.312375,0.188461,-0.107334,-0.53681,0.597234,0.357937,-0.411683,-0.977844
0.238679,-0.485701,-0.604277,0.768332,-0.630805,0.757607,0.991367,0.153279,-0.623402,0.543305,0.008005,-0.031703,-0.306333,0.453098,-1.0
-0.670486,-0.192048,0.203994,0.942318,-0.628415,0.610324,0.21161,0.165335,-0.09713,0.130229,-0.160893,-0.773015,-0.014715,0.485024,-0.920368
-0.287424,-0.387953,0.701259,0.933768,0.115074,-0.009359,0.405829,0.84032,0.25832,-0.029443,-0.473104,-0.384649,0.29362,0.471245,-0.942158
0.742503,-0.396841,0.160647,-0.735001,0.541426,-0.433245,0.139994,0.98458,0.125454,-0.09606,0.853913,0.217164,-0.551179,-0.016868,-0.95224
0.687707,0.746915,-0.298669,0.666598,0.997913,-0.245717,0.745797,0.985882,0.552703,-0.167573,-0.078941,0.285702,0.118725,-0.470492,-0.991794
-0.618523,0.146738,-0.498025,-0.740893,-0.977654,0.233877,0.170663,0.148274,-0.18512,0.087029,0.846959,-0.176974,-0.440969,0.164644,-0.98633
-0.978558,-0.551747,0.880634,-0.903538,0.993269,-0.371638,0.39045,0.180372,0.21483,-0.148422,-0.62705,-0.129345,0.427885,0.067543,-1.0
-0.177293,-0.198343,0.000147,0.164181,0.301094,-0.053582,0.062112,0.0217,0.122271,-0.007236,-0.769617,-0.279485,0.611821,0.140843,-1.0
-0.128643,-0.950015,-0.421952,0.431779,0.463495,-0.146317,0.972219,0.705378,0.744874,-0.236216,-0.10166,-0.056857,0.253405,0.439061,-1.0
0.247752,-0.810699,-0.245667,-0.221631,0.968846,-0.70868,0.013367,0.326687,0.040221,-0.01952,-0.971845,-0.13735,0.595993,0.025483,-0.910067
0.035555,-0.747616,0.248999,0.250789,0.290544,0.809322,0.5979,0.034954,0.221445,0.405308,-0.047323,-0.392962,0.041823,0.403062,-1.0
0.265459,0.607079,0.159782,-0.176441,0.100132,-0.923435,0.569521,0.889266,0.116268,-0.510138,0.031932,0.33563,-0.033025,-0.374345,-0.923946
0.276246,0.71753,-0.594197,-0.711908,-0.729704,-0.787944,0.876201,0.845231,-0.536607,-0.526291,0.097941,0.123816,-0.205808,-0.388328,-1.0
-0.303809,-0.152207,0.212522,0.105944,0.230201,-0.91761,0.20226,0.213878,0.040789,-0.22342,-0.351639,0.74545,0.183344,-0.403733,-0.966122
-0.225313,-0.103729,0.17212,0.05474,-0.413141,0.004141,0.425686,0.733461,-0.427172,0.009692,0.548732,-0.272971,-0.426005,0.199236,-1.0
0.784137,0.356162,0.003082,-0.713057,0.127346,0.68507,0.214034,0.591122,-0.008974,0.19863,0.685248,-0.404624,-0.383893,0.282972,-1.0
0.116644,-0.203873,-0.166866,0.073206,0.825226,0.429002,0.105183,0.438897,0.036936,-0.006058,-0.602206,-0.646652,0.374174,0.308709,-1.0
0.787084,0.852904,0.698767,0.414108,0.559035,-0.305534,0.832116,0.35928,0.549073,-0.294663,0.109236,0.147242,-0.060832,-0.470357,-0.960547
-0.315133,0.880909,-0.589851,0.494305,-0.954909,0.004284,0.074533,0.736878,-0.069238,0.023024,0.606921,0.729341,-0.335214,-0.405741,-1.0
-0.491233,0.580238,0.307179,0.188151,0.374943,-0.306166,0.359103,0.114901,0.210492,-0.216436,-0.412356,0.513439,0.296206,-0.349308,-0.989871
-0.58041,0.450684,0.665554,0.274956,-0.03814,-0.572677,0.580505,0.51325,-0.004318,-0.465339,-0.105227,0.319659,0.304193,-0.468406,-0.91857
-0.419847,0.727499,-0.851013,0.480251,-0.789126,0.451275,0.486638,0.84469,-0.26818,0.275561,0.462766,0.279826,-0.444095,-0.318684,-0.938866
-0.316855,0.076831,-0.740388,-0.354798,0.389273,0.649024,0.300608,0.966619,0.151808,0.230721,-0.591753,-0.44053,0.327321,0.312437,-0.973926
-0.169153,-0.263719,0.376457,-0.107791,0.010036,0.681393,0.23089,0.242798,0.063893,0.235527,-0.15881,-0.788807,0.140364,0.566159,-0.883936
0.565587,0.818886,0.170808,0.609149,-0.844795,0.144195,0.400618,0.063413,-0.289503,0.020422,0.520814,0.3262,-0.534613,-0.130689,-0.878974
0.333369,-0.535718,0.447562,0.768676,0.666237,-0.339785,0.721125,0.259918,0.475355,-0.299173,-0.202631,-0.103351,0.360594,0.370325,-0.976243
0.553949,-0.811966,-0.349719,0.446463,-0.01316,0.775915,0.116165,0.816684,0.054937,0.01668,0.31277,-0.756724,-0.086165,0.503136,-1.0
0.342937,0.94306,-0.823832,-0.087601,0.097848,0.626871,0.75929,0.247333,0.145355,0.636874,0.18109,0.226194,-0.2653,-0.477139,-0.983314
-0.721992,0.18671,-0.542826,0.581982,-0.185513,0.075263,0.093709,0.053428,-0.086234,0.097331,-0.873656,0.13788,0.511058,-0.100701,-0.972994
-0.696124,0.429938,-0.141315,0.155388,-0.400289,0.397888,0.017513,0.94435,-0.001733,0.028798,-0.972548,0.006478,0.468635,-0.047397,-0.964967
0.667565,0.2028,-0.529804,0.907571,0.628737,-0.657434,0.067202,0.428337,0.062166,-0.120237,0.052443,0.867946,-0.06281,-0.578831,-1.0
-0.889368,-0.66063,0.115112,0.289438,0.537589,0.378252,0.421386,0.328356,0.262277,0.208673,-0.47644,-0.350625,0.416451,0.301013,-0.922594
-0.255017,0.218066,0.448178,-0.092723,0.18245,-0.366725,0.674958,0.654824,0.293957,-0.463433,-0.208779,0.229862,0.294733,-0.432891,-0.942454
0.739977,-0.204252,0.330631,0.865852,-0.011887,0.728784,0.907645,0.610159,-0.058211,0.656413,0.062457,-0.092471,-0.346195,0.436735,-1.0
0.022128,0.45768,0.772368,0.35731,-0.494532,0.916829,0.27032,0.464995,-0.061564,0.133852,0.60736,-0.526073,-0.375425,0.281285,-1.0
0.372056,0.537918,-0.124435,-0.180732,0.052713,-0.0607,0.337551,0.795037,0.263204,-0.175789,0.323058,0.598201,-0.193385,-0.493326,-1.0
0.375746,0.640366,0.412082,0.23427,0.110056,-0.222477,0.830434,0.906398,0.33766,-0.547029,0.050073,0.218343,-0.143067,-0.418016,-0.960695
-0.04631,0.428952,-0.109001,-0.574557,0.054384,0.695512,0.717151,0.546743,0.025474,0.586586,-0.08767,-0.349484,0.252557,0.443624,-0.948188
-0.663702,0.191302,-0.895486,0.306868,0.777221,0.682332,0.092012,0.545138,-0.009035,0.01568,-0.844453,-0.221853,0.44897,0.180313,-0.969985
-0.158028,-0.308391,0.876445,0.503647,0.874262,-0.890889,0.424551,0.837321,0.2463,-0.212705,-0.488259,0.246757,0.438983,-0.226944,-0.973716
0.863046,0.414061,-0.273052,-0.752677,-0.492496,-0.420876,0.644191,0.628173,-0.378633,-0.27185,0.291736,0.220804,-0.400541,-0.243713,-1.0
0.349414,0.547421,-0.045154,-0.12706,0.329311,0.365174,0.486655,0.445476,0.277032,0.279893,0.003391,0.491204,-0.066753,-0.488284,-0.940612
0.717846,-0.409449,-0.02508,-0.056467,-0.291494,0.891737,0.247393,0.559563,0.039388,0.13771,0.486427,-0.627805,-0.281194,0.420321,-0.953966
-0.009109,0.557117,-0.020616,0.369264,-0.487874,-0.022696,0.721455,0.667601,-0.550717,-0.023391,0.189613,0.230362,-0.348969,-0.340865,-1.0
0.951456,-0.823059,-0.673219,-0.168003,-0.170649,-0.649429,0.518759,0.22211,-0.09449,-0.371901,0.460531,-0.075979,-0.500578,0.106778,-0.997127
-0.458629,0.416812,0.298984,-0.962017,0.828063,0.380323,0.512502,0.183895,0.438641,0.240537,-0.546298,0.06623,0.454282,-0.054814,-1.0
0.536226,0.43913,-0.845464,-0.864728,0.315529,-0.296945,0.639149,0.300578,0.353578,-0.301625,0.119457,0.327617,-0.197812,-0.376002,-0.939287
0.431759,0.527732,-0.082558,-0.465117,-0.639669,0.483678,0.828219,0.438592,-0.552172,0.429114,0.17371,0.044374,-0.558292,0.015149,-0.956251
-0.419587,0.829457,-0.231692,-0.348078,-0.092641,0.097038,0.559271,0.670119,-0.292469,0.384715,-0.110354,0.398607,0.265233,-0.466117,-0.976457
-0.527851,-0.154778,-0.835642,-0.466451,-0.191984,-0.195294,0.322948,0.073046,-0.21917,-0.290442,-0.647375,0.097302,0.447932,-0.023992,-1.0
0.436071,-0.02705,-0.865656,-0.220284,0.292896,0.426339,0.058541,0.299201,-0.034509,-0.039281,0.347006,-0.957979,-0.096668,0.537024,-0.946255
-0.254157,0.075851,0.175416,0.069603,0.162514,-0.233309,0.519699,0.091606,0.156668,-0.340771,-0.328305,0.37118,0.446707,-0.322971,-0.952997
-0.100726,0.958536,0.595318,0.651879,-0.979097,0.882093,0.250939,0.085362,-0.123623,0.109421,0.696031,0.043331,-0.542933,0.004159,-1.0
-0.209198,-0.167212,-0.864465,-0.70163,0.673359,0.349304,0.657049,0.458214,0.567206,0.222929,-0.245603,-0.262836,0.480929,0.192849,-1.0
-0.954188,0.897199,-0.826212,0.947676,0.790869,-0.752116,0.587962,0.409186,0.323731,-0.322721,-0.329392,0.271637,0.375015,-0.30972,-1.0
-0.244099,-0.296463,0.122327,0.206786,-0.493365,-0.113399,0.188854,0.556116,-0.237784,-0.03603,0.645502,-0.489164,-0.421656,0.249203,-1.0
0.369075,-0.69357,-0.64476,-0.8477,-0.243983,0.183633,0.686883,0.522746,-0.435043,0.346865,0.196313,-0.249198,-0.250386,0.478143,-1.0
0.249763,0.325916,0.019412,0.322226,0.199986,-0.0986,0.420711,0.532435,0.136742,-0.108922,0.086495,0.553907,-0.086488,-0.522386,-1.0
-0.375641,-0.864075,0.890863,0.113731,-0.149236,-0.55115,0.678649,0.860196,-0.266958,-0.498091,-0.153541,-0.241374,0.256722,0.352156,-1.0
-0.971075,0.470606,-0.668238,-0.441158,-0.119599,0.250483,0.605041,0.987103,-0.287497,0.44238,-0.304075,0.076987,0.509581,-0.217145,-1.0
0.424473,0.605328,-0.266595,-0.318477,0.448534,0.222116,0.884634,0.291097,0.772807,0.354095,0.03816,0.127891,-0.012502,-0.495487,-0.982009
0.86106,-0.503407,0.040249,0.733516,0.986513,0.712258,0.979839,0.343343,0.665489,0.521872,-0.045188,0.01336,0.057443,0.530742,-0.931501
0.388498,-0.781106,-0.520465,0.254087,0.698483,0.394883,0.818937,0.334434,0.558709,0.312879,-0.055914,-0.092335,0.193096,0.534532,-1.0
0.246809,0.897059,-0.678507,0.70098,-0.843814,-0.428521,0.237491,0.64348,-0.267988,-0.120257,0.566272,0.635984,-0.287542,-0.432751,-1.0
-0.697102,-0.299899,0.76734,-0.025206,0.277195,-0.402038,0.350468,0.159973,0.20561,-0.265209,-0.580478,-0.014589,0.54491,-0.061511,-0.927758
-0.643122,0.522204,-0.054758,-0.647104,0.686427,-0.352058,0.377944,0.634253,0.230579,-0.15569,-0.461241,0.339179,0.435446,-0.21685,-0.960965
0.717697,-0.025785,-0.156941,-0.896678,-0.44249,-0.631326,0.634179,0.403287,-0.372244,-0.460926,0.285026,0.121635,-0.413156,-0.26033,-1.0
-0.887516,-0.430123,0.972802,0.874025,0.982195,-0.229664,0.106249,0.899705,0.041576,-0.070077,-0.923642,-0.116908,0.495678,-0.028887,-0.938959
0.527501,0.318645,0.32966,-0.323404,0.851905,0.79817,0.522914,0.849212,0.249613,0.269908,-0.276369,-0.444193,0.3076,0.414291,-1.0
0.150858,-0.533203,0.837349,-0.392576,-0.937751,-0.745351,0.970948,0.919282,-0.587621,-0.470866,0.039432,0.138708,-0.474299,-0.132039,-1.0
-0.754775,0.964976,0.229796,0.205429,-0.124154,0.492613,0.572003,0.237686,-0.147132,0.399445,-0.331213,0.264221,0.298898,-0.295739,-0.984305
-0.32332,-0.49848,0.529501,0.935044,-0.337223,0.903488,0.302601,0.993763,-0.088638,0.077472,0.001594,-0.673398,0.029911,0.479445,-0.970832
0.564267,0.187156,-0.00466,0.707642,0.771239,-0.017988,0.896534,0.365097,0.722466,-0.08078,-0.06447,-0.003305,0.381548,-0.431999,-1.0
0.374778,0.747282,0.825202,-0.406343,0.602615,-0.096618,0.800474,0.684677,0.656651,-0.105874,-0.119111,0.256629,0.21081,-0.535183,-0.961375
0.559268,-0.860518,0.486683,-0.5645,-0.858516,0.126639,0.717459,0.186689,-0.674728,0.111243,0.226786,-0.18429,-0.450723,0.174866,-0.976773
0.947721,-0.156836,0.471637,0.875943,0.651297,-0.664665,0.24871,0.770455,0.165682,-0.112161,0.394713,0.585038,-0.321945,-0.362634,-1.0
-0.078772,0.327207,-0.717915,0.521512,0.460697,-0.974071,0.892037,0.699887,0.359143,-0.671482,-0.140866,0.212804,0.138626,-0.39225,-1.0
-0.56288,0.903272,-0.932667,0.635375,0.456233,0.325944,0.480956,0.567531,0.273571,0.257583,-0.50594,0.248967,0.426533,-0.296472,-1.0
0.342739,0.651337,0.124928,0.425953,-0.543953,-0.213499,0.527137,0.73063,-0.411471,-0.089134,0.335959,0.28892,-0.329403,-0.305184,-0.945003
-0.939586,0.604934,-0.832541,-0.865456,0.927468,0.653106,0.170538,0.889671,0.142462,0.001955,-0.797804,-0.015394,0.503154,-0.048798,-0.981765
0.240471,0.620455,-0.261279,0.688264,-0.987835,-0.951603,0.368689,0.092599,-0.170765,-0.245882,0.283512,0.429875,-0.302353,-0.304765,-1.0
0.967435,0.633515,0.112217,-0.407743,-0.497283,-0.874035,0.900631,0.690342,-0.327737,-0.661034,0.093864,0.083502,-0.321724,-0.428624,-1.0
-0.147784,0.355088,0.32805,-0.554607,0.808913,0.894759,0.724272,0.368577,0.445757,0.379511,-0.320412,-0.101602,0.436562,0.169222,-0.943109
0.027246,-0.494664,0.221907,0.803174,-0.807461,-0.26537,0.550722,0.175071,-0.384357,-0.060832,0.449451,-0.164117,-0.55191,0.174471,-0.962216
-0.187805,-0.534141,0.5114,0.369334,0.220979,-0.74109,0.747043,0.613873,-0.028029,-0.514384,-0.236531,0.129662,0.517333,-0.197767,-1.0
-0.07066,0.237919,0.064192,-0.319495,-0.618457,-0.72287,0.197047,0.600579,-0.17048,-0.133303,0.415232,0.717264,-0.220591,-0.434896,-1.0
0.935127,-0.244342,-0.458414,-0.542716,-0.904947,0.326876,0.916875,0.008901,-0.839149,0.249412,0.05089,-0.030925,-0.502805,0.077412,-1.0
0.594333,0.736856,0.939912,-0.689094,-0.815543,0.149804,0.224927,0.824251,-0.24642,-0.027273,0.796527,0.309723,-0.422087,-0.18509,-1.0
0.867923,0.274224,0.808601,0.263992,-0.083823,0.633158,0.86647,0.715606,-0.091224,0.761064,0.069985,-0.092538,-0.493856,0.230877,-1.0
-0.706126,-0.128167,0.595464,0.211317,0.117199,-0.380263,0.544877,0.287132,0.11386,-0.385707,-0.402317,0.078741,0.414346,-0.123331,-0.934053
0.062563,-0.667204,-0.637103,-0.599733,-0.507103,-0.864485,0.030265,0.895415,-0.01351,0.026514,0.870303,0.3006,-0.475625,-0.225715,-1.0
0.565238,0.001466,0.329296,-0.912454,0.968769,0.796902,0.154346,0.971718,0.143722,0.114491,-0.37535,-0.756214,0.22189,0.526942,-0.98841
0.143618,-0.088828,-0.400164,0.949295,-0.920757,-0.955877,0.34551,0.431713,-0.192634,-0.291448,0.442903,0.410064,-0.453225,-0.250856,-1.0
0.340588,0.101427,-0.129391,0.64497,-0.583631,-0.124842,0.568464,0.71101,-0.486878,0.008753,0.363735,0.165669,-0.542068,-0.124098,-0.990758
0.738347,-0.228701,0.190264,0.230913,0.145752,0.762582,0.547494,0.013317,0.158853,0.370022,0.243543,-0.400864,-0.287125,0.439271,-1.0
0.770798,-0.721162,0.129604,-0.654609,-0.377829,0.843855,0.15537,0.895594,-0.047531,0.143871,0.455933,-0.728865,-0.381257,0.334114,-1.0
0.083366,0.557109,-0.840978,0.081335,0.605959,0.940733,0.269315,0.898628,0.143717,0.176469,-0.635668,-0.397182,0.424456,0.405269,-0.962206
0.324632,-0.993452,0.928842,0.511958,0.224029,0.573145,0.031672,0.327019,-0.107785,0.031576,0.079473,-0.967173,0.04115,0.511382,-1.0
0.543945,0.579038,-0.197444,-0.203882,0.813248,0.427919,0.709827,0.331005,0.530008,0.19432,-0.322944,0.1163,0.415536,-0.235619,-0.889976
0.76002,-0.178617,0.059329,0.338868,-0.547432,0.239668,0.639657,0.27158,-0.422353,0.247094,0.394729,-0.151766,-0.549056,0.08026,-0.989426
-0.22947,-0.719975,-0.979382,-0.292108,-0.453786,-0.175268,0.087658,0.995311,0.047628,0.071666,0.429979,-0.872324,-0.128109,0.440357,-1.0
0.384277,-0.17463,-0.718008,-0.56087,0.610459,-0.033008,0.69847,0.797054,0.634475,-0.088742,-0.282299,-0.180618,0.40032,0.259305,-0.96739
-0.946659,0.656984,0.01041,-0.360615,-0.104559,-0.366493,0.5893,0.628395,-0.040197,-0.432898,-0.292625,0.303502,0.286725,-0.41437,-0.925908
-0.731246,-0.538467,-0.965128,0.961583,-0.794553,0.226664,0.111757,0.568881,-0.087606,-0.030186,0.083579,-0.900407,-0.041924,0.58863,-1.0
-0.662976,0.603598,0.180303,-0.051719,-0.920857,0.403859,0.551135,0.138303,-0.333959,0.145106,0.319436,0.225652,-0.396511,-0.345846,-1.0
0.468977,0.308505,0.469031,-0.179917,-0.224658,0.24889,0.531227,0.022222,-0.356553,0.353599,0.497908,-0.005168,-0.434626,0.015383,-1.0
-0.878542,-0.999583,0.762513,-0.313073,0.572149,-0.043895,0.809649,0.012269,0.558828,0.027331,-0.140973,-0.141508,0.39744,0.198323,-0.961214
-0.573053,0.217165,0.888991,0.469603,-0.871898,0.109044,0.754037,0.406583,-0.648823,0.086184,0.249757,0.103429,-0.46693,-0.232944,-0.98466
0.47209,0.022061,-0.699306,0.421377,-0.853023,0.380134,0.398869,0.653914,-0.240134,0.14013,0.606011,-0.19869,-0.551205,0.08534,-1.0
0.648639,0.633514,-0.10385,-0.348442,-0.232712,-0.317747,0.28447,0.490947,-0.048297,-0.153173,0.509115,0.537279,-0.376761,-0.323612,-1.0
-0.042753,-0.00916,0.448598,-0.85967,-0.71182,-0.855638,0.550873,0.021849,-0.323089,-0.39267,0.282947,0.264358,-0.401081,-0.427633,-1.0
0.178299,0.736462,-0.598194,0.591388,0.70253,-0.796987,0.230259,0.380362,0.166495,-0.150555,-0.145366,0.744769,0.148077,-0.44514,-0.986671
0.326183,0.915906,-0.150521,0.355671,0.567652,-0.207858,0.656586,0.141153,0.44643,-0.09485,-0.088521,0.271927,0.173077,-0.447863,-1.0
0.840025,0.78862,0.801845,-0.758517,-0.948352,-0.497033,0.000826,0.356533,0.018863,-0.021966,0.771865,0.491653,-0.439224,-0.220935,-1.0
-0.616691,-0.344866,0.942568,-0.284154,-0.030317,-0.400871,0.811468,0.177688,-0.048585,-0.585947,-0.229911,-0.083061,0.403303,-0.006943,-1.0
-0.288795,0.573987,-0.206211,-0.995328,-0.946971,0.60323,0.130405,0.392041,-0.114756,0.066772,0.807154,0.031928,-0.465361,0.097685,-1.0
0.4205,-0.713369,-0.455291,0.994698,0.371419,0.082378,0.176982,0.261515,0.071857,-0.050783,0.069705,-0.754116,0.083552,0.458846,-0.996368
0.453279,-0.82124,0.94955,0.730196,0.703124,-0.492466,0.789389,0.93753,0.581204,-0.365133,-0.065721,-0.288238,0.257822,0.413128,-1.0
-0.02654,-0.818361,0.809245,-0.715347,-0.819874,0.797357,0.626172,0.515463,-0.33716,0.369962,0.133397,-0.290506,-0.286236,0.426683,-1.0
-0.26768,-0.084273,-0.535695,0.373105,-0.780593,-0.508698,0.242311,0.285661,-0.128587,-0.103531,0.50554,0.50048,-0.359298,-0.356767,-1.0
0.347518,0.982152,0.490952,0.556367,-0.649775,-0.280009,0.220119,0.336539,-0.207847,0.007077,0.566036,0.58695,-0.356509,-0.426611,-0.836772
0.906203,-0.594325,0.404733,0.245199,0.58856,0.252665,0.868056,0.601052,0.630218,0.298588,0.01674,-0.129667,-0.324698,0.475841,-1.0
-0.212869,0.57945,0.865474,-0.660704,0.446202,0.311288,0.684885,0.224511,0.48788,0.238219,-0.259852,0.149528,0.484225,-0.207497,-0.979584
0.142697,0.415217,-0.614331,0.014203,0.525484,-0.660205,0.645144,0.315701,0.374454,-0.411781,-0.153517,0.251578,0.176515,-0.511296,-0.975274
-0.927175,0.723436,0.122324,-0.82136,-0.360303,-0.84344,0.436565,0.405301,-0.093372,-0.325643,-0.229626,0.612849,0.107153,-0.517161,-1.0
0.336552,-0.296064,0.819539,0.507617,0.453717,-0.997217,0.763628,0.552678,0.276447,-0.564997,-0.033491,0.242821,0.150152,-0.539764,-1.0
-0.157664,-0.850391,-0.163778,-0.86985,-0.377519,0.267981,0.703517,0.280126,-0.534832,0.284998,0.11406,-0.352325,-0.117364,0.420051,-1.0
-0.539638,0.565222,0.809959,-0.881216,0.507308,-0.713473,0.530566,0.324274,0.226232,-0.343118,-0.325081,0.41148,0.220705,-0.347894,-1.0
0.938083,-0.464479,-0.207842,0.085551,-0.594169,-0.917961,0.368585,0.399505,-0.174982,-0.353846,0.575157,0.152831,-0.481382,-0.100546,-0.979549
0.848047,-0.30966,0.300075,-0.746708,-0.517892,0.35331,0.09988,0.662588,-0.028668,0.071243,0.83353,-0.328274,-0.417548,0.213401,-0.914944
-0.846434,0.455606,0.490817,-0.626331,-0.799035,0.004869,0.781476,0.122157,-0.709375,0.017605,-0.01171,0.315025,0.074729,-0.524688,-0.987616
0.902959,0.177657,0.964877,0.939778,0.075834,0.117848,0.815953,0.891486,0.350697,0.587857,0.255554,0.015551,-0.435532,-0.062841,-0.978591
-0.241551,-0.422042,0.093336,-0.931206,-0.326436,0.476719,0.849897,0.329817,-0.419849,0.627112,0.001571,-0.182039,-0.00551,0.497221,-1.0
0.046528,-0.549292,0.986294,-0.879557,-0.42427,0.768275,0.73283,0.123458,-0.276074,0.567156,0.18148,-0.156012,-0.166199,0.418885,-0.982973
0.081085,-0.413521,0.689048,0.84723,-0.497157,-0.076644,0.529215,0.138099,-0.399754,-0.132874,0.401145,-0.283958,-0.52656,0.24744,-0.990612
-0.250398,-0.812306,-0.515407,0.031527,0.593625,-0.128675,0.583533,0.299983,0.460005,-0.094218,-0.315334,-0.258346,0.321568,0.222939,-1.0
-0.006648,-0.19947,-0.087302,-0.109468,-0.473997,-0.883876,0.191134,0.819367,-0.067936,-0.106704,0.489704,0.667579,-0.254787,-0.361116,-0.907541
-0.01738,0.320299,-0.211235,0.339767,-0.77042,0.664956,0.923027,0.551755,-0.503476,0.411408,0.106322,0.051158,-0.394532,0.201914,-1.0
0.590074,0.267214,-0.146356,0.695231,0.538574,-0.584248,0.573388,0.385723,0.298963,-0.300922,-0.032922,0.482555,0.052492,-0.465931,-1.0
0.410416,0.224024,-0.772619,-0.334768,0.753962,-0.314945,0.644554,0.600013,0.470896,-0.182057,-0.11156,0.331562,0.282231,-0.407531,-0.950777
0.164632,-0.224812,-0.767141,0.444261,0.110244,0.201507,0.654463,0.321937,0.153099,0.420428,0.037045,-0.321724,0.01009,0.4562,-0.982747
0.585293,0.634131,0.016997,0.734245,0.497939,0.165745,0.098147,0.202754,0.112767,0.070991,0.23113,0.885786,-0.11539,-0.448439,-1.0
0.290167,-0.701387,0.211138,-0.424114,-0.146669,-0.983212,0.806054,0.259857,-0.065852,-0.581295,0.116456,0.112472,-0.502685,-0.331901,-1.0
-0.825961,-0.745616,0.1119,0.705587,-0.334041,-0.357261,0.849116,0.447142,-0.469772,-0.471631,-0.055212,-0.102909,0.452088,0.303477,-1.0
-0.630227,0.255111,-0.776464,-0.306072,-0.670243,0.973652,0.154769,0.096671,-0.009472,0.132915,0.051806,-0.929095,-0.020375,0.569258,-1.0
-0.371038,-0.833812,-0.396043,0.839632,0.847304,0.497357,0.180569,0.417199,0.144014,0.058332,-0.514526,-0.673404,0.349999,0.316448,-1.0
0.336557,0.464992,-0.215728,0.298041,-0.661112,-0.619544,0.605304,0.636265,-0.388903,-0.345291,0.271069,0.307867,-0.302087,-0.290352,-0.962378
0.701302,0.468217,-0.65446,0.442635,-0.567908,0.0322,0.816035,0.268327,-0.62686,0.087994,0.220921,0.095478,-0.443674,-0.145035,-0.99696
0.097248,-0.067318,-0.088397,0.74895,0.345908,0.346682,0.794827,0.557856,0.468686,0.465598,-0.224217,-0.153477,0.287248,0.481499,-0.921273
-0.340219,-0.683011,-0.930336,-0.247944,0.618144,0.241154,0.837515,0.63411,0.59429,0.285244,-0.111038,-0.089156,0.416357,0.328231,-1.0
-0.598305,0.112373,-0.521818,0.3239,0.569644,0.450215,0.148836,0.619732,0.11561,0.036547,-0.828494,-0.198419,0.518803,0.213193,-0.998047
0.703265,0.454442,-0.706154,0.611824,-0.977226,0.088812,0.451919,0.818342,-0.34921,0.000634,0.492211,0.160339,-0.527397,-0.090201,-1.0
0.427739,-0.885659,0.478138,0.295756,-0.55737,-0.206215,0.361766,0.436617,-0.245205,-0.05988,0.422859,-0.308387,-0.417049,0.24863,-1.0
-0.428921,-0.260217,-0.858207,-0.182381,0.164714,0.718156,0.972027,0.507704,0.211972,0.81625,-0.033013,-0.040408,0.367533,0.365065,-0.982277
-0.746157,-0.475996,0.296953,0.707475,-0.750256,-0.403723,0.646978,0.048437,-0.453683,-0.272698,-0.043326,-0.304756,0.012763,0.42005,-1.0
-0.852037,0.019673,-0.934316,-0.361998,0.146613,-0.557615,0.269485,0.341139,0.048142,-0.174122,-0.633504,0.320612,0.422535,-0.236453,-0.957569
-0.14624,-0.775766,-0.994637,0.713666,-0.970584,-0.005186,0.834637,0.551338,-0.645606,0.034913,0.111995,-0.080101,-0.313333,0.368721,-1.0
-0.056182,0.820471,0.885292,-0.747157,0.074051,0.580562,0.399931,0.852475,0.033824,0.422448,-0.326423,0.547141,0.300109,-0.493781,-1.0
0.684517,0.630582,0.790504,0.524318,0.104271,-0.221769,0.505343,0.673264,0.079486,-0.417019,0.276049,0.434165,-0.315544,-0.410536,-1.0
-0.211059,-0.146445,0.077992,0.735742,0.966564,0.407423,0.879398,0.516374,0.541671,0.244578,-0.107763,-0.091894,0.405208,0.222025,-1.0
0.645605,-0.062861,-0.009843,0.908112,-0.177081,-0.722027,0.103168,0.848037,-0.061152,-0.046147,0.759219,0.634602,-0.398,-0.34056,-0.964589
-0.305658,0.512787,0.568105,0.279328,0.886921,-0.132226,0.891312,0.062836,0.753066,-0.032158,-0.149916,0.091432,0.435637,-0.306089,-0.967093
0.500436,-0.518639,0.605345,0.140209,0.349997,0.179058,0.195742,0.509704,0.065902,0.060278,0.057333,-0.84321,-0.191771,0.453452,-1.0
0.185772,-0.781619,-0.399567,0.061622,0.212773,-0.251297,0.143528,0.163427,0.2064,-0.108246,0.004464,-0.817532,0.068403,0.313537,-0.98296
-0.682992,0.466452,-0.372285,-0.060254,-0.018959,0.381713,0.626143,0.247768,-0.081658,0.49317,-0.339517,0.059348,0.543385,-0.094479,-1.0
-0.334886,0.187687,-0.804376,0.178108,-0.48792,-0.709299,0.421838,0.894821,-0.207687,-0.302102,0.042018,0.55415,0.027058,-0.501241,-0.954366
0.53605,-0.01764,0.673685,-0.524963,0.090056,-0.02116,0.327173,0.287428,0.304843,-0.123945,0.649909,-0.083535,-0.546748,0.008135,-0.944682
-0.913051,-0.297352,-0.569504,-0.330109,-0.812915,0.788782,0.363916,0.18064,-0.26979,0.211287,-0.137819,-0.544157,0.081947,0.40523,-1.0
0.62263,0.200767,0.963033,0.529963,-0.611172,0.672833,0.927785,0.902397,-0.505599,0.51978,0.001779,-0.107838,-0.502423,0.132947,-1.0
-0.496356,-0.759505,0.372063,-0.808661,-0.030519,-0.859398,0.231998,0.214868,0.038158,-0.210908,-0.797814,0.194156,0.483332,-0.130615,-0.960839
-0.719741,0.616709,0.588707,0.717659,0.191684,0.206351,0.514082,0.94842,0.186102,0.397007,-0.546849,0.132655,0.482604,-0.194453,-0.950421
-0.231527,0.91555,-0.469201,0.343496,-0.817086,0.218915,0.010961,0.993716,0.031999,-0.003473,0.615093,0.749975,-0.379928,-0.35693,-0.941126
-0.272053,0.159167,-0.387713,-0.712446,0.453715,-0.039204,0.777146,0.833298,0.57587,-0.04242,-0.224062,0.062647,0.389265,-0.181671,-0.98176
0.501177,0.371096,-0.887471,-0.618834,-0.713999,0.720214,0.135187,0.657113,-0.101224,0.045602,0.803896,-0.243576,-0.470463,0.087557,-0.993283
0.99643,0.02704,-0.472461,0.316587,0.746542,0.489265,0.0274,0.124884,0.039235,0.035697,0.346909,-0.9046,-0.174823,0.510819,-1.0
-0.309845,-0.271697,-0.640807,0.20007,-0.501818,0.552329,0.119584,0.685794,-0.037231,0.030244,0.234957,-0.80442,-0.051848,0.587388,-0.986256
0.742033,-0.452488,-0.960491,-0.246373,0.677697,0.125092,0.578709,0.420315,0.416297,0.08395,0.041742,-0.389765,-0.112267,0.499017,-0.998326
0.74048,-0.584224,0.805772,-0.446206,-0.750754,-0.101817,0.789709,0.613857,-0.65613,-0.083926,0.104191,-0.053163,-0.541301,0.143809,-1.0
0.956923,0.47298,-0.47479,0.927033,-0.651044,-0.450212,0.790501,0.807068,-0.552467,-0.339174,0.201165,0.045587,-0.466633,-0.183924,-1.0
-0.894291,0.958598,0.105177,0.325794,-0.115747,-0.752412,0.572012,0.051054,-0.042798,-0.517688,-0.136973,0.476971,0.317832,-0.434082,-1.0
0.931102,0.618707,0.68151,0.596756,-0.541594,0.36736,0.071686,0.532609,-0.009511,-0.074438,0.944797,0.136201,-0.530906,-0.047486,-0.904071
0.331326,0.346295,-0.21718,0.900011,0.543183,0.269462,0.735076,0.464494,0.468612,0.251104,-0.26897,0.096914,0.447643,-0.13959,-1.0
0.438019,-0.496694,0.728783,-0.432966,0.753902,-0.765977,0.111504,0.424585,0.082337,-0.050742,-0.667042,0.604094,0.381802,-0.297434,-0.966603
0.860289,-0.37258,0.362551,0.331668,0.80188,0.5423,0.897109,0.720733,0.63465,0.444262,0.029079,-0.065655,-0.092823,0.468142,-0.962746
-0.192426,0.61525,0.892813,-0.862732,-0.121347,-0.400724,0.66338,0.431024,-0.127334,-0.48303,-0.001657,0.340506,0.057073,-0.427223,-1.0
-0.319754,0.462838,-0.840443,0.045539,0.772691,0.169171,0.19034,0.914146,0.13447,-0.014396,-0.773214,0.167413,0.462769,-0.096346,-0.960533
-0.502681,0.923208,0.091645,-0.61889,0.565991,0.578457,0.694423,0.121312,0.415678,0.371447,-0.213579,0.07208,0.473125,-0.140625,-1.0
0.631749,-0.219519,-0.605349,-0.038234,-0.25611,-0.424864,0.047448,0.008981,-0.078685,-0.106207,0.931916,0.184524,-0.450931,-0.085004,-0.96492
-0.671766,-0.933772,0.832962,0.688522,-0.778589,0.036523,0.79323,0.711814,-0.561641,0.08646,0.012248,-0.274527,-0.087644,0.462874,-0.965427
-0.922836,0.282271,0.530437,-0.277376,-0.138234,0.866876,0.1524,0.365488,-0.095624,0.13555,-0.609706,-0.522578,0.428698,0.216108,-1.0
0.334091,0.820662,-0.928063,0.804687,0.824165,0.520648,0.702102,0.615848,0.500837,0.230945,-0.305899,0.151803,0.475184,-0.263804,-0.97688
0.849325,0.264312,-0.738453,0.150552,-0.897151,-0.45717,0.257431,0.785532,-0.183885,-0.08946,0.709783,0.278264,-0.500571,-0.151387,-0.960276
-0.735022,-0.961586,-0.681062,-0.596412,0.919127,0.176534,0.847311,0.555068,0.627038,0.125826,-0.117144,-0.096808,0.479931,0.263886,-1.0
0.808677,0.687552,0.654176,0.564461,-0.465274,0.313658,0.043282,0.285843,-0.018252,0.016109,0.84503,0.349507,-0.512833,-0.113511,-1.0
-0.390669,0.028905,-0.028505,-0.835482,0.563732,-0.972317,0.453225,0.988384,0.155079,-0.289752,-0.384546,0.422787,0.262187,-0.420395,-0.976729
0.632344,0.332643,0.257216,0.060364,0.599447,-0.444056,0.90365,0.273848,0.537961,-0.396293,0.013151,0.064264,0.001215,-0.569751,-1.0
-0.628535,-0.63503,0.80351,-0.182239,-0.476831,-0.33823,0.956537,0.047875,-0.664369,-0.438166,-0.00609,-0.114188,0.176872,0.491878,-0.983562
-0.421984,0.10063,0.289861,0.105688,-0.936087,0.472505,0.391147,0.884937,-0.28799,0.177759,0.524287,-0.467501,-0.464998,0.253967,-1.0
-0.533478,0.663058,0.829793,-0.576956,0.462925,-0.200046,0.179753,0.657761,0.141605,-0.068943,-0.655438,0.578694,0.368538,-0.324116,-0.991639
-0.029715,0.924749,-0.455915,0.076678,-0.995999,-0.698969,0.496711,0.597462,-0.416135,-0.247397,0.235846,0.432129,-0.247416,-0.36225,-1.0
-0.966044,-0.678803,0.614181,0.230439,0.9554,-0.749158,0.312485,0.138276,0.139332,-0.282637,-0.681279,0.034939,0.514544,0.012835,-1.0
0.257338,0.927026,-0.716447,-0.561387,-0.214056,-0.769395,0.736955,0.977183,-0.179824,-0.598709,0.047046,0.271321,-0.119926,-0.444096,-0.925903
0.064469,-0.365614,0.487563,-0.28408,0.724911,0.299579,0.872755,0.087166,0.601255,0.200899,0.010854,-0.015027,0.325181,0.400444,-1.0
0.288081,0.553768,-0.765912,0.856607,0.379882,0.223074,0.563559,0.327983,0.33068,0.166275,0.016457,0.390431,0.119526,-0.454491,-0.911587
-0.035725,-0.121514,-0.82766,-0.845657,0.021861,-0.019114,0.202987,0.702596,0.096523,-0.105164,-0.422569,-0.670999,0.238315,0.402753,-0.969765
-0.748011,0.30718,0.289317,-0.959833,0.799154,0.334198,0.350137,0.749338,0.145964,0.069719,-0.710527,0.04678,0.451533,-0.001516,-0.999364
0.53983,-0.669566,0.190816,0.602459,0.572965,0.416758,0.54711,0.742151,0.321479,0.227214,0.021686,-0.393239,0.051147,0.504361,-0.999122
-0.81682,-0.390009,0.028892,-0.176598,0.255187,-0.591336,0.913009,0.016408,0.372057,-0.697277,-0.093397,-0.056887,0.404546,-0.070329,-0.995301
0.327555,-0.855983,-0.890402,-0.672132,0.689847,0.613369,0.575938,0.418653,0.292306,0.339822,-0.020959,-0.423297,0.09117,0.413035,-1.0
-0.664475,0.527621,0.464161,-0.415244,0.936467,-0.629536,0.342882,0.449157,0.33346,-0.154708,-0.502503,0.341479,0.402116,-0.267659,-0.92934
-0.924832,0.506193,0.890638,-0.784509,0.370905,0.599745,0.712555,0.212705,0.271977,0.450798,-0.259915,-0.041996,0.485419,-0.009514,-0.951292
-0.177695,0.755818,-0.446116,0.490703,0.633675,0.621708,0.068528,0.408482,0.053112,0.121657,-0.966418,0.137017,0.418499,-0.088124,-1.0
-0.321277,0.137367,-0.792542,-0.498781,0.357157,0.151324,0.711199,0.9942,0.617716,0.280372,-0.261224,-0.02798,0.504992,0.025024,-1.0
0.935617,0.559926,0.617451,0.698452,-0.555461,-0.872792,0.705337,0.85081,-0.259404,-0.393153,0.213908,0.196369,-0.412463,-0.40161,-1.0
0.211388,0.448059,0.837722,0.582164,-0.242506,0.164931,0.047901,0.768577,0.000456,0.049558,0.895278,0.52143,-0.520346,-0.263562,-0.967558
-0.308161,-0.419474,0.201424,-0.459366,-0.545115,0.383024,0.468727,0.481235,-0.18952,0.235322,0.168596,-0.515308,-0.085621,0.497303,-1.0
0.087901,0.748018,0.517987,0.83401,-0.952524,-0.706788,0.772903,0.860149,-0.497646,-0.36426,0.06617,0.098071,-0.360529,-0.357933,-1.0
-0.486643,0.295687,0.204666,0.360837,-0.773376,-0.703292,0.833216,0.357611,-0.497439,-0.414462,0.079428,0.158992,-0.158111,-0.444845,-0.961202
0.225359,0.806302,0.045078,-0.400764,-0.522234,-0.465604,0.523146,0.775116,-0.275301,-0.327076,0.201405,0.407859,-0.166988,-0.490364,-0.974452
-0.185599,0.777941,-0.281898,-0.22927,0.509109,-0.62058,0.715612,0.154086,0.40233,-0.394863,-0.091601,0.23759,0.238969,-0.443817,-0.961415
-0.547766,0.630866,0.021647,-0.455989,-0.46316,-0.274712,0.316891,0.077898,-0.342602,-0.176819,-0.129271,0.75836,0.079232,-0.517545,-0.941271
-0.771356,0.920229,0.267491,-0.186692,-0.312528,0.11087,0.854227,0.901633,-0.627206,0.27637,-0.141717,-0.017056,0.192527,-0.467293,-1.0
-0.332121,0.472459,-0.18222,0.268504,0.05661,0.588065,0.960979,0.07089,0.035311,0.774982,0.019809,-0.001146,0.517703,0.102829,-0.970093
-0.185174,0.19537,-0.802094,0.97104,-0.651821,0.004278,0.711773,0.11284,-0.646017,-0.052492,0.149232,0.11451,-0.473109,-0.171645,-0.936207
0.863973,-0.639067,-0.42668,0.114904,0.059479,0.323842,0.33545,0.180366,0.063991,0.241953,0.447797,-0.53107,-0.379791,0.443042,-0.986167
0.941797,-0.244989,0.164111,0.272311,0.781899,0.810684,0.635081,0.947461,0.293639,0.333771,0.025842,-0.368044,-0.107671,0.415369,-1.0
0.261713,0.491815,0.067279,0.243923,-0.495418,-0.536124,0.308487,0.833116,-0.124274,-0.231248,0.4133,0.53353,-0.278232,-0.42642,-1.0
-0.61322,-0.930034,0.950287,-0.4015,0.303165,0.856387,0.88189,0.587593,0.290997,0.615334,-0.021481,-0.023914,0.138814,0.421969,-1.0
-0.716876,-0.332131,-0.130755,-0.98822,-0.178677,0.05281,0.510597,0.408937,-0.35885,0.154698,-0.407767,-0.264268,0.369357,0.26534,-0.973001
-0.211706,0.785427,-0.649864,-0.544966,-0.536433,0.184956,0.107582,0.718002,0.017842,0.086811,0.41001,0.687346,-0.229046,-0.432895,-0.978166
-0.447985,0.862929,-0.349849,-0.914234,0.516971,0.99619,0.685566,0.457816,0.190886,0.379241,-0.25822,-0.092227,0.444008,0.096262,-1.0
-0.428157,-0.522492,-0.241347,-0.310105,0.796386,0.13955,0.73076,0.803857,0.586082,0.115273,-0.191155,-0.145443,0.472492,0.210078,-0.998567
0.04258,-0.073737,0.942686,0.686823,-0.481617,0.244134,0.242968,0.970749,-0.194531,0.088508,0.619966,-0.456143,-0.414675,0.379905,-1.0
0.365305,0.921112,0.395056,-0.595269,0.187272,0.441023,0.899193,0.162941,0.315542,0.674472,0.083414,0.122265,-0.287994,-0.392158,-0.988652
0.35399,-0.67245,0.64419,-0.697387,0.631032,-0.424526,0.648984,0.337057,0.381923,-0.285659,-0.266202,-0.194407,0.411477,0.318223,-0.970081
-0.259632,0.571008,-0.951857,-0.327274,-0.710505,0.578134,0.194306,0.154656,-0.160357,0.109027,0.79899,0.007051,-0.505748,-0.108549,-1.0
-0.581936,0.698333,0.09224,-0.677111,0.911618,0.208355,0.549028,0.28962,0.407433,0.065144,-0.372043,0.058127,0.501515,-0.221605,-0.960422
0.582254,0.900892,0.121438,-0.904718,0.09472,-0.292251,0.703272,0.420512,0.160525,-0.558819,0.091441,0.21275,-0.268916,-0.468244,-1.0
0.54377,-0.628827,-0.939342,-0.711084,-0.080994,-0.029573,0.20842,0.511745,-0.077284,-0.125036,0.56675,-0.58012,-0.361832,0.396871,-0.956611
0.156378,-0.368791,0.130211,0.661458,0.408791,0.854119,0.237143,0.771703,0.076197,0.257014,-0.14544,-0.698969,0.03024,0.522525,-1.0
0.491852,-0.47146,0.679474,-0.002927,-0.969671,0.175942,0.113999,0.316385,-0.111871,-0.085919,0.802778,-0.332921,-0.449926,0.117087,-1.0
-0.563506,0.586701,-0.015073,-0.947605,-0.840517,-0.19287,0.937673,0.235332,-0.683672,-0.245472,0.062267,0.079955,-0.23451,-0.393095,-1.0
-0.567426,-0.161774,0.094665,-0.477183,0.641879,0.873079,0.812428,0.301228,0.441703,0.575779,-0.196228,-0.000197,0.371836,0.258393,-0.954868
-0.019275,-0.832732,-0.679083,-0.901781,0.059729,0.46642,0.295673,0.106099,0.057977,0.192233,-0.083767,-0.774864,-0.015914,0.486088,-1.0
0.206423,-0.06389,0.495836,0.982431,0.144035,-0.240717,0.61904,0.739642,0.287136,-0.441669,0.128912,0.340261,-0.167621,-0.42013,-1.0
0.63659,0.583759,0.928508,0.813468,-0.161438,-0.97428,0.799868,0.796559,-0.228626,-0.591457,0.096028,0.236158,-0.290864,-0.440363,-1.0
0.985151,-0.114938,0.024289,-0.65112,0.406108,0.480638,0.788888,0.793318,0.336508,0.522442,0.127335,-0.130975,-0.396846,0.350135,-0.986095
0.333852,0.83723,-0.001895,-0.535386,0.440762,-0.276619,0.726343,0.459334,0.468671,-0.3688,-0.079636,0.200552,0.013388,-0.62907,-1.0
0.79732,0.841418,-0.58528,-0.159571,-0.862723,-0.91678,0.703544,0.374943,-0.372403,-0.398798,0.124516,0.167497,-0.305326,-0.330862,-0.996732
-0.324857,0.164561,-0.43276,-0.414443,-0.86304,-0.768318,0.705449,0.496242,-0.321006,-0.429045,0.125016,0.223247,-0.251489,-0.399762,-0.952881
0.898543,0.802364,-0.270436,0.897306,0.237175,0.093429,0.434262,0.544935,0.342664,0.094453,0.407302,0.422858,-0.371281,-0.325982,-0.902192
-0.552391,-0.077882,-0.495882,0.832043,0.075884,0.121757,0.478064,0.371714,0.148213,0.300905,-0.534458,-0.165251,0.436452,0.189139,-1.0
-0.05411,-0.758838,0.427248,-0.639108,-0.064763,-0.601735,0.820776,0.270577,-0.142249,-0.683549,0.018742,-0.202957,-0.151437,0.483066,-1.0
0.7732,0.826127,0.372776,-0.104699,0.491615,-0.395804,0.06003,0.792417,0.030893,-0.078824,0.18722,0.901495,-0.089929,-0.54621,-1.0
-0.262921,0.611165,-0.503016,0.132082,0.693736,0.259705,0.12312,0.716693,0.054703,0.051729,-0.806039,0.321794,0.420906,-0.17189,-0.960049
0.094011,-0.016027,0.587946,-0.681303,-0.255112,-0.693208,0.167076,0.398995,-0.082553,-0.055717,0.4797,0.70564,-0.262091,-0.439102,-1.0
0.008334,0.64911,0.080186,-0.899483,-0.08916,0.953093,0.067164,0.777918,0.110018,0.081819,0.250617,-0.87387,-0.210973,0.557855,-0.975259
-0.010777,-0.906721,-0.644949,-0.99213,0.762085,-0.924612,0.778604,0.601868,0.418473,-0.46322,-0.238287,-0.008914,0.522888,0.011438,-1.0
0.759007,-0.474008,-0.679759,-0.935756,0.587297,0.349783,0.810606,0.300218,0.576627,0.364221,-0.023643,-0.120829,-0.065654,0.439975,-1.0
-0.418056,0.040559,0.714249,0.702648,-0.683795,-0.415096,0.578781,0.221479,-0.431824,-0.187799,0.216106,0.440784,-0.276739,-0.331987,-1.0
0.56382,-0.804836,-0.19163,0.649949,-0.130023,0.883214,0.30393,0.757758,-0.031048,0.206783,0.278292,-0.607748,-0.229581,0.438609,-1.0
-0.953406,-0.414402,-0.714092,0.133845,0.583026,-0.367041,0.372795,0.97184,0.195151,-0.208562,-0.68735,-0.028568,0.484463,0.008879,-0.995499
-0.705444,0.769501,0.270136,0.617479,-0.500545,-0.60713,0.789845,0.431105,-0.373679,-0.52664,0.042688,0.229586,0.054321,-0.479428,-0.9929
-0.808064,0.586375,-0.038036,0.690258,-0.050706,0.113381,0.650865,0.248005,-0.280744,0.527477,-0.289131,0.287207,0.464947,-0.312463,-0.90983
0.215677,-0.592699,-0.988417,0.598164,0.563281,-0.605159,0.286363,0.531138,0.018573,-0.239299,-0.739341,0.057476,0.507898,0.010209,-1.0
0.1124,-0.092703,0.051459,-0.931805,0.59262,0.318598,0.374722,0.395655,0.213511,0.092053,-0.441925,-0.470697,0.355358,0.232899,-1.0
0.357468,-0.059832,0.124171,0.428728,0.162858,0.223322,0.689024,0.352872,0.250045,0.44357,0.121405,-0.253739,-0.24771,0.441173,-1.0
0.385399,-0.225738,-0.15634,0.359178,-0.5805,0.121525,0.789207,0.636046,-0.72095,0.09859,0.190865,-0.143151,-0.561846,0.214723,-1.0
0.189813,-0.091545,0.438764,0.87849,0.587057,-0.216173,0.879198,0.155742,0.697886,-0.193283,-0.102839,0.19384,0.449026,-0.131644,-0.982551
-0.574963,0.184479,-0.100743,0.201605,0.50804,0.660996,0.558962,0.731093,0.338452,0.335808,-0.361694,-0.209912,0.427128,0.239916,-0.972682
-0.896673,0.728236,0.661616,0.630722,0.079613,0.237068,0.168432,0.072452,-0.003041,0.052481,-0.757096,0.43702,0.442068,-0.19765,-0.931912
-0.169407,-0.172607,0.887253,-0.41903,0.141765,0.603723,0.165015,0.147765,-0.06592,0.183938,-0.357566,-0.683048,0.293378,0.448134,-1.0
-0.667626,0.475728,-0.989889,0.510765,-0.768988,0.200114,0.250892,0.389711,-0.143334,0.051431,0.213803,0.728527,-0.217675,-0.495403,-0.961072
-0.31217,-0.895766,0.415305,0.492039,-0.032248,0.899019,0.16508,0.250815,0.011913,0.151846,-0.140107,-0.763061,0.037996,0.48406,-1.0
0.841806,0.588571,0.575091,0.998317,0.156745,0.629442,0.518325,0.086157,0.157804,0.439752,0.441085,-0.068513,-0.420037,-0.096337,-0.997053
-0.267264,-0.407514,-0.436457,0.586838,0.050324,-0.813061,0.290112,0.918226,-0.08653,-0.134577,-0.417635,0.579109,0.337885,-0.399084,-1.0
-0.29201,0.435726,0.366857,0.034057,0.383962,-0.958249,0.447872,0.099431,0.143953,-0.373507,-0.17922,0.488151,0.151977,-0.473174,-0.976224
-0.166611,-0.403149,-0.111404,0.618932,-0.377787,0.30902,0.265106,0.917285,-0.155268,0.140731,0.227806,-0.632815,-0.188598,0.393784,-0.983523
-0.910526,0.35121,-0.178055,0.217909,-0.305107,0.994397,0.895482,0.236013,-0.274138,0.700849,-0.086126,-0.100771,0.364272,0.474398,-1.0
-0.782327,0.3523,0.073339,0.826812,0.747148,0.82874,0.708131,0.982592,0.385158,0.479128,-0.276211,-0.086711,0.48668,0.12829,-1.0
-0.415236,0.91518,-0.909567,0.506341,-0.745287,0.403864,0.271147,0.994802,-0.195166,0.008147,0.398453,0.61417,-0.270676,-0.4242,-1.0
0.369251,-0.74627,-0.451947,0.656187,0.568101,-0.154038,0.729837,0.000486,0.643664,-0.122447,-0.088498,-0.202332,0.112522,0.508774,-1.0
0.098118,0.5714,0.764622,0.147898,0.299144,0.332102,0.098218,0.560274,0.052022,0.036878,-0.600513,0.654778,0.286415,-0.452794,-1.0
0.933467,0.012296,-0.75939,0.658064,-0.39505,-0.04484,0.064245,0.596327,-0.02085,0.007846,0.882232,0.078261,-0.414545,-0.080619,-0.998917
0.077094,-0.321348,0.648823,-0.216197,-0.357337,0.765389,0.636831,0.644906,-0.219274,0.428786,0.150391,-0.279304,-0.147187,0.435546,-0.888368
-0.464858,-0.028657,0.296037,-0.722744,0.093972,-0.446713,0.848333,0.173039,0.162336,-0.672553,-0.129661,0.147467,0.330032,-0.309122,-1.0
-0.565456,-0.733385,0.289448,-0.041605,-0.337341,-0.300906,0.621961,0.222499,-0.403705,-0.257582,-0.198087,-0.239328,0.140056,0.391332,-1.0
-0.550768,0.933849,-0.174032,-0.267672,0.986078,0.99985,0.041256,0.614858,0.036972,0.096162,-0.990159,-0.072325,0.403379,0.078218,-0.889043
-0.293978,-0.904007,0.272593,-0.155074,-0.566358,0.114748,0.545925,0.5184,-0.336098,0.032325,0.059602,-0.413435,-0.14333,0.506737,-0.959675
0.118563,-0.405843,-0.445698,-0.108189,0.519889,-0.733726,0.889988,0.762997,0.380383,-0.627552,-0.004152,0.091954,0.337506,-0.358404,-0.89735
0.663646,-0.9397,0.445016,0.859896,0.500369,-0.052393,0.674025,0.144334,0.623293,-0.073156,0.046669,-0.355451,-0.099752,0.500008,-0.97148
0.002966,-0.846368,-0.923357,-0.354845,-0.352724,0.076366,0.795909,0.814,-0.619876,0.204283,0.036607,-0.151211,-0.153113,0.486632,-1.0
0.193734,-0.407561,-0.041446,-0.975783,-0.143931,0.394323,0.487215,0.271932,-0.063434,0.421742,0.243997,-0.444385,-0.198611,0.432835,-1.0
0.037795,0.995405,0.800862,0.233624,0.367667,-0.663976,0.947591,0.809688,0.438876,-0.597601,-0.019187,-0.009088,0.109265,-0.489383,-1.0
0.40192,0.180016,-0.084493,0.000868,0.117793,-0.093945,0.663068,0.28158,0.450611,-0.275961,0.274482,0.215032,-0.297473,-0.352563,-0.926508
-0.911672,-0.025261,0.701176,-0.934213,-0.650673,0.442372,0.638107,0.646621,-0.378773,0.354035,-0.12316,-0.365216,0.258385,0.516118,-0.973612
-0.307175,0.172651,0.576531,0.121838,0.155404,-0.361041,0.054213,0.009874,0.040759,-0.003476,-0.63939,0.721427,0.2987,-0.432652,-1.0
0.489511,0.262449,0.206987,-0.712638,-0.041348,0.694334,0.37205,0.45107,-0.006661,0.383578,0.489834,-0.434644,-0.46211,0.347841,-1.0
0.543348,0.703728,-0.914324,-0.490858,0.349254,0.328628,0.397553,0.962374,0.321761,0.203564,0.263184,0.550206,-0.269017,-0.500906,-0.985744
0.471554,0.631372,-0.744482,0.569741,-0.041316,-0.212063,0.929732,0.445678,-0.033788,-0.684208,0.020903,0.042243,-0.329648,-0.463989,-1.0
-0.930278,-0.249912,0.871303,0.911447,0.980699,0.427179,0.879819,0.976121,0.629921,0.329702,-0.042716,-0.060857,0.538068,0.18715,-0.961641
0.749386,-0.003333,0.039767,0.039659,0.627344,0.498173,0.733813,0.5032,0.422859,0.342274,0.063267,-0.340949,-0.089568,0.501522,-1.0
-0.901853,-0.736126,-0.317178,-0.737374,0.200018,-0.180231,0.652602,0.360353,0.430095,-0.325545,-0.287954,-0.051416,0.502499,0.132002,-0.94892
-0.635291,-0.41337,-0.040131,-0.812904,0.819676,-0.10572,0.940069,0.973806,0.708734,-0.04418,-0.103904,-0.040187,0.46323,0.077993,-0.960722
0.127909,0.863437,0.775617,-0.449156,-0.349662,-0.572802,0.053942,0.012641,-0.069666,-0.040413,0.301268,0.842523,-0.143994,-0.525302,-1.0
0.005612,0.811117,0.314789,-0.173709,0.680361,-0.691471,0.949971,0.926069,0.50655,-0.583361,-0.102774,0.18849,0.249286,-0.474416,-1.0
-0.352842,0.605932,0.478812,-0.099295,-0.148277,0.488657,0.376633,0.209147,-0.161275,0.27701,-0.479856,0.2506,0.392886,-0.300549,-0.986602
0.348526,0.681369,-0.317813,0.80724,-0.324671,-0.20851,0.521674,0.971564,-0.25683,-0.20165,0.307805,0.394053,-0.295927,-0.399966,-1.0
-0.610437,0.386532,0.652388,-0.760312,0.07257,0.345391,0.664204,0.670444,0.137855,0.559332,-0.378505,0.081928,0.525753,0.027372,-1.0
-0.31949,-0.006458,-0.646485,0.476205,0.258323,-0.639289,0.008722,0.860528,-0.015642,0.017847,-0.660713,0.659085,0.250527,-0.415,-1.0
0.528849,0.001185,0.617134,-0.757511,-0.651281,0.456183,0.531557,0.8585,-0.328448,0.222739,0.338274,-0.066827,-0.427051,0.253348,-0.937377
-0.430327,-0.75382,-0.488955,-0.46315,0.100805,0.815558,0.661313,0.807628,0.123191,0.616645,0.03276,-0.329543,0.195394,0.458269,-0.940129
-0.712957,0.677809,-0.840843,0.637727,-0.576187,-0.800659,0.110626,0.525411,-0.174857,-0.049304,-0.136249,0.862163,0.034129,-0.526838,-1.0
-0.088575,0.870592,0.313445,-0.669506,-0.016602,0.067573,0.690122,0.750467,-0.159829,0.553654,0.021276,0.26442,-0.04099,-0.462939,-0.986924
-0.827628,0.672043,-0.658696,0.181128,0.183543,-0.305409,0.491735,0.803617,0.20001,-0.298298,-0.309969,0.331492,0.450825,-0.31128,-1.0
0.643149,-0.049481,-0.468307,-0.644846,-0.108658,-0.90581,0.58013,0.07963,-0.061346,-0.476626,0.302849,0.315175,-0.360465,-0.348173,-1.0
0.713104,0.203431,0.856053,-0.241719,0.925856,-0.575877,0.717663,0.429906,0.464757,-0.246066,0.023084,0.28583,0.11101,-0.510456,-0.915238
-0.301953,0.323241,-0.518323,-0.914313,-0.338259,-0.039404,0.975202,0.445612,-0.872927,-0.068301,-0.12357,-0.022431,-0.050043,-0.530261,-0.931644
-0.971055,0.235068,-0.404368,-0.594212,0.713594,0.479685,0.422874,0.809288,0.333216,0.193837,-0.547238,-0.066464,0.560458,0.160521,-0.981042
-0.426981,-0.341641,0.238934,0.243158,-0.202,0.632044,0.554486,0.454338,-0.14386,0.418485,-0.103799,-0.399716,0.08898,0.454035,-1.0
0.083031,-0.79407,-0.38722,0.117399,0.357726,-0.257827,0.983312,0.836077,0.648782,-0.385105,-0.017257,0.008521,0.27029,0.325126,-1.0
-0.682227,0.482884,0.094978,0.959075,0.376088,-0.08252,0.820842,0.758846,0.618797,-0.162077,-0.179937,0.0733,0.472658,-0.30671,-1.0
0.080117,0.88713,0.125388,-0.733743,0.998123,-0.503536,0.160251,0.598412,0.120355,-0.127715,-0.425827,0.634493,0.203738,-0.399549,-0.967374
0.305975,0.680606,0.208038,0.403256,0.093893,0.71849,0.166177,0.673668,0.092184,0.205444,0.864773,-0.112986,-0.432722,0.114558,-1.0
-0.590146,-0.387761,0.898501,-0.719412,0.420541,0.466267,0.630406,0.951429,0.382483,0.402091,-0.182074,-0.269411,0.428157,0.320467,-0.943761
-0.137873,-0.691707,-0.488924,0.868425,-0.64108,0.637357,0.181965,0.827393,-0.055804,0.048588,0.32549,-0.759924,-0.163806,0.463859,-0.975353
-0.184122,0.898394,-0.327472,-0.832687,0.040782,-0.433834,0.092147,0.816131,0.018804,-0.156185,-0.217247,0.896837,0.044834,-0.423981,-0.996996
0.111673,0.310977,0.877416,0.583888,0.289462,0.271116,0.179404,0.6128,0.09584,0.100425,-0.80003,0.230004,0.481895,-0.008768,-1.0
0.563352,-0.45498,0.867215,-0.407419,-0.500312,0.584371,0.662126,0.616367,-0.299835,0.361254,0.293989,-0.268833,-0.299146,0.369667,-1.0
-0.922171,-0.294184,0.818083,-0.043729,-0.022494,0.29874,0.269395,0.593972,-0.010142,0.221,-0.525685,-0.430418,0.4419,0.223462,-0.964055
0.043993,-0.479204,0.998317,0.593756,-0.478674,-0.371864,0.618353,0.624095,-0.389602,-0.338093,0.321246,-0.119433,-0.603294,0.260748,-1.0
-0.734989,-0.451021,-0.125706,-0.956434,0.434996,-0.183983,0.507799,0.788006,0.470728,-0.138664,-0.427708,0.044861,0.480826,0.19612,-1.0
-0.225756,-0.142379,-0.13601,0.404093,0.602228,-0.127822,0.423964,0.018867,0.362138,-0.066573,-0.494243,-0.011036,0.440735,-0.02802,-0.982273
-0.305818,-0.174258,-0.925596,-0.739072,-0.136058,0.433677,0.480154,0.185736,-0.081777,0.340604,-0.044307,-0.451566,0.171735,0.513449,-0.992079
0.153402,-0.333899,0.603067,-0.69646,0.456136,0.843225,0.154847,0.254206,0.055561,0.177973,-0.22292,-0.86119,0.094894,0.437472,-0.957624
-0.90657,0.95518,-0.435898,0.180907,0.965716,-0.600955,0.542546,0.579298,0.422057,-0.221478,-0.380988,0.328636,0.495053,-0.321794,-1.0
-0.191846,0.211664,0.708613,-0.697345,-0.160304,-0.948956,0.670714,0.146226,-0.161711,-0.584727,-0.038221,0.399278,0.009516,-0.514972,-1.0
-0.713263,0.724215,-0.976689,-0.462934,-0.759746,-0.610243,0.610429,0.756909,-0.388276,-0.31005,0.053313,0.375861,-0.113062,-0.483215,-1.0
-0.655475,-0.482125,-0.959197,-0.287388,-0.036064,0.597582,0.739481,0.261121,-0.053928,0.605452,-0.009675,-0.139248,0.275755,0.451909,-1.0
0.889045,0.248071,0.14667,0.033108,-0.986426,-0.851116,0.307394,0.5038,-0.195565,-0.1803,0.580271,0.351361,-0.464942,-0.254539,-0.989041
0.490529,-0.342416,-0.187405,-0.548103,-0.44668,-0.699293,0.006103,0.900242,0.036372,-0.031826,0.925776,0.344282,-0.471799,-0.148702,-1.0
-0.845948,-0.103205,-0.693818,0.709892,0.611945,-0.756155,0.782038,0.920321,0.43522,-0.5247,-0.261471,0.216631,0.417087,-0.150196,-0.988042
-0.50163,0.766728,0.932848,0.500841,-0.59643,0.820851,0.032205,0.571256,-0.03023,0.065229,0.835153,-0.506286,-0.384069,0.233044,-0.896124
-0.129024,-0.306089,-0.072015,-0.101531,-0.880949,-0.383292,0.041284,0.46593,-0.039028,0.01327,1.0,0.062332,-0.504442,-0.058166,-1.0
-0.185206,-0.055207,0.586937,-0.84955,0.071248,0.655752,0.358566,0.031065,-0.023106,0.270079,-0.223529,-0.549508,0.20717,0.379774,-0.965012
-0.966309,0.312466,-0.74887,0.761961,0.32188,-0.6863,0.802304,0.94233,0.227838,-0.621196,-0.118385,0.148159,0.405383,-0.320137,-1.0
-0.148056,0.438318,-0.854189,0.770002,-0.848538,-0.660028,0.916244,0.574667,-0.661277,-0.484689,0.034677,0.065863,-0.247525,-0.427654,-0.980811
-0.029177,-0.098048,0.878791,-0.254539,0.862324,-0.606199,0.345879,0.124377,0.232166,-0.228371,-0.576748,0.343753,0.405119,-0.313794,-0.957303
0.487771,-0.65699,0.989271,-0.714305,-0.327839,0.581228,0.8694,0.995525,-0.321531,0.621759,0.097465,-0.09283,-0.27148,0.390219,-0.982971
0.87481,-0.017562,0.032701,0.244322,0.396253,-0.84267,0.679153,0.674017,0.213747,-0.488593,0.172314,0.327911,-0.133294,-0.382688,-1.0
-0.227782,-0.150793,0.17701,-0.150779,-0.360277,-0.158839,0.528625,0.848192,-0.388043,-0.075983,0.492934,0.054392,-0.455564,0.05399,-1.0
0.682881,0.348665,-0.469605,0.336534,0.373079,0.174836,0.50518,0.341456,0.315944,0.050494,0.422311,0.294172,-0.44681,-0.284892,-1.0
0.987389,-0.654113,0.343389,-0.699514,0.78844,0.999739,0.177372,0.471065,0.131211,0.045184,0.121543,-0.815301,-0.04917,0.523711,-0.911791
0.558059,-0.214951,0.010802,-0.132388,0.859086,-0.52663,0.049554,0.056574,0.095463,-0.074434,-0.705679,0.676941,0.374485,-0.374804,-1.0
0.773217,-0.895406,-0.303316,0.459418,0.99808,-0.229653,0.016549,0.488858,0.049091,-0.039097,-0.380756,-0.836052,0.188218,0.503088,-0.954296
0.432125,-0.91147,-0.870627,0.011736,-0.749504,0.710861,0.447338,0.075036,-0.198017,0.307474,0.231774,-0.466498,-0.265222,0.417155,-0.936466
0.12025,-0.808145,-0.953537,-0.30269,-0.069613,0.109012,0.144054,0.686167,-0.087388,0.116075,0.169103,-0.872194,-0.139357,0.474686,-1.0
0.985698,0.354564,-0.291722,-0.98678,0.366072,0.873453,0.934672,0.398969,0.306623,0.707034,-0.003591,0.037509,-0.359996,0.354394,-1.0
-0.300511,0.263086,0.513024,-0.666085,-0.878648,0.943117,0.993819,0.099434,-0.524574,0.593824,0.02026,0.0614,-0.312997,0.415232,-0.996466
0.117637,0.952212,0.338941,0.481608,0.504927,-0.147588,0.005095,0.457299,-0.004781,0.060207,-0.250489,0.978412,0.077349,-0.513159,-0.92707
-0.19354,0.000484,0.324351,-0.91617,-0.071217,0.577493,0.014874,0.48145,-0.089435,0.066433,-0.206052,-0.976902,0.074238,0.491006,-1.0
0.929318,-0.883891,-0.322879,-0.598416,-0.294012,0.442389,0.29681,0.925921,-0.18409,0.140642,0.571315,-0.521865,-0.364057,0.459454,-0.927472
-0.343102,-0.482213,-0.17612,-0.431961,-0.784501,-0.894599,0.423298,0.410334,-0.202261,-0.258148,0.479886,0.382922,-0.338627,-0.28668,-0.867932
0.388842,0.958349,0.444787,0.308358,-0.381927,0.247993,0.630914,0.380134,-0.416274,0.292536,0.264745,0.292463,-0.296832,-0.349722,-1.0
0.302363,0.31008,0.694144,0.471102,-0.839836,-0.654071,0.487558,0.232165,-0.39579,-0.297146,0.347847,0.349056,-0.43917,-0.36716,-1.0
-0.34638,0.961157,0.428646,-0.902061,0.349585,0.998127,0.858546,0.8835,0.164319,0.68201,-0.147068,0.078674,0.485673,0.065631,-1.0
-0.698758,0.585438,0.768094,-0.401934,-0.89392,-0.429758,0.016096,0.924435,-0.06369,-0.05447,0.139959,0.976157,0.012699,-0.460668,-1.0
-0.17871,-0.228579,-0.502187,0.560377,0.018114,0.453742,0.051097,0.720455,0.038556,0.099323,-0.261204,-0.835559,0.120315,0.495351,-1.0
-0.716255,-0.997989,-0.985035,0.674312,0.345812,-0.318695,0.262782,0.297318,0.198124,-0.237128,-0.580441,-0.384348,0.343087,0.257301,-0.952336
-0.231927,-0.950839,0.840369,-0.213642,-0.715404,-0.821858,0.092236,0.72977,-0.048402,-0.0012,0.880092,-0.196422,-0.503837,-0.000142,-0.824788
-0.145301,-0.019192,-0.612355,-0.831568,-0.966329,0.748399,0.679945,0.744958,-0.454182,0.30081,0.303141,-0.20032,-0.349106,0.327484,-1.0
-0.459824,0.223622,0.546751,0.641442,-0.410995,0.719583,0.012579,0.576122,-0.142788,-0.051234,-0.061053,-0.94125,0.047673,0.499831,-1.0
0.082811,-0.854496,0.477775,-0.63195,0.664133,-0.563798,0.739328,0.573071,0.405003,-0.400906,-0.154952,-0.179583,0.374778,0.20529,-0.962178
-0.341094,0.275074,-0.215127,-0.993191,-0.111666,-0.729929,0.283828,0.29655,0.024076,-0.228649,-0.153363,0.628751,0.047353,-0.394094,-0.974631
0.046855,-0.930096,0.818737,0.179841,0.164327,-0.211067,0.426394,0.686653,0.262008,-0.363186,-0.093202,-0.512831,0.084953,0.46224,-0.990974
-0.569338,0.942957,-0.725826,-0.950126,-0.381672,-0.166291,0.820963,0.052038,-0.625553,-0.183131,0.015698,0.217113,0.069109,-0.486656,-1.0
-0.56191,0.506077,-0.871045,-0.854509,0.227416,-0.996874,0.249657,0.726083,-0.063244,-0.247262,-0.36092,0.6453,0.192934,-0.474973,-1.0
0.660717,0.415403,0.618957,0.62918,-0.405579,-0.484029,0.524325,0.693407,-0.220512,-0.337525,0.412092,0.268807,-0.357238,-0.254653,-0.993687
-0.722353,-0.781097,0.955894,0.373775,-0.508773,0.79116,0.878017,0.042835,-0.408697,0.546951,-0.007938,-0.141262,0.109044,0.517794,-1.0
-0.327671,0.723044,-0.03387,-0.477755,-0.740912,0.805476,0.376535,0.949073,-0.110669,0.153187,0.684017,-0.176644,-0.569677,0.07711,-1.0
-0.33343,0.925713,-0.36555,0.44897,-0.598674,-0.027457,0.700257,0.069559,-0.508959,-0.063886,0.088142,0.304982,-0.135992,-0.438508,-0.989274
-0.917883,-0.908046,-0.439053,0.723253,0.300441,-0.431861,0.444464,0.770033,0.23125,-0.294245,-0.488184,-0.203637,0.518469,0.203728,-1.0
-0.018473,-0.554125,0.309747,0.029703,0.107702,-0.526638,0.88512,0.705011,0.167823,-0.718467,-0.110266,-0.055429,0.501384,0.097604,-1.0
0.308452,-0.79004,0.030775,0.61952,0.693854,0.34214,0.193625,0.546285,0.141585,0.016075,-0.194783,-0.743409,0.118333,0.526189,-0.948101
-0.008652,0.993488,0.152062,-0.404397,0.84552,0.983516,0.286237,0.70747,0.105118,0.209955,-0.692526,0.037986,0.51347,-0.060592,-1.0
-0.543901,-0.352503,-0.779925,-0.054657,-0.467794,0.069225,0.372706,0.163134,-0.371893,0.024712,-0.20046,-0.554571,0.071968,0.478819,-1.0
-0.293471,-0.277331,-0.635076,-0.440389,0.557908,0.160435,0.373421,0.452019,0.333908,0.143915,-0.695139,-0.360725,0.435318,0.21269,-1.0
-0.082722,-0.981493,-0.721248,-0.387837,-0.856667,0.87007,0.885091,0.097076,-0.519943,0.471981,0.071492,-0.089068,-0.085901,0.394767,-1.0
-0.542127,0.932737,-0.082501,-0.569162,0.361981,-0.947222,0.766605,0.267621,0.221446,-0.592697,-0.093476,0.182087,0.172964,-0.43829,-0.99817
0.253473,-0.618958,-0.464489,0.242152,-0.014191,0.444851,0.863443,0.171224,0.026138,0.650917,-0.05395,-0.120945,-0.131691,0.420699,-0.911994
0.300128,0.393383,-0.467161,0.052047,-0.722062,0.335455,0.555589,0.449921,-0.503536,0.222074,0.421955,0.060401,-0.529077,-0.033467,-1.0
0.344481,-0.199371,-0.51443,-0.378386,-0.395373,-0.810799,0.914671,0.160476,-0.340951,-0.623732,0.066762,-0.011348,-0.385347,-0.216419,-0.969192
-0.561828,0.730344,-0.638706,-0.769355,0.752923,0.475649,0.539138,0.381719,0.413581,0.221719,-0.416844,0.085648,0.394425,-0.156569,-1.0
0.609978,0.202935,-0.673833,0.826267,-0.630087,-0.656478,0.091738,0.420108,-0.081898,-0.063622,0.756011,0.52469,-0.420534,-0.266682,-1.0
-0.723865,-0.385648,0.315317,0.461584,-0.120987,0.643024,0.848939,0.929964,-0.051425,0.685795,-0.125732,-0.128398,0.29506,0.400017,-1.0
0.076033,0.478592,0.526216,0.687994,0.447709,0.684408,0.802379,0.626031,0.356984,0.554672,-0.125019,-0.079615,0.439237,0.166163,-0.94177
-0.613317,0.006437,0.063677,0.322026,-0.118843,-0.388693,0.588879,0.813906,-0.142075,-0.486917,-0.367638,0.201793,0.373849,-0.321142,-1.0
-0.93435,-0.398469,-0.698401,-0.778581,0.125292,-0.70567,0.022056,0.567498,0.000298,0.055502,-0.99844,0.226932,0.45331,-0.085204,-1.0
-0.984188,0.887235,0.792252,-0.565068,-0.779092,-0.317585,0.393869,0.728648,-0.399626,-0.144462,0.005592,0.55722,0.096754,-0.505688,-0.977232
-0.154957,-0.932028,0.204602,0.52345,-0.990284,-0.37723,0.880291,0.896644,-0.619856,-0.276523,0.024131,-0.177439,-0.321035,0.27076,-1.0
0.084334,-0.924454,-0.004886,0.689308,0.822503,-0.610314,0.188239,0.47332,0.070744,-0.076884,-0.721809,-0.250529,0.39902,0.293787,-0.875362
0.897412,0.846268,0.358499,-0.966481,0.348675,-0.816875,0.78794,0.373643,0.264076,-0.628887,0.071095,0.181851,-0.173108,-0.399158,-1.0
-0.470204,-0.254521,-0.105862,0.752334,-0.741487,-0.082297,0.206805,0.737759,-0.205827,-0.071518,0.652861,-0.388752,-0.399567,0.158888,-1.0
-0.979495,-0.971052,0.970327,-0.197591,0.772876,0.917321,0.427988,0.050256,0.14577,0.226294,-0.374034,-0.348003,0.331552,0.364495,-0.949606
0.892208,-0.78011,-0.906168,0.552114,-0.822524,-0.112601,0.144281,0.224043,-0.111968,-0.045405,0.769107,-0.38014,-0.394195,0.191762,-0.973488
-0.912477,-0.765041,0.452841,0.577028,0.58383,0.041153,0.598361,0.675253,0.422201,0.075274,-0.414629,-0.182166,0.431749,0.2438,-0.978411
-0.795978,-0.966403,0.119203,0.717585,-0.749256,-0.813934,0.920322,0.61666,-0.471409,-0.556233,-0.097847,-0.022388,0.077646,0.559104,-0.974888
-0.472327,-0.261005,-0.731361,-0.549789,-0.811936,-0.869,0.214098,0.450732,-0.097968,-0.023583,0.4219,0.721741,-0.204502,-0.405797,-1.0
-0.129255,-0.584089,-0.543547,0.395287,-0.784014,0.175118,0.367907,0.62738,-0.344092,-0.003334,0.438579,-0.51061,-0.289507,0.348087,-0.994064
0.555248,0.585625,-0.721016,-0.723673,-0.813987,0.374004,0.550704,0.564486,-0.412371,0.167055,0.488515,0.0604,-0.426039,0.001378,-1.0
-0.253739,0.276796,-0.944101,-0.924539,0.329539,0.294754,0.107666,0.499506,0.009673,0.10729,-0.926666,-0.020568,0.557492,-0.012278,-1.0
0.899969,-0.652354,-0.252572,0.187698,-0.311342,-0.030685,0.730439,0.00134,-0.564669,0.105726,0.219978,-0.169289,-0.442957,0.163422,-1.0
0.069422,-0.713047,0.338615,-0.278055,0.428004,0.631564,0.013353,0.181808,-0.033737,0.009454,-0.237894,-0.933884,0.134794,0.438461,-1.0
-0.039673,0.15198,-0.389346,-0.821571,0.227452,0.883331,0.962076,0.74027,0.213483,0.795093,-0.06489,0.009149,0.235766,0.488463,-0.978241
-0.751653,-0.30177,0.099468,0.485317,0.56259,-0.391828,0.055232,0.91877,0.107852,-0.049291,-0.989544,0.098433,0.525436,-0.067146,-0.941057
-0.096494,0.505119,0.785401,-0.844901,-0.285154,0.273204,0.767275,0.909551,-0.521846,0.342859,0.259422,0.119044,-0.261339,-0.350789,-1.0
-0.612073,-0.724722,-0.254137,0.08524,-0.57244,0.114376,0.475888,0.244576,-0.372223,-0.031259,-0.004399,-0.485219,-0.023459,0.46783,-1.0
-0.060446,-0.72283,-0.775164,-0.187214,0.619489,0.733504,0.378229,0.219485,0.205006,0.159846,-0.241587,-0.613633,0.18161,0.414474,-0.982324
-0.430938,-0.13714,0.42367,-0.084487,-0.801222,-0.899292,0.059462,0.764743,0.055382,-0.03884,0.380887,0.855661,-0.2317,-0.39822,-0.974583
0.361886,0.308154,0.045575,0.404615,-0.690337,0.52131,0.932364,0.331551,-0.576301,0.492071,0.091832,0.050068,-0.507666,0.115424,-1.0
0.41572,-0.244224,-0.278335,-0.001058,-0.570038,-0.393603,0.437527,0.031399,-0.23111,-0.209275,0.483586,0.140466,-0.489789,0.001882,-1.0
-0.102674,0.575485,-0.452047,0.814597,-0.09549,0.222991,0.875391,0.121977,-0.266705,0.669601,-0.008551,0.123585,0.021311,-0.548005,-1.0
-0.523007,0.584753,0.880059,-0.004224,-0.24781,-0.903539,0.756085,0.259549,-0.199833,-0.558208,-0.033078,0.247816,0.056776,-0.389609,-1.0
0.529217,0.950198,0.708033,-0.612593,0.470549,0.806822,0.150769,0.952497,-0.005933,0.143774,0.362074,0.836711,-0.261476,-0.447711,-0.959804
0.788422,-0.999458,0.718146,-0.695289,-0.098632,0.912716,0.250672,0.167592,0.014422,0.251568,0.347463,-0.669609,-0.243022,0.452036,-1.0
0.492762,0.1376,-0.775658,0.512209,-0.164501,0.137629,0.957923,0.569759,-0.563638,0.493732,-0.02542,-0.006467,-0.610422,0.068696,-1.0
-0.744051,-0.896696,0.425606,-0.126572,-0.691142,0.819544,0.742205,0.5791,-0.42732,0.480398,-0.033563,-0.268754,-0.006752,0.507743,-0.96993
0.055685,-0.372437,-0.375394,-0.793448,0.04671,0.236929,0.392928,0.648561,0.022705,0.293513,-0.00335,-0.54601,-0.026451,0.496406,-0.959108
0.385186,0.374229,0.758854,-0.242353,-0.482586,0.739032,0.52593,0.122039,-0.303185,0.414991,0.35674,-0.178114,-0.469952,0.211925,-1.0
0.234812,-0.444046,0.147862,-0.46796,0.086016,0.645499,0.316551,0.693987,0.0324,0.228183,0.048062,-0.596354,-0.058974,0.542471,-0.916021
0.65733,0.299923,0.161949,0.425791,-0.974317,-0.399815,0.85558,0.074141,-0.737341,-0.166802,0.221682,0.083289,-0.467581,-0.209355,-0.989337
0.40115,-0.492948,0.602206,-0.634214,0.074793,0.486824,0.505417,0.450781,0.057095,0.475586,0.129737,-0.449975,-0.118745,0.487431,-1.0
0.434825,0.346268,-0.043229,0.769959,-0.948023,0.670585,0.482219,0.052885,-0.310147,0.354542,0.52202,-0.170277,-0.358563,0.104313,-0.96129
0.86494,0.665159,-0.582895,0.160919,-0.875292,-0.584605,0.087946,0.412365,-0.133728,-0.094602,0.801947,0.500652,-0.39199,-0.23609,-0.997814
0.713822,0.647796,-0.134729,-0.560559,-0.960811,-0.359367,0.155898,0.874401,-0.106024,-0.136647,0.694765,0.427292,-0.44098,-0.219557,-0.928943
0.399364,-0.407348,-0.476755,0.231733,0.994684,-0.594313,0.390137,0.862299,0.178597,-0.159096,-0.58311,0.223751,0.450896,-0.175289,-1.0
-0.175009,-0.714568,-0.170928,-0.470327,0.779604,-0.794201,0.947245,0.173376,0.477298,-0.602258,-0.180474,0.055145,0.513207,-0.124914,-1.0
0.777617,0.659729,-0.164775,0.068413,0.491331,0.122175,0.314304,0.509837,0.263772,0.113335,0.351712,0.639318,-0.278722,-0.421559,-1.0
0.344442,-0.691547,0.10991,-0.286686,0.098875,-0.191466,0.506523,0.637491,0.127098,-0.335202,0.240271,-0.37452,-0.169191,0.472129,-1.0
-0.152802,-0.963743,0.872602,-0.798917,-0.382845,0.388452,0.205344,0.023563,-0.086665,0.114963,0.169281,-0.764657,-0.017592,0.419216,-0.899433
-0.083294,-0.572228,-0.270042,0.208236,0.934565,0.434573,0.626642,0.112907,0.50228,0.204141,-0.194656,-0.298697,0.305441,0.349283,-0.934192
0.399735,-0.873953,0.654317,-0.705939,-0.417576,-0.843751,0.634897,0.153249,-0.197733,-0.554173,0.406183,0.075552,-0.527981,-0.007735,-0.965118
-0.318271,-0.538836,0.739769,-0.470957,-0.082974,0.476763,0.671861,0.185876,0.008328,0.493825,-0.104156,-0.258677,0.073281,0.590276,-0.983511
0.107092,0.199873,0.933167,-0.387222,0.520588,0.798719,0.331379,0.528536,0.172169,0.238727,-0.350922,-0.549121,0.27996,0.508067,-0.999434
0.352606,-0.507969,0.199404,0.386796,-0.38876,-0.91999,0.304212,0.754701,-0.092168,-0.35256,0.646616,0.305297,-0.440037,-0.218911,-0.953796
0.745873,0.069648,0.973091,0.654002,0.975511,-0.992592,0.983097,0.11857,0.567906,-0.532358,0.096632,-0.063508,0.116216,-0.412407,-0.892717
-0.561632,0.237969,0.032201,0.913684,-0.651452,-0.921206,0.63338,0.225121,-0.32492,-0.429283,0.110842,0.365089,-0.013542,-0.432769,-1.0
-0.211717,0.081021,0.35875,-0.476985,-0.395566,0.271007,0.512128,0.237812,-0.430151,0.30824,0.253693,-0.463211,-0.265492,0.325362,-1.0
0.974589,-0.377597,0.114162,0.321785,-0.875928,-0.477114,0.448874,0.812203,-0.330635,-0.154615,0.507337,0.051334,-0.465578,-0.060286,-0.997866
0.987649,-0.859354,-0.581227,-0.237124,0.602917,-0.864618,0.692462,0.384713,0.354183,-0.447182,0.206724,0.01786,-0.494277,-0.024383,-0.935405
0.772641,-0.502657,0.504673,0.704471,-0.186272,0.714995,0.108259,0.956388,-0.031921,0.039037,0.644311,-0.683886,-0.219636,0.37144,-1.0
-0.506732,-0.344953,0.574243,0.988285,0.637002,-0.443947,0.01102,0.694057,0.029656,0.104766,-0.943885,0.009612,0.547176,-0.021621,-0.983454
0.181632,-0.666852,0.495243,0.135583,-0.037227,-0.456743,0.2112,0.463179,-0.021766,-0.16376,0.590186,-0.491265,-0.429235,0.317025,-0.950301
0.732851,0.436053,-0.116808,0.119477,0.760219,0.533971,0.367073,0.598926,0.129867,0.157288,-0.185854,-0.685961,0.159811,0.506126,-0.987319
-0.894241,-0.73579,-0.06927,0.765759,-0.142472,0.922491,0.899682,0.777916,-0.230126,0.715493,-0.025385,-0.114452,0.18972,0.48984,-1.0
0.026321,0.457409,-0.209371,-0.372049,0.976954,-0.929371,0.008903,0.955117,0.054257,0.04383,-0.581796,0.799116,0.289751,-0.448832,-0.914574
-0.342412,0.222402,-0.948925,0.595408,-0.48649,0.731393,0.496047,0.396643,-0.276317,0.232333,0.090361,-0.48992,-0.066781,0.471637,-0.974643
-0.630254,0.677545,0.258056,0.445253,-0.30848,0.313807,0.041794,0.759533,-0.038018,0.025616,-0.620051,0.756275,0.371131,-0.355339,-1.0
0.764583,-0.200415,-0.136909,0.590351,0.273576,0.197748,0.445922,0.522152,0.366777,0.267275,0.418284,-0.476992,-0.357045,0.309362,-1.0
-0.255929,0.587548,0.415159,-0.536735,0.254055,-0.20741,0.746912,0.834471,0.508963,-0.334331,-0.151784,0.187893,0.172719,-0.4311,-1.0
-0.059442,-0.397335,-0.337614,0.215798,-0.060806,-0.022791,0.640256,0.041664,-0.587001,-0.149035,0.017336,-0.449446,-0.076822,0.444328,-1.0
-0.562923,0.997862,-0.667146,0.964957,0.652482,0.290034,0.622568,0.221163,0.463704,0.263509,-0.279326,0.234455,0.402557,-0.260136,-1.0
0.170003,-0.535361,-0.01055,0.312755,0.211808,0.939505,0.414369,0.323022,0.071091,0.419089,0.040818,-0.564074,0.075972,0.487258,-0.973785
0.22386,0.244676,0.819454,0.746502,-0.775059,-0.260949,0.862315,0.125869,-0.71317,-0.284099,0.10603,0.20733,-0.371899,-0.155912,-1.0
0.272418,0.22416,-0.51562,-0.611146,0.81354,-0.700063,0.834059,0.068841,0.467345,-0.415618,-0.094571,0.208315,0.253995,-0.291015,-1.0
-0.373508,0.918565,-0.914691,-0.1417,-0.995958,0.669452,0.926523,0.186768,-0.586082,0.429386,0.046562,0.034658,-0.334884,-0.20743,-1.0
-0.368654,0.877587,-0.893935,0.412566,0.213872,0.011876,0.117555,0.683147,0.040244,-0.041645,-0.457273,0.821782,0.214603,-0.312756,-1.0
0.584033,0.119659,-0.073647,-0.925553,0.745944,-0.917077,0.629399,0.162347,0.267678,-0.376318,-0.087281,0.331093,0.066492,-0.393268,-1.0
0.674217,0.924602,0.761766,-0.694434,-0.386717,-0.448208,0.366963,0.398946,-0.206914,-0.227017,0.414162,0.46411,-0.332809,-0.394542,-0.992441
0.686189,0.167225,0.3757,-0.817974,-0.758467,-0.839815,0.690611,0.178493,-0.43413,-0.469284,0.229501,0.193707,-0.393835,-0.298742,-0.949453
0.421924,0.826008,-0.276955,-0.154522,0.274858,-0.12705,0.506152,0.144595,0.358664,-0.19204,0.158584,0.411724,-0.037336,-0.476338,-1.0
-0.146296,0.940514,-0.115929,-0.883348,-0.585503,-0.445866,0.550724,0.128134,-0.380867,-0.213086,0.157588,0.490874,-0.18241,-0.434585,-0.903951
0.063491,0.832249,-0.980121,-0.012276,-0.086903,-0.440878,0.973752,0.414368,-0.241338,-0.717657,-0.030104,-0.022955,-0.157157,-0.386331,-0.979498
-0.867477,-0.106542,-0.399527,-0.514621,-0.688817,-0.102587,0.297654,0.259692,-0.279368,-0.067254,-0.770284,-0.005095,0.509794,-0.001237,-1.0
-0.380481,-0.059393,-0.714565,0.33669,-0.292683,0.187085,0.397811,0.932431,-0.264732,0.133372,-0.203749,-0.631054,0.145552,0.56445,-0.902371
-0.855498,-0.373232,-0.431013,-0.413223,-0.019243,0.616684,0.502284,0.749978,-0.025672,0.36969,-0.313845,-0.342998,0.299284,0.351745,-0.974587
-0.601314,0.863367,-0.182531,-0.060216,0.398889,-0.16038,0.132968,0.905099,0.250088,-0.039989,-0.581924,0.589588,0.345644,-0.326183,-0.949047
-0.980869,0.329686,0.672295,-0.857512,-0.516338,0.827992,0.441039,0.671504,-0.198507,0.290167,-0.337572,-0.366587,0.36187,0.285476,-0.950361
0.949599,0.628167,0.05084,0.129978,-0.207231,0.48651,0.927802,0.714587,-0.343791,0.681509,0.135524,0.177457,-0.500893,-0.08841,-0.985394
-0.236604,-0.347375,0.188054,-0.878647,0.720515,-0.723148,0.243896,0.188394,0.071121,-0.140618,-0.701477,0.230551,0.445076,-0.122297,-0.963113
-0.930698,0.183246,-0.319176,0.902873,0.495806,0.242856,0.380032,0.882962,0.247663,0.138392,-0.675357,-0.059144,0.470213,0.046635,-1.0
0.831845,0.726178,0.45113,0.335077,-0.100043,-0.992049,0.25342,0.519028,-0.035338,-0.119778,0.361592,0.612399,-0.219594,-0.423422,-0.965047
0.001481,0.094256,-0.436032,-0.843954,-0.878354,-0.878711,0.16257,0.851568,-0.035303,-0.122586,0.644597,0.597656,-0.335727,-0.345377,-0.925796
-0.13989,-0.947458,0.351505,-0.532345,0.790646,-0.673394,0.223644,0.124847,0.200974,-0.126771,-0.794066,-0.128393,0.473893,0.142061,-0.986352
-0.987166,0.597466,-0.33503,-0.394641,0.424727,0.376104,0.393684,0.225362,0.174263,0.217582,-0.556279,0.085313,0.387885,0.011689,-1.0
0.88957,-0.174042,-0.101841,-0.233713,-0.508526,-0.940828,0.044815,0.558447,0.060227,-0.129915,0.850542,0.527696,-0.361653,-0.232391,-1.0
-0.395567,-0.528672,0.40131,0.880971,0.253473,-0.604737,0.316827,0.960878,0.155749,-0.084989,-0.705631,0.074449,0.466658,-0.094429,-1.0
0.36215,0.427837,-0.579869,-0.447288,-0.698134,0.610937,0.502671,0.132609,-0.254452,0.205402,0.483782,-0.097925,-0.511854,0.108854,-1.0
0.421003,-0.072304,-0.385557,-0.637791,0.133137,-0.4508,0.773837,0.698261,0.144639,-0.66542,0.156537,0.225802,-0.315577,-0.402929,-1.0
0.746208,-0.468968,0.024287,-0.986242,-0.686695,-0.126981,0.419589,0.33973,-0.296699,-0.118938,0.556033,-0.095432,-0.479009,0.134255,-1.0
0.076034,-0.190504,0.292545,-0.654987,-0.674726,-0.600472,0.374262,0.774231,-0.280745,-0.162566,0.511182,0.29565,-0.432882,-0.316689,-1.0
-0.377541,0.237985,-0.230808,0.188876,-0.628308,-0.647496,0.801584,0.34965,-0.427621,-0.551308,0.059726,0.298051,-0.212404,-0.495387,-1.0
0.613197,0.855615,-0.626346,0.058729,-0.777861,0.298261,0.259378,0.495263,-0.129828,0.123335,0.731732,0.220234,-0.488051,-0.300489,-1.0
0.49166,-0.077047,-0.469277,-0.135551,-0.038922,0.003634,0.889179,0.831296,-0.675625,0.052756,0.142908,0.031549,-0.518526,0.050998,-1.0
-0.101221,0.324963,-0.022373,0.797872,0.952009,0.966311,0.705652,0.257069,0.376871,0.404794,-0.208543,-0.09612,0.447571,0.206487,-0.999844
0.654028,0.573904,0.800445,0.081886,0.957484,-0.365267,0.724189,0.112746,0.471488,-0.191585,-0.075577,0.291353,0.199827,-0.431471,-1.0
0.376141,-0.939648,0.031058,-0.24428,0.023464,-0.448302,0.331281,0.396864,-0.034566,-0.304464,0.455956,-0.551646,-0.340599,0.489358,-1.0
-0.205369,0.905561,0.238518,-0.512003,0.550611,0.255757,0.326453,0.764711,0.167025,0.133546,-0.462546,0.410013,0.351177,-0.265321,-0.987781
0.100111,0.351176,-0.735514,-0.076427,0.549757,0.066847,0.758448,0.633423,0.713405,0.07368,-0.215351,0.065572,0.450225,-0.226149,-1.0
0.807506,-0.977839,0.874448,0.800402,0.227161,0.271849,0.536645,0.289026,0.177969,0.298446,0.206631,-0.395878,-0.212241,0.464859,-1.0
-0.1121,-0.625653,-0.75203,0.599019,-0.52721,0.457526,0.670447,0.037672,-0.426312,0.365215,0.111399,-0.271206,-0.125783,0.440291,-0.94727
-0.084504,0.130141,0.034027,0.763793,-0.762716,-0.101086,0.481775,0.505044,-0.333777,-0.026831,0.511272,0.183283,-0.344809,-0.134439,-1.0
-0.447707,-0.0537,0.214463,0.532412,0.625519,0.57766,0.289482,0.892999,0.19037,0.142132,-0.525257,-0.302263,0.456439,0.182573,-0.979154
-0.8938,0.334165,0.674055,0.317224,0.158653,-0.379316,0.509745,0.45188,0.110525,-0.409933,-0.318858,0.299064,0.383723,-0.22455,-0.957427
0.398098,-0.825589,0.1916,0.738266,0.742536,0.492909,0.094863,0.877612,0.084486,0.006173,-0.159713,-0.917258,0.190794,0.412431,-1.0
0.254053,-0.248359,0.164823,-0.942048,0.791339,-0.954739,0.143598,0.70106,0.159553,-0.102514,-0.516889,0.643252,0.349507,-0.394637,-0.971557
0.416346,-0.863588,0.663695,0.77937,0.823238,0.303939,0.92332,0.652524,0.711499,0.289717,-0.044229,-0.062897,0.196361,0.490984,-1.0
-0.925187,0.670682,0.42728,-0.905916,0.291692,0.538866,0.75026,0.922683,0.2392,0.483965,-0.208979,-0.022312,0.46375,0.038981,-0.975913
-0.667027,0.377711,-0.703113,-0.794202,0.795793,-0.298557,0.808348,0.299768,0.53415,-0.203604,-0.160045,0.09939,0.533368,-0.294098,-1.0
-0.806059,0.475985,-0.602072,0.418074,0.506595,-0.922497,0.936245,0.125054,0.367301,-0.699412,-0.079677,-0.020508,0.373936,-0.362421,-0.949585
-0.186752,-0.166058,-0.140324,-0.134024,0.8525,-0.816798,0.775678,0.665733,0.444881,-0.330443,-0.253729,0.141442,0.462739,-0.225179,-1.0
0.800596,0.231229,0.997109,0.549951,-0.255883,0.444004,0.004127,0.397743,0.056955,0.108144,0.873037,-0.152565,-0.473888,0.159809,-0.96248
-0.189658,-0.888904,0.483273,0.918261,-0.098797,0.823365,0.568481,0.184279,-0.095916,0.42735,-0.061796,-0.414632,0.076597,0.580417,-1.0
0.199985,0.391396,-0.745798,-0.26782,0.97968,0.461845,0.105173,0.537063,0.15204,0.065149,-0.932132,-0.136858,0.447676,0.104692,-1.0
-0.74981,0.926443,0.1506,-0.472209,0.943597,0.405398,0.086428,0.970976,0.14575,0.048532,-0.901575,0.321862,0.495419,-0.119172,-0.937353
0.63328,0.986777,0.417747,-0.779096,-0.821158,0.264083,0.509594,0.240858,-0.37667,0.091295,0.392118,0.184957,-0.476032,-0.173143,-0.989458
-0.60998,-0.075751,-0.596065,0.478308,-0.195677,0.593627,0.949821,0.936896,-0.201832,0.651684,0.022493,-0.079953,0.272691,0.376672,-0.915632
-0.332037,0.015913,-0.294657,0.376183,0.782647,0.429661,0.738132,0.507188,0.523813,0.209083,-0.321316,0.036164,0.495027,0.148149,-1.0
0.523544,0.945661,-0.895096,-0.786024,-0.587792,-0.021813,0.811757,0.52472,-0.741078,-0.05938,0.10907,0.094388,-0.378392,-0.331068,-0.999827
-0.536352,-0.040988,0.191865,0.545948,0.379893,-0.163805,0.251868,0.631493,0.267164,-0.136471,-0.720831,0.134538,0.533136,-0.140368,-1.0
-0.15068,0.242227,-0.0824,-0.900395,-0.104424,0.372863,0.334634,0.857996,-0.039094,0.206028,-0.162757,-0.610948,0.216401,0.458118,-0.957294
-0.249939,-0.87261,0.629868,0.359352,-0.51139,0.756198,0.162894,0.603511,-0.012651,0.091142,0.087084,-0.797094,-0.054477,0.501697,-1.0
-0.489119,-0.250687,-0.593745,-0.357608,0.999656,-0.645541,0.595062,0.57728,0.345725,-0.283332,-0.40482,0.096155,0.469536,-0.154687,-1.0
-0.546461,0.884093,-0.536532,-0.328944,0.719747,-0.494921,0.763854,0.791961,0.556448,-0.364286,-0.184451,0.253758,0.297029,-0.348081,-1.0
0.928851,0.053294,-0.951715,-0.50126,-0.035813,-0.617424,0.974028,0.050742,-0.064416,-0.772517,0.055788,-0.008394,-0.413525,-0.33627,-1.0
-0.147918,0.758512,-0.179022,0.742026,-0.954316,0.519261,0.312942,0.736486,-0.153996,0.128525,0.634503,0.17613,-0.421883,-0.140903,-0.944358
0.732477,-0.653765,0.799607,0.501308,-0.459102,0.080792,0.820923,0.116694,-0.643074,0.202927,0.133905,-0.16183,-0.462362,0.270593,-0.970492
-0.303792,-0.865658,0.720802,0.224517,-0.644986,-0.829968,0.220782,0.255632,-0.067736,-0.198543,0.771062,-0.046988,-0.466858,0.091957,-1.0
0.328742,-0.901258,0.518301,0.104313,-0.209626,0.128899,0.096604,0.305807,-0.065986,0.046422,0.36723,-0.71198,-0.278075,0.487507,-0.988526
0.590663,-0.078858,0.191502,-0.019405,-0.124846,0.227407,0.074935,0.299657,-0.025227,0.045517,0.82744,-0.355938,-0.425663,0.222467,-1.0
0.537226,-0.665379,0.482836,0.694014,-0.07637,0.684238,0.896191,0.752791,-0.077303,0.740278,0.089109,-0.149542,-0.169551,0.532456,-0.94295
-0.819628,0.202821,-0.394325,0.334683,-0.514543,-0.274925,0.306811,0.411148,-0.185178,-0.07492,-0.286631,0.590626,0.244049,-0.511096,-0.965365
-0.414075,0.81007,0.418417,0.482396,-0.281555,0.477885,0.915871,0.73284,-0.376061,0.629352,-0.055747,0.149191,0.179276,-0.455433,-1.0
0.36412,-0.03666,0.581991,0.510655,0.177942,0.290604,0.947561,0.04476,0.467159,0.606117,-0.039459,-0.163338,-0.231258,0.467092,-0.963981
0.811779,-0.015862,-0.978962,-0.123023,0.564146,0.649937,0.328391,0.964884,0.160592,0.174913,0.236765,-0.666771,-0.19717,0.452414,-0.893581
-0.267431,-0.272784,0.694273,0.603126,-0.476591,0.048076,0.030213,0.989616,-0.00837,-0.053727,0.516969,-0.786137,-0.329707,0.343666,-1.0
0.220244,-0.678647,0.632205,0.100968,0.350842,-0.730392,0.412291,0.83487,0.082959,-0.369238,-0.537971,0.17719,0.489438,-0.170216,-0.954822
0.579468,-0.50888,-0.991415,-0.099003,0.614661,-0.367674,0.822486,0.705316,0.700835,-0.335172,-0.085884,-0.164677,0.110283,0.315082,-1.0
0.997339,-0.377877,-0.562478,0.819372,-0.074532,0.343424,0.163806,0.786741,0.000763,0.165173,0.783617,-0.469211,-0.541577,0.286317,-0.998019
-0.084418,-0.147368,-0.575743,0.825393,-0.113829,0.354006,0.439128,0.428291,-0.131432,0.369916,0.073393,-0.621079,-0.024032,0.433011,-0.976391
-0.313222,-0.94033,-0.33081,0.528926,-0.943589,-0.332366,0.266188,0.501061,-0.345606,-0.076718,0.52516,-0.52415,-0.369772,0.394557,-0.95974
0.432825,0.081456,-0.331509,0.220475,0.096293,0.331495,0.33414,0.680491,0.050054,0.302154,0.648596,-0.380041,-0.369202,0.269523,-1.0
-0.877652,-0.582282,0.502429,0.009807,-0.624321,0.691465,0.459555,0.923183,-0.205714,0.381043,-0.068594,-0.47124,0.128279,0.410993,-0.942631
0.196352,-0.147506,0.890968,0.664133,0.347225,0.814713,0.541035,0.851877,0.224767,0.427488,0.016234,-0.412398,0.120852,0.472829,-1.0
-0.049865,-0.400793,-0.306676,-0.135178,0.176623,-0.789872,0.721185,0.995997,0.072568,-0.583319,-0.123704,0.268328,0.261185,-0.371961,-0.955398
-0.03411,-0.553427,-0.981201,0.224179,-0.858629,0.657032,0.187713,0.2098,-0.032048,0.161252,0.499947,-0.654833,-0.287476,0.398398,-1.0
0.34882,-0.23042,0.879324,0.807623,0.260183,-0.427225,0.94549,0.211022,0.362429,-0.624627,0.038375,0.119146,-0.177993,-0.450527,-1.0
0.398362,0.180161,-0.588432,-0.012975,0.058037,-0.8262,0.194383,0.783878,0.023944,-0.101419,0.248063,0.713687,-0.096876,-0.487705,-0.927955
0.24762,0.503043,0.922605,0.627828,-0.564924,0.706989,0.515522,0.116907,-0.292492,0.300248,0.526041,-0.087912,-0.528038,0.134759,-1.0
-0.352248,0.456622,-0.565578,-0.979435,-0.240813,-0.226659,0.930966,0.364545,-0.553178,-0.550569,-0.013027,-0.005032,0.016881,-0.58826,-1.0
-0.363,0.022464,0.793918,0.18848,-0.901347,-0.467485,0.654702,0.275292,-0.438685,-0.236552,0.219969,0.263106,-0.415351,-0.309437,-1.0
0.399512,-0.73599,-0.855144,0.018431,0.359922,-0.213902,0.898565,0.275181,0.680425,-0.299978,-0.068998,-0.130187,0.00325,0.604173,-0.887012
-0.974989,-0.446035,-0.441511,-0.630693,0.448816,-0.111618,0.307665,0.71467,0.292841,-0.110858,-0.647746,-0.159305,0.451843,0.117961,-0.995142
-0.386474,-0.106985,0.717207,0.819956,0.932429,-0.641392,0.24233,0.470533,0.134508,-0.223813,-0.724062,0.337673,0.503001,-0.124928,-0.986348
-0.535245,0.706343,-0.251734,-0.414192,0.814495,0.956378,0.388592,0.1326,0.156409,0.218666,-0.585752,-0.185567,0.446538,0.12028,-0.961264
-0.255459,-0.771132,0.946362,-0.375259,0.0011,0.761869,0.316095,0.055503,-0.029242,0.18739,-0.230855,-0.643929,0.069045,0.481954,-1.0
0.092298,0.389724,0.835036,-0.73796,0.436225,-0.018838,0.635846,0.526708,0.521217,-0.009177,-0.268831,0.296793,0.161294,-0.342101,-0.974222
0.248303,-0.273737,0.480551,-0.439792,-0.631285,0.234887,0.783833,0.738116,-0.598129,0.106878,0.192265,-0.119049,-0.439453,0.215559,-1.0
-0.799994,0.635936,0.956396,0.535652,-0.592329,0.19266,0.546084,0.264696,-0.49866,0.047188,-0.247872,0.399329,0.136155,-0.518113,-0.921072
-0.940349,-0.110192,0.500366,0.2087,0.92777,-0.597495,0.315472,0.446285,0.220918,-0.121454,-0.595679,0.18341,0.459644,-0.119763,-0.978327
0.669363,0.745844,0.343675,0.641939,-0.163548,-0.912271,0.215121,0.357172,-0.035728,-0.128099,0.378776,0.713009,-0.21099,-0.45959,-0.97356
0.929135,-0.720662,0.672674,-0.900989,-0.030922,0.681896,0.045989,0.131177,0.101255,0.018989,0.564765,-0.648186,-0.323903,0.46695,-1.0
0.333041,-0.171039,-0.825744,-0.465394,-0.772034,-0.032894,0.528505,0.57969,-0.513758,0.043961,0.403909,-0.041643,-0.47086,0.087621,-1.0
-0.147746,-0.644786,-0.700896,0.587639,-0.498802,0.686886,0.566283,0.462479,-0.291586,0.344692,0.122832,-0.420326,-0.16279,0.454219,-0.94482
-0.593699,-0.725534,0.557124,0.686005,-0.556704,0.339867,0.72783,0.336932,-0.570658,0.216991,-0.013482,-0.285076,0.06015,0.52676,-1.0
0.740307,0.259182,0.776508,-0.465052,0.652728,-0.4482,0.281795,0.326759,0.275586,-0.180875,0.06383,0.732474,-0.06604,-0.499816,-0.977969
-0.973939,-0.285796,0.818586,-0.13051,0.258555,-0.579596,0.969127,0.77122,0.26177,-0.659466,-0.060965,-0.02039,0.423391,-0.120729,-0.923501
-0.72624,-0.648168,-0.064239,-0.610403,-0.765441,-0.13795,0.685811,0.740958,-0.443822,-0.096356,0.000112,-0.332525,-0.073053,0.478428,-1.0
-0.952781,0.753312,-0.587678,-0.455857,-0.239122,0.593313,0.005519,0.372416,-0.047288,0.042545,-1.0,0.260344,0.525129,-0.018329,-0.889137
0.219828,-0.961672,0.81709,0.946513,0.931587,0.570186,0.189628,0.467398,0.030729,0.090461,-0.259387,-0.705948,0.188408,0.413151,-0.919265
-0.954435,0.364867,0.733585,-0.375956,0.002448,0.416271,0.188659,0.918246,-0.030899,0.132223,-0.788271,0.026801,0.524292,0.121056,-0.921973
-0.866101,-0.639483,0.089411,-0.294234,0.570645,-0.873105,0.701912,0.085341,0.267537,-0.4857,-0.288297,0.083343,0.436419,-0.05977,-1.0
-0.132357,0.073599,0.03588,-0.181857,-0.562839,-0.244264,0.950806,0.682795,-0.708955,-0.205323,-0.058054,-0.041473,-0.391068,-0.258195,-0.956476
-0.693985,-0.207875,-0.287752,-0.455845,0.861036,-0.976036,0.70751,0.969843,0.374453,-0.451117,-0.283979,0.154982,0.425032,-0.294017,-0.999976
0.693987,0.253828,0.589202,0.904597,0.900282,0.06012,0.747104,0.639361,0.599804,0.071497,-0.27174,0.226507,0.35261,-0.292703,-0.996152
-0.439419,-0.603233,-0.081594,-0.124569,-0.316808,-0.813494,0.440589,0.821927,-0.166953,-0.341848,-0.241612,0.589729,0.241568,-0.416647,-1.0
-0.316607,0.364472,-0.349984,-0.086188,0.610284,-0.163036,0.306504,0.553572,0.235038,-0.083669,-0.596568,0.273338,0.427085,-0.237782,-0.99967
-0.04048,0.061417,0.644542,-0.906331,-0.043188,-0.706785,0.047166,0.768942,-0.08313,-0.06685,0.056284,1.0,-0.006653,-0.473741,-1.0
-0.742781,-0.777188,-0.943224,-0.798413,0.773011,0.491646,0.137735,0.857484,-0.007847,0.116375,-0.666217,-0.601895,0.359278,0.219468,-1.0
0.67606,-0.223961,0.310379,0.300944,-0.514382,0.869436,0.4378,0.965706,-0.167538,0.319513,0.440772,-0.384629,-0.399804,0.289804,-0.975039
0.117428,-0.743093,-0.727139,-0.184557,0.398154,0.439595,0.513266,0.483768,0.308942,0.293349,-0.083214,-0.455379,0.096217,0.54774,-1.0
0.714868,0.13569,-0.935597,0.591985,-0.197032,-0.913581,0.112431,0.916264,0.032771,-0.139192,0.58255,0.577528,-0.220672,-0.350863,-1.0
0.094273,0.727144,0.756922,0.913755,0.039042,0.715182,0.848237,0.543177,-0.001073,0.679594,0.206754,0.095802,-0.487606,-0.092084,-1.0
0.153989,-0.535671,-0.878603,0.02243,-0.321149,-0.121939,0.192787,0.793347,-0.175152,-0.043652,0.603281,-0.572834,-0.416097,0.2896,-0.981971
-0.46556,0.919503,0.097025,0.015201,0.265372,-0.072831,0.210365,0.934946,0.152234,-0.074821,-0.493497,0.63265,0.353944,-0.548028,-1.0
0.763177,0.205159,0.944216,0.558642,-0.953822,-0.279773,0.611382,0.223505,-0.352565,-0.192644,0.45467,0.061685,-0.484609,-0.125841,-0.998597
0.644692,0.540695,0.135389,0.741959,-0.926748,-0.365359,0.115082,0.303395,-0.122564,0.038284,0.744171,0.457327,-0.357155,-0.197926,-0.986897
-0.763031,-0.273145,-0.112601,0.016325,-0.810488,0.349241,0.465493,0.547616,-0.377687,0.101675,-0.048057,-0.519471,-0.046716,0.540302,-0.928909
-0.48912,-0.392638,-0.240625,0.030167,0.289624,0.514673,0.552271,0.651465,0.210044,0.279745,-0.241477,-0.392719,0.417089,0.378739,-1.0
0.364212,-0.985392,-0.096229,0.874007,-0.291701,0.155668,0.585621,0.0605,-0.368316,0.115371,0.189364,-0.33514,-0.287185,0.430751,-1.0
0.175492,-0.862133,-0.218347,-0.761021,0.251887,-0.184767,0.37395,0.316769,0.195056,-0.222006,-0.08808,-0.614252,0.013545,0.526768,-1.0
-0.662538,-0.818378,-0.181342,-0.975614,0.855155,-0.845472,0.34732,0.314228,0.23155,-0.110124,-0.577525,0.078535,0.492521,0.045065,-0.955386
0.97533,0.405534,-0.131371,-0.744533,-0.528636,0.80709,0.645064,0.300844,-0.326641,0.371036,0.411117,-0.067532,-0.399221,0.089247,-0.977197
0.829865,0.760627,-0.701147,0.237552,0.109644,-0.131282,0.490765,0.97658,0.289115,-0.314104,0.356009,0.325387,-0.287411,-0.340793,-0.911059
-0.092146,-0.153088,-0.82356,0.947946,0.193731,-0.075111,0.999411,0.42284,0.70561,-0.240075,-0.035655,-0.039889,0.510922,0.080724,-0.979066
0.566927,0.956196,-0.572374,-0.970277,0.92035,-0.013277,0.132173,0.630373,0.136833,-0.060983,-0.238035,0.826949,0.114147,-0.473816,-0.959775
-0.693137,-0.430019,0.748811,0.02765,-0.685573,0.861697,0.611982,0.454666,-0.231252,0.264337,0.050388,-0.391585,0.049524,0.447127,-0.953779
-0.187272,0.27136,0.046289,0.85935,-0.932802,0.775271,0.70717,0.171416,-0.419611,0.320989,0.271483,-0.233294,-0.488571,0.268014,-1.0
-0.929985,-0.146759,0.935046,0.643288,-0.96997,-0.36859,0.10348,0.805652,-0.027815,-0.017743,0.201295,0.868178,-0.079418,-0.472158,-0.932959
0.354017,0.655139,0.216554,0.398813,0.221789,0.973613,0.42504,0.21764,0.008221,0.304648,0.228916,-0.498498,-0.139577,0.594387,-0.949275
-0.76417,0.425776,0.43502,0.631345,0.940884,-0.71826,0.720382,0.501833,0.449391,-0.380672,-0.262959,0.227198,0.371174,-0.301618,-0.995778
0.607798,-0.391614,0.743153,-0.936561,0.792694,0.369884,0.435931,0.316597,0.328488,0.121075,-0.11078,-0.556741,0.085702,0.480826,-1.0
-0.807408,-0.292427,-0.300218,-0.865532,-0.394588,0.665424,0.808237,0.66546,-0.35681,0.550704,-0.087249,-0.120513,0.247088,0.411861,-1.0
-0.314847,0.711589,0.562201,-0.606995,-0.788633,0.22225,0.887262,0.557939,-0.735399,0.239798,0.058411,0.161659,-0.283085,-0.426127,-1.0
0.974618,0.335842,-0.939798,-0.958475,-0.111535,-0.735319,0.611958,0.473692,-0.06551,-0.492114,0.288407,0.252648,-0.348575,-0.349255,-1.0
0.769282,-0.977302,-0.42604,0.787087,0.880633,-0.224665,0.562447,0.742564,0.486652,-0.081009,-0.10023,-0.504001,0.100827,0.492949,-1.0
-0.075784,0.275709,0.171424,0.511835,0.932784,0.442076,0.460622,0.055092,0.313221,0.12779,-0.472151,-0.076277,0.60088,0.070857,-1.0
-0.479107,0.149069,0.069013,-0.86331,-0.013075,-0.189567,0.778856,0.331067,0.029474,-0.6726,-0.219274,0.156559,0.446669,-0.236697,-1.0
0.375448,-0.636068,0.137558,0.023608,-0.892057,0.094883,0.271161,0.211497,-0.172451,0.062066,0.661169,-0.412161,-0.506382,0.260591,-1.0
-0.119517,-0.667522,0.086893,0.2513,-0.207265,-0.737506,0.66977,0.375884,-0.104203,-0.489185,0.220575,0.275559,-0.36998,-0.286633,-0.937128
0.18801,0.517448,-0.655699,-0.976783,-0.067284,0.078127,0.650002,0.814249,-0.380082,0.349665,0.097636,0.296992,-0.296438,-0.471797,-1.0
0.996764,0.87238,-0.116477,-0.492696,0.167401,-0.950593,0.481973,0.625029,0.15978,-0.485212,0.309314,0.463026,-0.240689,-0.485879,-1.0
-0.559928,0.83595,0.855457,-0.305085,-0.254907,0.795646,0.674034,0.232172,-0.125411,0.494021,-0.274704,-0.015872,0.543458,-0.153682,-0.997766
0.32964,-0.299888,-0.478024,-0.418626,0.231358,-0.719305,0.764353,0.240984,0.186936,-0.621772,0.102319,0.25903,-0.124454,-0.497189,-1.0
0.853873,-0.589704,-0.070385,-0.354987,0.511082,0.661648,0.492265,0.280453,0.23869,0.33242,0.081984,-0.453884,-0.139865,0.472619,-1.0
0.540162,-0.326109,-0.342989,0.840472,-0.070869,0.231078,0.745679,0.497036,-0.169375,0.588379,0.231161,-0.076957,-0.452853,0.244988,-1.0
0.753498,0.533091,-0.897434,-0.456876,-0.431832,-0.780068,0.489443,0.239033,-0.155997,-0.323191,0.310955,0.326246,-0.343595,-0.333726,-1.0
-0.304171,-0.621039,0.308116,-0.238069,0.175877,0.07715,0.957549,0.070814,0.730928,0.334119,0.008388,-0.014409,0.243586,0.418426,-0.963628
-0.029281,-0.448474,-0.338558,0.812794,0.206669,-0.859893,0.594258,0.724551,0.068442,-0.408119,-0.245659,0.364628,0.248234,-0.494184,-1.0
0.882541,-0.380269,0.08611,-0.92048,-0.606595,0.070332,0.714467,0.099553,-0.565723,0.119049,0.233879,-0.144443,-0.497226,0.159677,-1.0
-0.128093,0.45631,-0.028795,0.302963,-0.548909,0.736153,0.636475,0.731738,-0.279765,0.413086,0.327094,-0.14928,-0.384642,0.297888,-0.977078
0.917918,-0.028547,0.485176,-0.357066,-0.958319,-0.004611,0.111133,0.413516,-0.027995,0.050889,0.859251,0.0012,-0.445905,-0.011983,-1.0
0.576332,0.772222,0.065774,0.442065,-0.277256,0.451767,0.238275,0.330359,0.018132,0.130378,0.662518,0.236703,-0.472474,-0.164565,-0.997487
0.991434,-0.851658,0.75234,-0.455452,0.934183,-0.672381,0.634662,0.405206,0.46161,-0.285816,0.117748,-0.251683,-0.149462,0.36352,-1.0
0.916091,0.63591,-0.018871,-0.080352,0.831103,-0.293326,0.056614,0.49256,-0.017919,-0.031783,0.038801,0.894743,-0.018524,-0.501094,-0.951005
-0.839641,0.733448,-0.904212,-0.82104,-0.3615,0.365993,0.953364,0.972849,-0.573643,0.471878,-0.084392,-0.002215,0.402223,-0.347744,-1.0
-0.60695,-0.810558,0.041359,0.625984,0.998419,-0.983753,0.727777,0.811453,0.393556,-0.465757,-0.163532,-0.022454,0.516029,-0.090574,-1.0
0.73339,0.14107,0.784379,0.449462,0.009974,0.528256,0.136843,0.217642,0.026647,0.022219,0.678559,-0.420304,-0.486287,0.20047,-0.960697
0.168471,-0.598911,-0.537232,0.534374,-0.598036,0.170431,0.033337,0.935964,0.056692,0.096549,0.746097,-0.677468,-0.331518,0.343801,-1.0
-0.376625,0.37116,-0.215328,-0.60134,0.657005,0.05286,0.680243,0.979131,0.568112,-0.009162,-0.36531,0.068486,0.496946,-0.202779,-0.972874
-0.095838,-0.636658,0.551402,0.0704,0.367033,0.020816,0.772338,0.963771,0.667227,0.027319,-0.139876,-0.138774,0.339444,0.415767,-0.930091
0.753868,-0.518001,0.220353,0.91798,-0.924048,0.995542,0.311994,0.424485,-0.187885,0.126887,0.484289,-0.501796,-0.34263,0.270751,-1.0
0.665797,-0.359302,-0.888906,-0.105348,0.346855,0.884315,0.808727,0.012182,0.259246,0.586771,0.065224,-0.123463,-0.189644,0.502137,-1.0
-0.005146,0.44052,-0.721204,0.321129,-0.356068,-0.088735,0.126922,0.069814,-0.073057,-0.074607,0.541995,0.715347,-0.223505,-0.518002,-0.968701
-0.052137,0.860102,0.335063,0.15821,0.083012,-0.342928,0.557405,0.815309,0.074855,-0.43668,-0.048524,0.382789,0.03123,-0.577576,-0.954082
0.046508,-0.506106,0.520607,-0.729908,-0.16094,0.978386,0.565087,0.345513,-0.060559,0.476988,-0.077709,-0.3931,0.04486,0.434782,-0.867712
0.050938,0.382665,0.965371,0.823877,0.878017,0.222362,0.786176,0.246317,0.590635,0.211109,-0.214988,0.039125,0.513252,-0.142253,-0.969559
0.834136,0.712801,-0.603001,0.606377,0.509718,-0.012225,0.522134,0.040433,0.487588,-0.031472,0.236053,0.530656,-0.247476,-0.46105,-1.0
0.297616,-0.599905,-0.646566,0.062052,-0.557669,-0.90354,0.536448,0.289532,-0.236049,-0.360992,0.401056,0.209932,-0.369052,-0.162693,-0.978741
-0.773805,0.766485,-0.975135,-0.564876,-0.030606,-0.005483,0.891097,0.805603,-0.714909,-0.185795,-0.108131,0.127427,0.209623,-0.315819,-1.0
0.96646,-0.639823,0.974964,-0.858704,-0.191963,-0.72165,0.11302,0.877186,0.073987,-0.107222,0.910686,0.066816,-0.446551,-0.061546,-0.942153
0.728891,-0.994795,0.153737,-0.449158,-0.052684,0.813572,0.860483,0.259511,0.047573,0.717581,0.06847,-0.133744,-0.133381,0.603248,-0.941688
-0.523815,-0.478061,0.724886,0.51248,0.828208,-0.750519,0.946395,0.642011,0.470297,-0.552405,-0.080839,0.010056,0.477517,-0.140038,-0.9691
0.343452,0.927092,0.732629,0.016709,-0.256588,0.679202,0.598682,0.950931,-0.206074,0.51322,0.43663,0.154453,-0.487946,-0.232909,-1.0
0.260589,-0.737028,-0.775423,-0.725677,0.397751,-0.705527,0.632355,0.690787,0.222244,-0.465799,-0.420363,-0.141408,0.489284,0.108041,-1.0
0.732085,-0.233956,-0.888065,0.022125,-0.324244,0.499677,0.656606,0.955778,-0.38866,0.480459,0.282662,-0.140028,-0.45918,0.264932,-1.0
-0.899419,0.785282,0.510192,0.823455,-0.928393,0.842553,0.38637,0.098552,-0.176636,0.178743,0.295042,-0.569005,-0.18194,0.385223,-0.95145
-0.269674,-0.635957,-0.457177,0.922339,0.388298,-0.065225,0.683103,0.767751,0.528474,-0.12549,-0.236413,-0.202682,0.309454,0.402977,-1.0
0.726841,0.039208,-0.311169,0.200478,0.746028,-0.789153,0.19709,0.71028,0.054864,-0.066937,-0.043761,0.860702,0.029431,-0.522656,-1.0
0.451988,-0.798819,-0.429717,0.996213,-0.510589,0.686884,0.706299,0.070179,-0.217663,0.461423,0.183987,-0.305197,-0.20026,0.471584,-1.0
-0.74125,0.85125,-0.729446,0.090062,-0.50222,0.369981,0.463647,0.931031,-0.326348,0.138824,-0.132856,0.50863,0.278787,-0.449174,-0.946065
0.517742,0.706814,-0.244374,0.738904,-0.786409,-0.748124,0.121373,0.748649,-0.004765,-0.078289,0.533896,0.572714,-0.182845,-0.395397,-0.935373
0.088738,0.096434,0.426126,-0.777214,-0.361715,0.102216,0.185397,0.52142,-0.204833,0.067579,0.832548,-0.025632,-0.530038,-0.099672,-0.890687
-0.665309,0.165184,0.448273,0.989795,0.818903,0.744349,0.742164,0.903382,0.455812,0.426693,-0.21768,-0.101093,0.440336,0.209875,-0.987604
-0.827487,-0.164912,-0.484691,0.030917,-0.072021,0.623148,0.286525,0.655747,-0.096077,0.288632,-0.392756,-0.58967,0.275314,0.375883,-0.980958
0.405946,0.730247,-0.371844,-0.84102,0.349455,0.99653,0.918514,0.325548,0.216682,0.703863,0.003526,-0.121213,-0.15732,0.565979,-1.0
0.02806,-0.385725,-0.014903,0.407094,-0.473325,0.611213,0.818788,0.097067,-0.379173,0.512811,0.076577,-0.060183,-0.180979,0.460832,-1.0
-0.839059,-0.692009,-0.652998,-0.037788,0.245419,0.604635,0.606326,0.711303,0.131536,0.414701,-0.318644,-0.284644,0.292007,0.442967,-0.918114
0.658046,-0.249962,-0.667984,-0.849412,0.552124,0.418364,0.222104,0.086529,0.087545,0.157771,0.239681,-0.760001,-0.016532,0.49941,-1.0
-0.109977,0.318406,-0.211075,-0.133332,0.997345,0.161088,0.50042,0.692956,0.318522,0.053405,-0.502047,0.068187,0.409482,-0.028321,-0.984227
0.745552,0.374553,-0.990267,-0.270293,0.842477,0.497982,0.057879,0.348406,-0.092237,0.037676,-0.588728,-0.744893,0.269054,0.397161,-1.0
-0.625468,0.803633,-0.202244,0.631672,0.24142,-0.553697,0.803773,0.103395,0.185362,-0.536116,-0.139963,0.160361,0.315586,-0.350784,-1.0
-0.926986,-0.493184,-0.450985,-0.375912,-0.418472,0.886703,0.156797,0.333265,0.007007,0.051332,-0.23941,-0.796638,0.193364,0.492147,-0.970364
0.321622,0.951975,-0.988304,-0.059818,0.7262,-0.890597,0.294936,0.28871,0.153012,-0.215129,-0.216066,0.662132,0.161558,-0.520024,-1.0
-0.888196,-0.297411,-0.002266,-0.808453,0.733712,-0.945551,0.563011,0.305388,0.24788,-0.357322,-0.355881,0.221773,0.434902,-0.267314,-0.972783
-0.790029,0.966596,0.530291,0.276742,-0.318697,-0.231814,0.312885,0.060169,-0.159373,-0.145373,-0.291942,0.643148,0.191299,-0.524334,-1.0
0.850418,-0.71451,0.19795,0.591944,-0.823268,-0.281353,0.610415,0.269769,-0.447929,-0.158498,0.363049,-0.003704,-0.392446,0.126913,-1.0
-0.980164,-0.908396,-0.091192,-0.733886,0.422092,0.60003,0.234727,0.22767,0.134929,0.092633,-0.533483,-0.529739,0.279454,0.407956,-0.948355
-0.732586,0.632529,-0.077505,0.204632,-0.922306,-0.891532,0.469783,0.76644,-0.243429,-0.194167,0.100166,0.545715,-0.039472,-0.43469,-0.890893
-0.711789,-0.166482,-0.569454,0.065502,-0.915895,-0.13894,0.863938,0.326134,-0.727737,-0.137355,0.118022,-0.04247,-0.52629,0.071158,-0.932202
0.783733,0.694858,-0.453816,-0.723392,-0.345692,0.613797,0.589144,0.319458,-0.265836,0.425861,0.457863,0.028672,-0.493455,0.017337,-1.0
0.691926,0.253266,-0.484594,-0.800336,-0.513167,-0.582616,0.427914,0.58454,-0.215634,-0.249723,0.479183,0.412855,-0.419632,-0.324904,-1.0
0.968864,-0.98431,-0.161215,-0.51095,0.861601,-0.872425,0.601613,0.946247,0.321077,-0.383182,0.248904,-0.335718,-0.272739,0.389295,-1.0
0.910989,0.838207,-0.621363,-0.943239,0.857158,-0.281728,0.816251,0.908347,0.608023,-0.191029,0.009,0.119955,-0.011023,-0.506719,-1.0
-0.629407,-0.026573,0.148013,-0.302899,0.336972,-0.668348,0.477354,0.098957,0.162057,-0.292127,-0.39077,0.193676,0.429341,-0.269495,-0.983027
0.75119,-0.971454,0.236742,0.985944,-0.056808,-0.524243,0.072137,0.550313,-0.009636,-0.022604,0.800534,-0.478685,-0.473298,0.231143,-1.0
0.121191,-0.121396,0.114838,0.984533,-0.939784,0.677432,0.401866,0.731259,-0.212319,0.226212,0.480869,-0.379368,-0.282483,0.239593,-1.0
0.337492,0.013524,-0.714091,0.956014,0.069468,0.018194,0.611706,0.018229,0.462975,0.120492,0.351809,-0.016881,-0.459946,0.032195,-1.0
0.147101,0.63571,0.115025,-0.147637,-0.785381,-0.541247,0.725567,0.007142,-0.462285,-0.397626,0.270377,0.219863,-0.328955,-0.501706,-1.0
0.436496,-0.058258,-0.689814,0.439128,-0.707493,-0.801695,0.956652,0.940488,-0.447593,-0.628219,0.066017,0.093716,-0.416191,-0.206858,-0.981541
0.015121,-0.87654,-0.270606,-0.980447,-0.165321,-0.273237,0.790368,0.293406,-0.28535,-0.625632,0.118725,-0.180347,-0.108847,0.467826,-0.978446
0.543871,-0.239686,0.640975,0.040899,-0.153551,0.034101,0.659586,0.874218,-0.489857,0.135479,0.331109,-0.106478,-0.49672,0.12497,-0.951664
0.143268,0.898577,-0.726046,-0.204494,0.560653,0.524968,0.864354,0.728221,0.461545,0.485027,-0.104477,0.125843,0.345146,-0.30728,-1.0
-0.745347,0.410035,-0.755192,0.176449,0.892919,0.945258,0.446166,0.953376,0.189087,0.280686,-0.586633,-0.13705,0.476839,0.16085,-1.0
-0.91671,-0.30047,0.630685,0.064146,0.140214,-0.781529,0.567041,0.775345,0.018571,-0.444915,-0.427817,0.140291,0.45452,-0.189957,-1.0
0.240451,0.945351,0.695961,0.577173,0.495075,-0.392695,0.472598,0.89263,0.317685,-0.275432,-0.050496,0.523501,0.179421,-0.537643,-1.0
-0.058162,0.807657,0.357839,-0.858201,-0.23583,0.147425,0.689081,0.646641,-0.483686,0.346124,0.106374,0.342813,-0.176367,-0.546394,-0.972328
0.302856,0.603203,-0.750569,-0.992075,0.599175,-0.908313,0.567222,0.199507,0.181116,-0.321478,0.004287,0.457955,0.074302,-0.445504,-1.0
-0.774334,0.712414,-0.481623,-0.248532,-0.190219,0.110662,0.121058,0.637339,-0.062263,0.064526,-0.621156,0.64968,0.269645,-0.297277,-0.944446
0.188566,0.024666,-0.052269,-0.013364,0.672929,0.558854,0.702283,0.696844,0.507055,0.313476,-0.097953,-0.247913,0.374411,0.47306,-0.977927
-0.463585,-0.090085,-0.146726,-0.221488,0.935006,-0.715744,0.059097,0.076937,-0.011039,0.035993,-0.871917,0.290048,0.446134,-0.257458,-1.0
0.980343,-0.917931,-0.031046,-0.356778,-0.204475,0.834604,0.977013,0.293131,-0.155012,0.761507,0.028903,-0.048035,-0.202083,0.426412,-1.0
0.341661,0.889245,0.682013,0.602549,0.659819,-0.330758,0.059225,0.408746,0.042082,0.045943,-0.293701,0.800524,0.076658,-0.495168,-0.987639
-0.606437,0.485191,0.262422,-0.622686,0.799195,-0.520009,0.553337,0.322886,0.384064,-0.18824,-0.384077,0.252989,0.361748,-0.320084,-1.0
-0.65555,0.236632,-0.267146,-0.19119,-0.377847,-0.999784,0.970087,0.884315,-0.322805,-0.667735,-0.057467,0.040817,0.164337,-0.542838,-0.938615
-0.185507,0.600517,-0.644583,-0.345388,-0.711264,-0.946653,0.935774,0.327049,-0.502926,-0.651072,0.052823,0.085286,-0.248732,-0.5007,-1.0
-0.543506,0.971664,-0.264361,0.451481,-0.662308,-0.190736,0.239467,0.212205,-0.156968,-0.058226,0.028978,0.723716,-0.046173,-0.44036,-1.0
0.159981,-0.38489,0.144011,-0.827847,0.879156,-0.401117,0.65338,0.429128,0.399287,-0.189037,-0.345434,0.042355,0.427181,-0.034539,-0.999696
0.435117,0.082442,-0.716682,0.746071,-0.632775,0.205495,0.689532,0.037494,-0.5563,0.210019,0.369766,-0.035557,-0.503876,0.009038,-1.0
0.631914,0.752694,0.568247,-0.438702,-0.863428,-0.109506,0.399268,0.229702,-0.196087,-0.033445,0.522197,0.331117,-0.422895,-0.239977,-1.0
-0.198611,0.714515,0.009472,0.729814,-0.614823,-0.959668,0.253312,0.151199,-0.170409,-0.133481,0.143135,0.773057,-0.142616,-0.551079,-0.976835
-0.982977,0.834326,0.913222,-0.51749,-0.52437,-0.337367,0.162057,0.245112,-0.045654,-0.069912,-0.27686,0.790073,0.166232,-0.466671,-1.0
-0.011201,-0.468568,0.54408,-0.631839,0.767849,-0.649634,0.349432,0.33799,0.183437,-0.131834,-0.564905,0.13031,0.507705,-0.179153,-1.0
-0.291722,0.536828,0.818195,-0.095657,0.21345,0.336306,0.540801,0.189578,0.237191,0.394354,-0.35188,0.194635,0.394768,-0.104977,-0.99346
0.728906,0.070457,0.094895,-0.60259,-0.050499,-0.447212,0.77414,0.812891,-0.04709,-0.604282,0.183745,0.173546,-0.447357,-0.25517,-0.860995
0.972642,0.535967,-0.124634,0.168399,0.493178,0.574885,0.217071,0.761933,0.082367,0.112193,0.770628,-0.104637,-0.462437,-0.003788,-0.965123
-0.844793,-0.795176,0.20808,-0.483778,-0.091675,0.374998,0.048098,0.774788,-0.01356,0.034686,-0.523702,-0.87049,0.212006,0.476714,-1.0
-0.356861,-0.712041,-0.734323,0.877354,-0.670813,0.577218,0.79558,0.492446,-0.451491,0.403097,0.032821,-0.140115,-0.192768,0.510479,-1.0
0.954858,-0.930782,-0.265456,-0.664615,0.897926,0.719401,0.249962,0.300145,0.157694,0.123673,0.057797,-0.716707,0.048063,0.538049,-0.992361
0.687365,0.588486,0.775268,-0.903733,0.854106,0.660808,0.084622,0.614933,0.063479,0.029279,-0.869693,-0.282666,0.525381,0.151826,-1.0
0.931699,0.781126,0.73307,-0.134123,0.073021,-0.835221,0.509793,0.629921,0.100037,-0.396897,0.31435,0.491096,-0.16552,-0.472147,-0.993412
-0.975702,-0.689284,-0.791839,0.835097,-0.991575,0.824264,0.490282,0.045771,-0.302389,0.251583,-0.03678,-0.487667,-0.047557,0.47572,-1.0
0.466999,-0.696257,0.670019,0.507599,-0.388522,0.122497,0.298083,0.75286,-0.175801,0.080477,0.507352,-0.381672,-0.324887,0.329439,-0.939476
0.678043,-0.134088,0.481665,-0.156599,0.619839,0.132542,0.541382,0.254956,0.431125,0.085435,0.160331,-0.461822,-0.187275,0.440539,-1.0
-0.714837,-0.318725,-0.966366,0.00626,-0.941998,0.164545,0.948152,0.720635,-0.785122,0.174431,0.038594,-0.015106,-0.347937,0.519685,-1.0
0.997095,-0.994108,-0.519641,0.393469,-0.208644,0.336373,0.098391,0.797381,-0.045869,0.075911,0.579476,-0.639468,-0.343436,0.25943,-1.0
0.330194,0.782729,-0.493122,-0.096104,-0.267464,-0.906704,0.497655,0.88675,-0.096423,-0.39949,0.240318,0.496406,-0.193821,-0.440588,-1.0
-0.057768,0.775341,-0.554759,0.314887,0.016186,-0.881328,0.636981,0.782551,-0.026279,-0.448187,0.107089,0.380397,-0.051858,-0.46913,-0.929267
0.033933,0.476876,0.944603,0.569231,-0.4246,0.226126,0.695271,0.660873,-0.443652,0.312554,0.274353,0.192946,-0.397256,-0.19379,-1.0
-0.710177,0.549271,-0.260498,-0.844886,-0.409597,0.037031,0.919839,0.021077,-0.816121,0.001686,-0.018319,0.158755,0.304378,-0.416786,-0.91682
-0.424753,0.195766,0.338404,0.678354,0.05204,-0.053309,0.929512,0.872338,0.457221,-0.559307,0.028784,0.102872,0.479811,-0.183009,-1.0
0.970444,-0.57621,0.119971,-0.024402,0.061376,0.192369,0.46951,0.358895,0.134122,0.357565,0.448836,-0.412753,-0.459156,0.250571,-1.0
0.938802,-0.515707,-0.412748,0.457637,0.491918,0.121108,0.884795,0.557703,0.645234,0.181808,0.037491,-0.113844,-0.247502,0.443668,-0.979955
0.995616,0.626873,0.625778,-0.748166,0.790013,0.062101,0.228576,0.221233,0.201512,-0.075027,0.328844,0.785766,-0.142518,-0.474996,-0.98336
0.344993,0.265687,0.271485,0.296104,0.35272,0.719218,0.133179,0.969677,0.104975,-0.022645,0.049407,-0.894397,-0.001922,0.573872,-1.0
-0.871785,0.775388,-0.253289,0.768084,-0.758055,-0.781539,0.76586,0.157855,-0.464082,-0.413017,0.004047,0.162815,-0.00038,-0.45873,-0.957428
-0.732229,0.395131,-0.886472,-0.330312,0.743453,0.352752,0.486305,0.192252,0.328745,0.239203,-0.507628,0.051715,0.520761,-0.104221,-1.0
-0.17943,0.185138,0.524007,-0.808348,0.116693,-0.43946,0.303205,0.401787,0.08,-0.257188,-0.29213,0.633419,0.142496,-0.529157,-0.907777
-0.993519,-0.197966,-0.636463,0.73478,-0.291119,0.565876,0.521196,0.744546,-0.14806,0.317338,-0.299535,-0.419492,0.420381,0.335563,-0.960936
0.785271,-0.641915,-0.069873,0.766654,0.828037,0.165258,0.016527,0.739662,0.085013,0.074751,-0.068573,-1.0,0.072307,0.469711,-1.0
0.47378,-0.439718,0.462323,0.25665,0.991734,0.336304,0.618507,0.329964,0.460534,0.160302,-0.275796,-0.42336,0.301776,0.392384,-0.928769
0.867071,-0.802509,-0.486107,0.015881,0.748462,-0.830387,0.515773,0.310072,0.238682,-0.26509,0.503138,0.079192,-0.518131,-0.106022,-1.0
0.461992,-0.198226,-0.76086,0.757055,-0.414148,0.629722,0.904952,0.609172,-0.385663,0.525531,0.155328,-0.138556,-0.465453,0.321005,-0.907382
-0.069805,0.094612,0.274072,0.349378,-0.498081,0.791015,0.07949,0.950181,0.033766,0.022567,0.449077,-0.766871,-0.149167,0.381004,-1.0
-0.859958,-0.064063,0.888606,-0.670483,-0.394426,-0.035441,0.813999,0.543312,-0.733142,-0.003252,-0.113481,-0.038719,0.500578,0.020159,-0.958736
0.557167,0.525523,0.784915,0.179095,-0.708943,0.755602,0.022693,0.483373,-0.014458,0.068738,0.900657,-0.20706,-0.445204,0.05284,-1.0
-0.55218,0.241439,0.336229,0.877644,0.764583,-0.312719,0.786126,0.921893,0.597482,-0.194958,-0.180582,0.110774,0.559832,-0.166257,-1.0
-0.362216,0.008518,-0.914281,-0.736829,0.71529,0.784449,0.127085,0.647006,0.002967,0.024324,-0.796319,-0.480718,0.474175,0.245681,-0.990956
-0.342721,-0.558159,-0.491755,-0.066018,0.538759,-0.2552,0.872285,0.876471,0.691507,-0.270212,-0.1178,0.018953,0.457458,0.205083,-0.974138
0.95268,-0.781507,-0.166724,0.086083,0.99981,-0.991263,0.989309,0.649833,0.476709,-0.594988,-0.002188,0.06929,0.086377,-0.549733,-0.937745
-0.130942,-0.934963,-0.21605,0.539041,-0.370152,0.045451,0.388989,0.521629,-0.370523,0.015851,0.120353,-0.630885,-0.190032,0.439878,-1.0
-0.165551,0.596743,-0.749092,-0.812754,-0.956304,0.344435,0.047891,0.340808,-0.086458,0.026628,0.825336,0.330774,-0.426361,-0.175061,-0.950754
-0.360894,0.848327,-0.621432,0.422249,0.117688,0.648439,0.616594,0.130126,0.134204,0.485989,-0.362932,0.126865,0.489047,-0.158802,-0.977096
0.129019,0.032955,-0.625692,0.632233,-0.107064,0.882196,0.301698,0.422026,0.050871,0.26774,0.221987,-0.612513,-0.150512,0.451611,-1.0
0.994596,0.777344,0.797955,-0.200183,-0.912975,0.592649,0.979943,0.606573,-0.559156,0.467375,0.018566,-0.015939,-0.539463,0.002247,-0.943475
0.775216,-0.393915,-0.718307,-0.820352,0.406075,0.365889,0.207581,0.23132,0.074578,0.152952,0.255961,-0.648502,-0.259637,0.377781,-0.970204
0.502066,-0.211397,-0.902365,-0.823222,-0.925467,-0.249957,0.840481,0.232867,-0.739738,-0.203282,0.177027,0.08779,-0.384854,-0.00591,-0.968519
0.63092,-0.973678,0.997386,-0.730637,-0.746049,-0.848035,0.650899,0.320822,-0.275059,-0.40771,0.434872,-0.064697,-0.456993,0.011317,-1.0
0.598483,0.782842,0.14731,0.845447,-0.010746,-0.025853,0.70215,0.750418,-0.204669,-0.523266,0.212862,0.210984,-0.286282,-0.443695,-1.0
-0.544521,-0.211384,-0.446371,0.522686,0.554029,0.360147,0.900813,0.767994,0.508029,0.42189,-0.07313,-0.091267,0.427688,0.198739,-0.891264
0.650034,0.891969,0.095429,-0.646737,-0.375337,0.390384,0.782394,0.736212,-0.415589,0.509953,0.204167,0.160009,-0.38719,-0.145158,-0.957406
-0.28105,-0.257876,-0.634712,0.337566,0.229695,-0.392804,0.518078,0.178562,0.203315,-0.302941,-0.495846,0.169791,0.454364,-0.167427,-0.985423
0.614522,-0.380101,0.491036,0.486856,-0.42745,-0.134038,0.231578,0.158599,-0.14497,-0.050522,0.704733,-0.212604,-0.49522,0.040432,-0.980749
0.739482,-0.566905,0.388125,0.546059,-0.203927,-0.489475,0.56839,0.016303,-0.23864,-0.407407,0.433843,-0.039583,-0.430448,0.094372,-0.901622
0.745932,0.185016,0.181529,0.0891,0.375837,0.645094,0.455204,0.375769,0.191841,0.342743,0.245914,-0.278048,-0.364759,0.365879,-0.936462
-0.400916,-0.322919,0.904323,-0.510595,-0.413495,-0.582491,0.744979,0.692456,-0.426629,-0.572144,0.023489,0.270578,-0.046093,-0.525095,-0.985728
-0.642916,0.460338,-0.019094,-0.642541,0.902439,0.4225,0.185141,0.24947,0.137861,0.122743,-0.81139,0.093862,0.563478,-0.085667,-1.0
0.95092,0.809915,0.366891,0.024672,0.897679,0.115775,0.986758,0.336194,0.688726,0.089561,-0.006124,-0.017038,-0.058678,-0.473673,-0.955413
-0.580497,-0.31304,-0.230285,0.091882,0.370211,0.90879,0.544139,0.329095,0.083314,0.392809,-0.361869,-0.349365,0.340475,0.33697,-1.0
-0.621306,-0.169138,0.283057,-0.22671,-0.358836,0.767092,0.287095,0.098747,-0.153124,0.219502,-0.150533,-0.754056,0.064599,0.450609,-0.926257
-0.569901,0.385787,0.370982,0.608942,0.864663,0.895747,0.027218,0.226707,0.008644,-0.028352,-0.879023,-0.37904,0.518896,0.192762,-0.985527
0.094722,0.024815,-0.919046,0.938526,0.320669,-0.678452,0.066843,0.625081,-0.044465,-0.1371,-0.227117,0.861413,0.157501,-0.504653,-0.998408
-0.088217,0.796265,0.491655,-0.376094,0.930586,-0.888396,0.705464,0.181792,0.428378,-0.473628,-0.15153,0.174932,0.3356,-0.382541,-1.0
-0.112208,-0.806459,0.512815,-0.030599,-0.722076,0.937729,0.929508,0.350595,-0.518481,0.586065,0.054975,-0.036392,-0.167637,0.457163,-0.981862
0.279039,-0.99571,0.843623,-0.334424,-0.761136,0.724608,0.191824,0.030038,-0.011778,0.149941,0.437454,-0.692423,-0.283699,0.453568,-0.978163
-0.888913,-0.814669,-0.291986,0.32385,0.39407,-0.969216,0.462271,0.143954,-0.023242,-0.370377,-0.50881,0.088276,0.466682,-0.024088,-1.0
-0.265564,0.729347,-0.130962,-0.262782,-0.372877,0.85505,0.821925,0.552498,-0.254247,0.618959,0.141132,-0.113751,-0.261359,0.375692,-1.0
-0.199054,-0.753886,-0.442645,-0.626954,0.133907,0.116978,0.743665,0.311313,0.470783,0.36544,-0.06769,-0.25795,0.219656,0.509685,-0.997611
0.215975,0.922079,0.949592,-0.205525,-0.758404,0.047402,0.056589,0.259547,-0.080145,0.050221,0.793521,0.611353,-0.408067,-0.329778,-0.980312
-0.038258,-0.02662,0.473526,-0.926323,-0.417959,0.323193,0.12125,0.224808,-0.123452,0.047357,0.672789,-0.685314,-0.365756,0.271767,-0.988117
0.708918,0.719142,-0.965227,-0.630618,0.271813,0.87553,0.900594,0.504798,0.212232,0.681455,0.084795,0.06069,-0.4771,0.18685,-0.969919
0.450716,-0.399518,-0.071074,0.268603,0.777214,-0.537902,0.674732,0.932278,0.588394,-0.323267,-0.333568,0.155074,0.530831,-0.078523,-0.946295
-0.388436,-0.232433,0.748714,0.842121,0.691282,-0.587391,0.405088,0.959908,0.282647,-0.183299,-0.482948,0.207992,0.485993,-0.108135,-0.956553
-0.302359,0.058443,0.744459,-0.145546,0.108427,-0.798134,0.73844,0.567408,0.136449,-0.587932,-0.104274,0.250452,0.232021,-0.513536,-1.0
0.17227,-0.060729,-0.064815,-0.52492,0.50778,-0.414288,0.540518,0.003529,0.376323,-0.191399,-0.289468,0.274215,0.340821,-0.342365,-0.917344
-0.936984,-0.695124,-0.818139,0.984907,-0.353538,0.036866,0.824464,0.690159,-0.639089,-0.02689,-0.117958,-0.194958,0.333825,0.409276,-0.962938
-0.339587,0.875113,0.618664,0.603119,0.759404,-0.059477,0.163005,0.906386,0.151023,-0.004989,-0.703194,0.477073,0.434001,-0.333373,-0.946308
-0.529364,-0.232698,0.243165,0.175317,-0.913042,0.95928,0.113079,0.607943,-0.12746,0.019029,0.283365,-0.80235,-0.156973,0.557488,-1.0
0.342822,0.789262,-0.389463,-0.650145,-0.513572,-0.522195,0.855727,0.166583,-0.430806,-0.456373,0.080057,0.246382,-0.331929,-0.488239,-1.0
0.120839,-0.380066,0.430611,-0.746709,-0.840535,0.836866,0.48488,0.621668,-0.294103,0.278399,0.335208,-0.434913,-0.269172,0.408805,-1.0
0.577909,0.106552,-0.462852,0.115289,0.671237,-0.083743,0.03152,0.379477,0.015423,-0.011029,-0.478433,0.738009,0.189632,-0.415138,-0.97413
-0.954251,0.438577,0.943097,0.402592,-0.344047,0.04768,0.397988,0.219423,-0.277093,0.040065,-0.527097,0.284386,0.392331,-0.346724,-0.999581
0.148957,0.3292,-0.496246,-0.78941,0.793979,-0.147163,0.795121,0.496881,0.522092,-0.00763,-0.180926,0.148641,0.409709,-0.271218,-1.0
0.009942,-0.008424,0.924922,-0.606049,0.644735,0.517689,0.045289,0.238987,0.084031,0.013119,-0.721049,-0.688056,0.384906,0.269373,-0.989599
-0.370365,-0.96593,-0.829658,0.745583,-0.790274,-0.526129,0.161445,0.634011,-0.195001,-0.084985,0.498597,-0.630406,-0.29176,0.358124,-0.967283
-0.398469,0.491928,-0.53736,-0.22367,-0.974665,0.078537,0.122861,0.269672,-0.099169,-0.040492,0.690546,0.527251,-0.390532,-0.27164,-0.940096
-0.275367,-0.628985,0.999139,0.636494,-0.973621,-0.24915,0.220595,0.88465,-0.267238,-0.13276,0.739329,-0.360949,-0.453548,0.214848,-1.0
0.929679,-0.741309,0.58556,0.660845,0.967334,-0.500086,0.076891,0.227384,0.075208,-0.017473,-0.073285,-0.9906,0.066795,0.489321,-1.0
-0.949204,0.14489,0.963227,-0.990409,-0.565744,0.842481,0.726057,0.563864,-0.306243,0.486694,-0.128507,-0.237517,0.22659,0.472671,-0.960039
0.435931,0.204217,-0.153495,0.502854,0.422261,-0.576497,0.389631,0.394149,0.214067,-0.262653,0.029649,0.545101,0.030511,-0.466493,-1.0
-0.030739,-0.548262,-0.796997,-0.890437,0.806685,-0.786357,0.554374,0.505734,0.277524,-0.312479,-0.52916,0.038623,0.42173,-0.120459,-0.969006
-0.865718,0.620462,0.293321,-0.237999,0.996755,0.024709,0.014946,0.347564,0.01833,0.013695,-0.916611,0.237144,0.451908,-0.190148,-0.898892
0.079322,0.403365,-0.562663,-0.475886,-0.043562,-0.306025,0.140463,0.539421,0.009284,-0.104677,0.136306,0.857384,0.064999,-0.480241,-0.919853
0.499984,0.446139,-0.211069,-0.102548,-0.98419,0.249911,0.160535,0.312974,-0.142185,-0.003638,0.839575,0.126425,-0.531829,-0.068568,-1.0
0.239996,-0.436917,0.47343,-0.832091,-0.22941,-0.826458,0.818392,0.501379,-0.223091,-0.596778,0.120237,0.128768,-0.409932,-0.222206,-1.0
-0.536315,-0.149589,0.926328,-0.378206,0.137262,0.987232,0.308597,0.171612,-0.025704,0.232866,-0.386871,-0.638177,0.245796,0.432438,-0.980397
0.757676,0.220122,0.372577,0.212057,0.578699,0.308096,0.399512,0.068101,0.245535,0.121357,0.558741,-0.239107,-0.392057,0.231765,-1.0
0.30065,-0.936663,0.629326,0.799166,0.48273,0.518586,0.876554,0.345337,0.491332,0.477941,-0.006101,-0.115487,-0.024677,0.476741,-0.985775
-0.856559,0.438724,-0.816831,-0.951242,0.948451,0.25508,0.584019,0.715751,0.41201,0.102781,-0.473119,-0.015868,0.428809,-0.026959,-0.983803
0.365455,-0.771749,0.435565,-0.096568,0.825061,0.388026,0.306686,0.999283,0.199564,0.105104,-0.247185,-0.68556,0.095435,0.488984,-0.954492
-0.637195,-0.095801,-0.534087,0.575318,0.165968,-0.357036,0.098587,0.275697,-0.060144,-0.085799,-0.84073,0.186153,0.486076,-0.128323,-1.0
0.270996,-0.992506,-0.447648,-0.152293,0.429771,0.853358,0.428334,0.159264,0.15058,0.337087,-0.11095,-0.651929,0.006479,0.495696,-0.952411
-0.964645,0.57945,0.807789,0.580982,-0.445696,0.220376,0.303998,0.317064,-0.091554,0.094652,-0.570096,0.438724,0.461419,-0.328161,-1.0
-0.100841,-0.991352,0.980678,0.352709,0.407515,0.930201,0.115539,0.834672,0.055428,0.038278,-0.173393,-0.895156,0.188596,0.512856,-1.0
0.408649,0.607279,0.894802,-0.22528,0.01556,-0.60547,0.520619,0.312553,0.042061,-0.409014,0.091247,0.435714,-0.143599,-0.496313,-0.93767
0.122604,-0.532225,0.322572,-0.504713,-0.342304,-0.448164,0.770584,0.031583,-0.431358,-0.441255,0.207174,0.002768,-0.533994,0.062986,-0.926982
-0.257204,-0.939176,-0.989876,-0.965137,-0.301062,-0.960976,0.394865,0.271267,-0.119793,-0.314484,0.583987,0.321062,-0.408247,-0.208633,-1.0
0.837757,0.800883,-0.156387,0.704892,-0.38772,-0.080636,0.220039,0.47555,-0.145857,-0.009704,0.518105,0.374664,-0.438635,-0.279105,-0.987061
0.934922,0.485311,0.542692,0.837672,-0.990727,-0.743228,0.765753,0.225588,-0.552654,-0.417577,0.162508,0.144685,-0.422136,-0.234915,-0.905269
0.821447,-0.667268,0.404311,-0.554658,0.057841,0.206054,0.967201,0.199361,0.209851,0.790693,-0.00915,0.028145,-0.312768,0.450206,-1.0
0.745958,-0.021213,-0.594006,0.273227,0.69235,-0.781616,0.325903,0.993457,0.122837,-0.156692,0.037219,0.751536,-0.020454,-0.449701,-1.0
0.055977,0.881116,-0.221338,-0.128752,-0.891685,0.902887,0.395032,0.872068,-0.2166,0.261241,0.608632,0.036528,-0.470011,0.032512,-1.0
0.742273,-0.015878,-0.564965,-0.314509,-0.162721,0.877082,0.519893,0.08319,-0.10196,0.307356,0.3215,-0.280025,-0.359739,0.373013,-1.0
0.217146,0.076727,0.637581,-0.350231,0.492219,0.510267,0.056466,0.218101,0.065247,0.067141,-0.555141,-0.764157,0.269683,0.40951,-0.949197
-0.461847,0.539806,0.000193,-0.937354,-0.617483,0.340252,0.896605,0.45294,-0.617588,0.323032,0.153105,0.189177,-0.296812,-0.377941,-0.933066
-0.268779,0.045548,0.897173,-0.983196,-0.924245,-0.169706,0.187448,0.521313,-0.082096,-0.025646,0.779966,0.238076,-0.486127,-0.212167,-1.0
0.908121,-0.266302,-0.027293,0.850554,0.508545,-0.858949,0.341152,0.979273,0.117673,-0.165384,0.394286,0.552235,-0.324656,-0.366064,-1.0
0.125513,0.090143,-0.47496,-0.669613,0.010644,0.444577,0.85764,0.445415,0.054134,0.690356,0.023302,-0.177148,-0.15461,0.509601,-0.894791
0.025536,0.938399,-0.501154,-0.653561,0.226005,-0.402828,0.11299,0.924449,0.013218,-0.127218,-0.133075,0.870261,0.051212,-0.47634,-0.911157
-0.019212,-0.284961,-0.441755,-0.399503,-0.344603,0.956125,0.46548,0.778578,-0.171996,0.28603,0.094506,-0.486986,-0.059754,0.482896,-1.0
0.24894,-0.01537,0.135974,0.170054,-0.17155,-0.643831,0.798241,0.890583,-0.222668,-0.59401,0.169406,0.132224,-0.278757,-0.387465,-1.0
0.610054,0.302562,0.808002,0.310396,0.051116,-0.00948,0.137828,0.144112,0.065544,-0.051257,0.7399,0.398438,-0.387152,-0.267645,-1.0
0.085871,0.86033,0.003998,-0.125763,-0.768039,0.923614,0.104122,0.196883,-0.102062,0.079494,0.887109,0.019775,-0.503712,0.039336,-1.0
-0.008254,0.193952,-0.772437,0.491099,0.457529,0.54039,0.67684,0.390496,0.322221,0.439817,-0.223089,-0.216962,0.469318,0.324954,-0.954966
-0.41272,-0.977938,0.838489,-0.475924,0.442978,-0.649102,0.415854,0.90388,0.267562,-0.380862,-0.558589,-0.160195,0.445788,0.207514,-1.0
-0.712675,0.011959,-0.404098,0.119599,-0.123826,-0.486599,0.249171,0.296561,-0.036151,-0.106636,-0.577894,0.479036,0.287027,-0.403884,-1.0
-0.13047,0.542134,-0.626857,0.050613,0.712377,-0.957259,0.281459,0.628603,0.223641,-0.268135,-0.309231,0.570272,0.19498,-0.423033,-1.0
0.862653,-0.461103,0.119121,0.653979,-0.357426,-0.804086,0.422443,0.833861,-0.144486,-0.282377,0.602518,0.060492,-0.431576,-0.102712,-1.0
0.530562,-0.141034,0.547263,0.021256,0.211763,-0.952829,0.75717,0.876869,0.188258,-0.602373,0.126229,0.204758,-0.270529,-0.47724,-0.99876
-0.205004,-0.161331,0.719389,-0.105224,0.696733,-0.365532,0.458283,0.505552,0.343906,-0.202571,-0.513629,0.140939,0.49646,-0.116451,-0.954031
-0.976068,-0.431544,0.132106,0.842775,-0.173695,-0.40396,0.065496,0.942079,0.002649,-0.088627,-0.902866,-0.040264,0.528805,0.070806,-1.0
-0.726899,0.367811,-0.069408,-0.016504,0.040642,-0.031173,0.94027,0.898155,0.600246,-0.476019,-0.079866,0.026438,0.369149,-0.106825,-0.965673
0.059336,0.192606,-0.020008,-0.99946,0.348678,0.327489,0.40298,0.421281,0.240822,0.249963,-0.506433,-0.258917,0.465006,0.166496,-0.969549
0.00795,-0.810899,0.046943,-0.531144,0.147264,-0.787226,0.268749,0.976545,0.012929,-0.270739,-0.607831,-0.12554,0.458403,0.107749,-1.0
-0.445317,-0.66633,0.053239,-0.678468,0.783891,0.890227,0.509282,0.231718,0.276282,0.337927,-0.22025,-0.261934,0.410904,0.444641,-1.0
0.565262,-0.13475,-0.030548,0.033064,0.541415,-0.806233,0.974358,0.111031,0.399353,-0.688242,0.008276,0.06569,-0.036768,-0.525364,-1.0
-0.919842,0.154744,0.617692,-0.24782,0.112978,0.130836,0.834846,0.974678,0.499012,0.485721,-0.183747,0.034494,0.39138,-0.100481,-0.962859
-0.750997,0.775754,-0.669028,-0.901097,-0.578803,-0.758112,0.985311,0.42,-0.45421,-0.642106,0.001887,0.099229,0.062825,-0.473793,-0.923532
0.37088,0.893175,0.485504,0.146693,-0.349972,0.231191,0.678024,0.761631,-0.540599,0.292852,0.237813,0.295368,-0.308088,-0.359057,-1.0
0.120215,-0.709823,-0.449892,-0.654625,0.823682,0.27088,0.937603,0.262787,0.69231,0.212225,-0.090754,-0.048657,0.333013,0.345218,-1.0
-0.591078,0.541402,-0.686828,0.320362,-0.532652,-0.07441,0.912422,0.938421,-0.707963,-0.105195,-0.096118,-0.000805,0.016973,-0.520433,-0.935008
-0.159789,-0.590597,0.631386,-0.755649,-0.509765,0.502298,0.208131,0.794197,-0.074454,0.021855,0.188387,-0.78662,-0.14712,0.524369,-0.955889
0.596501,0.209609,0.698127,0.049474,0.633978,0.633049,0.085739,0.84472,0.046572,0.107988,-0.045019,-0.919082,0.082493,0.480626,-0.985291
-0.732289,-0.46247,-0.356318,0.550437,0.904061,0.398038,0.047262,0.557741,0.072354,0.008127,-0.85433,-0.396153,0.541438,0.141651,-1.0
0.034182,-0.730635,0.223695,0.627511,0.863621,-0.395273,0.70767,0.742514,0.564164,-0.191927,-0.235056,-0.033532,0.522064,0.19418,-0.996906
0.568234,-0.189377,0.303515,0.092549,-0.982162,-0.91217,0.430857,0.526188,-0.254915,-0.243568,0.586044,0.159914,-0.487136,-0.179189,-1.0
-0.325136,-0.517737,-0.093437,-0.351267,-0.898179,0.328038,0.853839,0.460123,-0.643442,0.267181,0.100871,-0.146382,-0.310082,0.439765,-0.960895
0.975608,0.267426,0.605947,-0.066547,0.157045,-0.067746,0.347408,0.500566,0.254473,-0.157541,0.555168,0.296649,-0.465664,-0.225918,-0.893866
-0.460383,-0.091952,-0.495836,0.20026,0.699041,-0.319259,0.572347,0.546771,0.412009,-0.183569,-0.488159,0.224186,0.500864,-0.097101,-1.0
0.969967,-0.69204,-0.217678,0.683859,0.23923,0.608604,0.082324,0.035522,-0.102077,0.103502,0.490168,-0.801034,-0.235114,0.365004,-1.0
0.508574,-0.802821,-0.103624,0.142178,-0.231843,0.1973,0.021439,0.303435,0.095601,-0.050233,0.601098,-0.830787,-0.267776,0.345167,-1.0
-0.213132,-0.237923,-0.932654,-0.02515,-0.791309,0.169837,0.460524,0.293921,-0.388894,0.02924,0.405873,-0.40682,-0.368007,0.341639,-1.0
-0.517576,0.751876,-0.078704,0.23006,-0.736176,0.253618,0.076174,0.796605,-0.049191,0.039302,0.344913,0.785219,-0.12721,-0.470612,-0.93857
-0.156315,0.117904,-0.200145,-0.978732,-0.211506,0.399452,0.136926,0.937181,-0.083832,0.119282,0.083294,-0.853108,-0.096629,0.488851,-0.996924
0.485968,0.846876,-0.086493,0.678124,0.498544,-0.655111,0.409073,0.278157,0.199161,-0.329952,-0.043962,0.550276,0.057852,-0.484027,-0.983385
0.697865,0.902682,0.915055,0.692369,0.044663,0.704462,0.842031,0.797262,0.039631,0.684537,0.10713,-0.083458,-0.510438,-0.208611,-0.983449
-0.2208,-0.221272,-0.522004,-0.243466,-0.780041,0.517726,0.503592,0.338763,-0.332775,0.298964,0.289222,-0.428695,-0.290415,0.497712,-1.0
0.329536,0.073385,-0.534522,-0.910236,-0.713634,0.879375,0.972339,0.152555,-0.456388,0.559736,0.035448,-0.079016,-0.414197,0.311628,-0.973935
-0.09831,0.461565,-0.381708,-0.620425,0.281041,-0.59191,0.05257,0.792934,-0.040198,-0.038884,-0.327585,0.955481,0.102573,-0.445505,-1.0
0.574362,-0.555534,-0.471678,-0.579655,0.704138,-0.995367,0.633399,0.131059,0.296393,-0.390341,-0.019919,0.370445,0.142359,-0.572064,-1.0
-0.459927,0.063569,0.306397,-0.327308,-0.35794,0.819026,0.208949,0.759251,-0.089463,0.112739,-0.127738,-0.709056,0.077617,0.486178,-0.93502
0.242844,0.038625,0.934219,0.284247,-0.134841,0.725673,0.798116,0.696873,-0.079949,0.575546,0.099494,-0.221296,-0.239904,0.391373,-0.963804
0.356577,0.400254,0.15978,0.069765,0.073356,-0.149195,0.626186,0.347577,0.288182,-0.395631,0.139591,0.397227,-0.252724,-0.445926,-1.0
-0.212083,-0.446535,-0.090448,0.065403,-0.906686,-0.123194,0.658005,0.367943,-0.544096,-0.047967,0.348078,-0.13212,-0.504761,0.182661,-0.991962
-0.569633,0.591368,0.378503,0.669064,-0.637883,-0.894651,0.08847,0.647761,-0.061451,-0.057395,-0.010178,0.877973,0.02452,-0.534633,-1.0
-0.648875,-0.937114,0.555122,0.877841,-0.005972,0.389287,0.975731,0.971551,0.091049,0.84358,-0.018181,0.03514,0.208546,0.447684,-0.926153
0.903098,-0.047784,0.352332,-0.042931,0.535911,-0.42468,0.469795,0.132571,0.3022,-0.243675,0.452857,0.43504,-0.377765,-0.347163,-1.0
-0.286468,-0.176063,-0.964613,0.576509,-0.776419,0.995547,0.817429,0.596219,-0.500616,0.49823,0.159458,-0.222528,-0.116145,0.437341,-1.0
-0.26273,-0.032936,-0.513238,0.426098,0.490965,0.266783,0.735053,0.692544,0.585072,0.372557,-0.176328,-0.10531,0.511851,0.261564,-0.967292
0.967805,0.74093,-0.637708,-0.852944,0.505086,-0.437603,0.642258,0.72817,0.433473,-0.432711,0.108625,0.239215,-0.153579,-0.468257,-0.977279
0.217683,0.255999,-0.963967,-0.351049,0.869029,0.030801,0.159434,0.427521,0.057218,-0.00934,-0.814943,0.282469,0.476106,-0.219081,-1.0
0.455478,-0.598353,-0.433339,0.358523,-0.432028,0.56749,0.799315,0.64154,-0.31086,0.408907,0.021365,-0.199983,-0.283459,0.486224,-0.99992
0.391885,-0.65171,-0.750914,0.036237,0.634129,0.884244,0.343055,0.314157,0.204436,0.310891,-0.164683,-0.640578,0.12116,0.472134,-0.911855
-0.291916,0.296527,-0.493251,-0.47379,-0.890215,0.467965,0.960152,0.52167,-0.687186,0.359941,0.041176,0.028696,-0.366688,0.226915,-0.875036
-0.252846,0.051845,0.520542,0.199781,0.519764,-0.7714,0.299686,0.974247,0.103372,-0.163642,-0.481059,0.433835,0.307437,-0.39444,-0.976691
-0.312082,0.953008,-0.026887,0.387581,-0.669447,-0.049324,0.667801,0.676658,-0.527367,0.046636,0.050009,0.421924,-0.129122,-0.464895,-1.0
0.806293,-0.897382,0.127521,-0.03132,0.042109,-0.330153,0.346672,0.4407,0.03497,-0.289019,0.455504,-0.417364,-0.391205,0.321767,-1.0
-0.17556,-0.458797,-0.243151,0.045249,0.23969,0.179281,0.269384,0.934464,0.229283,0.039103,-0.388906,-0.612332,0.29216,0.435645,-0.974687
0.920305,0.25367,0.463242,0.236464,0.417877,-0.953945,0.456365,0.670996,0.255945,-0.353453,0.182927,0.541967,-0.228333,-0.417933,-1.0
-0.286213,0.858479,-0.965173,0.70578,0.084047,-0.545563,0.745971,0.7943,0.109732,-0.583338,-0.02678,0.272701,0.197437,-0.557262,-0.982555
-0.333327,0.499543,0.849364,-0.124981,-0.710641,-0.98632,0.260789,0.897352,-0.183834,-0.154863,0.16173,0.72581,-0.117304,-0.520416,-1.0
-0.127266,-0.161417,-0.355236,-0.262377,0.387232,0.996792,0.856318,0.755644,0.27695,0.69493,-0.028893,-0.157453,0.262663,0.427704,-0.900356
0.960238,0.058242,0.141404,-0.993425,0.88244,0.723088,0.955214,0.593607,0.637205,0.486541,0.041034,-0.066385,0.013487,0.525154,-1.0
0.39863,-0.489571,0.819838,0.896375,-0.594414,0.131898,0.712276,0.067168,-0.490976,0.114753,0.24666,-0.246259,-0.429772,0.345316,-0.960515
-0.561176,0.271558,-0.877799,-0.560002,-0.007055,-0.6796,0.367675,0.194474,-0.01274,-0.353947,-0.242712,0.638639,0.280426,-0.482943,-0.896069
0.348754,0.144006,0.677243,-0.671,-0.927738,-0.825597,0.989419,0.878199,-0.568669,-0.589858,0.036868,-0.05307,-0.506763,-0.277062,-0.916448
0.885603,-0.33636,0.802647,-0.010628,0.726356,-0.46089,0.912077,0.248519,0.65031,-0.433065,0.099922,0.092982,-0.35755,-0.267259,-1.0
-0.375923,-0.270921,0.009649,-0.202721,-0.222073,-0.912026,0.115145,0.026856,-0.035135,-0.07893,-0.101646,0.81807,0.14117,-0.498294,-1.0
-0.161508,-0.657295,0.774595,-0.09694,-0.327685,-0.722486,0.076705,0.499422,-0.091248,-0.002605,0.829552,0.28184,-0.513788,-0.165746,-0.963387
-0.9823,-0.808368,0.52056,-0.517436,0.926049,0.009694,0.227132,0.30963,0.148261,-0.037261,-0.720959,-0.139617,0.48112,0.182709,-1.0
-0.339534,0.933951,0.159543,0.720332,0.092311,0.380905,0.601574,0.08384,0.207321,0.484635,-0.213319,0.326362,0.242784,-0.459868,-0.930923
0.67475,-0.476642,0.609395,-0.411352,0.415638,0.319129,0.09505,0.558884,0.026502,0.006389,0.353349,-0.831429,-0.121295,0.4489,-0.983663
-0.079611,0.645148,-0.057674,-0.020129,-0.780946,-0.278423,0.652349,0.437732,-0.541628,-0.179778,0.067402,0.319317,-0.277576,-0.385058,-1.0
-0.910213,-0.378539,-0.894225,-0.077329,0.422464,0.528397,0.966161,0.052782,0.529164,0.622067,0.003216,-0.008783,0.395395,0.261751,-0.945983
-0.235147,0.215186,0.778377,-0.295315,-0.591479,0.467957,0.248003,0.822937,-0.274104,0.104317,0.592215,-0.424381,-0.482591,0.280991,-0.975907
0.957952,0.623891,0.861372,-0.731673,0.429231,0.052621,0.758145,0.682987,0.524349,0.112342,0.133378,0.164279,-0.422414,-0.279674,-0.976685
-0.970169,-0.359319,0.841831,0.542925,-0.883702,-0.236637,0.572944,0.816799,-0.445509,-0.085342,-0.271689,-0.323475,0.226783,0.394354,-1.0
0.759657,0.676837,0.55167,0.951077,-0.203184,0.54047,0.727162,0.345719,-0.219422,0.544811,0.300852,0.078598,-0.513918,0.009872,-0.980593
0.118717,0.008724,-0.259351,0.385731,-0.212822,-0.277464,0.615105,0.906219,-0.368282,-0.400028,0.428265,0.210017,-0.480231,-0.339642,-1.0
-0.484255,0.777267,-0.712618,0.233831,-0.267946,0.121087,0.123461,0.402958,-0.053328,0.073211,-0.275622,0.793918,0.1023,-0.489837,-1.0
0.287761,0.147162,0.086108,0.782772,0.952411,0.657393,0.631346,0.956259,0.37976,0.197573,-0.266501,-0.305778,0.306269,0.396082,-1.0
-0.709624,0.642132,-0.89969,-0.886724,0.177206,0.400785,0.999456,0.175949,0.275357,0.722885,-0.062134,-0.053477,0.47824,-0.199075,-0.982817
0.952397,0.620435,-0.331562,-0.896916,0.380277,0.896607,0.228571,0.790266,0.009983,0.11002,0.705246,-0.348143,-0.440333,0.311144,-1.0
-0.797229,0.5511,-0.34478,-0.491821,-0.247294,-0.138918,0.143796,0.527166,-0.088188,0.013818,-0.466706,0.686029,0.332431,-0.372313,-1.0
0.741287,-0.657829,-0.02052,-0.223253,-0.912339,-0.473475,0.489683,0.312525,-0.440303,-0.205048,0.492555,-0.06282,-0.6186,-0.037146,-0.949871
0.87336,-0.545957,-0.016175,-0.297969,0.2536,0.172331,0.128578,0.505888,0.076553,0.114609,0.598549,-0.736085,-0.361496,0.428449,-0.966897
-0.409046,0.488923,-0.399071,0.658968,-0.382322,-0.960207,0.771887,0.155934,-0.26014,-0.51276,-0.030744,0.268477,0.047086,-0.527896,-0.924519
-0.438968,-0.602362,0.117645,-0.78579,0.084594,-0.114394,0.435826,0.691244,0.222308,-0.269582,-0.442218,-0.225158,0.315329,0.341349,-0.986893
-0.308787,0.776164,-0.317604,-0.699525,0.64931,0.307872,0.162154,0.061614,0.145638,0.021264,-0.69056,0.396713,0.429412,-0.150794,-0.982071
-0.104839,0.232165,0.261292,-0.699849,-0.803641,-0.326211,0.44935,0.272433,-0.320513,-0.047589,0.394748,0.279768,-0.40438,-0.359692,-1.0
-0.694208,0.535916,0.353738,-0.013411,0.683032,0.91819,0.138325,0.440677,0.080352,0.06324,-0.850381,-0.217284,0.512057,0.044767,-1.0
0.264399,-0.545173,0.014314,0.032288,-0.930259,-0.765867,0.756503,0.260562,-0.502362,-0.323166,0.226174,0.116891,-0.525661,0.000131,-0.997795
-0.525262,0.420671,0.714196,0.566604,-0.246225,-0.079138,0.377311,0.890162,-0.342363,-0.061748,-0.313522,0.579191,0.303744,-0.40727,-0.957361
0.652008,-0.662917,0.083636,-0.606966,0.946493,0.452051,0.862348,0.851685,0.655476,0.269887,-0.03727,-0.067564,0.115881,0.517524,-0.926856
0.982573,-0.96385,-0.237037,-0.652406,0.381148,0.023598,0.865623,0.747793,0.629857,0.111608,0.168651,-0.143681,-0.232058,0.416348,-1.0
0.478849,-0.343736,-0.87769,0.641248,0.967184,-0.605916,0.973539,0.130689,0.624611,-0.407826,-0.05424,-0.00073,0.426733,-0.263768,-0.950932
0.844168,0.64767,0.016184,-0.250022,0.980128,-0.437124,0.766657,0.033693,0.591629,-0.270682,-0.082365,0.223015,0.037758,-0.580095,-0.910867
0.372921,-0.605343,0.323728,0.005953,0.037654,0.865342,0.755639,0.436328,0.036779,0.694698,0.11854,-0.170151,-0.131013,0.510745,-0.967509
0.030304,0.447237,-0.866725,-0.695454,-0.631282,0.341548,0.504013,0.370746,-0.417144,0.15561,0.514571,0.058288,-0.502381,-0.054222,-0.951572
-0.982597,-0.418681,0.412857,0.77709,-0.771562,-0.049649,0.477482,0.236763,-0.474524,0.035118,-0.309363,-0.592279,0.198288,0.444913,-0.966819
-0.647839,-0.04829,0.81671,-0.222321,0.372136,0.512004,0.818922,0.173837,0.356138,0.577735,-0.139293,-0.050822,0.517933,0.207662,-0.902613
0.188472,0.255517,0.386073,0.859345,0.599097,-0.405956,0.553833,0.848464,0.382111,-0.27172,-0.267019,0.375341,0.272981,-0.441483,-1.0
-0.387313,0.288833,-0.722912,-0.003978,0.751998,0.427859,0.389465,0.381808,0.371382,0.197215,-0.626867,-0.110516,0.556929,0.089643,-1.0
-0.871882,0.902366,0.910081,0.951859,-0.216782,0.918263,0.970266,0.305481,-0.125746,0.805529,-0.052664,0.041596,0.503682,-0.015007,-1.0
0.759018,0.726597,0.232171,0.549786,0.731032,-0.549774,0.323697,0.562434,0.20925,-0.194937,-0.011193,0.705404,-0.05289,-0.496001,-1.0
-0.943765,-0.647882,0.892944,0.16623,0.611566,-0.16027,0.184783,0.617779,0.118108,0.025852,-0.724441,-0.274355,0.47241,0.136824,-1.0
0.196646,-0.622193,-0.793325,-0.653472,-0.558402,-0.560175,0.618005,0.532992,-0.315829,-0.301674,0.397236,-0.008738,-0.42427,0.024437,-0.889137
0.975235,0.139845,0.674424,0.98183,-0.677599,-0.95322,0.443085,0.153803,-0.111402,-0.323088,0.485466,0.335935,-0.438445,-0.242829,-1.0
-0.406805,0.668003,-0.338261,0.52888,0.03842,0.858096,0.509534,0.859733,-0.013599,0.344976,-0.451665,-0.237839,0.312185,0.200492,-1.0
0.908094,0.261764,-0.178041,0.432824,0.065846,-0.559235,0.84907,0.971316,0.067558,-0.698161,0.071394,0.175869,-0.311847,-0.308436,-1.0
0.251218,-0.878466,0.518862,-0.153299,-0.397865,-0.524011,0.569845,0.266147,-0.216397,-0.389347,0.444464,-0.181055,-0.479992,0.311731,-1.0
0.782979,-0.027225,-0.195659,-0.774551,0.391139,0.24306,0.11964,0.664226,0.121553,0.022036,0.785527,-0.468418,-0.307982,0.379113,-0.994306
0.390815,0.933176,-0.820438,-0.591042,0.258902,0.624119,0.154451,0.629084,-0.069696,0.236505,0.400118,0.740203,-0.189813,-0.508871,-1.0
0.682624,-0.72954,-0.945415,-0.163461,-0.045328,0.627924,0.753312,0.68944,-0.108227,0.701654,0.142496,-0.203826,-0.194508,0.500847,-0.933037
0.762581,-0.269818,-0.95769,0.419,0.744719,0.807358,0.883701,0.010769,0.580466,0.531747,0.043755,-0.101356,-0.039996,0.50775,-0.934082
-0.261423,0.789176,-0.327058,0.008992,0.722712,0.004441,0.743161,0.547338,0.54275,-0.015508,-0.234586,0.124905,0.349643,-0.305187,-0.966645
-0.853224,-0.912369,0.146619,-0.096791,-0.538618,0.767568,0.60434,0.394756,-0.299022,0.403201,-0.054534,-0.393982,0.052287,0.512566,-0.934528
-0.668626,0.151495,-0.031546,0.023112,-0.8996,-0.070261,0.713263,0.98483,-0.629566,-0.121205,0.206558,0.21871,-0.354459,-0.338227,-0.981218
0.936879,-0.127345,-0.99636,-0.043367,0.247595,-0.839436,0.926044,0.449437,0.269811,-0.616103,0.040943,0.160525,-0.431408,-0.332345,-1.0
0.808397,-0.175436,0.681749,0.956952,-0.878109,-0.84872,0.862934,0.033623,-0.518588,-0.460618,0.180515,-0.026273,-0.469718,-0.153681,-0.991943
0.848721,-0.57591,-0.027134,0.363684,-0.097659,-0.254305,0.558089,0.359291,-0.171679,-0.315355,0.335601,-0.097865,-0.487887,0.158143,-0.955316
0.467213,0.903395,-0.711526,0.406527,-0.889594,0.187371,0.814838,0.795914,-0.657262,0.110791,0.205698,0.081396,-0.463947,-0.30024,-0.930005
0.951566,-0.967881,0.598403,-0.306893,0.533744,0.111339,0.79691,0.698039,0.718936,0.148237,0.098132,-0.263774,-0.14685,0.551998,-1.0
-0.505082,-0.580347,0.073482,-0.309023,0.983955,-0.306043,0.359116,0.306504,0.337198,-0.097104,-0.643116,-0.113804,0.493746,0.05362,-1.0
-0.752112,0.631265,-0.415993,-0.824254,-0.679662,-0.489872,0.936425,0.340231,-0.605146,-0.464473,-0.050168,0.14827,-0.038167,-0.55047,-1.0
-0.58313,-0.446922,-0.134878,-0.711051,-0.649735,-0.15811,0.369369,0.016113,-0.356244,-0.037301,0.142827,-0.603212,-0.060763,0.45352,-0.937207
-0.758813,0.897644,0.75804,-0.517803,-0.675635,-0.732482,0.242103,0.362912,-0.120893,-0.133957,-0.004896,0.753236,0.0808,-0.483215,-0.975865
0.063777,-0.671552,0.287295,-0.622997,-0.180029,-0.076824,0.653745,0.440378,-0.514509,-0.130777,0.153801,-0.352449,-0.193708,0.330068,-1.0
0.382404,0.720092,-0.045789,-0.977866,0.584854,-0.369247,0.318119,0.339057,0.246064,-0.166643,-0.069853,0.726801,0.124319,-0.570019,-0.983678
0.488986,-0.934846,-0.992657,0.422616,0.497081,0.274845,0.760559,0.852837,0.499283,0.312125,0.080021,-0.304611,0.023003,0.532511,-0.9517
0.485962,0.737593,-0.650368,0.918072,-0.435345,-0.739046,0.932943,0.305826,-0.456051,-0.546329,0.027963,0.021511,-0.314886,-0.410822,-0.919857
-0.738289,0.540108,0.374857,0.805777,0.545592,-0.202892,0.925884,0.308072,0.705628,-0.312565,-0.157969,0.042441,0.394353,-0.269559,-1.0
0.01864,-0.983047,-0.815636,-0.194165,0.166297,0.395062,0.639864,0.252675,0.133432,0.431578,-0.05783,-0.373253,0.057334,0.490597,-0.992549
0.819786,-0.457347,0.784492,0.339478,-0.014065,0.427479,0.025126,0.051367,0.010168,0.058432,0.639594,-0.798233,-0.339481,0.411562,-0.962361
0.463745,0.727757,-0.966779,0.677417,0.861856,0.04158,0.669049,0.353583,0.441723,0.046789,-0.112534,0.288074,0.213268,-0.471056,-0.969286
0.395167,0.106848,0.481196,0.709865,-0.223125,0.337429,0.94236,0.469596,-0.419117,0.609949,0.061188,-0.069646,-0.460623,0.125637,-1.0
-0.81541,0.550202,0.799389,0.015499,0.424759,0.844542,0.154988,0.000716,0.098776,0.096715,-0.812007,-0.164427,0.549884,0.185448,-0.996482
-0.92625,0.231208,-0.495632,-0.70323,-0.308077,-0.468878,0.29001,0.17941,-0.125475,-0.197465,-0.560666,0.539831,0.33331,-0.260059,-1.0
-0.509865,0.93578,-0.2819,-0.153821,0.243947,0.529064,0.160249,0.146227,0.041139,0.141484,-0.733393,0.35827,0.494245,-0.29517,-0.926387
0.377129,0.456626,0.06325,-0.540891,-0.022671,0.642671,0.662627,0.010026,0.021275,0.600382,0.276813,-0.129298,-0.405436,0.175929,-0.937854
-0.484545,-0.668982,-0.261789,-0.810133,0.868806,-0.668913,0.3885,0.8743,0.318681,-0.314624,-0.566599,0.053627,0.484854,-0.113826,-1.0
-0.901526,-0.597461,-0.077004,-0.240347,0.706996,0.59307,0.81485,0.256725,0.476643,0.381801,-0.217927,-0.026625,0.377104,0.289754,-1.0
-0.73309,-0.915532,-0.20867,0.377806,-0.20567,0.721861,0.384781,0.168098,-0.102388,0.243674,-0.168672,-0.605036,0.162825,0.450693,-1.0
0.332522,-0.727372,0.288453,-0.00405,-0.705213,0.833505,0.976555,0.418176,-0.515222,0.660264,0.017,0.020231,-0.342115,0.33058,-1.0
0.458578,-0.541786,0.837806,0.059973,-0.950062,0.445909,0.100617,0.254865,-0.178433,0.110874,0.703324,-0.479082,-0.413795,0.339237,-0.938532
0.803936,0.656952,0.139266,-0.596797,0.216011,0.186554,0.845738,0.141163,0.556573,0.454265,0.106143,0.060304,-0.405299,-0.334971,-0.94551
0.520287,0.366285,-0.650692,-0.074714,-0.533359,-0.206635,0.752649,0.439922,-0.565001,-0.232024,0.150821,0.099451,-0.473223,-0.18615,-1.0
0.670061,0.664837,-0.20605,-0.348247,0.698977,0.356064,0.315366,0.592523,0.293652,0.086465,-0.003118,0.695387,0.106312,-0.514768,-0.982979
-0.206489,0.228423,0.430919,-0.213093,0.071117,0.784123,0.007395,0.63767,0.005342,-0.007291,-0.494146,-0.951699,0.172886,0.484505,-1.0
0.475572,-0.344241,0.04536,-0.520671,0.325176,-0.466663,0.806369,0.422723,0.390484,-0.524932,0.166606,0.110706,-0.345252,-0.25055,-0.978819
-0.723527,-0.14594,0.648368,-0.048497,0.169355,-0.129229,0.64048,0.503769,0.359657,-0.395661,-0.310238,-0.01329,0.491274,0.028843,-1.0
-0.513392,-0.836377,0.796729,-0.970407,0.466695,-0.160914,0.637716,0.782032,0.492719,-0.113174,-0.243554,-0.127424,0.427155,0.297391,-0.948299
0.46529,-0.373151,-0.844802,0.949331,0.788511,-0.016011,0.584378,0.655825,0.498427,-0.015605,-0.281852,-0.328788,0.421612,0.395486,-1.0
-0.349736,-0.636969,-0.835658,-0.378069,-0.981559,-0.2912,0.395651,0.140035,-0.344545,-0.088506,0.567631,-0.31328,-0.480169,0.229314,-1.0
0.34309,0.259225,-0.469995,-0.193092,-0.170241,-0.401843,0.107214,0.218382,-0.004321,-0.160893,0.526251,0.779557,-0.271006,-0.369477,-0.972309
-0.168903,-0.156597,0.190362,-0.321615,0.323099,-0.95882,0.071904,0.62456,-0.038671,-0.055651,-0.499917,0.825754,0.288971,-0.424327,-1.0
-0.203533,0.812168,0.867833,-0.08502,0.007512,-0.967694,0.344357,0.372223,-0.002198,-0.28152,-0.155642,0.646296,0.033789,-0.536688,-0.980243
0.65483,-0.295705,0.101542,0.180367,-0.690496,0.854755,0.187102,0.240452,-0.217259,0.149156,0.598155,-0.453712,-0.391937,0.318603,-1.0
0.468633,-0.340984,-0.216531,0.582338,0.965498,0.253636,0.080707,0.242829,0.034249,0.002619,-0.565196,-0.687612,0.420257,0.367613,-1.0
0.980152,-0.983777,-0.440873,0.931032,0.261439,-0.908348,0.374682,0.923149,0.041395,-0.257015,0.662323,-0.038972,-0.415552,0.102787,-1.0
-0.844719,-0.965288,0.295503,-0.358695,0.031929,-0.43773,0.001832,0.673019,-0.044812,-0.051716,-0.869651,-0.567104,0.464213,0.247373,-1.0
0.919852,-0.483748,-0.097739,0.195644,0.210478,-0.846996,0.928629,0.392559,0.166353,-0.750317,0.051656,0.10308,-0.463996,-0.266403,-1.0
-0.889524,0.933489,0.688453,0.513259,-0.655542,-0.921703,0.579236,0.562917,-0.271287,-0.338875,-0.053425,0.405213,0.07232,-0.442463,-0.910423
-0.506373,0.102403,0.94202,-0.316798,0.35964,-0.056929,0.16581,0.865551,0.150937,-0.034201,-0.8435,0.229889,0.455478,-0.063868,-1.0
-0.739756,0.831921,0.306166,-0.736901,0.820928,0.392907,0.67586,0.310544,0.473991,0.226366,-0.366424,0.065986,0.351073,-0.2033,-0.977735
-0.88133,-0.328478,-0.08346,0.864081,0.04251,-0.300897,0.557994,0.558569,0.094724,-0.48885,-0.415868,0.004563,0.493887,0.037862,-1.0
0.943654,-0.120831,0.867451,-0.708966,-0.54917,-0.692584,0.012705,0.106806,-0.01816,-0.073133,0.989942,0.323181,-0.496205,-0.303993,-1.0
-0.923129,-0.522438,-0.766009,0.029075,-0.763773,-0.890087,0.946403,0.478861,-0.610549,-0.577402,-0.033298,0.105395,0.251022,-0.423081,-0.889717
0.760327,-0.847074,-0.744119,-0.673115,0.689233,0.851651,0.400992,0.350035,0.219276,0.239354,-0.053093,-0.567767,0.085486,0.551104,-0.986296
0.895061,-0.867202,0.033081,0.400193,-0.565091,-0.964417,0.602259,0.477453,-0.22817,-0.446294,0.423079,0.017091,-0.500946,-0.101452,-0.987294
-0.318688,-0.21386,-0.893215,-0.607927,0.584618,-0.43237,0.134235,0.78034,0.003603,-0.043341,-0.819552,0.199091,0.443507,-0.033105,-0.919054
0.645854,0.927816,-0.990065,-0.440448,-0.203004,0.726379,0.536158,0.686392,-0.094177,0.396382,0.472079,0.106916,-0.502232,0.007759,-0.977798
-0.799094,-0.558934,0.777607,-0.54697,-0.893315,-0.0269,0.44682,0.972559,-0.294788,-0.020689,0.102339,-0.583795,-0.105572,0.543888,-0.995536
0.59102,0.518049,0.445975,-0.55001,-0.050722,-0.110004,0.809193,0.831649,-0.322335,-0.591921,0.130516,0.100636,-0.323849,-0.342248,-1.0
-0.447105,0.331791,-0.401505,-0.307995,0.069423,-0.044523,0.803399,0.812438,0.512246,-0.323529,-0.200829,0.073799,0.337301,-0.245451,-0.949241
-0.305177,-0.579538,0.657186,0.864221,-0.26245,0.17591,0.355502,0.075216,-0.343131,0.233139,-0.05664,-0.686335,0.032951,0.578056,-0.952525
0.41638,-0.247619,0.166871,-0.864102,0.442961,0.819878,0.759856,0.929427,0.383733,0.495529,-0.003638,-0.251358,-0.049994,0.571281,-1.0
0.371939,0.987484,0.768949,0.361477,-0.09224,-0.272664,0.658043,0.923105,-0.2271,-0.52173,0.143179,0.33716,-0.093474,-0.485996,-0.942748
0.657882,0.053834,0.011221,-0.228942,-0.715495,-0.801924,0.801473,0.318534,-0.469246,-0.537602,0.145569,0.14426,-0.368304,-0.270492,-0.945458
-0.227219,-0.195425,-0.492998,0.851234,-0.700424,0.321566,0.980278,0.542292,-0.695583,0.332529,0.015543,-0.027554,-0.301306,0.356757,-1.0
-0.564845,-0.708354,-0.892104,0.772196,0.16678,-0.198028,0.534249,0.852788,0.299181,-0.303386,-0.342934,-0.268196,0.453109,0.26422,-1.0
0.078499,-0.889661,0.817855,0.543302,0.665686,0.630159,0.261507,0.272115,0.174905,0.164871,-0.241521,-0.775092,0.137685,0.448632,-0.967292
-0.616158,0.861562,-0.404919,0.381291,0.570777,0.010236,0.875372,0.106614,0.773268,0.114138,-0.15504,0.122021,0.392723,-0.348567,-0.971145
0.355419,-0.70249,0.436898,-0.566275,0.059835,0.586848,0.113718,0.330381,0.058961,0.115991,0.2988,-0.894205,-0.121691,0.504447,-1.0
0.958636,0.903264,0.946481,0.15996,-0.175965,0.630843,0.09043,0.432053,-0.047261,-0.060581,0.851932,0.219963,-0.461839,-0.038625,-1.0
-0.980442,-0.337718,-0.739113,-0.536853,-0.616118,-0.158079,0.770789,0.940859,-0.67958,-0.207222,-0.15299,-0.034189,0.461946,0.185669,-0.879566
-0.031415,-0.220916,-0.524629,0.555394,0.159052,-0.13111,0.41557,0.223402,0.2354,-0.2569,-0.45567,-0.238302,0.498755,0.363467,-0.935333
-0.542284,-0.98828,-0.455195,-0.104673,-0.123211,0.722001,0.878342,0.172834,-0.135612,0.702651,-0.094652,-0.057777,0.073626,0.512185,-1.0
-0.59112,0.68814,-0.180714,-0.291709,-0.77561,0.87118,0.207856,0.249822,-0.105245,0.115941,0.532277,-0.563115,-0.360146,0.398502,-1.0
-0.836783,0.771623,-0.728118,0.05764,0.634741,-0.873764,0.602272,0.790094,0.236596,-0.271071,-0.322057,0.266571,0.38398,-0.307638,-0.950158
-0.122179,0.11589,0.93288,-0.055398,0.99955,0.983032,0.732578,0.077724,0.409238,0.417919,-0.26547,-0.130314,0.344553,0.261959,-1.0
-0.568447,0.125283,0.14292,0.592081,-0.348472,0.839464,0.906431,0.242233,-0.226755,0.700384,-0.057542,-0.152794,0.108478,0.527565,-1.0
-0.98189,-0.145894,-0.285206,0.883801,-0.952565,0.14566,0.733591,0.211047,-0.540232,0.120347,-0.039309,-0.325836,0.149468,0.496252,-0.959148
0.971472,0.601181,-0.858825,-0.779593,-0.690812,-0.45792,0.361432,0.263932,-0.206264,-0.10916,0.47492,0.385479,-0.507158,-0.233646,-1.0
0.372089,0.117612,0.25607,0.80686,0.593665,0.765015,0.553611,0.270168,0.29846,0.373494,-0.082978,-0.413074,0.178375,0.42137,-0.961369
0.689073,-0.830007,0.764409,0.200591,-0.727752,0.023623,0.377807,0.414371,-0.356377,0.004985,0.524602,-0.384893,-0.413595,0.149768,-1.0
-0.351608,-0.1219,0.159854,-0.587598,-0.773588,0.327861,0.679449,0.648346,-0.393837,0.239392,0.206903,-0.224188,-0.332585,0.337684,-1.0
-0.091398,-0.246315,-0.718419,0.731851,0.778648,0.280017,0.265877,0.448894,0.202703,0.083123,-0.661482,-0.322097,0.488387,0.197093,-0.995476
0.265371,0.914468,0.354486,-0.680842,-0.422374,0.466079,0.33568,0.420825,-0.123217,0.238436,0.629294,0.351146,-0.382903,-0.342007,-1.0
0.936768,0.870734,-0.822179,-0.228169,-0.486972,-0.041211,0.945585,0.776811,-0.885545,-0.14521,0.028782,0.022113,-0.416684,-0.306739,-1.0
-0.748294,0.513371,0.705604,-0.011578,0.049994,0.333978,0.343771,0.818222,-0.002312,0.16896,-0.557145,0.060773,0.539905,-0.160835,-1.0
0.660014,-0.799604,-0.107699,-0.805769,-0.828647,0.966065,0.981461,0.106593,-0.568028,0.558017,0.018189,-0.007528,-0.347611,0.399739,-0.952835
-0.441772,0.9772,0.641435,-0.633578,0.914,-0.480824,0.293998,0.191591,0.250723,-0.071362,-0.432723,0.461737,0.373675,-0.433949,-1.0
0.189509,-0.172769,0.680726,-0.038801,-0.187347,-0.349044,0.773962,0.241555,-0.313219,-0.604966,0.286379,0.205579,-0.49691,-0.219109,-1.0
-0.404205,-0.738753,-0.850791,0.684415,0.559321,-0.819423,0.452799,0.494063,0.259376,-0.353136,-0.609694,0.015894,0.40488,-0.074691,-0.976387
-0.4138,0.383489,-0.770405,-0.861518,0.043616,-0.315984,0.8199,0.073292,0.05476,-0.66393,-0.092095,0.109882,0.231378,-0.41102,-1.0
0.321751,0.532441,-0.066559,0.907099,-0.815892,-0.032106,0.429684,0.78887,-0.333129,-0.058585,0.45321,0.260285,-0.449574,-0.371308,-1.0
-0.251502,0.097214,-0.486073,0.863959,-0.083447,-0.723923,0.338409,0.230918,-0.07802,-0.379938,-0.141925,0.679375,0.095645,-0.527313,-0.902655
0.374402,-0.044248,0.274118,0.435654,-0.001214,0.624011,0.94919,0.721898,0.080999,0.744547,0.046283,-0.02074,-0.154401,0.450751,-0.990705
0.060775,0.789643,0.521226,-0.192854,-0.71075,0.114424,0.818389,0.688388,-0.609159,0.109132,0.108303,0.084944,-0.380041,-0.257422,-0.956783
0.471698,0.670794,-0.812823,0.686405,-0.141978,-0.955294,0.578478,0.896924,-0.018486,-0.412746,0.129798,0.341155,-0.170912,-0.432727,-0.903909
0.445295,-0.91973,-0.727411,-0.049774,0.047806,-0.811172,0.331058,0.556428,0.068571,-0.189173,0.582082,-0.198713,-0.480832,0.200496,-0.893015
-0.190268,0.655261,-0.628861,-0.303062,-0.084108,0.902331,0.481082,0.83611,-0.041528,0.428726,-0.230527,-0.462342,0.131136,0.45199,-0.956597
-0.040362,-0.979734,-0.963495,0.819111,-0.845968,-0.743392,0.879814,0.630455,-0.556366,-0.427643,0.166212,0.038788,-0.537437,0.233206,-1.0
0.519642,-0.64983,0.524839,0.545229,0.006265,0.257314,0.620893,0.196076,0.006713,0.553752,0.319991,-0.309793,-0.322324,0.44123,-1.0
-0.69093,0.610413,-0.442249,0.398526,0.274415,0.260344,0.889557,0.3097,0.546916,0.463692,-0.036054,0.055488,0.419728,-0.207185,-0.970012
0.795708,0.629382,0.601275,-0.347619,0.427931,0.881395,0.222107,0.781459,-0.015011,0.153001,0.598166,-0.498228,-0.457169,0.269609,-1.0
0.102517,-0.801324,-0.906653,0.064815,-0.990166,-0.212407,0.525533,0.34367,-0.478381,-0.103646,0.477334,-0.276583,-0.373494,0.141706,-0.955665
0.764652,0.167119,-0.896001,-0.227754,0.630572,-0.428125,0.309671,0.328209,0.223315,-0.14577,0.133777,0.657098,-0.073526,-0.540503,-0.973848
-0.512007,-0.022617,-0.680425,-0.242686,-0.550848,0.014986,0.530759,0.496485,-0.482818,-0.029026,0.321304,-0.411047,-0.367054,0.329129,-0.987546
0.398662,0.28037,0.455966,0.84702,-0.942422,-0.929827,0.838113,0.684597,-0.484053,-0.420946,0.151602,0.011913,-0.300482,-0.303734,-1.0
0.934534,0.996613,-0.753475,0.353369,0.857356,-0.981091,0.618811,0.256995,0.230887,-0.396322,-0.027143,0.373189,-0.060069,-0.478098,-1.0
-0.401602,0.629297,0.422458,0.52746,-0.377533,-0.935783,0.234351,0.0407,-0.100501,-0.175957,0.06604,0.75765,-0.007029,-0.479572,-0.931992
0.032835,0.47239,-0.201125,0.183843,0.642732,0.399174,0.159365,0.113498,0.213071,0.139996,-0.809347,0.086727,0.487404,-0.048517,-1.0
-0.061466,-0.216749,-0.904079,0.954508,-0.800727,-0.631987,0.700401,0.261039,-0.386706,-0.273303,0.206623,0.089442,-0.361618,-0.356405,-0.943174
0.672239,-0.203983,0.881828,0.071921,0.553575,-0.072953,0.911544,0.802563,0.736778,-0.084039,0.001898,-0.047313,-0.343497,0.373219,-0.984419
0.454637,-0.061989,-0.053917,-0.558593,-0.928578,-0.702289,0.995411,0.291072,-0.652016,-0.428581,0.024703,-0.08551,-0.449048,-0.173286,-1.0
0.539243,0.562893,-0.248918,0.390148,-0.032326,0.44722,0.101271,0.668203,0.038032,0.163641,0.92235,0.163894,-0.571577,-0.054084,-0.961841
-0.457668,0.513163,0.172648,0.161934,0.354272,-0.214931,0.680553,0.155868,0.491353,-0.2084,-0.235037,0.229017,0.311999,-0.224097,-1.0
0.892044,0.875237,-0.796661,0.934687,0.448575,-0.17426,0.862562,0.040771,0.686162,-0.197012,-0.002449,0.116517,-0.0289,-0.450983,-0.881713
-0.643189,-0.11359,0.647643,0.456936,0.030215,0.260573,0.312979,0.615296,-0.001271,0.326437,-0.611336,-0.251282,0.441749,0.158597,-1.0
-0.104906,-0.966387,0.469966,-0.518538,0.560015,0.949584,0.928075,0.830482,0.405688,0.715918,-0.038274,-0.03579,0.210104,0.378385,-1.0
0.159583,0.069685,0.27586,-0.953276,-0.751638,-0.558282,0.652329,0.966986,-0.396006,-0.321799,0.232114,0.233373,-0.483347,-0.171314,-0.905211
-0.402876,-0.354338,-0.478902,-0.456043,-0.87874,0.597505,0.345414,0.504311,-0.350383,0.189646,0.235622,-0.580224,-0.173762,0.476862,-1.0
-0.376752,-0.752795,-0.462204,0.431387,-0.808508,0.392858,0.308286,0.719024,-0.144503,0.183577,0.168729,-0.670951,-0.173287,0.546446,-0.919154
0.339208,-0.805222,0.508063,0.12341,-0.807935,0.737415,0.927874,0.346962,-0.528456,0.46299,0.106018,-0.004635,-0.340426,0.499544,-0.93693
-0.085117,-0.376061,0.730276,0.450992,0.592157,-0.224713,0.876922,0.610348,0.599959,-0.223575,-0.120938,-0.025939,0.470843,0.046303,-0.996142
0.613985,-0.189531,0.088513,0.696787,0.503327,-0.849293,0.588838,0.541473,0.233121,-0.300639,-0.00434,0.37844,-0.072589,-0.527273,-1.0
0.695297,-0.023301,-0.460275,-0.133157,-0.7397,-0.960532,0.2402,0.048996,-0.091473,-0.111748,0.705288,0.429939,-0.429863,-0.179632,-1.0
0.817078,-0.175129,-0.097079,0.019835,-0.376816,-0.945235,0.050048,0.478103,0.009488,0.018883,0.775331,0.565283,-0.428365,-0.354276,-1.0
0.285191,0.64425,-0.817779,0.962753,0.496035,0.704229,0.931548,0.046949,0.464017,0.673184,-0.029696,-0.000115,0.519513,0.061269,-1.0
-0.806933,-0.926841,0.409825,-0.220329,0.03812,0.932778,0.912608,0.3069,-0.000486,0.760428,0.014906,-0.015618,0.178499,0.396888,-1.0
0.544509,0.390053,-0.120106,-0.983452,-0.001565,-0.515675,0.947065,0.941241,0.159844,-0.831108,-0.052057,0.017444,-0.248419,-0.413373,-1.0
0.650847,0.061614,-0.126666,0.782166,-0.992386,0.681482,0.820462,0.084572,-0.523412,0.394535,0.165336,-0.079874,-0.472117,0.227567,-1.0
0.837067,0.687437,0.384593,-0.676695,0.788672,-0.539465,0.872894,0.859956,0.478167,-0.384896,0.047564,0.071249,0.030094,-0.522408,-0.994782
0.769543,0.543278,-0.492719,-0.21395,0.885987,0.700784,0.094502,0.302966,0.095614,-0.037226,-0.447907,-0.74573,0.290358,0.384205,-1.0
0.944349,-0.606143,0.112307,-0.301079,0.400435,-0.591225,0.809841,0.817152,0.358371,-0.5251,0.173265,0.035439,-0.512227,0.145893,-1.0
-0.31791,0.024923,-0.547663,0.488312,0.116232,0.105808,0.035087,0.108574,0.009921,-0.053732,-1.0,-0.188624,0.426763,0.089581,-0.958104
-0.21363,0.266086,-0.354879,-0.992808,0.030505,0.427166,0.502475,0.273233,0.115195,0.394656,-0.424967,-0.269229,0.405012,0.20189,-1.0
0.58615,0.902678,0.114394,0.448627,0.026456,-0.853277,0.333234,0.076012,-0.006372,-0.234039,0.274066,0.547836,-0.18511,-0.515696,-1.0
-0.27721,0.291098,-0.212598,-0.082167,0.896507,0.087087,0.856215,0.374934,0.68803,0.10713,-0.037734,0.056802,0.500854,-0.061453,-0.934723
-0.161809,-0.547113,0.204688,0.828454,-0.076101,-0.839493,0.002827,0.972927,-0.050905,-0.039587,-0.317049,0.983654,0.166467,-0.468082,-1.0
-0.655132,0.452055,-0.435918,0.454771,-0.383204,-0.764329,0.52784,0.647957,-0.162293,-0.349101,-0.133115,0.487174,0.12606,-0.45183,-0.957915
0.740246,-0.034265,-0.236871,-0.94958,0.529738,0.563557,0.893147,0.065472,0.553683,0.568105,0.017686,-0.106202,0.002976,0.406071,-1.0
-0.998383,0.15188,-0.466202,0.366678,0.199849,-0.945836,0.020717,0.369774,0.014607,-0.027849,-0.711753,0.596776,0.339831,-0.343915,-0.98313
0.821947,0.628111,0.756945,-0.990258,-0.137042,-0.525773,0.419158,0.696441,-0.113531,-0.290149,0.312318,0.346311,-0.265329,-0.384138,-0.933978
-0.441925,-0.941448,-0.842913,0.921177,0.713759,0.971606,0.967631,0.638125,0.441885,0.642106,-0.071263,-0.055518,0.274527,0.396432,-0.965352
-0.04653,-0.385598,0.690668,0.369816,0.393581,0.692121,0.635492,0.954619,0.246225,0.458632,-0.181788,-0.34137,0.098895,0.496297,-1.0
0.202298,-0.101981,-0.890488,0.263198,0.183664,0.338211,0.341532,0.979495,0.165229,0.338667,0.076212,-0.724294,-0.065421,0.436456,-1.0
-0.199077,0.267825,0.709818,-0.043694,-0.942822,-0.718194,0.326343,0.60677,-0.253651,-0.095069,0.320952,0.576189,-0.305729,-0.38064,-0.959977
-0.483697,0.714406,-0.079454,0.751232,0.989589,-0.317563,0.126464,0.142319,0.156462,0.018767,-0.809389,0.47337,0.452148,-0.280634,-0.961488
0.311434,-0.953578,0.328598,-0.60371,0.328024,0.638455,0.9423,0.266611,0.324211,0.646382,0.000212,-0.01052,0.009562,0.512259,-0.944594
-0.942556,-0.216325,0.143296,-0.835065,-0.892893,0.830322,0.864307,0.19111,-0.516106,0.442585,0.047938,-0.137642,0.090555,0.427348,-0.992562
0.67305,0.40917,-0.090109,0.636426,0.63316,-0.480095,0.451224,0.925005,0.285027,-0.189853,-0.126418,0.576829,-0.01067,-0.506963,-0.959358
-0.142973,-0.347949,0.048627,-0.692841,0.050836,0.170575,0.349334,0.851666,0.080842,0.162987,-0.172407,-0.638558,0.183439,0.457299,-1.0
-0.417819,-0.441206,-0.65068,0.263868,-0.013899,-0.885035,0.78799,0.351231,-0.032684,-0.646292,-0.10705,0.148896,0.374378,-0.320882,-0.901465
0.325807,0.977705,-0.148691,-0.133036,0.247847,0.459844,0.852828,0.637718,0.235576,0.613382,-0.015951,0.12957,-0.114291,-0.470849,-1.0
0.331038,-0.078168,0.845986,0.06893,-0.083397,0.289869,0.457262,0.350415,-0.112551,0.429676,0.455318,-0.455474,-0.350613,0.356523,-0.971386
0.752202,-0.538244,-0.608505,-0.336486,-0.808689,-0.982147,0.22961,0.715866,-0.078678,-0.079296,0.729094,0.118069,-0.565419,-0.086798,-0.994512
-0.843837,0.558288,-0.086126,0.780167,-0.042651,-0.594735,0.447215,0.177831,-0.045123,-0.32131,-0.423298,0.429015,0.250634,-0.381366,-0.983676
0.855145,-0.184917,0.199847,-0.687015,-0.792285,-0.654067,0.563795,0.506845,-0.396361,-0.345212,0.334793,0.062342,-0.403158,-0.144672,-0.99731
-0.672856,0.673997,-0.702896,-0.070574,-0.333352,-0.999873,0.717985,0.890913,-0.178812,-0.594425,-0.059411,0.243645,0.075581,-0.46705,-1.0
0.947492,-0.045144,-0.661222,0.092471,-0.85693,-0.577079,0.377837,0.494414,-0.284144,-0.127548,0.538728,0.203828,-0.489621,-0.112073,-1.0
0.799946,0.24839,0.48666,-0.918745,0.241539,0.474324,0.558855,0.311208,0.212189,0.489797,0.436789,-0.205151,-0.452222,0.299848,-1.0
0.222282,-0.334029,-0.635233,-0.199306,0.772472,-0.168408,0.413614,0.463325,0.335392,-0.120938,-0.521843,-0.126401,0.417211,0.166798,-0.910985
0.799052,-0.424225,0.379814,0.547794,-0.932136,0.587962,0.309864,0.043796,-0.161501,0.118924,0.56309,-0.398096,-0.489657,0.294016,-0.922745
-0.894297,0.57283,0.005897,0.014517,0.117664,0.677285,0.284437,0.947088,0.061914,0.177622,-0.713083,-0.050479,0.459473,0.061885,-0.976698
0.624561,0.979924,0.039951,-0.950647,-0.516352,-0.239984,0.318951,0.456162,-0.255278,-0.108229,0.522747,0.534156,-0.303004,-0.41883,-0.952241
0.778696,-0.892734,-0.46426,-0.536002,-0.75885,0.883003,0.452202,0.302206,-0.217471,0.330751,0.31878,-0.396912,-0.333083,0.392885,-0.980057
0.982205,0.674732,0.853191,-0.281088,0.377626,-0.8395,0.108573,0.039857,-0.000161,0.006187,0.302533,0.809813,-0.210703,-0.439698,-1.0
0.175246,0.372291,-0.686415,-0.696418,-0.089945,0.488359,0.828961,0.784678,-0.121364,0.692691,0.192642,-0.105102,-0.423442,0.172452,-0.997069
0.133232,0.519311,-0.474023,-0.101881,0.895778,-0.89704,0.455378,0.805925,0.281796,-0.187173,-0.216221,0.566972,0.277725,-0.490861,-0.941378
0.19321,-0.758403,0.962045,-0.216043,-0.895163,0.013591,0.518993,0.88301,-0.444937,0.014269,0.370937,-0.39208,-0.386978,0.290625,-0.947915
-0.257484,-0.312111,-0.33726,0.913437,0.181338,0.147707,0.412182,0.560194,0.302635,0.21445,-0.35329,-0.47076,0.471306,0.304241,-1.0
0.627166,0.548171,0.246321,-0.617103,-0.51106,0.584443,0.107911,0.184711,-0.000474,0.052838,0.842376,0.004061,-0.532388,0.114878,-1.0
-0.671465,0.838152,-0.089717,0.280567,0.473531,-0.939826,0.429393,0.429978,0.246519,-0.214654,-0.264357,0.488376,0.32316,-0.423001,-0.981555
-0.761353,-0.353724,-0.768239,0.585397,0.319951,-0.26135,0.605277,0.589091,0.406876,-0.204885,-0.52281,-0.057783,0.432682,0.057953,-0.916694
0.507416,-0.538322,-0.480202,-0.394278,-0.089102,0.025483,0.360102,0.051368,-0.198921,0.13275,0.488674,-0.469333,-0.262411,0.376677,-1.0
0.888514,0.272854,-0.3943,0.016581,-0.914891,-0.075539,0.903581,0.604922,-0.622642,-0.007211,0.091641,0.031223,-0.459675,-0.147378,-0.96751
-0.193279,-0.916122,-0.218271,0.339433,0.348123,-0.256634,0.442627,0.993347,0.295557,-0.238805,-0.386116,-0.385547,0.30423,0.407943,-1.0
0.264357,-0.047647,0.162829,-0.173281,0.847012,0.042324,0.52774,0.293334,0.51052,-0.038828,-0.471417,0.001026,0.52767,0.075388,-1.0
0.40965,0.160656,-0.898601,0.171229,-0.585253,-0.351476,0.346079,0.763562,-0.270341,-0.146137,0.543358,0.255826,-0.51708,-0.190812,-1.0
0.024985,0.141099,-0.593843,-0.451646,-0.538162,0.897903,0.352478,0.220429,-0.069718,0.152655,0.364261,-0.502396,-0.333651,0.536647,-1.0
-0.946752,-0.767685,-0.233433,0.774053,0.514267,0.721867,0.722774,0.129442,0.306573,0.489343,-0.14922,-0.108863,0.367365,0.403283,-1.0
0.759432,-0.932577,-0.530662,-0.634654,-0.149377,-0.136932,0.466507,0.889141,-0.305189,-0.166092,0.285275,-0.354084,-0.347554,0.268204,-0.990417
0.300226,0.071965,0.141854,0.013825,-0.231234,0.877242,0.47159,0.920124,-0.033122,0.3468,0.370518,-0.502512,-0.275037,0.31537,-0.908564
0.784669,-0.738391,0.262975,0.373924,-0.530732,-0.560735,0.681004,0.717402,-0.392665,-0.286331,0.424201,-0.056194,-0.536565,0.092244,-0.999724
0.512197,0.350238,-0.803767,0.21791,0.717214,0.365713,0.102879,0.635546,0.140434,-0.031977,-0.764084,-0.073493,0.488606,-0.001085,-0.978526
-0.281209,-0.926909,-0.397843,-0.030133,0.657235,0.533566,0.857813,0.331898,0.5496,0.528421,-0.048949,-0.04985,0.210509,0.40531,-0.984351
-0.298218,0.010655,-0.216813,0.536765,0.300717,0.137505,0.793992,0.738412,0.682198,0.227976,-0.135138,-0.133332,0.493209,0.138505,-1.0
-0.867193,0.334008,-0.459701,0.056547,0.955391,-0.969183,0.890576,0.51676,0.608032,-0.445265,-0.166699,-0.022388,0.419051,-0.32511,-0.932789
-0.646873,-0.794786,-0.065019,-0.468197,0.93124,0.701255,0.038196,0.368025,-0.024307,-0.016356,-0.652759,-0.629418,0.320949,0.265007,-0.952071
0.592039,-0.639539,-0.160553,0.70822,-0.599991,-0.845596,0.345433,0.425679,-0.121855,-0.278865,0.567739,0.152119,-0.481653,-0.123827,-0.964113
0.322233,0.474617,-0.520302,0.072539,-0.548005,0.534571,0.363877,0.61569,-0.171933,0.187509,0.560497,-0.091319,-0.455213,0.040686,-0.92461
0.092071,-0.684342,-0.822067,0.836673,-0.859651,-0.275646,0.022493,0.454192,-0.036565,-0.017848,0.908554,-0.289949,-0.405055,0.082873,-0.983082
-0.90539,0.751301,-0.328833,-0.558834,0.006162,-0.890082,0.555448,0.40436,0.06562,-0.466427,-0.198643,0.352024,0.229991,-0.487016,-1.0
-0.781175,0.372176,-0.8591,-0.594624,0.730525,-0.17246,0.362763,0.780001,0.304571,-0.109452,-0.586902,0.239509,0.408484,-0.150768,-0.976627
-0.062447,0.561767,-0.477732,-0.07078,-0.519352,0.994375,0.369839,0.133077,-0.216062,0.211098,0.458092,-0.442374,-0.349901,0.372033,-0.986136
-0.350441,0.874444,-0.78607,0.939973,-0.080976,0.049375,0.834891,0.67383,-0.502116,0.318446,-0.105704,0.102213,0.156137,-0.481875,-1.0
0.304104,-0.710477,-0.255932,-0.978519,0.035646,0.883796,0.57714,0.536727,0.069261,0.436726,0.108113,-0.405803,-0.17105,0.457459,-1.0
0.159762,0.97838,0.212614,0.130398,0.045157,0.997557,0.165407,0.302788,0.013546,0.01945,0.769944,-0.183405,-0.416901,-0.007638,-1.0
0.246138,0.99513,0.134216,0.019531,0.362923,0.229994,0.50253,0.108332,0.31887,0.243425,-0.104562,0.464736,0.088214,-0.469439,-1.0
-0.024324,-0.232535,-0.627052,0.153506,-0.300337,-0.472385,0.361722,0.88501,-0.153398,-0.28092,0.518308,0.39582,-0.398989,-0.431644,-1.0
-0.694648,-0.307751,-0.479913,0.435578,0.696263,0.336176,0.8322,0.75528,0.60279,0.307597,-0.130546,-0.100751,0.500191,0.251925,-1.0
0.616615,-0.451523,-0.418926,-0.516212,0.410024,-0.295991,0.669508,0.239824,0.486684,-0.292701,0.275622,-0.250994,-0.310966,0.297275,-1.0
0.586652,-0.404533,-0.472193,0.492569,0.209126,-0.241005,0.166756,0.420019,0.056441,-0.128287,0.654137,-0.350026,-0.477906,0.185843,-1.0
-0.029485,0.781603,0.085813,0.827898,-0.386742,0.010888,0.291548,0.550814,-0.30594,-0.078081,0.295964,0.630312,-0.197583,-0.36633,-0.976762
-0.892151,-0.451663,-0.839587,0.456357,0.951731,-0.969018,0.636423,0.265769,0.327802,-0.377802,-0.30413,0.146285,0.537747,-0.139276,-1.0
-0.579122,-0.241072,0.102924,-0.515272,-0.759351,-0.373973,0.734421,0.234812,-0.518918,-0.321373,0.259394,0.070723,-0.320565,-0.300444,-1.0
-0.393665,-0.409895,-0.278884,-0.947211,-0.254782,0.070109,0.535359,0.785543,-0.469877,0.135239,-0.135703,-0.458854,0.170564,0.457245,-0.998381
-0.090611,0.715885,-0.329544,0.292588,-0.597049,-0.88415,0.874863,0.579895,-0.392212,-0.583778,-0.042499,0.195849,-0.077346,-0.500926,-1.0
0.209792,-0.805929,0.36861,-0.735452,0.578145,-0.028238,0.425269,0.591187,0.368393,-0.061197,-0.300115,-0.450629,0.246984,0.524034,-1.0
0.441925,-0.580693,-0.845505,0.830765,-0.775026,0.898572,0.875625,0.369856,-0.481169,0.526362,0.03963,-0.226867,-0.309863,0.36541,-1.0
0.192952,0.457078,-0.109137,-0.489049,-0.50767,0.834467,0.48717,0.25383,-0.217606,0.273354,0.488245,-0.19049,-0.469355,0.246596,-0.966746
-0.077379,0.864465,-0.874971,0.799163,-0.30801,-0.701419,0.546011,0.043718,-0.164883,-0.432984,0.019196,0.478299,-0.07065,-0.523003,-1.0
0.46465,0.001597,-0.858996,0.216544,0.659983,0.74004,0.426065,0.777732,0.262305,0.269792,-0.120934,-0.496998,0.105684,0.507207,-0.990932
-0.566561,-0.839043,0.916974,0.509322,0.660981,0.425116,0.718321,0.229475,0.451947,0.311106,-0.241164,-0.201963,0.313829,0.412088,-1.0
0.205716,-0.109125,0.78099,0.630229,-0.908408,0.31096,0.463765,0.58133,-0.278768,0.112629,0.52688,-0.208472,-0.474925,0.133933,-1.0
-0.267062,-0.94976,0.973566,-0.377707,-0.898884,0.570075,0.469359,0.64995,-0.222369,0.263842,0.175601,-0.456609,-0.154206,0.476473,-0.951451
-0.320201,-0.032788,0.939949,0.579537,0.344339,-0.760468,0.18896,0.064024,0.057616,-0.152094,-0.524217,0.66988,0.282591,-0.303828,-0.931056
0.685995,-0.200127,-0.790697,0.97634,-0.106862,-0.800613,0.290507,0.52772,-0.013027,-0.233115,0.562043,0.341991,-0.422613,-0.281209,-0.96535
0.924824,-0.235395,-0.60434,0.388598,-0.334965,-0.472606,0.385684,0.578307,-0.232884,-0.203993,0.549918,0.052068,-0.567493,-0.119632,-0.978253
0.216232,-0.44056,0.931021,0.073186,0.025675,0.732211,0.284836,0.295151,0.077125,0.356235,0.101747,-0.722572,-0.163867,0.489846,-0.962052
0.797523,0.24922,-0.141006,0.677783,-0.47615,0.445376,0.13625,0.68806,-0.036981,0.063484,0.906041,-0.168254,-0.532524,0.11739,-0.886708
-0.556033,-0.158332,-0.255856,-0.293634,-0.861914,0.097076,0.509093,0.025176,-0.457338,0.107799,0.333718,-0.272013,-0.364272,0.339045,-0.926658
-0.248653,0.616711,0.047002,-0.44394,-0.450044,-0.098394,0.167392,0.853174,-0.163029,0.001213,0.316518,0.67969,-0.067083,-0.471196,-0.948165
-0.660995,-0.72814,-0.344497,-0.029303,0.429901,0.469925,0.475627,0.307898,0.232801,0.287642,-0.36345,-0.405326,0.330003,0.349105,-0.990537
-0.545103,0.609725,-0.493442,0.053303,0.414918,-0.26306,0.589154,0.427741,0.406052,-0.286445,-0.342457,0.292142,0.458468,-0.357576,-0.978593
-0.447935,0.113911,-0.512048,-0.004322,-0.197053,0.126989,0.085263,0.43541,-0.038993,0.037099,-0.88005,-0.069605,0.51741,-0.044706,-0.940737
0.508616,-0.547603,-0.449686,0.560187,-0.216896,-0.312007,0.666023,0.769695,-0.313101,-0.448417,0.361544,-0.074395,-0.433601,0.041349,-0.955495
-0.447825,-0.197754,0.150267,-0.602148,0.804899,0.707101,0.635549,0.974294,0.410316,0.323056,-0.317953,-0.178625,0.417455,0.240243,-1.0
0.259019,-0.673379,0.907384,0.986473,0.224049,-0.052333,0.038142,0.261338,0.024159,-0.03226,0.068615,-0.976168,0.024955,0.521165,-0.988259
0.017088,0.507601,-0.598658,-0.212613,0.243947,-0.673744,0.05649,0.225805,-0.014419,-0.017277,-0.180905,0.941052,0.128725,-0.592567,-0.945456
-0.534152,0.032214,0.68032,0.837311,-0.464118,-0.748334,0.034572,0.543542,-0.048935,-0.011916,-0.066454,0.949071,0.061848,-0.510168,-1.0
-0.622343,-0.6906,0.08595,-0.440504,-0.410648,-0.347335,0.13215,0.83863,-0.016805,0.010724,-0.461443,-0.732533,0.265812,0.448105,-1.0
0.402849,-0.951869,-0.76429,0.35982,-0.127145,0.048947,0.253871,0.628421,-0.25357,0.141472,0.328244,-0.704569,-0.199436,0.384517,-1.0
-0.74278,-0.854684,0.214894,0.474485,0.455587,0.79174,0.38934,0.113183,0.104122,0.396041,-0.352872,-0.590201,0.263347,0.361403,-0.968141
-0.071969,0.629187,0.895182,-0.241737,0.594861,0.464717,0.951499,0.689678,0.555216,0.468923,-0.086622,-0.030895,0.45489,-0.122881,-0.99371
-0.647358,0.99028,-0.232852,0.741567,-0.766264,-0.513339,0.398206,0.948002,-0.287082,-0.237331,0.032023,0.568627,-0.166808,-0.534114,-1.0
0.293028,-0.924741,0.359739,-0.784835,0.274831,0.333957,0.569988,0.406262,0.249673,0.426363,-0.009715,-0.52685,0.021344,0.442426,-0.930108
0.233556,0.114356,-0.334872,0.74258,0.053314,0.169726,0.71042,0.786806,0.161123,0.603255,0.308564,-0.009755,-0.542696,0.116296,-0.97955
-0.195695,-0.782191,-0.061208,-0.060025,-0.243759,0.988098,0.765418,0.686139,-0.060372,0.585437,0.0116,-0.247768,0.001379,0.444479,-1.0
0.960566,0.081363,0.681297,0.685379,0.899119,0.3689,0.894969,0.086793,0.688271,0.200589,-0.012928,-0.114906,-0.133649,0.459097,-1.0
-0.618544,0.770973,0.875535,0.196113,0.11173,0.202913,0.513512,0.262654,0.27006,0.3704,-0.378896,0.296083,0.358633,-0.312242,-0.929027
-0.678751,0.076537,0.982415,-0.560873,0.540327,0.957718,0.407719,0.849734,0.188992,0.294011,-0.486004,-0.298735,0.423193,0.396043,-0.954897
0.087033,-0.04845,-0.183775,0.335486,-0.572269,-0.953133,0.728267,0.273792,-0.204523,-0.532872,0.102171,0.228249,-0.311247,-0.320782,-0.986024
0.129812,0.876446,-0.315302,-0.587773,-0.684601,-0.491679,0.540404,0.734027,-0.399868,-0.353907,0.267534,0.352205,-0.205804,-0.472735,-0.962538
-0.180052,-0.738767,0.260742,0.404724,0.702527,0.418056,0.288048,0.871376,0.217322,0.007286,-0.392986,-0.510703,0.333529,0.39837,-0.979913
0.19311,-0.93133,0.166895,0.328614,-0.581221,0.482318,0.303317,0.172485,-0.097255,0.153248,0.174169,-0.59287,-0.21738,0.422644,-1.0
-0.479196,-0.923019,0.868093,-0.320355,0.346585,0.964718,0.862781,0.925231,0.223361,0.635843,-0.08853,-0.14968,0.191412,0.492026,-1.0
0.124834,-0.420652,0.022401,-0.490763,0.722187,-0.944734,0.172103,0.23261,0.09136,-0.068999,-0.584103,0.475279,0.396676,-0.291076,-1.0
-0.647801,0.230221,-0.631956,-0.616024,0.976965,-0.794648,0.024286,0.52017,-0.019631,0.037669,-0.7888,0.543163,0.442682,-0.285405,-0.961729
-0.813672,-0.118636,-0.356706,0.637965,-0.588324,-0.826229,0.138687,0.529999,0.031478,-0.092617,-0.299191,0.813846,0.182016,-0.453322,-0.974188
0.217194,-0.643687,0.493527,-0.221028,-0.046837,0.791341,0.421795,0.074919,-0.026015,0.379289,0.049238,-0.543024,-0.060367,0.482734,-1.0
0.481579,-0.350283,0.475506,-0.181595,0.163058,0.499467,0.083476,0.977123,0.020888,0.047181,0.433492,-0.84995,-0.256184,0.509933,-0.996398
0.268535,-0.448719,0.134684,0.385329,-0.967509,-0.586781,0.207775,0.233533,-0.091446,-0.111927,0.748621,0.093706,-0.588626,-0.060757,-0.966591
0.848771,0.652248,-0.061909,0.643223,-0.117158,0.466739,0.56166,0.716021,-0.107095,0.416948,0.52162,0.120994,-0.4396,-0.092728,-1.0
0.66998,0.762359,-0.795078,-0.217865,-0.015259,0.864257,0.634943,0.444922,-0.025075,0.55655,0.373199,0.023289,-0.571015,0.154392,-0.998992
0.177363,0.036923,0.406317,-0.054204,0.225947,-0.057089,0.960188,0.446517,0.803753,-0.178212,-0.049702,0.053987,0.169199,-0.433742,-0.948792
0.307509,0.043695,0.678409,0.96271,-0.611228,-0.031188,0.183783,0.707775,-0.113747,-0.10902,0.853503,0.072163,-0.393314,-0.052435,-0.986289
0.39449,0.488724,0.665859,0.398888,0.372684,0.460035,0.652358,0.987842,0.283575,0.404458,0.259423,0.246218,-0.252599,-0.377125,-1.0
-0.83895,-0.668699,0.570185,-0.384578,-0.442585,-0.535975,0.336331,0.491214,-0.263303,-0.213117,-0.625857,-0.282997,0.408743,0.120495,-1.0
-0.625417,0.093709,0.509388,-0.326409,0.887468,-0.060939,0.632947,0.187488,0.485668,-0.079558,-0.321073,0.033885,0.568519,-0.047367,-1.0
0.912422,0.985488,-0.797957,-0.067329,-0.146647,0.1724,0.792074,0.922651,-0.361058,0.52446,0.166127,0.122019,-0.383171,-0.239528,-0.998143
-0.283388,-0.576603,0.8407,0.026516,-0.280494,0.331694,0.095584,0.955387,-0.06592,0.057624,-0.030654,-0.833741,0.053685,0.564598,-1.0
0.434412,-0.026986,-0.106953,0.267428,0.791957,0.070746,0.222704,0.216059,0.133435,0.003476,-0.654267,-0.226936,0.497878,0.085263,-0.914827
-0.131872,0.409021,-0.852405,0.92656,-0.029372,-0.750254,0.445901,0.211909,0.025105,-0.353499,0.028507,0.47465,0.00798,-0.399416,-1.0
-0.02247,-0.815937,-0.667992,-0.079317,-0.742844,-0.950053,0.921399,0.358455,-0.489381,-0.649448,0.030949,0.000316,-0.505458,-0.104619,-1.0
0.688636,0.007791,0.248957,-0.854416,0.769902,-0.628627,0.720839,0.97711,0.496121,-0.270051,-0.022915,0.281228,0.06628,-0.337988,-1.0
0.523525,-0.407498,-0.164211,-0.707418,0.597562,0.864276,0.461129,0.694729,0.289718,0.33037,-0.064044,-0.563125,0.038877,0.490548,-1.0
0.310647,0.177993,-0.360084,-0.412449,-0.461498,-0.670144,0.331984,0.414794,-0.122367,-0.249819,0.475285,0.51419,-0.311672,-0.38478,-1.0
0.196508,0.100028,-0.330141,0.694635,0.128702,-0.972106,0.296418,0.817931,0.042589,-0.28185,-0.085248,0.716682,-0.046915,-0.526908,-1.0
0.094594,-0.528517,0.835351,-0.345113,-0.024675,0.922656,0.652996,0.71092,-0.038031,0.518032,0.004791,-0.377304,-0.071345,0.541107,-0.992242
-0.877178,0.522133,0.192551,-0.75068,0.329832,-0.889006,0.483281,0.452151,0.061512,-0.374541,-0.317074,0.408371,0.293522,-0.348462,-0.923113
-0.091644,0.908298,0.785133,-0.177578,-0.931411,0.919492,0.608362,0.278277,-0.391912,0.400088,0.346808,-0.058801,-0.54788,-0.091462,-0.943006
-0.629475,-0.208504,0.793494,-0.439875,-0.302032,-0.153167,0.987285,0.008355,-0.687643,-0.344608,-0.094844,0.036309,0.468006,0.08707,-1.0
0.127591,0.393357,0.812771,0.439475,0.749047,0.171382,0.328474,0.567937,0.260885,0.038634,-0.578903,0.215248,0.459256,-0.189365,-1.0
0.467548,-0.437521,0.933601,0.403057,-0.775128,0.039425,0.176134,0.849912,-0.028277,0.105636,0.77716,-0.294793,-0.550417,0.168127,-1.0
0.260327,-0.754996,0.359205,-0.304696,0.144565,0.270358,0.198193,0.092332,-0.002011,0.17936,0.094456,-0.811397,-0.027095,0.472256,-0.981921
-0.02904,-0.863515,0.485323,-0.104191,0.934752,-0.441741,0.664754,0.222255,0.466745,-0.175248,-0.308301,-0.107249,0.476492,0.20818,-0.900572
-0.12841,-0.596685,-0.931606,0.717579,0.773782,-0.722078,0.40272,0.904618,0.243689,-0.148547,-0.581586,0.116231,0.557296,-0.066276,-0.941454
-0.434386,-0.051975,0.521831,-0.793425,-0.869462,-0.359096,0.740143,0.539487,-0.588688,-0.248046,0.221215,0.173407,-0.564468,-0.262289,-0.971368
0.898122,0.339872,-0.329453,-0.786495,-0.063033,-0.035465,0.619766,0.903308,-0.441681,-0.145313,0.316939,0.245768,-0.541736,-0.17796,-0.999439
-0.342837,-0.650317,-0.009583,0.133675,-0.078009,0.534166,0.454327,0.743689,-0.044905,0.368325,-0.146749,-0.489931,0.018247,0.499944,-1.0
0.780522,-0.275101,-0.378993,-0.994069,-0.476174,0.737013,0.228928,0.213477,-0.203262,0.121894,0.589934,-0.543131,-0.37437,0.33432,-0.996741
0.017609,0.044702,-0.079667,-0.985709,-0.369625,0.76553,0.219215,0.878906,-0.16037,0.144282,0.321782,-0.615233,-0.21697,0.536169,-0.999849
-0.10153,-0.842721,-0.585302,0.28396,0.944615,0.03394,0.806883,0.817346,0.685779,0.081774,-0.169873,-0.143094,0.316055,0.215954,-1.0
-0.052375,-0.160113,-0.126377,-0.884638,0.710796,0.583165,0.574672,0.955015,0.391542,0.274031,-0.30072,-0.255719,0.470113,0.344681,-0.975406
0.726704,-0.412388,-0.854252,0.421104,0.833378,-0.501697,0.457579,0.655995,0.346575,-0.185425,-0.425903,0.410742,0.45319,-0.325753,-0.971592
-0.054461,0.166166,-0.348234,-0.207391,-0.531265,-0.605401,0.590735,0.858644,-0.30136,-0.355858,0.310586,0.216064,-0.292521,-0.358427,-1.0
0.478593,-0.520142,-0.687224,0.519266,-0.452039,-0.021521,0.781446,0.890914,-0.621771,-0.013787,0.206782,-0.104573,-0.541673,0.210024,-0.979762
0.972436,0.627918,-0.824568,-0.86285,-0.839448,0.712309,0.912884,0.000213,-0.560235,0.446369,0.086931,-0.057535,-0.469265,-0.036997,-0.951314
-0.674356,0.65175,0.935504,-0.53408,-0.229827,0.282067,0.001762,0.695535,-0.012311,0.086588,-0.742373,0.545725,0.390726,-0.361907,-0.964258
-0.657981,-0.188948,-0.122831,-0.163053,0.315804,-0.356498,0.096484,0.099987,0.075652,-0.05524,-0.890151,0.176183,0.499539,-0.120009,-1.0
-0.182619,0.304984,0.964554,0.940349,0.305524,-0.890028,0.146629,0.301048,-0.010796,-0.099059,-0.320029,0.761466,0.148894,-0.445098,-0.94921
-0.150948,-0.369044,-0.672764,0.846235,-0.679776,0.625753,0.961205,0.88121,-0.627614,0.450926,-0.031011,-0.038673,-0.29703,0.480388,-1.0
0.628604,0.731029,0.544535,0.5476,-0.196388,-0.62903,0.50807,0.02659,-0.08839,-0.358518,0.258534,0.465206,-0.189217,-0.4156,-1.0
0.651036,0.675291,0.828305,0.397725,-0.341823,-0.360436,0.484464,0.003315,-0.250596,-0.312394,0.337642,0.494134,-0.303972,-0.385159,-1.0
-0.238967,0.786682,0.628572,-0.500041,-0.690288,-0.553999,0.788589,0.641869,-0.434729,-0.429087,0.016206,0.227779,-0.124912,-0.485504,-0.936924
-0.036371,-0.010034,-0.038334,-0.899591,0.659147,-0.037019,0.984975,0.39008,0.825086,-0.079478,-0.017372,-0.03556,0.501853,-0.00418,-1.0
-0.534641,-0.565933,-0.64723,-0.997893,0.781126,-0.15192,0.224588,0.107138,0.147056,-0.018817,-0.696399,-0.256367,0.480238,0.239597,-0.974916
-0.941919,-0.350065,-0.061149,-0.06464,0.707659,-0.333072,0.212675,0.18272,0.0486,-0.103565,-0.77608,0.039236,0.531132,0.060449,-0.91361
-0.648141,-0.827331,0.654272,0.856141,-0.012618,0.935075,0.963689,0.771461,0.003358,0.823675,-0.014201,-0.010395,0.184722,0.472277,-1.0
-0.159248,-0.300438,-0.680864,0.605416,0.824389,-0.315762,0.159006,0.515243,0.034417,-0.037106,-0.817078,-0.009058,0.555798,0.024236,-1.0
0.236434,-0.377971,0.704542,0.465109,0.878554,0.772416,0.377267,0.536703,0.155447,0.174272,-0.289308,-0.569318,0.156758,0.460313,-1.0
0.380476,-0.255743,-0.287285,-0.264929,-0.759691,-0.566079,0.876434,0.716666,-0.504883,-0.335747,0.081023,-0.01255,-0.471532,-0.131191,-0.905176
-0.57857,0.50893,-0.9039,-0.753748,-0.173622,-0.429572,0.173192,0.929358,-0.006137,-0.189791,-0.328771,0.781629,0.163073,-0.447246,-1.0
0.413919,0.021461,-0.793637,0.553287,-0.396644,0.5826,0.907472,0.251496,-0.409728,0.579147,0.120785,-0.088705,-0.444517,0.329599,-1.0
-0.763328,-0.989471,0.260662,0.913931,0.421572,0.004385,0.869835,0.850183,0.672645,-0.088929,-0.110623,-0.068054,0.495248,0.329796,-0.932515
-0.040684,-0.321534,0.102542,-0.808985,0.42849,-0.412625,0.663771,0.294226,0.420069,-0.266061,-0.326564,0.129003,0.507,-0.106735,-1.0
-0.978431,0.191934,-0.95858,-0.695542,0.033439,0.3814,0.619926,0.690591,0.064474,0.473224,-0.342305,0.015023,0.507014,0.037531,-0.919233
0.441295,-0.839138,0.933148,0.706197,0.136212,-0.478672,0.121272,0.98886,0.107048,-0.104224,0.621742,-0.613961,-0.326393,0.298889,-0.977555
-0.30084,0.709227,0.090516,0.530987,-0.993097,0.925302,0.719235,0.308989,-0.397014,0.312945,0.342081,-0.182221,-0.562935,0.152245,-1.0
0.355332,0.439627,0.094918,0.034233,-0.324738,-0.680617,0.640876,0.646385,-0.225501,-0.419424,0.179228,0.316875,-0.228992,-0.385703,-1.0
-0.484706,-0.429035,0.768798,-0.840115,0.790958,0.459474,0.90361,0.665851,0.603197,0.434338,-0.060165,-0.020753,0.473307,0.286354,-1.0
0.14988,-0.065,-0.753554,0.088061,-0.395895,0.281458,0.428335,0.748132,-0.398549,0.219517,0.484138,-0.308087,-0.345587,0.228485,-0.983684
-0.845421,0.310644,0.429412,-0.011877,-0.982449,0.382051,0.278218,0.006393,-0.222105,0.094812,0.630418,-0.320213,-0.475173,0.23789,-0.957282
-0.380438,-0.212024,-0.220155,-0.936178,-0.844747,-0.462284,0.939475,0.425486,-0.778203,-0.319977,0.093647,0.037422,-0.381857,-0.272411,-0.932974
0.699273,0.067721,0.261326,-0.066149,0.575709,-0.766007,0.998509,0.460118,0.482264,-0.661211,-0.000394,-0.07966,-0.0575,-0.532568,-0.928131
0.528544,-0.025899,-0.34174,0.05531,-0.243226,0.971925,0.931413,0.086471,-0.161011,0.716317,0.03534,-0.047287,-0.250931,0.308511,-0.984991
0.604334,-0.632183,-0.292344,-0.183278,-0.887492,-0.085191,0.833448,0.582182,-0.722223,0.007685,0.227822,-0.058434,-0.390466,0.197563,-1.0
-0.520825,0.589134,-0.503671,-0.99739,0.338748,0.935108,0.511167,0.086725,0.092681,0.31964,-0.461666,-0.207965,0.503843,0.145838,-0.975355
0.431452,-0.819172,0.033924,0.186526,0.667161,0.721969,0.138185,0.978567,0.06964,0.082662,-0.177428,-0.873165,0.07234,0.431441,-0.958163
0.028177,-0.416972,0.811162,0.402936,-0.140877,0.536859,0.274622,0.882105,-0.047454,0.19147,0.17635,-0.768777,-0.040875,0.445286,-0.919326
-0.590645,0.965722,0.473672,-0.211254,-0.511669,-0.530115,0.077372,0.395944,-0.071862,-0.103631,-0.069846,0.997522,0.008558,-0.465635,-0.942403
0.796118,0.361297,-0.13127,0.216942,-0.431076,-0.099717,0.786903,0.943711,-0.527313,-0.112766,0.101227,0.189776,-0.350368,-0.19382,-1.0
-0.388226,0.89831,0.083812,0.715202,-0.78604,-0.289858,0.915848,0.011809,-0.657604,-0.306667,0.02624,0.056396,-0.19512,-0.417554,-1.0
0.056291,-0.904287,-0.507681,0.137115,0.304538,-0.05514,0.17643,0.404014,0.170379,-0.104433,-0.184217,-0.775156,0.176459,0.484499,-1.0
-0.613652,-0.16736,0.205853,0.393905,0.0669,0.678021,0.279181,0.38278,-0.001958,0.173733,-0.397446,-0.543709,0.299184,0.470078,-1.0
0.890433,-0.253679,-0.443175,0.89229,0.140811,0.318253,0.959305,0.776972,0.247951,0.662888,0.011105,0.059676,-0.404549,0.212063,-0.964621
0.572652,-0.8915,0.427505,-0.073138,0.639108,0.744471,0.992089,0.694395,0.518946,0.590852,0.041712,0.049838,-0.054335,0.541524,-1.0
0.770795,-0.22991,-0.118063,-0.535026,0.780514,-0.90104,0.055984,0.39783,0.070734,0.002647,0.013895,1.0,-0.022609,-0.539171,-1.0
-0.479298,0.247599,-0.298158,0.043803,-0.087348,0.235483,0.575113,0.745501,-0.119051,0.453402,-0.528319,0.011178,0.517496,-0.120965,-0.932533
0.956558,-0.527832,-0.09676,0.455865,-0.144231,-0.351687,0.331982,0.881561,-0.164741,-0.381959,0.671519,-0.149131,-0.468862,0.053143,-0.990387
-0.137388,0.259612,-0.716369,0.69629,-0.231214,0.909257,0.652505,0.607953,-0.152584,0.513363,0.111293,-0.22717,-0.055786,0.482327,-0.973877
-0.794714,0.159522,-0.526782,0.250326,-0.916438,-0.613432,0.867966,0.668283,-0.588039,-0.423236,-0.044396,0.163023,-0.079,-0.469644,-1.0
-0.864838,0.325589,-0.238563,-0.993017,0.852514,0.890783,0.055098,0.317577,-0.000129,-0.01467,-0.96173,-0.23082,0.451098,0.239422,-1.0
0.267807,-0.233579,-0.794729,-0.312256,-0.072665,-0.642765,0.205712,0.031895,-0.038728,-0.068782,0.499397,0.573776,-0.352819,-0.412597,-0.971766
-0.333158,0.212358,-0.674558,-0.972509,-0.10438,-0.94739,0.928135,0.242659,-0.105913,-0.761207,-0.040584,0.078041,0.037517,-0.527535,-1.0
0.919533,-0.894764,0.599859,0.499531,0.793834,0.428434,0.920544,0.411555,0.718181,0.29429,0.007257,-0.164255,-0.061419,0.443621,-0.908163
0.71636,0.347933,0.152774,0.386483,-0.069982,-0.402335,0.596828,0.76411,-0.087402,-0.498,0.282444,0.293927,-0.406059,-0.288344,-1.0
0.081969,-0.050473,0.556042,-0.538008,-0.724888,-0.51841,0.678749,0.176987,-0.38354,-0.31664,0.265541,0.241926,-0.428768,-0.278321,-1.0
0.660396,0.207281,-0.024278,-0.957369,-0.880827,-0.50461,0.713334,0.153767,-0.432311,-0.239268,0.305231,0.165353,-0.43541,-0.264582,-1.0
-0.651329,-0.863294,-0.468273,-0.072566,0.170621,-0.905227,0.916756,0.671785,0.069049,-0.641789,-0.086319,0.002368,0.436166,0.003853,-0.984215
0.636187,-0.046088,0.123186,-0.748805,0.73497,0.411318,0.666711,0.060193,0.484759,0.222903,-0.093498,-0.322776,0.117587,0.51078,-0.985335
0.813035,-0.467555,-0.34458,0.328085,-0.028916,-0.839994,0.592693,0.658198,-0.070328,-0.369969,0.410528,0.230404,-0.492262,-0.168753,-1.0
0.980179,-0.603033,-0.542956,-0.506879,0.607287,-0.4784,0.071526,0.030557,0.052246,-0.138829,0.881651,-0.29588,-0.454728,0.128711,-0.960965
0.809188,-0.876283,0.084461,-0.12952,-0.376595,0.15906,0.33662,0.625168,-0.231182,0.063477,0.571329,-0.360615,-0.355106,0.307269,-0.956595
-0.527362,0.724364,-0.972524,-0.805896,-0.640157,0.40096,0.516292,0.943648,-0.402157,0.25836,0.200424,0.345438,-0.177237,-0.491664,-0.954037
-0.085608,-0.031064,0.802203,-0.074822,-0.42314,-0.784229,0.934803,0.356379,-0.348467,-0.666446,0.134795,0.053119,-0.218374,-0.441998,-0.937654
-0.441458,0.103573,-0.100578,0.438845,0.265127,0.737459,0.604105,0.747215,0.252999,0.538616,-0.385423,-0.212676,0.356366,0.375305,-0.934387
0.954002,0.434504,-0.530086,0.456505,0.153908,0.025282,0.487793,0.310194,0.41547,0.148453,0.420862,0.196404,-0.365797,-0.229312,-0.975481
-0.108053,-0.524729,-0.724047,0.437473,-0.386302,0.283207,0.545461,0.027679,-0.319837,0.284291,0.173377,-0.477573,-0.151229,0.343462,-1.0
0.443529,0.49069,-0.323547,-0.120483,0.489891,0.175992,0.567415,0.851772,0.511153,0.178366,0.000275,0.399027,0.053252,-0.488975,-1.0
-0.050807,-0.514773,-0.255666,0.46383,0.691275,-0.55925,0.284813,0.024031,0.247337,-0.124718,-0.713203,0.076089,0.377482,-0.005931,-1.0
0.359282,-0.139419,-0.376921,-0.155882,-0.805142,0.923504,0.358428,0.433756,-0.140499,0.209365,0.563909,-0.439607,-0.433937,0.36852,-0.96368
-0.115859,0.466872,-0.70024,0.973745,-0.286828,0.580946,0.865297,0.488052,-0.39483,0.563584,0.052923,0.02081,-0.343147,0.338334,-0.995545
0.655,0.735423,-0.730651,0.517636,-0.28888,0.74962,0.749175,0.700185,-0.275621,0.569138,0.213359,0.016319,-0.539201,-0.041849,-0.971469
0.132797,0.11755,0.873725,0.053817,-0.682691,0.775351,0.161991,0.039429,-0.084487,0.037442,0.608438,-0.542258,-0.421195,0.256781,-0.995504
0.692839,-0.730453,0.851293,0.487192,0.325189,-0.08491,0.056402,0.915709,0.001485,-0.073884,0.48781,-0.86058,-0.230267,0.452393,-0.997568
0.465681,-0.0761,-0.987679,0.645012,0.24369,0.53195,0.89324,0.955999,0.344722,0.627769,0.077271,-0.094913,-0.237624,0.475201,-1.0
-0.743653,0.448622,0.130251,-0.381758,-0.777506,-0.375376,0.554659,0.848729,-0.39055,-0.170734,0.061389,0.436274,-0.058518,-0.563577,-1.0
0.974993,0.629786,0.326947,-0.007577,0.827127,0.175939,0.299933,0.088978,0.151869,0.004741,0.227434,0.596845,-0.048634,-0.552858,-1.0
-0.989495,-0.183321,0.944669,0.311341,-0.668559,-0.461185,0.50615,0.10715,-0.315294,-0.253872,-0.425226,0.24538,0.239454,-0.399785,-1.0
0.005709,0.938796,-0.302434,-0.550802,0.870017,0.150288,0.421628,0.575325,0.247926,0.096684,-0.361518,0.407228,0.375442,-0.326671,-1.0
0.482232,-0.095655,0.192846,0.918964,-0.861168,0.648311,0.01843,0.43953,-0.051022,0.119394,0.892444,-0.490263,-0.508672,0.262732,-0.998859
-0.406033,-0.656265,-0.108928,0.033,-0.231075,0.206888,0.316968,0.215892,-0.289129,0.111414,-0.074828,-0.647593,0.0668,0.484173,-1.0
-0.946945,0.317588,-0.36512,0.639551,-0.770547,-0.087787,0.517029,0.597725,-0.374742,-0.050631,-0.16683,0.430542,0.136357,-0.481951,-0.990521
-0.090951,0.84163,-0.821349,-0.00196,-0.257155,0.733679,0.489141,0.537841,-0.116628,0.400073,0.438873,0.311975,-0.410908,-0.336389,-1.0
0.493669,-0.016352,0.451172,0.032799,-0.179843,0.157405,0.321336,0.311893,-0.166006,0.214236,0.694581,-0.166373,-0.40506,0.146214,-0.896583
-0.960162,0.126348,-0.687229,-0.756661,-0.329037,0.754665,0.04968,0.290593,0.046708,0.00385,-0.730201,-0.654284,0.368761,0.386125,-0.990833
0.785547,-0.333955,0.166529,-0.506837,-0.910717,0.27975,0.297562,0.234664,-0.231089,-0.04583,0.689082,-0.265897,-0.472805,0.172463,-1.0
-0.584878,0.502226,-0.185155,0.518831,0.793599,0.800234,0.892636,0.929224,0.531604,0.393593,-0.13437,-0.088757,0.449308,0.132352,-1.0
-0.715353,-0.165608,-0.439668,-0.671972,0.447121,-0.197682,0.601849,0.058275,0.551358,-0.189546,-0.435193,0.029618,0.460716,-0.211017,-0.865262
0.174617,0.377659,-0.950107,-0.158527,-0.015092,-0.740027,0.011965,0.86613,-0.022372,-0.029645,0.147096,1.0,-0.239756,-0.523941,-1.0
0.654562,-0.419353,0.01762,-0.879247,0.397348,0.63552,0.905286,0.20005,0.372838,0.563447,-0.011227,-0.225656,-0.18067,0.433892,-0.974391
0.778448,-0.952959,-0.062683,-0.014057,-0.073274,0.795725,0.916659,0.80662,-0.164192,0.715079,0.061634,-0.136842,-0.17908,0.455314,-1.0
0.695802,0.10735,-0.907802,-0.614248,0.635813,-0.999924,0.466709,0.770166,0.18623,-0.330904,0.019533,0.496409,-0.039424,-0.495625,-1.0
0.215245,-0.608134,0.69772,0.185662,0.962092,-0.15964,0.941373,0.837441,0.75286,-0.074785,-0.058775,-0.037156,0.469089,0.20324,-0.971646
-0.740916,-0.115086,0.231902,-0.001171,-0.920254,-0.245672,0.042309,0.157166,0.091423,-0.013635,0.81995,0.542041,-0.291168,-0.189783,-1.0
0.76417,0.757414,0.947516,-0.30807,0.700709,-0.345194,0.892327,0.74469,0.508748,-0.281096,0.024491,0.058814,-0.027579,-0.557229,-1.0
-0.432158,0.273204,-0.884886,-0.26374,0.15211,-0.87135,0.914451,0.971074,0.132125,-0.65641,-0.007776,0.052409,0.259905,-0.392166,-0.956608
-0.71099,-0.701971,-0.02889,0.724274,0.520516,0.230009,0.732972,0.327805,0.489692,0.247538,-0.14457,-0.214633,0.425723,0.228597,-1.0
-0.829347,-0.511753,-0.142855,-0.042385,0.238996,-0.881429,0.291359,0.344157,0.033114,-0.204979,-0.574296,0.208866,0.413789,-0.189887,-0.996468
0.717598,0.912574,-0.331201,-0.175513,0.234325,0.36677,0.9231,0.100602,0.363983,0.654886,0.076892,0.108529,-0.394457,-0.315409,-0.978804
0.075595,-0.930289,-0.979182,0.349948,0.922654,0.932388,0.595421,0.618378,0.370723,0.301302,-0.252025,-0.370394,0.164661,0.372799,-0.979677
-0.978004,0.487771,0.149392,-0.635928,0.02157,-0.28076,0.701107,0.407807,-0.012709,-0.525919,-0.251743,0.253956,0.41425,-0.237682,-0.967438
0.508061,-0.55146,0.106535,0.46281,0.850237,0.794222,0.908793,0.543836,0.478023,0.49496,0.055522,-0.148986,0.15025,0.469656,-0.987556
0.518896,0.433393,-0.444704,-0.6182,-0.754958,0.3396,0.022529,0.759119,0.053894,0.013443,1.0,0.120398,-0.421636,0.026444,-1.0
-0.092379,0.838175,0.108908,0.763668,0.056828,0.342592,0.187713,0.159159,0.038636,0.161469,-0.198485,0.713593,0.164424,-0.493193,-1.0
-0.160286,0.201208,-0.636474,0.927154,-0.910725,-0.908306,0.679076,0.284931,-0.425768,-0.379114,0.169423,0.215612,-0.264307,-0.415144,-0.954722
0.605443,0.084458,0.37407,0.439557,-0.501083,0.854874,0.231152,0.885981,-0.105405,0.026346,0.590197,-0.440627,-0.49088,0.263847,-1.0
0.074385,0.632046,0.05439,0.108581,-0.063829,-0.676006,0.554087,0.339588,0.018733,-0.418077,0.075626,0.519692,-0.093885,-0.563444,-0.904152
-0.374135,-0.790336,0.949716,-0.70006,-0.575522,-0.326806,0.054392,0.456492,0.007273,-0.048262,0.431408,-0.835483,-0.211099,0.461539,-0.989233
0.20484,0.267101,-0.763629,0.704805,0.304216,-0.321111,0.339384,0.58865,0.25026,-0.213556,-0.082673,0.700064,0.048483,-0.447461,-1.0
-0.934734,-0.043593,-0.679321,-0.168588,0.891243,-0.22221,0.896589,0.188889,0.757816,-0.125421,-0.115059,0.035471,0.488056,-0.122424,-1.0
0.773821,-0.197595,-0.792273,0.476417,0.973414,-0.583687,0.491151,0.816815,0.420438,-0.164214,-0.2336,0.453218,0.285197,-0.490262,-1.0
-0.05343,0.551783,-0.720608,-0.609641,-0.772914,-0.424733,0.87244,0.34582,-0.633503,-0.322537,0.098541,0.100131,-0.304274,-0.524644,-1.0
0.840728,0.631317,-0.336877,0.964668,-0.647484,0.160454,0.647203,0.229116,-0.5316,0.125159,0.383273,0.081326,-0.495099,-0.067145,-1.0
-0.514391,-0.733224,0.613776,0.859402,-0.246948,-0.511189,0.95097,0.770909,-0.383736,-0.657123,0.029472,0.054885,0.403274,0.2251,-1.0
0.891689,0.755882,0.574962,0.780441,0.811817,-0.217889,0.460723,0.561805,0.3657,-0.084735,0.12354,0.462932,0.041183,-0.550224,-1.0
0.599052,0.729084,0.964107,0.211468,-0.582701,0.006201,0.652505,0.340885,-0.540305,-0.018231,0.365422,0.202621,-0.509018,-0.255217,-0.945529
-0.276845,-0.43135,-0.873944,-0.764219,0.505914,0.075413,0.487986,0.441469,0.38292,0.130463,-0.355165,-0.329771,0.358276,0.219932,-0.967321
0.742916,0.111535,-0.304946,-0.366654,-0.323269,0.30149,0.790206,0.683459,-0.466761,0.466402,0.21792,0.044028,-0.549402,0.080705,-1.0
0.542779,0.239792,0.402108,0.966605,0.86539,0.931112,0.740037,0.920863,0.417286,0.470404,-0.125813,-0.212343,0.249563,0.464037,-0.940107
-0.557179,0.095487,0.263824,0.616533,0.932708,0.905738,0.540037,0.783797,0.383255,0.323798,-0.400616,-0.270225,0.418004,0.16079,-0.922085
0.23302,0.318321,-0.554307,0.01822,0.427547,0.260094,0.864874,0.030803,0.592513,0.34799,-0.136827,0.001798,0.456402,-0.087234,-0.911846
-0.168605,-0.807673,0.090499,0.685357,-0.453135,0.23507,0.990285,0.642915,-0.73174,0.27694,-0.021212,0.074365,-0.209675,0.407562,-1.0
0.044497,0.858728,0.557258,-0.521182,-0.632566,-0.749914,0.647367,0.091824,-0.366469,-0.416662,0.195271,0.347762,-0.176509,-0.411425,-0.984691
0.816044,-0.708301,0.812381,0.916773,-0.346846,-0.220829,0.060397,0.093505,-0.042987,-0.017944,0.856555,-0.360315,-0.458834,0.214224,-0.95104
-0.307974,0.76229,0.204761,0.060406,-0.851247,0.635074,0.415651,0.690524,-0.325603,0.256841,0.538546,0.075336,-0.519667,-0.13611,-0.917504
0.829091,-0.32573,-0.698399,0.042224,0.885207,-0.285335,0.859406,0.893521,0.772359,-0.208524,-0.151454,-0.030622,0.424235,0.298745,-1.0
-0.654063,0.0782,-0.216482,0.039953,-0.290702,-0.752838,0.532479,0.737211,-0.138692,-0.47595,-0.321897,0.459019,0.236768,-0.398321,-0.986255
0.068884,0.836051,0.664066,0.300584,0.036851,-0.791873,0.573565,0.780838,-0.097966,-0.481068,-0.090425,0.439143,0.004759,-0.485141,-0.928348
0.054746,-0.113549,-0.587332,-0.682386,0.341989,-0.673231,0.542541,0.954854,0.203715,-0.407985,-0.167693,0.434138,0.146926,-0.505573,-1.0
-0.840888,-0.329607,-0.297622,0.809732,-0.44282,-0.985375,0.658782,0.187006,-0.280345,-0.480498,-0.230207,0.359608,0.271373,-0.433587,-1.0
0.346475,-0.362146,-0.709686,-0.337396,-0.972036,-0.179464,0.436715,0.616653,-0.255241,-0.068722,0.566632,-0.178898,-0.544611,0.064765,-0.926341
-0.2913,-0.35623,0.025328,0.55739,0.300576,0.207983,0.650169,0.397995,0.478453,0.399914,-0.304537,-0.266945,0.340037,0.37484,-0.956423
0.701685,-0.119072,-0.643052,0.739344,0.575799,0.714694,0.363553,0.87196,0.170615,0.307835,0.197231,-0.589351,-0.102818,0.459908,-0.967489
0.290635,0.608856,-0.258942,0.532468,-0.58078,-0.795971,0.855652,0.427082,-0.504537,-0.587106,0.073474,0.09026,-0.241553,-0.569948,-1.0
-0.962847,-0.805465,-0.118693,-0.845922,0.521035,-0.700541,0.01574,0.850723,-0.037824,-0.004036,-0.918767,-0.04263,0.522398,0.20199,-0.996314
-0.872853,0.894058,0.114923,-0.440829,-0.790802,0.316316,0.088663,0.12553,-0.056941,0.045874,-0.137331,1.0,0.110831,-0.447492,-0.975908
-0.484726,0.403849,-0.106715,0.001257,-0.694787,0.903119,0.533575,0.877623,-0.27778,0.290405,0.240975,-0.460446,-0.190242,0.495284,-1.0
0.393314,0.448425,-0.207882,0.90719,-0.915191,-0.866261,0.130533,0.780051,-0.054,-0.00779,0.617612,0.61391,-0.286371,-0.340614,-0.955052
0.485076,-0.03397,-0.67436,-0.985569,0.056068,0.584011,0.311384,0.581536,0.110082,0.207151,0.368959,-0.610771,-0.285713,0.385873,-1.0
-0.461117,0.621321,-0.221548,-0.896618,0.286712,0.936096,0.832024,0.403723,0.174721,0.675133,-0.102564,0.015387,0.426337,0.098798,-1.0
-0.600212,0.3417,-0.898847,-0.529037,-0.804916,0.625201,0.660492,0.398892,-0.321591,0.396099,0.217185,-0.299948,-0.301464,0.347983,-1.0
0.613253,0.097143,0.058719,-0.300502,0.050798,-0.430954,0.08009,0.38882,-0.080345,-0.044884,0.647782,0.596166,-0.375819,-0.309861,-0.958202
-0.021897,0.736637,0.568624,0.1617,-0.11341,-0.891816,0.340384,0.399784,-0.000623,-0.351628,0.10151,0.688577,0.020308,-0.581962,-0.97485
-0.221588,0.379584,0.688714,-0.678541,0.733776,-0.642647,0.450734,0.218273,0.364509,-0.283422,-0.409268,0.395384,0.348894,-0.382103,-0.997451
0.957235,-0.611036,-0.887689,0.988523,0.799917,-0.004382,0.446037,0.492688,0.442014,-0.041584,0.218979,-0.58982,-0.143731,0.515685,-1.0
0.823815,0.413746,-0.99503,0.852033,0.944466,-0.07473,0.664028,0.004686,0.547805,-0.052264,-0.016556,0.358979,0.18758,-0.494423,-1.0
-0.844013,0.530837,-0.251833,0.866662,0.34151,-0.450606,0.243383,0.52451,0.105759,-0.120367,-0.530309,0.391448,0.330348,-0.338389,-1.0
-0.273005,-0.337383,-0.422216,-0.70219,-0.627915,0.302499,0.454964,0.65311,-0.41337,0.19404,0.223017,-0.468371,-0.21501,0.475176,-1.0
-0.713302,-0.98547,-0.077156,-0.546403,0.275367,-0.111312,0.292474,0.438422,0.192826,-0.025425,-0.535266,-0.468565,0.30973,0.362568,-1.0
-0.722876,-0.479044,0.331423,-0.565809,-0.025498,0.809619,0.747202,0.198219,-0.08996,0.576513,-0.099169,-0.106773,0.166064,0.339751,-1.0
0.40864,0.32115,0.445779,-0.486563,-0.540823,0.043109,0.666425,0.23219,-0.507236,0.059447,0.38548,0.137564,-0.493434,-0.049262,-0.963219
0.358516,0.584665,-0.98468,-0.248429,0.63717,-0.339174,0.626177,0.757147,0.359892,-0.277863,-0.065744,0.345843,0.13597,-0.473418,-1.0
0.305803,-0.623671,-0.527362,0.171213,0.371159,0.894584,0.241267,0.179113,0.082022,0.15411,-0.106124,-0.739832,0.013421,0.497551,-0.972631
0.628276,0.038708,-0.377971,-0.682555,-0.365072,-0.386377,0.662593,0.384701,-0.358812,-0.4414,0.224299,0.225795,-0.479343,-0.109598,-0.982787
-0.26253,-0.273944,-0.493843,0.197507,0.941292,0.721913,0.602936,0.351064,0.380327,0.25351,-0.34987,-0.224282,0.37011,0.319255,-1.0
0.269265,0.068354,-0.718422,0.943428,-0.524224,-0.154525,0.444975,0.703599,-0.386492,-0.077996,0.521842,0.13659,-0.419508,-0.166736,-0.915819
0.799712,0.834842,0.750088,0.8619,0.250055,-0.864405,0.008383,0.632374,0.065098,0.0752,0.19352,0.950003,-0.057603,-0.494592,-1.0
-0.603144,0.40565,-0.667403,-0.816325,-0.802822,-0.099408,0.692234,0.391511,-0.61834,-0.085026,0.17639,0.315473,-0.195562,-0.430127,-0.955448
-0.432105,0.036108,0.749089,-0.37963,0.757221,-0.076931,0.184161,0.69608,0.136397,0.038873,-0.724355,0.053336,0.479943,-0.055266,-0.999004
0.57943,-0.6552,-0.355877,0.346876,-0.707222,0.976996,0.354109,0.807251,-0.179997,0.269745,0.405065,-0.565755,-0.301112,0.391638,-0.990609
-0.446464,0.75618,-0.252326,0.576737,-0.390823,0.751497,0.069203,0.193093,0.024092,-0.020052,-0.864683,0.115025,0.441651,-0.063738,-0.949999
-0.92635,0.09261,0.41884,-0.769193,0.567163,0.644502,0.879355,0.920745,0.491191,0.504943,-0.093049,-0.109709,0.404828,0.180377,-0.915754
0.015627,0.736802,0.363185,-0.038149,-0.345282,0.459103,0.038789,0.705359,-0.050849,0.044344,0.85189,0.536819,-0.389003,-0.289221,-0.925165
0.350217,-0.55896,0.653351,0.240322,-0.158432,0.721711,0.599132,0.156836,-0.107679,0.402703,0.165438,-0.398166,-0.173622,0.470643,-0.967509
-0.420432,0.229701,-0.350761,0.53226,-0.359508,-0.92553,0.429603,0.917173,-0.070831,-0.30722,-0.078244,0.549691,0.017487,-0.449859,-1.0
-0.415503,-0.815109,0.786748,0.976028,0.62889,0.663555,0.591224,0.040698,0.369699,0.311924,-0.164942,-0.309642,0.355034,0.388975,-0.976833
-0.270858,0.057034,0.842905,0.300786,0.621041,0.170652,0.633871,0.991075,0.51651,0.152406,-0.406642,-0.085293,0.600417,-0.017915,-1.0
-0.727769,-0.172433,0.817452,-0.262686,0.208641,-0.933898,0.174371,0.070355,-0.058514,-0.19836,-0.588116,0.553149,0.31641,-0.27285,-1.0
0.573105,0.392685,-0.736351,-0.930247,-0.165682,0.482602,0.24121,0.015659,-0.038156,0.171441,0.752834,-0.152305,-0.46717,0.062813,-0.952381
-0.692252,0.464771,-0.484902,-0.971097,-0.381065,-0.661574,0.941032,0.878448,-0.414718,-0.639404,-0.086394,-0.027677,0.169759,-0.519083,-1.0
0.937454,0.240975,-0.923487,0.496471,-0.593651,-0.841852,0.088743,0.026702,0.021414,-0.041897,0.702819,0.459189,-0.446916,-0.269995,-0.980192
-0.875314,0.590801,0.347583,-0.850036,0.085771,0.3881,0.07923,0.283236,-0.026472,-0.024913,-0.933404,0.205858,0.500919,-0.088284,-1.0
-0.417545,-0.245565,-0.132848,-0.817769,-0.065453,0.299677,0.267267,0.210434,-0.008632,0.218788,-0.394066,-0.549485,0.289814,0.390947,-1.0
0.232362,0.7173,-0.963433,0.63527,0.603458,-0.418246,0.238759,0.202393,0.102881,-0.066444,-0.247046,0.783422,0.154919,-0.417989,-0.86388
-0.303032,-0.824088,-0.095689,-0.603423,-0.284784,0.657401,0.301936,0.509911,-0.185796,0.204155,0.004748,-0.725483,0.027212,0.541359,-1.0
-0.846798,0.606453,0.383248,0.436258,0.532037,0.265873,0.785249,0.592625,0.590361,0.201086,-0.254065,-0.002578,0.54369,-0.080922,-0.94012
0.913834,-0.040915,-0.160021,0.331461,0.17428,0.066902,0.599701,0.691501,0.417089,0.106183,0.382794,-0.020259,-0.462049,0.149089,-1.0
0.237249,0.93457,0.308617,0.994085,0.454933,-0.684229,0.569918,0.205963,0.145184,-0.476218,-0.036999,0.397543,0.001662,-0.528124,-1.0
-0.280643,0.690584,-0.211037,-0.817092,-0.164588,0.861343,0.589329,0.171696,-0.107822,0.43757,-0.242731,-0.353721,0.233066,0.360302,-0.953857
0.031287,0.137749,0.588674,0.963825,-0.773596,0.348898,0.056664,0.257736,-0.027753,-0.007127,0.966552,-0.173552,-0.444313,0.172521,-1.0
0.852434,-0.413509,-0.193288,-0.582682,0.247792,-0.261361,0.176032,0.44074,0.203394,-0.073325,0.822548,-0.23867,-0.485994,0.282323,-0.963044
0.313223,-0.591461,-0.477977,0.265137,-0.603758,-0.666565,0.765832,0.645583,-0.399115,-0.467941,0.287425,0.073805,-0.469878,-0.027085,-0.991975
-0.093597,-0.98464,-0.386649,0.07433,0.002561,0.791385,0.23035,0.013883,-0.085867,0.19888,0.039489,-0.688646,-0.017065,0.510925,-0.964531
0.94905,-0.368018,0.076099,0.610708,0.289867,0.866586,0.235688,0.116067,0.042511,0.194305,0.354869,-0.586229,-0.318048,0.482057,-0.971488
-0.147684,-0.767198,-0.813652,0.625344,-0.409954,0.062646,0.584844,0.052647,-0.491678,0.135426,0.176883,-0.426667,-0.203115,0.472422,-0.991468
0.098777,0.787425,-0.79716,0.386875,-0.576126,-0.94701,0.195066,0.455304,-0.075255,-0.220723,0.235764,0.735156,-0.159145,-0.467464,-1.0
-0.397037,0.851407,0.455021,0.758234,0.404247,0.40781,0.75076,0.17034,0.578265,0.495841,-0.055901,0.078103,0.428896,-0.250818,-1.0
0.238703,-0.695438,0.30377,-0.259485,-0.733617,-0.32098,0.78178,0.179929,-0.516865,-0.269051,0.256519,0.031068,-0.45299,0.177006,-0.973813
0.254474,0.842838,-0.149997,-0.801915,0.052092,0.969648,0.70536,0.748195,0.061173,0.60217,0.13682,-0.158887,-0.402278,0.242136,-1.0
-0.829517,-0.983796,-0.844188,0.293637,0.063915,0.752285,0.06848,0.563194,-0.008144,0.07575,-0.409621,-0.74022,0.269683,0.437669,-0.928327
0.129659,-0.720676,0.8085,-0.025848,0.514655,0.636921,0.622328,0.458787,0.258027,0.401894,-0.045565,-0.471854,0.160239,0.465336,-1.0
-0.917597,-0.818144,0.086747,0.371345,-0.187966,0.354964,0.726676,0.17389,-0.250132,0.521472,-0.097131,-0.234875,0.221956,0.449667,-0.979875
-0.014011,-0.902162,-0.305668,0.324111,-0.065505,-0.1761,0.031442,0.270659,0.031065,-0.056964,0.071749,-0.905186,-0.048761,0.460288,-0.983367
0.986774,-0.203643,0.038136,-0.596673,0.671115,-0.884861,0.283054,0.441888,0.113205,-0.172696,0.294556,0.639836,-0.173546,-0.433223,-1.0
-0.209789,0.73022,-0.778294,-0.528547,-0.402441,-0.612251,0.042493,0.321917,-0.017492,-0.045568,0.08997,0.937355,-0.09934,-0.526189,-1.0
-0.095431,0.299911,0.464911,-0.89676,-0.045737,-0.218518,0.955764,0.955547,-0.103571,-0.673756,0.037201,0.014788,-0.021047,-0.425714,-1.0
0.770978,-0.226355,-0.038796,0.322708,0.161247,-0.77008,0.712306,0.60909,0.024299,-0.573338,0.305099,0.102766,-0.342831,-0.340748,-1.0
0.683557,-0.268128,-0.043538,-0.980328,0.387691,0.746446,0.495493,0.341076,0.194653,0.273793,0.170771,-0.497604,-0.147027,0.513786,-0.929655
-0.056744,-0.267171,0.539192,-0.577769,0.429278,0.870708,0.599046,0.642655,0.266216,0.380085,-0.141029,-0.412219,0.245546,0.47541,-0.990971
-0.394863,-0.136636,-0.620098,-0.898004,-0.841955,-0.657961,0.564449,0.416286,-0.358549,-0.311314,0.255202,0.354173,-0.323085,-0.38549,-1.0
0.322099,0.413608,0.871808,0.571957,-0.826143,0.949369,0.945414,0.171761,-0.527719,0.59041,0.054626,-0.055983,-0.466954,0.190255,-0.964695
-0.519279,0.902555,0.187926,0.076225,0.358623,-0.307517,0.011155,0.175762,-0.018451,0.002836,-0.520128,0.724928,0.324392,-0.439773,-0.904002
-0.824753,-0.268574,-0.427348,0.318616,-0.089342,0.616099,0.876671,0.742273,-0.172879,0.696613,-0.05631,-0.035319,0.320955,0.448279,-0.973395
0.978333,-0.868358,0.068959,-0.926701,-0.167771,0.556366,0.374998,0.84017,-0.091537,0.301955,0.423878,-0.483849,-0.328819,0.319465,-0.987816
-0.291599,-0.295182,0.035705,-0.048424,0.12739,0.022548,0.479487,0.815976,0.435873,0.022734,-0.439226,-0.262408,0.545558,0.280135,-1.0
0.563042,-0.921088,-0.020177,0.987156,0.030054,0.327222,0.043131,0.400212,0.017474,0.076793,0.416096,-0.839003,-0.229967,0.517164,-0.922673
0.609438,0.529754,-0.222867,-0.868748,-0.882575,0.818121,0.911801,0.397874,-0.576441,0.50366,0.113555,-0.024888,-0.47699,0.118514,-0.935071
0.65421,-0.102809,-0.724213,-0.375975,0.729383,-0.868995,0.358647,0.987134,0.23711,-0.234476,0.035192,0.664028,0.097616,-0.510759,-0.95584
-0.199003,0.163722,-0.824917,-0.265476,-0.326438,0.869005,0.331378,0.757533,-0.160967,0.180863,0.059921,-0.738236,-0.143963,0.444872,-0.998945
-0.63137,-0.058309,0.617107,0.088542,-0.146232,-0.879206,0.723738,0.843725,-0.093393,-0.552621,-0.144592,0.201463,0.257278,-0.402674,-1.0
-0.452918,0.498567,0.172844,-0.102233,0.884584,-0.084658,0.263619,0.151941,0.160326,0.015089,-0.674472,0.21523,0.484095,-0.186694,-1.0
0.29682,0.194151,-0.813634,-0.894411,-0.30659,-0.783059,0.804973,0.192539,-0.292032,-0.547651,0.13976,0.160197,-0.295939,-0.390607,-1.0
0.715342,-0.03111,-0.427454,-0.0509,0.705507,-0.490254,0.497954,0.165775,0.376739,-0.190103,0.024634,0.568563,-0.091855,-0.519554,-0.992713
0.888255,0.642644,0.913003,-0.047584,-0.116724,0.668791,0.735929,0.865676,-0.135966,0.667088,0.257961,-0.011483,-0.54324,0.112776,-1.0
0.385131,0.842595,-0.218506,-0.037797,0.367817,0.863061,0.008714,0.199675,-0.113689,0.106436,0.62573,-0.790001,-0.398752,0.361585,-1.0
0.040606,-0.899529,-0.411414,0.32345,0.228919,0.66075,0.654677,0.836959,0.284569,0.54873,-0.018808,-0.359643,0.069866,0.482258,-0.956217
-0.440945,-0.809529,-0.038975,-0.37384,-0.716211,0.192755,0.837472,0.84241,-0.635912,0.275186,0.018244,-0.188575,-0.080734,0.45,-0.934772
-0.212327,0.774353,0.851292,0.422149,-0.05326,0.202905,0.032835,0.517291,0.005949,-0.037963,-0.172788,0.923616,0.144454,-0.568448,-0.999957
0.08406,-0.609092,-0.488144,-0.630382,-0.881803,-0.830832,0.03511,0.318846,-0.033046,-0.163458,0.984891,0.244367,-0.430985,-0.160913,-1.0
0.823417,-0.544479,0.350367,-0.134046,0.960439,-0.059137,0.481448,0.870258,0.384594,0.01308,-0.123766,-0.526558,0.244015,0.461925,-1.0
-0.420847,-0.259171,0.299512,-0.850398,0.672496,0.418959,0.24884,0.524083,0.182621,0.180077,-0.614512,-0.41635,0.56956,0.215581,-1.0
0.370794,0.844929,-0.131913,0.043116,-0.544698,-0.225318,0.589391,0.940363,-0.39633,-0.170582,0.28452,0.330008,-0.326249,-0.375369,-1.0
0.875492,0.069676,-0.095046,-0.762132,-0.132173,0.730824,0.999409,0.799374,-0.155173,0.720418,-0.077235,0.037411,-0.366671,0.273982,-0.938974
-0.507859,-0.263481,-0.689787,-0.443491,-0.735709,0.435226,0.036918,0.028923,0.025773,0.01012,0.337679,-0.897945,-0.234888,0.445713,-0.963551
-0.261392,-0.049032,-0.4671,-0.854158,0.044822,0.456665,0.767211,0.300922,0.048266,0.676339,-0.106335,-0.207446,0.217821,0.37309,-0.950198
0.995153,0.199562,-0.105999,0.323246,-0.049381,-0.512362,0.502361,0.597635,-0.01101,-0.352458,0.385317,0.277151,-0.400642,-0.317652,-1.0
0.252271,-0.182127,-0.62167,0.802316,0.839383,0.712688,0.432999,0.247961,0.364759,0.232051,-0.381223,-0.42455,0.210114,0.454437,-1.0
-0.909085,-0.377862,0.517838,-0.995206,0.597906,-0.687124,0.878121,0.269676,0.410866,-0.442216,-0.06886,0.035368,0.474244,-0.207085,-1.0
0.550264,0.954376,0.596826,0.317507,0.608384,0.777509,0.818774,0.631414,0.342235,0.501802,-0.099804,0.118678,0.156546,-0.472497,-1.0
-0.738455,-0.495573,0.345848,0.097669,-0.346981,-0.324602,0.136617,0.085663,-0.139854,-0.030575,-0.806704,-0.37971,0.434274,0.165443,-0.937759
-0.172687,0.210814,0.185759,-0.840755,0.039297,0.744284,0.573877,0.154918,0.075519,0.445852,-0.118242,-0.360328,0.208183,0.400285,-0.963817
0.495076,-0.121991,-0.307429,0.078844,0.730616,0.952989,0.415608,0.256821,0.198531,0.261264,-0.137011,-0.58377,0.091062,0.480748,-1.0
-0.018943,0.610046,-0.171272,-0.408458,-0.584509,-0.04637,0.370148,0.725689,-0.282423,-0.003428,0.417564,0.49541,-0.338983,-0.350616,-1.0
0.844379,0.838039,0.673003,0.203285,0.196339,0.353259,0.07488,0.564986,0.06313,0.032645,0.740339,0.604624,-0.386867,-0.307103,-1.0
0.091773,0.570874,-0.373454,-0.520561,0.144113,-0.776491,0.416988,0.283373,0.10794,-0.377305,0.022401,0.54753,-0.084529,-0.506296,-0.969093
-0.856079,0.936154,-0.024611,-0.089182,0.249863,-0.409805,0.593394,0.890991,0.379136,-0.387519,-0.264148,0.38847,0.276657,-0.518954,-1.0
0.164868,-0.345642,0.050631,0.807165,-0.548944,-0.748613,0.402542,0.125099,-0.142454,-0.26165,0.450261,0.265772,-0.461402,-0.272018,-0.997867
-0.615216,0.376528,0.906588,0.36946,-0.94535,-0.1475,0.741717,0.504144,-0.642178,-0.03457,0.043009,0.229819,-0.34083,-0.447062,-0.915465
-0.092305,0.286873,0.500933,-0.709143,0.537449,-0.686695,0.675111,0.094368,0.320028,-0.422585,-0.042332,0.277851,0.283054,-0.421346,-1.0
-0.704764,0.407597,-0.219108,0.349006,-0.116931,-0.69685,0.907572,0.750624,-0.151769,-0.715882,-0.067761,0.074631,0.246093,-0.456712,-0.952121
-0.800725,0.101382,-0.257922,-0.56286,-0.185538,0.707411,0.374908,0.97669,-0.079957,0.307074,-0.444743,-0.436649,0.413281,0.262453,-0.934894
-0.191235,-0.825994,-0.672521,0.556167,0.569679,-0.375569,0.106701,0.147124,-0.018906,-0.009778,-0.763611,-0.444726,0.395379,0.283303,-1.0
-0.762926,0.467914,0.855229,0.262893,0.669168,0.765519,0.092102,0.364965,0.055619,0.092805,-0.825154,-0.209506,0.572035,0.197391,-0.98482
-0.173471,0.116153,0.684143,0.196127,0.531005,0.687928,0.137518,0.564227,0.050509,0.090112,-0.70465,-0.523474,0.461605,0.419562,-1.0
0.636521,-0.720406,-0.031298,0.492329,-0.753614,0.909589,0.708416,0.399978,-0.35213,0.412313,0.146745,-0.291849,-0.328785,0.378806,-0.98573
0.803003,0.665782,-0.484779,0.551102,-0.710748,-0.222293,0.751384,0.561641,-0.629439,-0.191561,0.207588,0.084257,-0.35894,-0.146923,-1.0
0.192408,-0.129022,-0.072515,-0.623993,0.441453,0.236206,0.960045,0.051746,0.660203,0.329598,-0.002553,-0.06039,0.304387,0.383169,-0.995735
0.707753,-0.971043,0.602604,-0.635754,0.525973,-0.206114,0.11581,0.224501,-0.002413,-0.009948,0.190314,-0.891321,-0.08678,0.419624,-1.0
0.51279,-0.220631,-0.132842,-0.530906,-0.074317,0.1342,0.646852,0.644983,-0.21471,0.522062,0.223104,-0.178009,-0.459041,0.242258,-0.913883
-0.668241,0.435189,-0.476737,0.012698,0.134922,0.227643,0.607375,0.214325,0.189759,0.38041,-0.438758,0.049045,0.600912,-0.191722,-1.0
-0.216275,0.781273,0.792691,0.29143,-0.482101,0.594645,0.139655,0.627361,-0.053469,0.090009,0.613238,0.510317,-0.404884,-0.320259,-0.982225
-0.389193,0.68119,0.670965,-0.219738,0.893507,-0.886342,0.932737,0.121769,0.600198,-0.478722,-0.065417,0.067061,0.347915,-0.411426,-1.0
0.85914,0.60129,-0.344722,-0.097458,-0.043826,-0.244431,0.763219,0.601822,-0.127355,-0.592608,0.157788,0.165694,-0.379572,-0.285417,-0.979209
0.783541,-0.9598,-0.70809,-0.133133,0.92843,-0.606773,0.831508,0.816373,0.479163,-0.348469,-0.019733,-0.212385,0.224386,0.425435,-1.0
-0.369846,-0.501265,0.282035,0.843795,-0.920369,0.776737,0.98143,0.837767,-0.606483,0.555536,0.041857,0.067666,-0.236278,0.490141,-1.0
-0.787448,-0.359543,-0.217122,-0.832534,-0.727927,0.113629,0.378615,0.881958,-0.214306,0.04249,-0.089641,-0.653956,0.080143,0.577656,-0.979346
0.939339,-0.349042,-0.422783,-0.811062,-0.90558,0.011297,0.570432,0.185507,-0.568296,0.015129,0.403271,-0.098142,-0.504319,0.0963,-1.0
0.554893,0.343228,0.529613,0.514842,0.787456,-0.206083,0.68078,0.479887,0.548745,-0.111193,-0.085453,0.232403,0.213649,-0.532327,-0.870555
-0.339435,0.439144,-0.883523,-0.357824,0.040901,0.249389,0.289377,0.553765,0.039955,0.226806,-0.679186,0.3264,0.46775,-0.206628,-0.947489
-0.421785,-0.042177,0.625197,0.238618,0.022893,0.55717,0.534224,0.508766,0.002572,0.535559,-0.25619,-0.268503,0.351354,0.400496,-0.988706
-0.698699,-0.888374,-0.819481,-0.323891,-0.955827,-0.934518,0.340469,0.707887,-0.202103,-0.177755,0.563574,0.088967,-0.495544,-0.131803,-1.0
0.199407,-0.263288,-0.341649,-0.02983,-0.498918,-0.432627,0.399121,0.158131,-0.280929,-0.188362,0.586516,0.163169,-0.471872,-0.143553,-1.0
-0.365025,0.206252,0.860436,0.282349,0.583816,-0.896347,0.467282,0.579472,0.198469,-0.35379,-0.385352,0.36933,0.280681,-0.375118,-1.0
0.349108,-0.399638,-0.923634,-0.922747,0.944899,0.644496,0.199935,0.723715,0.081043,0.068447,-0.342239,-0.682733,0.287714,0.480092,-1.0
0.043516,0.824779,-0.619469,0.004585,-0.804427,-0.609333,0.501368,0.061047,-0.351593,-0.227414,0.235407,0.364552,-0.231317,-0.494916,-1.0
-0.369253,-0.001605,0.113774,-0.210622,0.62353,0.397868,0.531738,0.920863,0.415879,0.240015,-0.478102,-0.236701,0.494617,0.091273,-1.0
0.471816,-0.455853,-0.240177,-0.388204,0.545795,-0.850755,0.904785,0.407974,0.417953,-0.69296,-0.072562,0.122978,0.081476,-0.486754,-0.96161
0.338229,0.173342,0.529854,0.57605,0.481164,-0.774372,0.0773,0.1788,0.032546,-0.011958,-0.188195,0.961507,0.0793,-0.419127,-0.962887
-0.053269,0.008471,0.531862,0.254345,0.266877,0.571101,0.199393,0.478479,0.107875,0.143383,-0.413074,-0.671974,0.170091,0.439631,-0.941766
0.279006,0.651904,0.002413,-0.442383,-0.051655,-0.994949,0.351002,0.277004,0.002476,-0.248323,0.138692,0.657184,-0.140278,-0.423139,-0.968493
0.019272,-0.900669,-0.235341,0.932598,0.63361,0.420042,0.441835,0.472017,0.37412,0.234655,-0.206788,-0.472873,0.219955,0.409719,-1.0
0.89549,-0.785874,0.807904,0.019813,0.088839,-0.042217,0.290977,0.816302,0.245017,-0.057803,0.562569,-0.539063,-0.375529,0.363906,-1.0
-0.410808,-0.474385,-0.809897,-0.774872,0.44484,-0.879253,0.999204,0.586142,0.361073,-0.733724,0.012876,-0.025429,0.469849,-0.165073,-1.0
-0.020504,0.097055,-0.099342,-0.152446,0.359071,-0.042299,0.719173,0.615555,0.602031,-0.101018,-0.353104,0.090997,0.473102,-0.151086,-0.879363
0.844142,0.069095,0.047381,0.913186,-0.665505,-0.405477,0.555937,0.762196,-0.331854,-0.291478,0.485236,0.13416,-0.385461,-0.119264,-0.972496
-0.59523,-0.74321,0.022122,0.963186,-0.88632,-0.371497,0.61143,0.017818,-0.448606,-0.211389,0.146426,-0.29163,-0.276413,0.317142,-0.913508
0.196833,0.268252,0.470434,-0.740425,0.013378,-0.741155,0.508276,0.011903,-0.044344,-0.330436,0.157542,0.538563,-0.172085,-0.473721,-1.0
-0.3482,-0.505228,-0.216906,-0.086554,-0.004018,0.270374,0.443277,0.634549,0.004072,0.353986,-0.166114,-0.52359,0.177559,0.405225,-1.0
0.898805,0.133111,-0.535463,0.328738,0.123657,-0.432549,0.151627,0.906688,0.022876,-0.081674,0.734116,0.521686,-0.472027,-0.326358,-0.997755
0.535261,-0.736472,-0.722907,0.826409,0.006804,0.480209,0.857756,0.308383,0.010995,0.675968,0.040022,-0.083195,-0.159601,0.416777,-1.0
-0.292692,0.791039,-0.783008,-0.228195,-0.558465,0.023049,0.349647,0.954677,-0.222323,0.042926,0.126375,0.604021,-0.167978,-0.516963,-1.0
0.007362,-0.056557,0.60321,0.4569,-0.809735,-0.875507,0.023173,0.404935,-0.043747,0.071104,0.727773,0.803254,-0.382399,-0.419767,-1.0
-0.948831,-0.678815,0.145794,-0.650179,-0.28203,0.059351,0.232811,0.092833,-0.222611,0.018968,-0.519275,-0.603121,0.363148,0.36819,-1.0
0.506113,-0.719016,0.377509,-0.371809,0.734344,-0.552591,0.599105,0.361789,0.410647,-0.303043,-0.38058,-0.195597,0.419311,0.349758,-1.0
-0.326288,0.176384,0.280143,-0.176309,0.858667,-0.824108,0.001278,0.020282,0.014428,-0.003004,-0.802502,0.611752,0.325348,-0.395355,-1.0
0.748444,0.467669,0.054766,0.011104,0.085377,0.998387,0.545583,0.986488,0.134592,0.55134,0.307247,-0.354496,-0.361762,0.289406,-0.941984
0.468443,-0.360131,-0.284626,0.917913,0.425983,-0.025882,0.531468,0.774365,0.462339,-0.020544,0.058402,-0.44432,-0.101736,0.584895,-0.994858
0.956754,0.104819,-0.131808,0.282007,-0.083686,-0.113494,0.99078,0.068213,-0.484194,-0.634836,-0.011141,0.024025,-0.524146,-0.097805,-1.0
-0.738101,0.677652,-0.991993,-0.392063,-0.788676,0.796053,0.719773,0.175485,-0.364538,0.421109,0.131496,-0.299701,-0.154828,0.449655,-1.0
-0.082848,-0.162654,0.218414,-0.14633,0.496538,-0.333399,0.957295,0.23359,0.684234,-0.437133,0.021399,0.040909,0.443094,-0.039419,-0.925098
-0.671799,0.978051,-0.086428,0.931359,-0.914198,-0.299811,0.973559,0.528057,-0.736219,-0.302115,0.032853,0.033405,-0.135092,-0.530086,-1.0
-0.561309,-0.218694,0.747649,0.177765,-0.343008,0.979842,0.95269,0.580271,-0.268527,0.667753,-0.014464,-0.036141,0.026834,0.466331,-1.0
-0.8914,-0.730922,-0.208746,-0.552425,-0.020021,0.683767,0.435807,0.488908,-0.025627,0.35078,-0.344326,-0.41279,0.222342,0.387029,-0.937923
0.531008,0.672569,0.395584,0.811654,-0.228252,0.60082,0.034687,0.770043,-0.050329,-0.033738,1.0,0.016596,-0.402362,0.048651,-1.0
0.338628,0.376978,0.59292,0.393454,0.978616,0.433005,0.399217,0.072744,0.239907,0.048472,-0.536798,-0.037372,0.473571,-0.007276,-1.0
0.414643,-0.276432,0.686962,0.994175,0.829535,0.334647,0.889021,0.383103,0.627662,0.217997,-0.054255,-0.086837,0.28904,0.388076,-0.987533
-0.092284,-0.574276,0.747615,-0.403883,-0.870163,0.77468,0.62974,0.741381,-0.385338,0.291761,0.181963,-0.295923,-0.203638,0.35026,-1.0
0.848033,0.462836,0.572146,-0.417493,0.930205,-0.461306,0.691283,0.02655,0.554742,-0.194128,-0.013283,0.302082,0.087556,-0.486993,-1.0
-0.176348,-0.055307,-0.973438,0.611623,0.043286,-0.244029,0.128319,0.467146,0.017885,-0.264282,-0.711767,0.559234,0.496429,-0.322564,-0.968678
-0.329584,0.390621,-0.638289,0.796192,-0.026966,-0.808758,0.260195,0.126978,0.041654,-0.288389,-0.126846,0.611758,0.137662,-0.508255,-0.870351
0.553282,0.388231,0.709815,-0.728032,0.686004,0.343989,0.64527,0.359454,0.515488,0.30454,-0.334797,0.152946,0.483826,-0.131953,-0.985855
-0.209285,-0.940309,-0.442355,-0.759951,0.261195,-0.550893,0.013184,0.868928,0.022388,0.070566,-0.730563,-0.683002,0.456888,0.395861,-1.0
0.493472,-0.680272,-0.248345,-0.349696,-0.460589,-0.724327,0.014744,0.541912,0.09006,-0.100039,1.0,0.113024,-0.524534,-0.036374,-0.969297
-0.269421,-0.156327,0.328176,-0.435294,0.752673,-0.421423,0.968301,0.037817,0.671544,-0.442403,-0.045526,0.032437,0.49127,-0.116009,-1.0
-0.915535,-0.200658,-0.523809,-0.643586,0.240322,-0.047866,0.294667,0.372802,0.316711,-0.009327,-0.786411,-0.060508,0.491299,0.042685,-0.943274
-0.532438,0.040677,0.348015,-0.796076,0.015813,0.443355,0.654376,0.784879,-0.033808,0.536771,-0.313261,-0.252027,0.409222,0.284533,-1.0
0.743892,-0.151037,0.309703,-0.799947,0.361458,0.590214,0.315753,0.1035,0.134304,0.236693,0.354354,-0.565669,-0.110582,0.562037,-0.932203
0.320868,0.411644,-0.329671,0.653487,-0.353681,-0.971093,0.975288,0.244164,-0.268805,-0.642042,-0.080815,0.035917,-0.1788,-0.445371,-0.957248
0.875824,0.313581,-0.990522,-0.343885,-0.423545,-0.808117,0.253675,0.179518,-0.008244,-0.105911,0.538593,0.381762,-0.360122,-0.331082,-1.0
-0.580863,-0.304649,-0.83993,0.040001,0.256018,-0.765041,0.057946,0.722736,-0.010398,-0.046198,-0.92615,0.438319,0.384418,-0.151677,-0.983387
-0.997941,0.861296,0.125583,-0.734329,0.733668,0.356365,0.215036,0.049528,0.243098,0.042448,-0.696035,0.226173,0.400011,-0.121253,-1.0
-0.719862,-0.722218,-0.830498,0.533793,0.404451,-0.520177,0.269886,0.965705,0.158105,-0.132633,-0.65415,-0.162881,0.590173,0.11264,-1.0
0.482032,-0.436844,0.735088,-0.105177,0.773749,0.046748,0.663598,0.596326,0.524951,0.016879,-0.261741,-0.307786,0.308957,0.420883,-1.0
0.269053,0.432025,-0.645913,0.326637,0.407311,0.535287,0.768134,0.106425,0.277947,0.407753,-0.138761,-0.105015,0.360899,0.341327,-1.0
-0.263324,0.36413,0.282223,0.157173,-0.646285,0.550877,0.892373,0.60185,-0.583667,0.470655,0.014143,-0.095277,-0.448266,0.256897,-1.0
0.490692,0.319358,0.969973,-0.444999,-0.143363,-0.473035,0.185222,0.75758,0.052097,-0.206299,0.575021,0.57959,-0.235916,-0.381844,-1.0
-0.012644,0.038516,0.124153,0.411649,0.340879,0.374841,0.489564,0.857795,0.252813,0.206005,-0.383848,-0.347797,0.383367,0.26667,-0.905558
0.353972,-0.28174,-0.046919,0.661803,-0.007581,-0.327121,0.459802,0.204701,-0.060985,-0.353557,0.446582,0.176774,-0.456716,-0.036772,-0.932667
-0.49049,-0.286463,-0.945242,-0.89343,-0.343696,-0.259441,0.780064,0.481756,-0.423982,-0.324573,-0.208036,-0.073738,0.433717,0.079589,-0.943504
-0.129683,0.039539,0.171367,0.326837,-0.566246,-0.196647,0.036866,0.895801,-0.04224,0.035109,0.829564,0.487471,-0.591599,-0.214878,-1.0
-0.479065,0.988779,0.848216,0.40178,0.569418,0.847457,0.952844,0.601982,0.446259,0.671956,-0.054536,0.013409,0.510037,-0.089176,-1.0
-0.602863,-0.54781,0.204265,0.722439,0.930362,-0.476036,0.096325,0.52236,0.060606,-0.114235,-0.862046,-0.007958,0.486744,0.093506,-1.0
0.372514,0.023952,-0.607786,-0.414612,0.329076,0.205914,0.653345,0.280127,0.369393,0.227243,0.065777,-0.343234,-0.105204,0.500071,-0.988399
0.362798,-0.793197,0.427822,-0.213788,-0.59389,-0.687732,0.017314,0.924771,-0.07201,0.007898,0.949199,-0.131178,-0.568198,0.046714,-1.0
0.19961,0.519396,-0.783499,0.091939,0.983132,0.306368,0.602608,0.271052,0.462591,0.030231,-0.440317,0.12167,0.506463,-0.13868,-0.972414
-0.641411,-0.175168,0.250843,-0.914283,-0.410881,0.178629,0.703785,0.921622,-0.565841,0.257462,-0.159403,-0.174398,0.260002,0.444533,-0.974222
0.179144,-0.750361,-0.543546,0.64049,0.407219,-0.696412,0.606913,0.034453,0.204511,-0.478609,-0.428774,-0.071483,0.567951,0.109671,-1.0
0.770815,0.687654,-0.080005,0.823342,0.18797,-0.648359,0.170205,0.434124,0.122124,-0.051518,0.292372,0.705348,-0.190711,-0.47028,-0.999295
-0.496047,-0.593465,-0.81659,-0.099378,0.82241,0.679142,0.129914,0.250439,0.104485,-0.06508,-0.618761,-0.595879,0.377259,0.347227,-1.0
0.309236,-0.991048,0.994115,0.603496,0.797378,-0.135452,0.061484,0.625859,0.073013,0.00972,-0.428361,-0.892737,0.231489,0.449345,-1.0
-0.599724,0.763752,-0.511008,0.105809,0.238711,0.422316,0.361821,0.25931,0.2146,0.228051,-0.609129,0.268051,0.434269,-0.143635,-0.963904
-0.648932,-0.764698,-0.501728,-0.679582,0.524311,-0.235533,0.034587,0.788932,0.015587,-0.05385,-0.91835,-0.360224,0.505118,0.194674,-0.954255
-0.174434,-0.303964,-0.756888,-0.038752,-0.719736,0.234592,0.015522,0.138639,0.001278,-0.075161,0.639535,-0.700775,-0.36232,0.400358,-0.97161
0.701749,-0.697422,-0.162064,0.842394,0.332763,-0.165156,0.305568,0.045521,0.259013,-0.095511,0.458781,-0.519152,-0.228082,0.387245,-0.949051
0.103535,0.568085,0.164816,-0.057622,-0.169928,0.87873,0.904974,0.66979,-0.133609,0.677929,0.011823,-0.040105,-0.393537,0.334669,-1.0
0.213468,-0.319334,0.396391,-0.970427,-0.210229,-0.687926,0.055028,0.279093,-0.019457,-0.048025,0.664562,0.584261,-0.38233,-0.319957,-0.991626
-0.554914,-0.516383,0.236051,-0.341772,-0.871734,0.353557,0.937983,0.53185,-0.731845,0.247662,0.054273,-0.028535,-0.302342,0.505073,-1.0
-0.135694,-0.88149,0.330223,-0.819274,0.39824,-0.583766,0.325848,0.2899,0.233583,-0.291396,-0.634791,-0.384324,0.423857,0.343124,-1.0
0.780417,0.335937,-0.779116,-0.541965,0.877967,0.912585,0.929425,0.876324,0.509341,0.488935,0.014501,-0.086599,-0.01223,0.599156,-1.0
0.500023,0.814879,0.866114,-0.415169,0.159373,0.75221,0.06928,0.917839,-0.067729,0.054459,0.796396,0.268007,-0.545403,-0.084439,-0.913872
0.876617,-0.127423,-0.69209,-0.055666,0.443604,0.894743,0.089201,0.247555,0.025178,0.058608,0.370694,-0.901687,-0.151615,0.45035,-1.0
0.675198,0.054056,0.697629,0.109508,-0.963374,0.610673,0.356272,0.602239,-0.260953,0.224792,0.639825,-0.206473,-0.377303,0.192524,-0.910078
-0.075445,0.980799,-0.027477,0.413037,-0.037959,-0.721135,0.398577,0.977833,0.091085,-0.357204,-0.126309,0.598338,1.5e-05,-0.469382,-0.929691
-0.198036,0.588052,0.205526,-0.809132,-0.928504,0.711738,0.507281,0.174749,-0.315187,0.300195,0.549574,-0.081713,-0.484756,0.114026,-1.0
-0.638028,0.232671,0.221661,0.432075,0.641893,0.5756,0.306494,0.301468,0.20402,0.11244,-0.699243,-0.168039,0.452743,0.148443,-1.0
-0.296338,0.13761,0.882275,0.915439,0.571721,-0.887017,0.69082,0.953727,0.307705,-0.474865,-0.199131,0.273617,0.343674,-0.375106,-1.0
0.608565,-0.688651,-0.316637,-0.083201,-0.950919,0.805412,0.202665,0.567329,-0.108837,0.085147,0.590272,-0.59187,-0.386985,0.346611,-0.998543
-0.098284,-0.176958,0.289819,-0.646795,0.23901,-0.367454,0.25027,0.325224,0.12622,-0.119728,-0.66442,0.376822,0.368842,-0.28621,-1.0
-0.2636,-0.58982,-0.300686,0.314847,0.632409,0.285782,0.214272,0.615619,0.207907,0.003734,-0.586586,-0.54443,0.410929,0.371762,-0.910664
0.999705,0.74446,0.155917,-0.24548,0.938144,-0.002801,0.442002,0.772098,0.405022,-0.025098,0.010316,0.646871,-0.023318,-0.402448,-1.0
0.951769,0.051137,0.255274,0.420348,0.078486,0.865008,0.901826,0.391859,0.090464,0.642323,0.109935,-0.071021,-0.339401,0.245548,-1.0
0.319065,-0.053948,-0.161616,-0.901024,0.690605,-0.044137,0.707072,0.349086,0.495469,-0.110846,-0.308921,-0.090949,0.460023,0.051937,-1.0
0.160514,0.740236,-0.708909,0.79941,0.544955,-0.649213,0.286232,0.156135,0.056989,-0.151867,-0.162158,0.633329,0.114676,-0.493897,-1.0
0.355348,0.295718,-0.33693,0.739366,-0.796366,0.878769,0.346137,0.401355,-0.162055,0.277319,0.488163,-0.344452,-0.355886,0.137879,-1.0
0.32427,0.329077,-0.667538,-0.032951,-0.938449,-0.695764,0.671626,0.129034,-0.411204,-0.262767,0.263291,0.262647,-0.317553,-0.2908,-0.981254
-0.416724,-0.611913,-0.455532,0.28362,-0.317799,0.940699,0.945612,0.770678,-0.250487,0.688934,0.00833,-0.111794,0.007905,0.517545,-1.0
0.673824,-0.105339,-0.21848,0.142796,0.279701,0.865544,0.500945,0.151435,0.119551,0.440804,0.229498,-0.523544,-0.183922,0.52249,-1.0
-0.026733,-0.122984,-0.396425,-0.866322,0.472041,-0.197987,0.860354,0.513502,0.678701,-0.239517,-0.238177,0.064473,0.509368,0.031888,-1.0
-0.90316,-0.472376,0.434033,0.875862,0.067654,0.267724,0.130352,0.461365,0.089858,0.080319,-0.673041,-0.507818,0.418684,0.341472,-1.0
-0.282997,-0.144246,-0.515671,0.280258,-0.824874,-0.859531,0.806672,0.854957,-0.44473,-0.385883,0.157174,0.121905,-0.339322,-0.392881,-0.978982
0.054941,-0.122022,-0.467379,0.407284,-0.996687,0.4742,0.132914,0.962564,-0.147009,0.052169,0.75906,-0.308589,-0.405518,0.224528,-1.0
0.26349,-0.97811,0.71396,-0.262018,0.752194,-0.217315,0.935757,0.284785,0.755851,-0.174339,-0.05589,-0.0453,0.204509,0.451207,-1.0
-0.830105,-0.801698,0.775113,-0.621332,-0.007612,-0.322335,0.958224,0.861653,-0.129376,-0.764106,-0.014164,-0.012608,0.44898,0.188289,-1.0
-0.960251,0.651565,0.732036,-0.161008,0.054737,0.483863,0.282487,0.690364,-0.012306,0.265912,-0.684582,0.170007,0.488398,-0.150393,-1.0
0.780153,0.331255,-0.336447,-0.569536,0.400914,0.17286,0.462291,0.989005,0.386576,0.134513,0.48803,0.177744,-0.425452,-0.18182,-0.986708
0.349985,0.064381,-0.906646,-0.912914,0.062163,0.709431,0.781408,0.693445,0.106111,0.631065,0.066906,-0.16666,-0.217864,0.496198,-1.0
0.999823,0.499008,-0.950481,0.520148,0.71187,-0.533621,0.984947,0.120259,0.654172,-0.464093,0.0237,0.040033,-0.223309,-0.397881,-0.969154
0.07285,-0.620609,-0.385089,-0.530696,-0.249772,-0.37116,0.90024,0.972121,-0.325535,-0.555593,0.075649,0.000584,-0.413029,0.385336,-1.0
0.58851,0.025875,0.641,0.809952,-0.149089,0.255282,0.653435,0.536381,-0.230252,0.405244,0.277385,-0.05671,-0.54653,0.183438,-0.986855
-0.050401,-0.536411,0.898152,-0.868593,-0.524547,0.322967,0.039963,0.179057,0.010092,-0.017162,0.445344,-0.797948,-0.145348,0.450743,-1.0
-0.496276,0.578627,-0.591742,-0.620777,-0.825625,0.38641,0.011398,0.655495,-0.000987,-0.048477,0.875956,0.53785,-0.452839,-0.207454,-0.962053
-0.061897,-0.337985,-0.193165,-0.357732,-0.351498,0.114724,0.513796,0.298789,-0.429059,0.208444,0.206907,-0.432568,-0.183642,0.478849,-0.969752
0.314218,0.658436,-0.756887,-0.016153,0.586618,-0.982442,0.333283,0.89461,0.175941,-0.224795,-0.058921,0.71656,0.090175,-0.469356,-0.87065
0.27647,-0.691654,0.173693,-0.028684,-0.465281,-0.924617,0.803681,0.554675,-0.280623,-0.538856,0.224541,0.12339,-0.496708,-0.153258,-0.918479
0.298851,0.133155,-0.283224,0.353393,-0.625263,0.067631,0.510435,0.693247,-0.406158,-0.008936,0.527074,0.041595,-0.532477,-0.022558,-1.0
0.181648,0.256941,-0.285005,0.309626,-0.58077,-0.646343,0.880712,0.44485,-0.464488,-0.511221,0.138101,0.13911,-0.249481,-0.30238,-1.0
-0.910279,-0.483785,-0.187212,-0.033227,0.182888,0.399642,0.043912,0.399761,0.040315,0.108351,-0.757325,-0.616377,0.390024,0.401277,-1.0
0.608315,-0.082934,0.58128,-0.992115,0.70744,-0.819018,0.838233,0.637322,0.500098,-0.516809,-0.055748,0.250606,-0.006867,-0.406892,-0.99834
0.846872,0.585916,-0.619988,0.01498,-0.025303,0.231228,0.362171,0.274658,-0.049241,0.322822,0.670375,0.209462,-0.425257,-0.256372,-1.0
0.169214,-0.835092,-0.325613,0.911835,0.910719,-0.589385,0.741352,0.815729,0.456973,-0.327258,-0.283616,-0.086567,0.401694,0.204128,-1.0
-0.28487,0.554863,-0.170296,0.842633,-0.065922,0.417554,0.5738,0.483263,-0.029316,0.35701,-0.255903,0.268207,0.413608,-0.271168,-1.0
0.916195,-0.712021,0.388027,0.616316,0.813236,0.716547,0.197956,0.647542,0.137349,0.147155,0.049955,-0.830617,0.028775,0.608755,-0.953128
-0.083456,0.849009,0.123578,-0.060828,-0.700229,-0.546466,0.161788,0.371166,-0.108715,-0.084642,0.271851,0.798314,-0.224155,-0.499466,-1.0
0.767541,-0.802969,0.772678,0.154715,-0.408218,0.510064,0.192903,0.140645,-0.056209,0.115544,0.513292,-0.626901,-0.328026,0.478091,-1.0
0.760412,0.942232,-0.594899,-0.73653,0.761936,-0.462737,0.074928,0.20423,0.095745,-0.203065,0.028156,0.844714,0.053525,-0.438861,-1.0
-0.525513,0.458836,-0.374746,-0.61499,0.600811,-0.290625,0.196505,0.856577,0.252521,0.007566,-0.653618,0.415521,0.442381,-0.309861,-0.924381
-0.177639,-0.932319,-0.370284,0.22198,-0.543934,-0.66944,0.46835,0.256756,-0.180439,-0.288985,0.389769,-0.300351,-0.451269,0.299985,-1.0
0.660719,-0.903217,-0.272395,0.151916,0.817037,0.577943,0.915386,0.372745,0.559577,0.397766,-0.048107,-0.15322,0.082468,0.452908,-1.0
0.292553,-0.105587,0.642723,-0.897337,0.958246,-0.360138,0.871478,0.173336,0.612834,-0.219384,-0.159226,0.008538,0.460569,-0.230256,-1.0
-0.211968,0.331849,0.322894,0.510833,-0.785745,0.820943,0.896621,0.149474,-0.514169,0.502045,0.019625,-0.05849,-0.33041,0.367029,-1.0
0.072563,0.662393,0.75755,-0.722454,0.237774,-0.954124,0.133983,0.362734,0.041887,-0.135852,-0.124241,0.792285,-0.007484,-0.474366,-0.921697
0.373795,-0.572848,-0.077844,0.033568,-0.364732,0.363629,0.471662,0.66403,-0.278729,0.278745,0.342579,-0.394403,-0.302049,0.369025,-1.0
-0.264449,-0.958263,-0.894145,0.694176,-0.999695,-0.913474,0.411238,0.31372,-0.326295,-0.148486,0.545469,-0.06749,-0.513531,0.101653,-0.920031
0.200296,0.077549,-0.599081,-0.641125,0.425942,-0.68923,0.9541,0.440307,0.425264,-0.593113,-0.067649,0.008019,0.153126,-0.337949,-0.984716
0.652455,-0.702775,-0.917549,-0.125358,-0.125807,0.328281,0.414603,0.056273,-0.099029,0.357859,0.423006,-0.505988,-0.297508,0.406314,-1.0
0.817498,-0.717721,-0.676465,-0.822663,-0.825535,-0.38594,0.496737,0.803412,-0.400336,-0.114535,0.456276,-0.116228,-0.488934,0.12747,-1.0
0.990506,0.954707,0.944311,0.38942,0.241754,-0.366062,0.625611,0.393585,0.304467,-0.413855,0.2102,0.367061,-0.230025,-0.457761,-1.0
-0.681441,-0.193493,0.566666,0.042244,0.595309,-0.696107,0.692501,0.855042,0.315733,-0.362105,-0.347507,0.154734,0.373367,-0.164766,-0.964611
-0.86662,-0.481831,0.717649,-0.567868,-0.141641,-0.147853,0.3256,0.336559,-0.114854,-0.142092,-0.605238,-0.26959,0.506177,0.227066,-1.0
0.914199,-0.518706,0.312614,0.90521,0.375806,-0.508363,0.064342,0.264037,0.043921,0.007701,0.947587,-0.08115,-0.479907,0.001801,-0.966577
0.164159,-0.108524,-0.062947,0.728726,0.856864,0.680743,0.278446,0.714083,0.128892,0.07032,-0.531742,-0.436583,0.357155,0.405338,-1.0
-0.780402,0.200786,0.339019,-0.474351,0.118669,-0.281881,0.509409,0.87543,0.210615,-0.432786,-0.512119,0.179439,0.464342,-0.257124,-1.0
0.927071,-0.785988,0.193184,-0.470318,0.125071,-0.652448,0.732941,0.948841,0.10971,-0.619364,0.211722,-0.097736,-0.538394,0.008724,-0.996468
0.153375,-0.706964,-0.744342,0.876628,0.50681,0.768459,0.939574,0.585271,0.338934,0.614385,0.017667,-0.036085,0.083769,0.370988,-0.989151
0.604151,0.234303,-0.346957,0.618754,-0.030944,-0.56103,0.175504,0.377497,0.009847,-0.158933,0.588782,0.606579,-0.446533,-0.371916,-1.0
0.335775,0.225597,0.452739,-0.522087,-0.303001,-0.186615,0.77484,0.721447,-0.537171,-0.330315,0.117185,0.092368,-0.39017,-0.232348,-0.970682
0.369663,-0.472454,0.007371,-0.54521,-0.682288,-0.201261,0.287766,0.551715,-0.159153,0.05982,0.710472,-0.139697,-0.379042,0.068919,-1.0
-0.95882,-0.276422,0.980681,-0.148044,-0.718963,0.398611,0.857545,0.832135,-0.576012,0.368147,-0.103198,-0.049251,0.140767,0.486093,-1.0
-0.209636,0.837783,0.22346,-0.331194,0.147827,0.227306,0.852899,0.811865,0.344145,0.521962,-0.12326,0.117932,0.329722,-0.45906,-0.998726
-0.540081,0.779922,0.626173,-0.010176,-0.326341,0.161404,0.31506,0.573247,-0.169779,0.133066,-0.316383,0.57851,0.120082,-0.526715,-0.996181
-0.095637,0.804996,-0.462172,-0.366682,-0.431324,0.72489,0.721031,0.31967,-0.268351,0.568523,0.228751,0.030789,-0.461927,-0.144004,-0.964485
0.622323,-0.891513,-0.7024,0.528619,0.794417,0.432722,0.229875,0.267896,0.165608,0.061167,-0.146516,-0.819911,0.001116,0.540672,-0.947865
0.946426,0.436031,-0.547902,0.448817,0.803085,-0.672633,0.952656,0.407792,0.632393,-0.465184,0.045026,0.093074,-0.009548,-0.391508,-1.0
-0.162918,-0.783833,-0.481573,0.184225,0.819378,0.784124,0.835539,0.592517,0.505766,0.501615,-0.033451,-0.164498,0.177302,0.473177,-0.971914
-0.354096,0.507995,0.607266,0.04176,-0.499459,-0.05983,0.129156,0.80652,-0.074139,0.024101,0.197528,0.821023,-0.121066,-0.564648,-1.0
-0.637148,0.617255,0.839535,0.545332,-0.93465,-0.302979,0.48252,0.778474,-0.284072,-0.102681,0.175475,0.497256,-0.160681,-0.429701,-1.0
-0.75516,-0.309329,0.496552,-0.033785,-0.266408,-0.884996,0.383496,0.161818,-0.143506,-0.253365,-0.450225,0.457526,0.2894,-0.35368,-1.0
-0.991907,0.247606,0.59647,0.524704,0.3033,-0.700037,0.391181,0.027178,0.209542,-0.326393,-0.518145,0.343775,0.448684,-0.339114,-0.929932
0.820782,-0.015628,0.29752,0.076325,-0.447672,-0.17133,0.682162,0.104537,-0.533662,-0.143909,0.383146,0.010154,-0.365395,-0.067327,-1.0
-0.074302,0.458157,0.672722,-0.459419,0.699631,0.995151,0.575401,0.260261,0.32778,0.285501,-0.458907,-0.28509,0.405493,0.265477,-0.984733
0.364171,0.072264,-0.997915,-0.731434,-0.870147,0.035575,0.342968,0.62049,-0.314308,-0.026602,0.661837,-0.021489,-0.516327,0.040404,-1.0
0.071429,0.67596,0.08069,0.397564,-0.264303,0.765558,0.757457,0.726611,-0.165737,0.640036,0.216806,-0.086735,-0.630227,0.221739,-1.0
0.246729,-0.630934,-0.907229,-0.702372,-0.50933,0.176284,0.864624,0.57682,-0.645416,0.247787,0.096176,-0.083823,-0.320865,0.387888,-0.905497
0.418759,-0.676617,0.172501,-0.451554,-0.011224,-0.029254,0.598764,0.025751,-0.216954,-0.401276,0.209326,-0.342351,-0.294178,0.387584,-0.969101
0.642481,-0.986426,-0.89946,-0.134989,0.658991,0.050275,0.475623,0.015129,0.359465,-0.100521,-0.00968,-0.463449,0.020651,0.488795,-0.92707
0.616653,0.807525,0.108744,0.120768,0.575454,-0.104894,0.859959,0.345524,0.68842,-0.057434,0.066807,0.094447,0.020553,-0.533431,-1.0
0.219649,-0.052216,0.610258,0.632167,0.49807,0.503221,0.529915,0.110814,0.377715,0.361455,-0.242155,-0.382268,0.297699,0.437089,-1.0
-0.620882,-0.232005,0.977521,-0.80733,-0.695347,0.453042,0.218243,0.773844,-0.106328,0.090651,0.028964,-0.825912,-0.071529,0.584322,-0.948884
0.768197,-0.384998,-0.457526,0.55974,0.199428,0.388148,0.260428,0.137242,0.047804,0.133076,0.440749,-0.626873,-0.301321,0.251709,-0.99155
0.764073,-0.743516,-0.02803,0.16903,-0.795764,-0.367946,0.767905,0.414543,-0.620871,-0.350175,0.250839,0.024099,-0.521828,0.172237,-0.926362
-0.89201,0.188106,-0.0481,0.534351,0.35968,-0.752038,0.334476,0.001583,0.149024,-0.194536,-0.563992,0.309925,0.459045,-0.317415,-1.0
-0.096602,0.663572,-0.986657,-0.390227,0.541802,0.43193,0.971968,0.23456,0.657571,0.470802,-0.008216,-0.0697,0.446741,-0.196814,-0.992048
0.847614,0.856881,0.095155,0.174273,0.802767,-0.326466,0.781238,0.876401,0.500276,-0.295247,-0.019396,0.040382,0.020498,-0.531153,-1.0
-0.690155,0.488638,0.68409,0.35578,0.905295,-0.480198,0.269357,0.542125,0.185142,-0.095181,-0.594614,0.366108,0.39608,-0.218937,-0.969056
-0.527248,0.352904,0.77457,-0.993575,0.950923,0.20168,0.395983,0.116915,0.358703,0.032724,-0.642354,0.021916,0.421033,-0.039584,-1.0
-0.887921,0.465022,-0.019646,-0.949989,0.017677,0.693756,0.855202,0.172597,-0.096218,0.684027,-0.182447,0.032007,0.476241,0.138059,-1.0
0.080543,0.502718,-0.228808,0.825538,-0.495786,0.838746,0.456244,0.703765,-0.180917,0.29952,0.487358,-0.297023,-0.426884,0.251896,-0.976082
-0.194315,0.31699,0.831367,-0.414115,-0.587526,-0.280967,0.484616,0.428423,-0.379586,-0.114342,0.222038,0.440409,-0.330532,-0.422308,-1.0
0.863154,-0.08241,0.460926,-0.763935,0.998231,-0.424769,0.315345,0.681345,0.251669,-0.096513,-0.256977,0.633351,0.160081,-0.385331,-1.0
0.931386,0.24562,-0.563019,0.085333,0.490829,0.616027,0.506331,0.468097,0.291702,0.278106,0.394765,-0.253939,-0.349626,0.278244,-0.98697
-0.076366,-0.108749,0.851861,-0.759667,0.142909,0.679995,0.102162,0.67158,-0.138423,0.137151,-0.19153,-0.945928,0.158225,0.468698,-0.929521
-0.79568,0.081924,0.870356,0.066387,0.40316,-0.322314,0.622537,0.081625,0.379042,-0.418649,-0.347444,0.073415,0.475727,-0.086355,-1.0
-0.385322,-0.313655,0.059446,-0.052838,0.044013,-0.672592,0.582866,0.859712,0.007333,-0.452094,-0.338414,0.187601,0.411026,-0.30053,-0.995946
-0.10368,0.663613,-0.989706,0.174123,0.176135,-0.786455,0.495782,0.768872,0.109794,-0.362477,-0.078133,0.455609,0.124784,-0.480954,-0.941574
0.126563,0.369748,-0.057973,-0.255847,-0.639074,-0.566919,0.107575,0.360363,-0.12022,-0.08133,0.570028,0.641551,-0.396465,-0.310981,-0.9983
0.980711,0.446061,0.105669,0.13374,-0.325307,0.559657,0.980865,0.62169,-0.443409,0.62208,-0.038287,0.032787,-0.553897,-0.005316,-0.959617
-0.189145,-0.009705,-0.973872,-0.253409,-0.107982,-0.027151,0.573867,0.774318,-0.420915,-0.132944,-0.482331,0.074464,0.514635,-0.010014,-1.0
-0.932495,0.318133,0.792602,-0.07584,0.83557,0.840801,0.006507,0.863046,-0.03269,-0.008887,-1.0,-0.261841,0.496952,0.145792,-1.0
-0.31974,0.078762,0.866253,0.629048,0.816545,-0.99289,0.070565,0.452502,0.05071,0.037467,-0.742264,0.683804,0.362978,-0.324299,-1.0
-0.177856,-0.774559,0.441424,0.703065,-0.382213,-0.88236,0.215937,0.548521,-0.064015,-0.180614,0.707748,0.320015,-0.332263,-0.235204,-1.0
0.672545,-0.945638,-0.977596,-0.161288,0.643256,0.107568,0.234859,0.604354,0.21943,0.046405,0.021893,-0.83231,-0.136456,0.528861,-0.973984
0.480715,-0.486923,0.941546,0.400015,0.651449,-0.019476,0.654602,0.396047,0.561799,-0.057574,-0.120859,-0.199623,0.244987,0.404242,-0.968271
-0.747343,-0.312906,0.628993,0.926391,-0.428621,0.248306,0.172576,0.868319,-0.100399,0.024141,-0.456801,-0.701721,0.233452,0.421147,-0.979744
0.053811,-0.667343,-0.51271,0.702828,-0.960784,-0.53958,0.968124,0.357464,-0.75273,-0.362042,0.033207,0.027909,-0.510609,0.005579,-1.0
-0.491199,0.632165,-0.079769,-0.967332,-0.365807,0.990826,0.636465,0.682017,-0.147011,0.474469,-0.143876,-0.407811,0.180416,0.381464,-1.0
0.823982,-0.352863,0.193087,-0.876737,-0.100102,-0.135546,0.491751,0.640604,-0.243052,-0.350294,0.524049,-0.083472,-0.467456,0.103642,-0.95684
-0.893981,0.6727,-0.900741,0.896739,-0.181556,-0.48488,0.096862,0.208312,-0.070173,-0.125389,-0.415478,0.696203,0.237715,-0.425739,-0.912831
-0.781465,-0.370123,-0.899065,0.828098,-0.351005,0.273931,0.746892,0.118431,-0.453286,0.420748,-0.096913,-0.224839,0.296411,0.385082,-1.0
0.546104,0.951293,0.877868,-0.231521,-0.564013,0.63006,0.620425,0.43315,-0.261339,0.416878,0.355738,0.143591,-0.516394,-0.218601,-1.0
0.398919,0.307668,0.46231,-0.936949,-0.3867,-0.170009,0.227454,0.335742,-0.117284,-0.103288,0.718395,0.33648,-0.353808,-0.258887,-1.0
-0.160901,0.016329,-0.296278,-0.785828,-0.851443,0.510088,0.588542,0.739494,-0.368862,0.254691,0.353463,-0.295704,-0.435164,0.27466,-1.0
0.736982,-0.997919,-0.007053,0.531476,-0.687159,0.199463,0.707729,0.87029,-0.581854,0.171072,0.203522,-0.144134,-0.420559,0.387176,-1.0
0.166278,0.432559,-0.133861,-0.373359,-0.732101,-0.843299,0.79776,0.939004,-0.403965,-0.563387,0.129218,0.19295,-0.259046,-0.45521,-1.0
-0.84014,-0.821437,-0.909404,-0.7349,0.889,-0.219854,0.519073,0.778653,0.448227,-0.133828,-0.516724,-0.161913,0.500789,0.11458,-1.0
0.829457,-0.063661,-0.782835,0.870724,0.622066,-0.073775,0.861427,0.139069,0.682999,0.007075,0.224184,-0.011796,-0.391734,-0.091315,-1.0
-0.513127,-0.430507,0.890186,-0.815725,-0.26559,-0.31959,0.155172,0.129798,-0.057266,-0.141147,-0.722336,-0.383271,0.461793,0.259481,-0.911576
0.988379,-0.674103,0.80793,-0.72269,-0.333662,0.837376,0.679976,0.952295,-0.19339,0.474447,0.244212,-0.224848,-0.247586,0.308051,-0.943706
0.477283,-0.201791,0.217985,0.858192,0.839058,-0.779586,0.908547,0.908166,0.524987,-0.417952,0.066426,0.019411,0.186385,-0.477565,-0.95876
-0.085223,-0.719994,0.610378,0.933607,-0.671513,0.639616,0.753463,0.046646,-0.437875,0.494255,-0.013677,-0.26047,-0.138907,0.393715,-1.0
0.517668,-0.649338,-0.362487,-0.544846,-0.23171,0.609396,0.687898,0.753111,-0.165468,0.510799,0.103882,-0.295151,-0.263448,0.431885,-1.0
0.717305,0.263693,0.095033,-0.013448,-0.873091,0.142162,0.397202,0.967827,-0.370087,0.117933,0.559024,0.011516,-0.568943,-0.008459,-1.0
-0.948858,0.426719,0.915817,-0.042966,0.353731,-0.915224,0.323519,0.424411,0.048543,-0.228914,-0.4162,0.504575,0.413139,-0.320986,-1.0
0.706001,0.444626,-0.661973,0.513854,-0.411607,-0.106269,0.870889,0.030632,-0.651954,-0.195003,0.104894,0.209283,-0.46372,-0.160278,-1.0
-0.253677,-0.82341,0.152022,-0.643808,0.706282,-0.692366,0.220576,0.834743,0.062372,-0.107082,-0.794408,-0.044343,0.434479,0.120202,-1.0
0.170427,-0.088134,-0.498773,0.767641,-0.621242,0.89825,0.278681,0.322474,-0.03818,0.070589,0.462263,-0.547918,-0.322393,0.324003,-1.0
0.271498,-0.442061,-0.815931,-0.259829,0.45813,-0.367037,0.695813,0.923814,0.424106,-0.348108,-0.24633,-0.002925,0.405405,0.239145,-0.977003
0.946286,0.894213,0.462655,-0.554035,-0.528163,-0.109417,0.121618,0.979975,-0.15809,-0.073218,0.788441,0.50619,-0.45834,-0.273387,-1.0
0.626764,0.795784,-0.207504,0.785813,-0.094389,0.653994,0.040875,0.217703,0.034337,-0.00893,0.948001,0.239614,-0.478564,-0.1293,-1.0
-0.758614,-0.685029,0.689612,0.037725,0.555608,-0.114746,0.281757,0.263691,0.253376,-0.037681,-0.653683,-0.274039,0.391679,0.220457,-1.0
-0.827114,-0.69825,-0.424579,0.939631,-0.205216,0.809657,0.635969,0.16179,-0.162433,0.509489,-0.134184,-0.274069,0.279932,0.495288,-1.0
0.859375,-0.117503,-0.22915,0.446512,-0.403475,0.221431,0.127307,0.977542,-0.155359,0.071621,0.889262,-0.185805,-0.479929,0.123847,-1.0
-0.617314,-0.842454,-0.533102,-0.163367,-0.781503,-0.303042,0.033977,0.823687,-0.046285,0.034427,0.310214,-0.828542,-0.297325,0.403712,-0.957404
-0.586322,-0.101709,-0.758352,-0.077606,-0.352574,0.701152,0.879161,0.006449,-0.306216,0.588301,-0.028772,-0.14149,0.144004,0.548434,-0.992914
0.270512,0.393155,0.593326,0.929808,0.8146,0.933556,0.530286,0.87035,0.380437,0.346089,-0.339156,-0.359986,0.310728,0.327596,-0.952429
0.252719,-0.60109,0.832776,0.603108,-0.974744,0.063709,0.798736,0.609721,-0.605248,0.008479,0.115618,-0.068441,-0.496021,0.300294,-1.0
0.242294,0.074473,0.520785,0.035588,0.752015,0.388428,0.169112,0.624155,0.141987,0.017977,-0.792268,-0.401774,0.487985,0.26261,-1.0
0.370655,-0.858804,0.352654,-0.752479,-0.492283,0.336814,0.25594,0.39762,-0.223405,0.060865,0.404081,-0.632319,-0.295306,0.393872,-1.0
-0.570037,-0.668175,0.949816,0.125562,0.487497,0.287743,0.036706,0.368635,0.071939,0.031378,-0.803323,-0.633244,0.385753,0.359361,-0.962172
0.599095,-0.319637,-0.161169,-0.434476,0.509308,0.146428,0.487958,0.067539,0.380648,0.09161,0.10003,-0.494553,-0.156308,0.499965,-0.923044
-0.995985,0.62835,-0.850462,-0.432538,0.654643,0.320631,0.320086,0.183486,0.35973,0.172634,-0.716129,0.025532,0.530729,-0.156037,-0.956961
0.903411,-0.896433,-0.478579,-0.318958,0.144227,-0.467185,0.445019,0.159723,0.125097,-0.268604,0.446702,-0.355066,-0.362,0.364207,-0.916312
-0.084573,0.452804,-0.41011,0.070641,-0.213555,-0.70888,0.676666,0.073786,-0.182528,-0.525002,0.060913,0.328083,0.002245,-0.59673,-1.0
0.872799,-0.013133,-0.478203,-0.804149,-0.521034,-0.908734,0.39083,0.426806,-0.207485,-0.250148,0.469173,0.348583,-0.352915,-0.352603,-1.0
-0.674447,-0.013288,-0.544405,0.372655,0.98952,0.779102,0.768713,0.15627,0.472197,0.376892,-0.26143,-0.175491,0.437668,0.291209,-0.992459
-0.221105,0.544058,-0.651656,-0.079493,-0.663472,-0.635544,0.723377,0.057379,-0.472228,-0.417733,0.091238,0.31293,-0.16223,-0.470179,-0.923356
0.332352,0.909274,0.710253,0.035222,0.048982,0.048871,0.720338,0.311281,0.449394,0.467865,0.080161,0.330264,-0.149204,-0.503102,-1.0
-0.150194,0.614961,0.64373,0.928834,0.801011,-0.56986,0.659237,0.984419,0.469591,-0.24154,-0.160314,0.196334,0.300671,-0.446445,-1.0
0.04631,0.48224,-0.556342,0.172214,0.142034,-0.925829,0.341267,0.034278,0.047912,-0.221887,-0.039535,0.646234,-0.006496,-0.516626,-0.971585
-0.828995,-0.086114,0.85865,0.465032,0.083907,-0.895397,0.351735,0.838297,0.017709,-0.314603,-0.488998,0.371426,0.379275,-0.384749,-1.0
0.139084,-0.63391,0.32703,0.386154,-0.466048,0.509882,0.829696,0.360928,-0.431055,0.452895,0.106333,-0.160886,-0.163517,0.441672,-0.977246
-0.003899,0.938438,0.810663,-0.825902,-0.62927,-0.272355,0.834006,0.834907,-0.61697,-0.175799,0.13342,0.13627,-0.188772,-0.508327,-1.0
-0.747227,-0.870016,-0.334611,-0.731583,0.308606,0.493715,0.004983,0.903041,-0.037612,-0.00151,-0.537016,-0.827467,0.353064,0.455226,-0.98099
0.346023,0.467801,-0.050496,-0.925595,-0.718458,-0.80896,0.584213,0.435943,-0.327236,-0.396527,0.26966,0.323646,-0.348809,-0.317394,-0.999973
0.577481,0.074949,0.723639,-0.796913,-0.404901,-0.000826,0.578055,0.171841,-0.400406,-0.021484,0.424838,-0.017317,-0.571046,-0.057952,-0.94195
0.184784,-0.90782,-0.172373,0.57208,0.517682,0.234873,0.529586,0.657458,0.386661,0.14658,-0.180705,-0.409745,0.148088,0.421704,-1.0
0.510564,-0.376189,0.609458,-0.313724,-0.843827,0.813948,0.719967,0.591716,-0.425814,0.293517,0.2351,-0.214766,-0.296765,0.355529,-0.936783
-0.709982,0.354851,-0.860737,-0.393384,0.994973,0.294177,0.393873,0.587415,0.228536,0.141576,-0.680854,0.075829,0.572756,-0.038501,-1.0
0.40422,0.420388,0.656333,-0.717804,-0.017301,-0.183445,0.098873,0.779354,-0.062768,-0.078132,0.536114,0.784495,-0.253032,-0.47076,-0.92774
-0.873051,-0.787813,0.754366,-0.249447,0.127739,0.494238,0.928403,0.365154,0.116221,0.630415,-0.082506,-0.048268,0.263882,0.35671,-0.961627
0.186105,0.847948,-0.722948,0.959038,0.303831,0.091401,0.625917,0.180357,0.425364,0.176806,-0.010641,0.468002,0.028752,-0.514646,-1.0
0.825816,-0.820868,0.197479,-0.273015,-0.891004,-0.581567,0.688684,0.247288,-0.435531,-0.366083,0.286053,-0.08757,-0.51286,0.013976,-0.984532
0.206508,0.909606,0.110963,0.377117,-0.66309,0.490891,0.922347,0.91491,-0.512611,0.46036,0.153845,0.085147,-0.48454,-0.321881,-1.0
0.288638,0.205875,0.392369,-0.113151,-0.387913,-0.250875,0.969047,0.700573,-0.654231,-0.444225,-0.058507,0.028284,-0.36459,-0.275349,-1.0
-0.506115,-0.268173,0.708311,-0.140478,0.370901,-0.360986,0.112369,0.267711,0.065573,-0.067873,-0.886274,0.067725,0.447489,-0.09077,-1.0
-0.72491,0.021161,-0.220199,0.023017,-0.925995,-0.432131,0.724049,0.532391,-0.541053,-0.346811,0.106242,0.193682,-0.120351,-0.473044,-0.992502
-0.161084,0.784377,0.450575,-0.388339,-0.67092,0.419506,0.209331,0.974467,-0.178264,0.086622,0.675485,0.406999,-0.479045,-0.404623,-1.0
-0.64068,-0.341901,-0.840882,0.472691,-0.599923,0.336471,0.349463,0.875898,-0.30429,0.093286,-0.176359,-0.751675,-0.04695,0.511624,-0.970316
-0.18159,-0.504864,0.126005,0.431334,0.591372,0.14813,0.500768,0.022741,0.359697,0.161138,-0.31585,-0.369404,0.312475,0.377002,-1.0
0.665429,-0.211008,-0.381747,0.438844,0.716919,-0.414454,0.94726,0.038378,0.766732,-0.262999,0.019496,0.043703,0.083496,-0.43235,-0.992045
0.042615,0.518485,-0.640105,-0.330511,0.984083,0.101305,0.297869,0.940051,0.234531,0.05071,-0.687491,0.277952,0.511102,-0.259691,-0.976985
-0.86107,-0.243778,-0.616626,-0.18437,0.673672,-0.573426,0.739646,0.730001,0.406345,-0.395543,-0.27833,0.094541,0.511828,-0.009506,-1.0
0.789625,0.315548,0.99237,-0.24356,0.999501,0.44148,0.975905,0.142772,0.770703,0.378393,-0.034827,-0.006427,0.322798,0.327743,-1.0
0.342551,-0.248297,0.252493,-0.24014,0.159699,-0.46739,0.070011,0.834875,0.036177,-0.065647,0.682972,0.688287,-0.262232,-0.417696,-0.961468
0.297105,-0.473051,-0.378654,-0.844627,-0.521169,0.206855,0.354069,0.028488,-0.237434,0.09384,0.443481,-0.489238,-0.461722,0.262591,-0.959098
0.022525,0.413041,-0.661382,-0.235614,-0.246823,-0.192544,0.039409,0.769378,-0.024736,-0.131619,0.467041,0.925997,-0.2187,-0.486181,-1.0
-0.426424,0.063162,-0.334603,-0.560397,0.401475,0.818053,0.51555,0.096526,0.160327,0.390665,-0.417366,-0.289317,0.372066,0.347785,-1.0
0.205553,0.782499,-0.773707,0.758528,-0.185059,0.422153,0.456813,0.806723,-0.118701,0.3053,0.427341,0.385124,-0.333586,-0.254309,-0.965624
-0.967456,0.295616,-0.115143,0.095109,-0.702274,0.274368,0.319563,0.501432,-0.249685,0.158352,-0.654128,0.023513,0.544308,-0.122649,-0.927709
-0.664723,-0.314339,-0.208909,-0.890808,0.203645,-0.895494,0.594303,0.586737,0.164077,-0.456593,-0.362881,0.272442,0.46971,-0.295877,-0.943187
0.19145,0.58153,-0.75349,0.396919,0.216222,-0.374408,0.289874,0.75073,0.13059,-0.148323,0.02967,0.708865,-0.00325,-0.500849,-0.994764
0.157353,0.494691,0.366016,-0.128958,-0.760267,0.557231,0.904777,0.369747,-0.524309,0.450779,0.002311,0.092235,-0.583375,0.041347,-1.0
0.034492,-0.548243,0.852175,-0.075423,-0.318483,0.911734,0.591611,0.705406,-0.099465,0.411142,0.111872,-0.357497,-0.178529,0.458938,-1.0
-0.033229,0.973472,0.730955,-0.233421,-0.267142,-0.931319,0.370511,0.153582,-0.064389,-0.296434,0.113906,0.724267,-0.004856,-0.553442,-1.0
0.697344,-0.206616,0.242464,-0.540487,0.156323,0.822225,0.386615,0.699178,0.04541,0.274075,0.22574,-0.50407,-0.296573,0.420784,-1.0
0.921765,0.486894,0.969743,0.97069,-0.677115,0.472657,0.373048,0.889605,-0.200404,0.139665,0.648079,-0.015204,-0.481078,-0.049001,-0.936635
-0.98163,-0.261244,-0.221882,0.140311,0.577078,0.340706,0.329665,0.258695,0.24749,0.178952,-0.569845,-0.27423,0.452736,0.191946,-1.0
0.256634,0.937113,-0.686181,0.144062,0.642147,0.680463,0.851539,0.908811,0.505434,0.598678,-0.136851,0.044004,0.446254,-0.309466,-1.0
-0.860946,0.169054,0.433921,0.638553,-0.981571,-0.206171,0.815247,0.127623,-0.581031,-0.13394,0.089618,0.161579,-0.213834,-0.433522,-1.0
-0.176136,0.483442,-0.881659,0.402933,-0.53299,0.933378,0.244588,0.640174,-0.069817,0.194616,0.482093,-0.662112,-0.419442,0.406658,-0.987816
-0.456386,0.724614,-0.496975,-0.628439,0.842779,0.15971,0.129991,0.130347,0.137227,0.013179,-0.821295,0.337329,0.463091,-0.254406,-1.0
0.136005,0.716576,0.505907,0.142534,0.36933,0.67222,0.065893,0.567027,0.02288,0.088446,-0.89242,0.083629,0.462817,-0.099029,-1.0
-0.048058,-0.580744,-0.305572,0.629197,0.134703,-0.495024,0.07888,0.821843,0.072455,-0.039774,-0.825458,-0.430474,0.373323,0.215381,-1.0
0.551212,-0.271104,0.544012,-0.625663,-0.365083,-0.283337,0.429075,0.267124,-0.304438,-0.130584,0.531975,0.043684,-0.506799,0.085573,-1.0
-0.535377,0.518326,0.96331,0.960698,-0.414464,0.436049,0.303628,0.637954,-0.243535,0.166825,-0.514433,0.465116,0.428189,-0.297986,-1.0
0.687838,0.114644,-0.994387,-0.691169,0.224593,0.015875,0.451402,0.301915,0.281114,0.019002,0.582293,0.080872,-0.444953,-0.059193,-1.0
-0.283979,0.389872,0.381005,-0.817708,0.506107,-0.702042,0.668014,0.540619,0.301494,-0.449017,-0.196974,0.151904,0.332504,-0.403475,-0.976027
-0.227574,-0.050988,0.648041,-0.202859,-0.778999,0.199798,0.983947,0.297186,-0.858195,0.264788,0.040456,0.041258,-0.402976,0.271808,-1.0
0.312915,-0.398477,-0.563232,0.857307,-0.403371,-0.936815,0.954164,0.864146,-0.307102,-0.762191,0.061108,0.148965,-0.396291,-0.378692,-0.941976
0.728217,-0.135815,-0.85998,-0.585912,0.927152,0.675243,0.397584,0.750541,0.271822,0.155918,-0.123324,-0.585043,0.160909,0.498066,-1.0
0.660049,-0.58667,-0.718373,0.803893,0.027592,-0.932494,0.103333,0.710643,0.010443,-0.163231,0.753263,0.453005,-0.428442,-0.231054,-1.0
-0.220749,-0.531979,-0.592173,-0.388311,0.877427,-0.403503,0.241702,0.583467,0.173032,0.003,-0.75619,-0.000506,0.560542,0.062839,-0.950545
0.694723,0.416184,0.511683,0.986585,0.18863,-0.447485,0.747555,0.375252,0.241252,-0.620734,0.160291,0.240241,-0.240488,-0.510168,-0.966541
-0.878256,0.868572,0.400132,0.548276,-0.393617,0.042515,0.518099,0.575772,-0.433043,0.04588,-0.249045,0.329791,0.233148,-0.374797,-0.991456
-0.186831,-0.573008,0.817787,-0.975722,0.570505,-0.893167,0.800133,0.606629,0.41609,-0.471543,-0.116928,-0.031486,0.510924,-0.187052,-0.955604
0.837689,-0.857629,0.995114,0.992218,-0.911954,-0.56668,0.081779,0.912494,-0.091364,-0.011129,0.910869,-0.178166,-0.552093,0.034463,-1.0
0.990635,-0.801188,-0.32483,-0.158515,0.971036,-0.062057,0.458771,0.458708,0.391437,0.002892,-0.032554,-0.526875,-0.04016,0.482299,-0.982478
-0.198877,0.601507,0.204288,0.393537,-0.355243,0.501612,0.523667,0.607537,-0.257026,0.374732,0.45076,0.353367,-0.463381,-0.20624,-1.0
0.427837,-0.940677,-0.672669,0.449561,-0.022974,-0.75793,0.720625,0.573935,0.027275,-0.60956,0.145186,-0.038982,-0.526844,0.160113,-1.0
0.771142,0.739765,0.857164,0.979467,0.016434,0.313401,0.107017,0.913034,0.054523,0.128987,0.786225,0.455499,-0.372095,-0.254008,-0.957053
-0.068215,0.406647,0.314366,0.620544,0.306464,0.566835,0.040958,0.403141,0.051922,0.082308,-0.800903,-0.390128,0.520016,0.208286,-1.0
-0.154014,0.466527,0.050334,0.721678,-0.451293,0.662012,0.096225,0.365636,0.012763,-0.015417,0.75022,-0.424399,-0.342636,0.318208,-0.971427
0.733421,0.306623,0.884281,0.740802,0.032001,-0.939094,0.253096,0.699688,0.030792,-0.234265,0.306323,0.668512,-0.231242,-0.488862,-0.919241
-0.764818,0.5444,0.434259,0.823875,-0.816166,-0.109266,0.190743,0.101057,-0.143557,-0.068973,0.025687,0.844163,-0.082611,-0.502937,-0.984587
-0.532889,0.989257,-0.032647,0.412806,0.815435,-0.594017,0.217751,0.640758,0.147828,-0.126926,-0.558641,0.652327,0.347235,-0.393703,-0.947765
-0.305734,0.776102,-0.459217,0.998711,-0.258254,-0.636883,0.207827,0.413172,-0.066968,-0.099819,0.037873,0.786907,0.056608,-0.511301,-1.0
0.877575,0.846627,-0.05866,-0.649679,-0.223226,-0.812739,0.174306,0.198562,-0.037719,-0.173389,0.505964,0.637664,-0.255641,-0.441319,-1.0
0.563971,0.707084,-0.997112,-0.305575,-0.463588,0.996298,0.262736,0.249239,-0.124784,0.178746,0.648716,-0.224498,-0.449296,0.001791,-0.982936
0.171571,0.644828,0.213208,0.243908,0.259873,-0.867658,0.891815,0.519314,0.186498,-0.640885,-0.012955,0.123488,0.041855,-0.525261,-0.977409
0.432522,-0.497349,0.275104,-0.734484,0.328612,0.04574,0.363409,0.801889,0.273496,-0.076622,0.069126,-0.574059,-0.129734,0.483355,-1.0
-0.196825,0.871378,-0.388447,0.215909,-0.996682,0.53749,0.449179,0.094836,-0.298864,0.144394,0.520343,0.206813,-0.46612,-0.179626,-0.986811
0.061821,0.893909,0.612453,0.593385,0.502835,0.415619,0.454375,0.666784,0.255353,0.151856,-0.454998,0.381243,0.203313,-0.390913,-1.0
-0.210272,-0.796752,-0.59336,0.099643,0.976292,0.99522,0.56012,0.906821,0.289167,0.336296,-0.223996,-0.396524,0.270427,0.437403,-1.0
-0.342304,-0.061909,-0.669766,0.715251,0.618464,0.341021,0.432545,0.735673,0.383926,0.22821,-0.495817,-0.250329,0.435204,0.242685,-0.927833
0.205702,-0.041422,-0.917647,-0.75648,0.407333,0.288618,0.479829,0.648711,0.277157,0.212073,-0.300013,-0.422487,0.297764,0.395223,-1.0
-0.486296,-0.279713,-0.317573,-0.396797,0.13155,0.703322,0.652449,0.210211,0.110123,0.529502,-0.20844,-0.313249,0.315919,0.369271,-1.0
-0.503763,0.090144,0.228063,-0.946547,0.733359,-0.538286,0.655129,0.179905,0.529623,-0.402344,-0.285727,0.161924,0.440461,-0.168162,-0.926436
0.334693,0.862005,0.968368,-0.114873,-0.260313,0.595694,0.843108,0.073466,-0.289966,0.656176,0.153437,0.065501,-0.547245,-0.19644,-1.0
-0.28848,0.870239,0.444342,-0.811315,0.280288,0.998629,0.719401,0.937258,0.250864,0.527325,-0.310037,-0.021093,0.624636,0.068986,-0.976474
0.956879,-0.67176,0.246689,-0.243487,-0.630815,0.124482,0.979818,0.348915,-0.787199,0.101913,-0.026562,-0.066026,-0.426301,0.286947,-0.951067
-0.734504,-0.849255,0.437029,0.980414,0.712653,-0.210046,0.173967,0.046708,0.050296,-0.037037,-0.69221,-0.297323,0.417673,0.169583,-0.991192
-0.797267,-0.913,-0.169234,0.118154,-0.961853,0.088358,0.296467,0.155018,-0.222325,0.010303,0.029434,-0.627429,-0.022301,0.455563,-1.0
-0.756341,-0.131241,-0.88522,-0.958303,-0.454075,-0.864392,0.571563,0.803095,-0.300049,-0.364375,-0.147688,0.433983,0.185628,-0.523736,-1.0
-0.569016,-0.818027,-0.673054,0.86381,-0.796633,0.018244,0.843848,0.263033,-0.683656,-0.017742,0.025856,-0.12391,-0.181778,0.426469,-0.945846
-0.539931,-0.441808,0.661574,-0.629369,0.021201,0.914583,0.837009,0.954509,0.059131,0.692633,-0.137182,-0.175136,0.180171,0.45107,-1.0
0.631063,0.437752,0.438481,-0.998128,-0.849885,-0.449319,0.348547,0.906969,-0.195045,-0.151038,0.544651,0.372856,-0.389474,-0.232801,-0.997849
-0.006432,0.08146,-0.78986,0.542207,-0.249881,-0.853917,0.587622,0.758001,-0.183888,-0.512201,0.10539,0.409186,-0.118408,-0.469606,-1.0
0.22812,0.406691,-0.243478,0.520478,0.319455,0.184212,0.293491,0.27215,0.188844,0.193478,-0.202844,0.633133,0.184257,-0.436681,-0.958459
-0.93201,-0.430734,0.497753,-0.999717,-0.196784,0.428187,0.02388,0.305897,-0.021653,-0.016857,-0.574423,-0.822308,0.32156,0.412427,-0.978664
-0.981042,0.079303,0.640392,0.742119,-0.256884,-0.236374,0.438751,0.712118,-0.252238,-0.291745,-0.534607,0.195607,0.487024,-0.281473,-1.0
-0.862746,0.124873,-0.048792,0.072644,0.948931,-0.792655,0.705849,0.051097,0.517524,-0.281365,-0.279654,0.131784,0.45405,-0.097609,-0.926798
0.869085,0.861709,0.256571,0.016415,0.951386,-0.499324,0.081568,0.26985,0.042661,0.0018,-0.098413,0.920783,-0.062887,-0.432775,-1.0
-0.909592,-0.956408,-0.319664,-0.517525,0.696645,0.460341,0.440108,0.356767,0.269614,0.218607,-0.331478,-0.393308,0.479454,0.411464,-1.0
-0.860068,-0.626583,-0.625701,0.450259,-0.835343,-0.616708,0.216434,0.966739,-0.174289,-0.02315,-0.70513,-0.292148,0.475924,0.101011,-1.0
0.301578,0.293175,-0.91846,0.526628,0.220531,0.88335,0.816935,0.400397,0.130699,0.675346,-0.055183,-0.224522,-0.11335,0.621669,-1.0
0.62106,-0.804169,-0.002373,0.952427,0.855372,0.570009,0.060149,0.100084,0.017953,-0.001532,-0.049822,-0.937283,-0.003776,0.429389,-1.0
0.341961,-0.439952,-0.257966,0.920967,0.035693,0.856501,0.496025,0.753547,0.058672,0.487476,0.103461,-0.483437,0.031214,0.499518,-1.0
-0.301276,-0.921709,-0.53588,0.717137,-0.37227,-0.289252,0.723394,0.777793,-0.5336,-0.353818,0.050358,-0.212727,-0.051217,0.43062,-1.0
-0.243985,0.279484,-0.034226,0.309609,0.468993,-0.98948,0.400615,0.387221,0.141054,-0.360929,-0.218773,0.484845,0.235342,-0.456577,-0.975625
0.956966,0.291745,-0.177897,0.057531,-0.669998,0.128739,0.040548,0.291518,-0.136773,-0.01832,1.0,0.115811,-0.489329,-0.021105,-1.0
0.853798,0.697228,0.396986,-0.411207,0.401811,0.50914,0.127403,0.363101,0.125657,0.011527,0.812001,0.374243,-0.415629,-0.18856,-0.988117
0.184205,-0.292709,0.342711,-0.288149,0.567568,0.445115,0.252476,0.69787,0.077899,0.133358,-0.323696,-0.639191,0.101437,0.464401,-0.962114
0.711572,0.954708,-0.88846,0.488713,0.39261,-0.709878,0.497947,0.906126,0.150698,-0.345729,-0.008635,0.564451,-0.112931,-0.42224,-0.931687
0.736427,-0.521338,-0.265966,0.228357,-0.542675,-0.564425,0.659094,0.435463,-0.375488,-0.428493,0.356737,0.035171,-0.532781,0.055507,-0.998487
-0.198354,0.079153,0.554424,0.951669,0.87069,0.817085,0.426785,0.13802,0.307769,0.186685,-0.379167,-0.300275,0.477196,0.270282,-0.984562
-0.538588,-0.848641,0.337079,-0.834656,-0.165374,0.007848,0.502494,0.298494,-0.377986,-0.059812,-0.184473,-0.491646,0.151756,0.431347,-1.0
0.845522,-0.722527,0.822347,0.387729,0.147867,0.244407,0.653152,0.560145,0.286899,0.406979,0.249084,-0.242714,-0.309859,0.374656,-0.955809
-0.376619,0.909043,-0.508939,-0.508294,0.962407,0.190916,0.592646,0.061654,0.48628,0.12365,-0.35589,0.169124,0.366044,-0.224335,-1.0
0.452862,-0.118402,0.235168,-0.443776,0.904779,-0.032508,0.779364,0.631461,0.59327,0.01981,-0.1359,0.003669,0.504569,0.144628,-0.981169
0.724098,0.660284,-0.072835,0.696887,-0.229466,0.901346,0.320154,0.758193,0.002217,0.262189,0.640814,-0.177216,-0.636015,0.057277,-1.0
-0.671096,-0.699494,0.645314,-0.101555,-0.14776,0.185939,0.069276,0.097699,-0.090125,0.064252,-0.523015,-0.863744,0.277708,0.426281,-1.0
-0.64186,-0.307014,-0.919189,0.966831,-0.07622,0.765152,0.131198,0.492175,0.071646,0.071128,-0.414575,-0.667616,0.360304,0.426594,-1.0
-0.086979,0.266267,-0.899889,0.233945,0.404318,0.326187,0.994434,0.535369,0.595655,0.455017,0.024693,-0.021478,0.540917,0.10019,-0.986734
0.134061,-0.226208,0.026372,-0.644995,-0.762121,-0.577794,0.883948,0.350006,-0.482798,-0.343797,0.090838,0.044484,-0.462536,-0.17028,-1.0
0.707645,-0.064475,0.8646,-0.060024,-0.214401,0.372847,0.339794,0.81697,-0.160663,0.233916,0.513797,-0.264144,-0.560794,0.221005,-1.0
-0.531495,0.641114,0.758049,0.199225,0.934932,0.15387,0.406835,0.592281,0.251665,0.062531,-0.622167,0.212993,0.386207,-0.139728,-0.978618
-0.904478,0.051272,0.338256,0.306597,-0.304716,0.260539,0.553502,0.710219,-0.395999,0.287052,-0.364792,-0.13157,0.479206,0.163822,-1.0
-0.73803,0.172793,0.890182,-0.275454,0.63805,-0.887457,0.845409,0.839296,0.421063,-0.483826,-0.137958,0.037689,0.378025,-0.281444,-1.0
-0.021893,0.762832,-0.494169,-0.083221,-0.470592,-0.512155,0.394531,0.14864,-0.304462,-0.262172,0.251588,0.554549,-0.174373,-0.483423,-0.905349
-0.914441,0.72637,0.58403,-0.584818,-0.806279,0.890664,0.223604,0.692632,-0.237805,0.111964,-0.520826,-0.502633,0.250568,0.396399,-0.962676
-0.780966,0.00815,0.033472,0.944166,0.736045,0.495278,0.215467,0.826841,0.11292,0.018758,-0.766929,-0.175523,0.413948,0.113687,-0.868144
0.329922,0.494472,0.429327,-0.536361,-0.430704,-0.850849,0.733013,0.351033,-0.262674,-0.508092,0.093736,0.237176,-0.199511,-0.399699,-1.0
-0.261835,0.660203,0.17865,-0.136234,-0.541806,-0.634402,0.022074,0.447574,-0.031207,-0.040476,0.25259,0.889023,-0.080813,-0.518004,-0.97607
0.847594,-0.285928,-0.287495,0.734587,0.250942,-0.821847,0.913002,0.29871,0.172571,-0.735737,0.064257,0.134038,-0.352982,-0.351818,-1.0
0.824294,0.955244,0.128559,-0.402598,0.602478,-0.159741,0.262753,0.083595,0.25184,-0.045354,0.167912,0.740872,-0.048201,-0.510541,-1.0
0.622063,-0.822679,0.613306,0.362402,-0.70261,-0.366861,0.602516,0.118639,-0.444334,-0.206967,0.393937,-0.132333,-0.414539,0.041555,-0.978555
0.656967,0.190292,0.284908,0.975073,-0.28546,-0.538814,0.748995,0.948628,-0.336416,-0.516349,0.236267,0.133389,-0.317301,-0.283958,-1.0
0.976628,0.982729,0.472119,-0.985173,-0.825396,0.065524,0.152857,0.986767,-0.202486,0.021705,0.791536,0.390832,-0.284049,-0.119304,-0.963263
0.875542,0.591412,0.459625,0.796559,0.973756,0.064672,0.756212,0.919834,0.624935,0.008748,-0.099953,0.185013,0.115963,-0.445377,-0.999475
0.524201,-0.744075,0.106766,0.365371,-0.240162,-0.816572,0.675086,0.431219,-0.189197,-0.561214,0.380576,0.084628,-0.556359,-0.138589,-1.0
-0.352186,-0.587507,-0.367567,0.754574,0.129146,-0.609933,0.21787,0.597494,0.007422,-0.149141,-0.773303,0.053931,0.498091,0.083646,-1.0
-0.312912,0.068453,-0.223264,0.701261,0.490818,-0.216231,0.367931,0.551942,0.290208,-0.115268,-0.529626,0.261074,0.492064,-0.158351,-1.0
0.518296,0.356604,-0.511991,-0.920759,0.006941,0.333335,0.151874,0.365854,0.014935,0.18168,0.848976,-0.099646,-0.524988,-0.079806,-0.959645
-0.192771,-0.988401,0.635944,-0.03245,-0.83907,-0.912978,0.055317,0.198448,-0.047761,-0.020622,0.88838,-0.15445,-0.435153,0.140677,-1.0
-0.854102,-0.599289,0.496513,-0.12144,-0.339444,-0.134264,0.703856,0.401334,-0.475051,-0.171859,-0.18538,-0.255099,0.388801,0.329166,-1.0
0.30255,0.210766,-0.051672,-0.757608,-0.172007,0.608106,0.577744,0.263383,-0.202898,0.472483,0.390722,-0.281343,-0.410412,0.314889,-1.0
0.425032,-0.065641,0.045755,0.67934,0.61807,0.439977,0.560185,0.935147,0.366715,0.334966,-0.100233,-0.386153,0.157661,0.353945,-0.916204
-0.630069,0.190725,-0.426761,0.00821,-0.734818,0.063869,0.369697,0.891587,-0.231082,-0.002101,0.407367,0.408894,-0.400379,-0.473058,-0.996806
-0.937227,0.364799,0.79075,0.109321,-0.282449,0.159997,0.219533,0.964879,-0.162789,0.09709,-0.699706,0.184848,0.383678,-0.196163,-1.0
-0.429283,0.319028,0.393859,0.503362,-0.399756,-0.962118,0.614472,0.403721,-0.12668,-0.457534,0.03947,0.366671,-0.009754,-0.482672,-0.966668
0.959407,0.038733,0.254564,0.071121,0.195915,-0.702914,0.130991,0.56547,0.098794,-0.173752,0.681951,0.549633,-0.389291,-0.378156,-1.0
-0.592458,0.437086,0.191822,0.343087,-0.064052,0.919503,0.220721,0.933655,0.011371,0.268557,-0.499843,-0.455815,0.43788,0.340409,-1.0
-0.144588,0.865253,0.44428,-0.595828,-0.573378,0.980624,0.638123,0.397984,-0.187187,0.438342,0.35686,-0.066886,-0.505266,0.174223,-1.0
-0.157306,-0.095155,-0.954808,-0.137074,-0.169737,-0.779581,0.805672,0.761012,-0.112883,-0.618144,0.060881,0.200891,0.025046,-0.518397,-0.997345
0.060731,0.027065,-0.776868,-0.045669,0.925785,-0.225114,0.846859,0.208511,0.661319,-0.135465,-0.160177,-0.024783,0.534264,-0.166936,-1.0
-0.363106,0.719122,-0.253741,-0.576968,0.92706,-0.32445,0.037912,0.816611,-0.000234,-0.068299,-0.736468,0.568115,0.369804,-0.269467,-1.0
0.723975,0.785747,-0.991226,-0.460316,0.297751,0.374905,0.798186,0.540345,0.411224,0.515689,0.173039,0.120865,-0.344744,-0.372516,-0.981754
-0.272416,-0.506359,-0.51777,0.156119,0.08518,0.153884,0.590821,0.226101,0.186779,0.452464,-0.12891,-0.408656,0.239564,0.431195,-1.0
0.297236,-0.209372,0.139783,-0.139243,0.509981,-0.831291,0.779867,0.479786,0.440868,-0.557798,-0.081841,0.144907,0.16534,-0.424133,-0.924669
-0.402189,-0.742174,0.071804,-0.311131,0.447322,0.615002,0.850106,0.323393,0.401485,0.529629,-0.015461,-0.100464,0.285789,0.404524,-1.0
-0.57452,0.887447,-0.875112,-0.816395,-0.621752,-0.412494,0.185887,0.657312,-0.160509,-0.108181,0.092329,0.807928,-0.009819,-0.51684,-1.0
-0.674393,-0.046921,0.335787,0.948324,-0.737713,0.829509,0.807953,0.865817,-0.434332,0.450641,0.014674,-0.243449,-0.050424,0.475188,-1.0
0.980587,-0.626166,-0.940651,0.133539,0.099842,-0.082823,0.870518,0.318292,0.536236,-0.419202,0.131899,-0.063628,-0.385363,0.332451,-0.980487
-0.103894,0.111965,0.405044,0.460336,-0.085464,-0.139187,0.969744,0.594654,-0.337171,-0.565663,-0.058184,-0.037804,0.085152,-0.551383,-1.0
-0.159677,-0.627767,-0.921336,-0.269281,-0.831012,-0.05194,0.648414,0.339124,-0.542104,-0.013078,0.366917,-0.165693,-0.322091,0.291998,-0.940083
0.046316,-0.124979,-0.644292,-0.439507,-0.528483,-0.838046,0.186895,0.667017,-0.130736,-0.083356,0.440241,0.583435,-0.325249,-0.378592,-1.0
-0.347583,-0.309928,-0.275591,0.505643,0.367499,-0.061396,0.64722,0.904578,0.484617,-0.105619,-0.349124,-0.173047,0.497364,0.2086,-0.955926
0.983189,-0.34539,-0.167323,0.315692,-0.136013,0.366603,0.805684,0.45206,-0.21656,0.634591,0.168852,-0.113918,-0.420951,0.326667,-1.0
-0.262898,-0.949594,0.902628,0.041691,-0.239181,-0.767036,0.323256,0.226127,-0.019421,-0.178764,-0.022365,-0.692985,0.072017,0.403249,-1.0
-0.219009,-0.803764,-0.092981,-0.246559,-0.631297,-0.629239,0.923238,0.877484,-0.548041,-0.49208,0.124561,-0.034253,-0.420201,0.148769,-0.921863
-0.851432,-0.482917,0.898201,-0.697041,-0.230899,-0.266056,0.485917,0.030253,-0.259439,-0.256677,-0.484981,-0.173464,0.469531,0.127126,-1.0
-0.748438,-0.850198,0.574576,0.974195,0.039532,-0.140066,0.163028,0.543003,-0.024076,-0.149564,-0.586738,-0.629196,0.369476,0.333106,-1.0
0.405547,0.177836,0.909359,0.490863,0.009833,0.112212,0.342138,0.156482,0.063908,0.272556,0.679312,0.087942,-0.411934,-0.155329,-1.0
0.989545,-0.783565,-0.461372,-0.784723,-0.246666,-0.74809,0.148817,0.489029,0.025931,-0.160057,0.833896,-0.000336,-0.433159,-0.03124,-0.997979
-0.806623,0.142366,-0.61796,0.829564,0.461877,-0.39988,0.723922,0.414718,0.471191,-0.414245,-0.260002,0.101022,0.383701,-0.132766,-0.973458
-0.823186,0.991158,-0.109008,0.335456,0.260976,-0.2957,0.395915,0.070224,0.187605,-0.255492,-0.437201,0.384142,0.328552,-0.394245,-1.0
-0.688725,0.119798,0.58905,-0.919755,-0.346797,-0.061571,0.068531,0.148307,-0.115893,0.024793,-0.810249,0.477006,0.520652,-0.258382,-0.997153
0.172347,0.934495,0.838766,0.802648,-0.82973,-0.785268,0.826868,0.199162,-0.518042,-0.450993,0.126057,0.101488,-0.273372,-0.470908,-0.96154
0.171974,-0.270896,0.68466,-0.615902,-0.490634,-0.399892,0.148913,0.021232,-0.129951,-0.138992,0.868015,0.095328,-0.424574,-0.054327,-0.887441
-0.958566,0.592378,0.489098,0.728232,-0.665821,-0.216963,0.127911,0.025016,-0.159838,-0.092229,-0.400636,0.801124,0.092325,-0.399169,-0.987008
0.347005,-0.001532,0.396624,-0.09397,0.161221,0.096443,0.415908,0.589625,0.279654,0.091184,0.39219,-0.241143,-0.331567,0.259476,-0.964322
-0.213994,0.199774,-0.263906,0.744419,-0.28791,-0.317669,0.395104,0.832271,-0.226991,-0.263053,-0.017026,0.516553,-0.119281,-0.496559,-0.885622
-0.746628,0.627714,-0.198499,-0.503692,-0.138974,-0.585747,0.79584,0.614967,-0.242014,-0.557841,-0.110781,0.028768,0.119403,-0.34435,-0.98706
0.945912,0.543923,-0.16085,0.415423,-0.400808,-0.113986,0.770641,0.424382,-0.547361,-0.192229,0.17576,0.102252,-0.404268,-0.22261,-0.992828
0.170431,-0.223355,0.162449,0.749239,0.737383,0.53567,0.890536,0.371429,0.538219,0.480649,-0.147585,0.023455,0.322774,0.397792,-1.0
0.332506,-0.560096,-0.709928,-0.336792,-0.151207,-0.812154,0.73916,0.691338,-0.206031,-0.596629,0.217721,0.182841,-0.425842,-0.144449,-0.946914
0.12412,0.41474,0.374827,-0.88602,0.394507,0.012926,0.108374,0.107446,-0.003665,0.023874,-0.489216,0.72091,0.26674,-0.343857,-0.884113
-0.340953,-0.792144,0.910699,0.321616,-0.624336,-0.980166,0.682338,0.419604,-0.314492,-0.465039,0.297983,0.168034,-0.410026,-0.358198,-1.0
-0.983815,-0.449238,0.122873,0.01686,-0.953165,-0.012393,0.311604,0.230165,-0.233679,-0.027857,-0.054477,-0.710562,0.042506,0.49121,-0.972698
-0.051453,0.20279,-0.686703,0.444038,0.022182,-0.361315,0.231427,0.064201,0.086797,-0.109227,-0.071723,0.752536,0.111277,-0.423412,-1.0
-0.74224,0.321423,0.635385,0.480073,0.387932,-0.102354,0.522264,0.723302,0.362383,-0.086527,-0.482716,0.146838,0.404551,-0.141202,-1.0
0.559012,0.509658,0.240176,-0.272972,0.743708,-0.147046,0.204781,0.629234,0.232872,-0.023301,-0.168055,0.670811,0.041356,-0.505479,-1.0
0.407039,0.956599,-0.53171,-0.948751,-0.247241,0.82498,0.116375,0.911571,-0.078859,0.058788,0.867663,0.24074,-0.486767,-0.050678,-1.0
-0.483798,0.275064,-0.464183,-0.440056,-0.696694,-0.880392,0.861188,0.54797,-0.440484,-0.499806,0.063206,0.090971,-0.080662,-0.44313,-1.0
0.213931,0.30925,-0.439371,-0.018147,-0.912227,-0.927418,0.574038,0.388415,-0.340743,-0.423241,0.284767,0.303014,-0.250301,-0.45953,-1.0
0.848978,-0.989719,0.794983,0.098364,0.073822,0.361236,0.004594,0.310397,-0.091937,-0.029241,0.443483,-0.839519,-0.34909,0.354243,-0.914535
0.194287,0.931098,-0.377643,0.714522,-0.040434,0.487312,0.316806,0.48552,-0.024433,0.247302,0.331807,0.616932,-0.223244,-0.486929,-0.939478
-0.293649,0.584186,-0.251538,0.831377,0.616578,0.069161,0.993932,0.467806,0.792476,0.154556,0.038892,0.124614,0.436185,-0.274526,-0.98136
0.529672,0.032433,-0.287842,-0.991603,-0.059274,-0.953373,0.688789,0.097947,-0.081663,-0.573741,0.344668,0.300004,-0.20366,-0.442774,-1.0
-0.457536,-0.17777,0.263708,0.004258,0.954625,-0.410866,0.27747,0.083127,0.194061,-0.114199,-0.708481,0.22344,0.497461,-0.058361,-0.993001
0.536807,0.021776,0.138333,0.985328,0.199011,-0.349872,0.76222,0.053883,0.288628,-0.56134,0.147813,0.238913,-0.376465,-0.46107,-1.0
-0.141715,-0.066513,-0.457946,0.553251,-0.182744,0.555878,0.840195,0.406666,-0.21603,0.640036,0.049991,-0.249896,-0.045186,0.509668,-0.988846
-0.537359,0.409539,-0.449842,-0.709953,0.372852,0.63295,0.736848,0.338999,0.320479,0.54824,-0.312102,-0.055349,0.473309,0.089179,-1.0
-0.188063,-0.561019,0.948562,-0.469432,-0.411457,0.788899,0.320666,0.970811,-0.189484,0.263162,0.085702,-0.705199,-0.110655,0.550155,-0.914854
0.65234,0.822565,0.94499,0.361969,0.751057,-0.412493,0.050586,0.158874,0.012587,0.056302,-0.120817,0.942685,0.005645,-0.38547,-0.919201
0.962393,0.043006,0.339073,0.707745,-0.773116,0.838087,0.976145,0.7871,-0.535076,0.545133,0.038112,-0.028869,-0.466508,0.249475,-0.953875
-0.347948,0.395952,-0.597204,0.419542,0.739949,0.348007,0.414784,0.242469,0.295104,0.166568,-0.56085,0.037331,0.54232,-0.03732,-0.974369
0.609988,-0.856638,0.6791,0.018591,0.105621,-0.375307,0.416922,0.406524,0.169748,-0.301324,0.390927,-0.404905,-0.353957,0.35853,-1.0
0.223322,0.124674,0.382144,-0.382283,-0.166708,0.858136,0.503046,0.703453,-0.099977,0.427045,0.304279,-0.391792,-0.19399,0.486305,-1.0
0.094538,0.282774,0.119661,-0.325612,0.079396,-0.116244,0.126614,0.419584,-0.038207,-0.133803,0.011293,0.912083,-0.075703,-0.524185,-1.0
0.735072,0.943677,0.868408,-0.672628,-0.776258,0.860578,0.961856,0.901227,-0.494259,0.588378,0.070636,0.060348,-0.506346,-0.035869,-0.970672
-0.976897,0.336044,-0.923004,-0.13449,-0.211179,0.692248,0.621224,0.640963,-0.072671,0.501025,-0.313961,-0.115735,0.385672,0.287316,-0.895948
0.479525,0.440425,-0.930154,-0.394953,-0.34725,-0.828917,0.091018,0.79786,-0.08229,-0.063838,0.521797,0.732006,-0.271693,-0.391592,-1.0
0.965491,-0.672345,-0.990051,-0.8601,0.388213,-0.969237,0.702372,0.142728,0.245031,-0.531767,0.163325,0.163745,-0.411652,-0.194074,-1.0
-0.529792,-0.126063,-0.656887,-0.977384,0.79606,0.880245,0.40661,0.338715,0.21847,0.37418,-0.433838,-0.410932,0.32714,0.359106,-0.931145
-0.123444,-0.610433,-0.349494,-0.993341,-0.473979,-0.747008,0.981916,0.297547,-0.446562,-0.661505,0.026012,0.032527,-0.43138,-0.263792,-1.0
0.308245,-0.151608,-0.608299,-0.24069,-0.80322,0.589501,0.729883,0.667804,-0.498558,0.344113,0.285137,-0.128767,-0.320994,0.23866,-0.992213
-0.764328,-0.763395,0.392545,-0.519157,0.668756,-0.836837,0.180047,0.024806,0.026554,-0.138882,-0.804353,0.044374,0.491631,-0.040203,-1.0
-0.569647,0.554065,-0.140084,-0.15247,-0.741946,-0.469955,0.052106,0.645083,-0.026248,0.116411,0.147944,0.895868,-0.038808,-0.484936,-0.996368
0.578984,-0.037338,0.333003,0.546029,-0.194028,-0.627917,0.083114,0.206165,-0.052582,0.008563,0.814619,0.599852,-0.312707,-0.239089,-0.981544
0.855808,0.671503,0.352309,0.648205,0.334359,0.234889,0.891053,0.141758,0.533409,0.404822,0.101767,0.05702,-0.396422,-0.386495,-0.98435
-0.882265,-0.415533,0.592683,-0.35244,0.343289,-0.09797,0.903515,0.474871,0.684718,-0.143083,-0.010809,-0.020204,0.515133,0.092749,-1.0
0.331034,0.467211,0.587338,0.733048,0.986276,-0.456506,0.61137,0.33912,0.42295,-0.226994,-0.267202,0.227756,0.280513,-0.45322,-0.959117
-0.433708,0.600355,0.931663,0.703291,0.076764,-0.438152,0.247697,0.906314,0.118971,-0.234284,-0.41852,0.709418,0.236384,-0.520263,-0.958321
-0.57161,0.459714,-0.946185,-0.645515,-0.880268,0.867461,0.089046,0.724469,-0.041282,0.031865,0.544485,-0.665388,-0.262621,0.394667,-0.98931
0.488984,0.804288,-0.875377,-0.556761,-0.195572,-0.561741,0.843171,0.782403,-0.233151,-0.682408,0.114851,0.061343,-0.279746,-0.481803,-1.0
0.015085,0.257772,0.858886,-0.978032,-0.707294,0.095641,0.625639,0.986858,-0.522596,0.028434,0.327867,0.126409,-0.565872,-0.05676,-0.992893
-0.816661,-0.028938,-0.305566,-0.130966,-0.446565,-0.166671,0.613969,0.123204,-0.469634,-0.135074,-0.395962,0.116096,0.442756,-0.212182,-1.0
-0.191197,-0.408163,-0.766044,0.43773,-0.92385,0.524529,0.993205,0.916284,-0.724439,0.432906,-0.042698,0.010335,-0.383116,0.361741,-0.894748
0.607012,0.294132,0.715289,0.029935,-0.482448,-0.911381,0.990174,0.60374,-0.335906,-0.737511,0.067659,0.001513,-0.361135,-0.36171,-1.0
0.799875,0.932335,-0.928791,0.362968,-0.108085,0.584222,0.909904,0.826878,-0.116193,0.788255,0.078347,0.070527,-0.58591,-0.268715,-0.951969
0.881071,-0.052861,0.313693,0.868795,0.085802,-0.803017,0.319356,0.163499,0.089682,-0.237409,0.475017,0.539669,-0.368944,-0.32045,-1.0
-0.89357,0.853895,0.003244,-0.999694,0.047225,0.841625,0.589575,0.188234,0.104269,0.422764,-0.395913,-0.062545,0.495448,-0.113778,-1.0
-0.368652,-0.414538,-0.909105,-0.777116,-0.445794,-0.075169,0.640898,0.78616,-0.528186,-0.095746,0.032873,-0.41216,-0.164536,0.468596,-0.984709
-0.316386,0.948617,-0.604897,0.433371,0.573784,-0.656224,0.552697,0.120137,0.330822,-0.326222,-0.319952,0.340098,0.176456,-0.35648,-0.982472
0.018236,0.877192,0.458855,-0.717563,0.274289,-0.005615,0.465612,0.820886,0.400585,-0.050901,-0.099773,0.538018,0.20801,-0.405605,-1.0
0.61407,-0.519628,-0.879671,-0.027132,-0.040917,0.092998,0.246142,0.165537,-0.117229,0.189274,0.523605,-0.451727,-0.32814,0.480012,-1.0
-0.927139,0.498662,0.961983,0.596242,-0.358094,-0.236735,0.71736,0.796533,-0.418135,-0.298339,-0.160563,0.184189,0.384903,-0.350056,-0.89457
0.302084,0.172494,-0.319461,0.068244,0.102914,0.399414,0.654058,0.434713,0.169919,0.508718,0.307638,-0.301947,-0.293193,0.386231,-1.0
-0.722214,-0.903326,-0.612078,-0.64216,-0.138523,-0.648838,0.9821,0.321822,-0.074257,-0.85548,0.038655,0.061987,0.510426,0.17031,-0.915927
0.967267,-0.724612,-0.249289,-0.449755,-0.320019,-0.629153,0.488736,0.268725,-0.184112,-0.326331,0.539724,0.01131,-0.537432,0.044472,-0.991063
-0.55788,-0.111964,0.218579,-0.830439,-0.340688,-0.863658,0.901614,0.282248,-0.302941,-0.598443,-0.098966,0.128291,0.188022,-0.409577,-1.0
0.697211,0.747663,0.081163,-0.596333,-0.826738,-0.585766,0.73896,0.363103,-0.427387,-0.331818,0.181884,0.238383,-0.395513,-0.347993,-0.963861
0.155683,0.704834,0.817478,0.077525,-0.572495,0.956369,0.186686,0.937288,-0.052178,0.038015,0.796727,-0.269991,-0.438126,0.179652,-0.96782
0.89435,-0.868639,0.375417,0.366735,0.210821,-0.04369,0.268408,0.119903,0.228642,-0.048494,0.556988,-0.589279,-0.264999,0.464774,-0.995209
0.080408,0.15592,0.779113,0.013029,-0.809767,0.459604,0.682269,0.689045,-0.506931,0.279507,0.282801,-0.132503,-0.538855,0.234838,-0.964872
-0.868081,-0.952983,0.266042,0.767894,-0.464196,0.541182,0.955933,0.469023,-0.54793,0.531962,-0.00413,-0.01671,0.164389,0.485862,-0.979451
0.726404,0.150632,-0.552444,0.244462,-0.934079,0.982984,0.82685,0.521554,-0.516453,0.444324,0.031124,-0.04652,-0.474145,0.190981,-0.974085
0.594189,0.522707,-0.270726,0.300714,-0.733003,0.931638,0.443301,0.224805,-0.280677,0.269143,0.483119,-0.168236,-0.486811,0.16887,-0.997582
0.527408,-0.121871,-0.487072,-0.023959,0.977992,-0.555433,0.488294,0.163924,0.323723,-0.208765,-0.328698,0.37672,0.372981,-0.332186,-0.967256
0.376322,0.44356,0.262557,-0.176301,-0.783533,0.793522,0.132265,0.501098,-0.046351,0.140927,0.803565,-0.213754,-0.42587,0.076843,-0.916217
-0.234615,-0.134875,-0.805008,0.351824,-0.522772,-0.80948,0.791516,0.758615,-0.339833,-0.495054,0.106965,0.101053,-0.220056,-0.442209,-1.0
0.074483,-0.288966,0.139866,0.931228,-0.288475,0.176327,0.453202,0.362752,-0.287269,0.251439,0.345902,-0.446931,-0.305388,0.434299,-1.0
-0.979581,0.611965,-0.190713,0.041812,0.975366,0.899535,0.476437,0.037382,0.288597,0.280261,-0.432441,-0.117739,0.52761,0.112599,-1.0
-0.529312,-0.812411,-0.006202,-0.166677,0.053773,-0.316321,0.708706,0.84759,0.193178,-0.524436,-0.275586,-0.232166,0.447654,0.241212,-0.959087
0.636172,-0.614276,0.203273,0.954413,0.166702,-0.516751,0.419798,0.947261,0.065361,-0.35972,0.505658,-0.162357,-0.520404,0.165475,-1.0
-0.769043,-0.583216,0.670606,-0.280419,-0.988425,-0.997723,0.690374,0.534643,-0.335814,-0.363426,0.154318,0.275795,-0.262283,-0.391953,-1.0
-0.467001,-0.015378,-0.208259,0.998527,-0.184228,0.131351,0.886343,0.023901,-0.522057,0.41591,-0.203642,-0.033886,0.425176,0.207039,-0.981656
0.782695,0.335762,0.192333,-0.589414,0.122664,-0.093638,0.029968,0.549558,0.079797,-0.031413,0.839772,0.496409,-0.470971,-0.243846,-0.886771
0.935177,-0.013019,-0.208873,0.622527,0.73654,-0.663958,0.74413,0.61554,0.430897,-0.404684,0.120213,0.200219,-0.189941,-0.514039,-1.0
0.437733,0.668001,0.710518,-0.205686,-0.372068,-0.929653,0.470641,0.022845,-0.139609,-0.369676,0.262538,0.412959,-0.194024,-0.466517,-0.97891
0.294402,-0.915132,-0.491547,0.437567,0.995918,0.894431,0.465766,0.09401,0.196416,0.246466,-0.187092,-0.534668,0.143479,0.450353,-0.99525
0.265363,-0.342195,0.722543,-0.915949,0.622791,-0.227103,0.075431,0.417414,0.079036,-0.015888,-0.847421,-0.292139,0.465457,0.219209,-0.968489
0.98599,0.067914,0.441353,0.263639,0.163383,-0.903461,0.783668,0.190224,0.066157,-0.729804,0.13653,0.171223,-0.332616,-0.392629,-0.95234
-0.938811,-0.826951,0.445555,-0.30867,0.881122,-0.6843,0.906182,0.951891,0.618139,-0.410488,-0.148235,-0.041747,0.362448,0.095242,-0.936472
0.788909,0.394584,0.127682,0.899863,-0.963827,-0.188772,0.428735,0.679426,-0.358122,-0.058302,0.474623,0.188323,-0.469324,-0.298147,-0.956886
0.666451,0.505952,0.86805,0.65967,0.593495,-0.675184,0.274744,0.231679,0.162534,-0.1338,0.077898,0.729291,-0.103237,-0.495981,-1.0
-0.303281,-0.789374,0.914215,0.197314,0.268774,0.986147,0.879286,0.601652,0.167264,0.675418,0.014834,-0.167632,0.095103,0.456789,-0.955924
0.450318,0.05741,-0.062736,-0.433263,0.477705,-0.922245,0.312218,0.21986,0.160784,-0.239149,0.026214,0.676064,-0.01585,-0.546885,-1.0
0.274012,-0.869479,0.23084,-0.877774,-0.122126,-0.774143,0.34849,0.407838,-0.033138,-0.222655,0.567239,-0.213611,-0.539382,0.136449,-0.989219
0.606302,0.290921,0.60367,-0.786154,-0.617604,-0.938998,0.054651,0.112267,-0.070314,0.005725,0.595567,0.623137,-0.296082,-0.416339,-1.0
0.384341,0.150946,0.955697,0.845334,-0.557007,0.481731,0.328461,0.962794,-0.234126,0.085717,0.68646,-0.143894,-0.417378,0.096599,-1.0
-0.738723,-0.646966,-0.080701,0.420514,-0.223057,-0.075617,0.048356,0.952408,-0.063965,-0.009348,-0.714925,-0.666724,0.30115,0.413318,-0.955162
0.247608,0.603666,-0.75985,0.954131,0.943127,0.034975,0.315248,0.552817,0.209418,0.004899,-0.606732,0.473157,0.445955,-0.444544,-1.0
0.840194,0.683985,0.418926,0.009732,0.788853,-0.635868,0.68015,0.37538,0.445161,-0.286048,-0.097931,0.209088,-0.04292,-0.482274,-1.0
0.236204,-0.841167,-0.027219,-0.086706,-0.99949,-0.417413,0.105035,0.261893,-0.03934,-0.024426,0.817077,-0.308236,-0.559439,0.132359,-1.0
-0.987948,-0.800387,-0.059563,-0.438052,0.235158,0.698726,0.270825,0.566576,0.070198,0.212079,-0.440595,-0.593173,0.330202,0.409863,-1.0
-0.165421,0.700582,-0.41848,-0.536673,0.271717,0.773134,0.915354,0.027462,0.207344,0.70708,-0.146353,-0.049368,0.435635,0.170797,-0.989012
0.7072,0.457645,-0.155344,0.85553,0.547781,0.233649,0.259679,0.767193,0.260114,0.079948,0.461347,0.656717,-0.262751,-0.358275,-1.0
-0.576816,-0.346575,0.097424,0.347029,-0.326743,0.70301,0.481449,0.43728,-0.207977,0.446372,-0.037703,-0.49999,0.01841,0.385499,-0.967244
0.336413,-0.758187,0.518567,-0.75965,0.957981,0.630633,0.761563,0.497243,0.566182,0.378234,-0.159976,-0.195169,0.105856,0.383705,-1.0
0.522158,-0.939378,0.603038,-0.212379,-0.713999,-0.640655,0.601081,0.438398,-0.317261,-0.305873,0.36242,-0.132035,-0.597641,0.151669,-1.0
0.278877,-0.472779,0.294811,0.041414,0.326456,0.677725,0.342154,0.59318,0.117688,0.237682,-0.085556,-0.631065,0.079527,0.483524,-0.948213
0.151883,-0.081891,-0.511755,0.636367,-0.558674,0.602721,0.3109,0.292995,-0.15174,0.129815,0.584669,-0.490659,-0.386222,0.403989,-1.0
-0.107939,-0.253674,0.529937,-0.497498,0.448335,0.052911,0.215257,0.73716,0.21614,-0.080707,-0.658713,-0.416008,0.401491,0.296373,-0.981019
-0.477808,0.680234,0.685561,-0.615015,-0.063822,-0.824637,0.871059,0.345326,-0.060369,-0.603829,-0.131757,0.126231,0.082119,-0.468423,-0.983204
-0.897692,-0.630879,-0.529601,-0.303841,0.446061,-0.578774,0.936122,0.716677,0.468313,-0.667848,0.049378,0.019698,0.509119,0.027551,-0.956797
-0.071993,0.0783,-0.664425,-0.403537,-0.925927,0.990501,0.920046,0.016601,-0.43788,0.499568,0.070584,-0.091804,-0.318932,0.345506,-0.885285
0.288401,0.10848,0.572448,0.01321,-0.893323,0.142974,0.200889,0.985741,-0.151127,-0.036003,0.729462,-0.036887,-0.525146,0.046509,-1.0
-0.161957,0.687092,0.286678,0.792253,-0.606107,0.382359,0.956719,0.698251,-0.627833,0.379327,-0.017567,-0.03746,-0.427427,-0.330377,-0.991386
0.46174,0.295551,0.790137,-0.484662,0.800295,-0.32328,0.492433,0.482525,0.4509,-0.153306,-0.202848,0.406262,0.213518,-0.445628,-1.0
0.369417,0.260687,-0.97101,0.768206,-0.262466,-0.941017,0.973163,0.921963,-0.168237,-0.705448,0.053441,0.038789,-0.138857,-0.365627,-1.0
-0.264323,-0.8297,0.463093,0.515909,-0.450827,-0.995464,0.608917,0.911104,-0.205071,-0.558126,0.276861,0.236989,-0.336874,-0.345881,-1.0
-0.737391,0.854658,-0.147997,-0.432886,0.297321,0.800858,0.753682,0.976913,0.102725,0.531325,-0.221454,-0.0219,0.498393,-0.019192,-0.946854
-0.78206,-0.907668,0.868556,0.443341,0.917799,-0.0958,0.371252,0.543563,0.34117,0.05206,-0.534731,-0.286042,0.443216,0.1771,-0.990341
-0.168689,0.318399,-0.958184,0.069395,-0.542365,-0.736083,0.782074,0.818977,-0.290106,-0.475028,0.05641,0.262442,-0.177118,-0.436403,-1.0
-0.582419,-0.615854,-0.217437,0.174401,-0.2253,-0.208994,0.594641,0.316791,-0.396998,-0.34033,-0.267491,-0.294888,0.363441,0.387191,-0.995285
-0.090605,-0.830189,-0.697236,0.707465,-0.136773,0.586209,0.188849,0.843474,-0.110188,0.211388,0.055379,-0.889742,-0.018557,0.527196,-0.966301
0.385706,0.784936,-0.477079,0.694758,-0.008939,-0.394571,0.605135,0.686611,0.014099,-0.454408,0.013031,0.314249,-0.165846,-0.52197,-1.0
-0.288151,0.359668,0.562579,0.445353,0.040634,-0.360591,0.216257,0.430462,-0.021828,-0.183449,-0.311706,0.665448,0.17994,-0.483627,-0.965979
-0.599969,-0.254789,-0.6389,0.902817,-0.68908,-0.348834,0.559628,0.602945,-0.359992,-0.147776,0.339561,0.297664,-0.284269,-0.387901,-1.0
0.596844,0.209184,0.472756,-0.303671,0.065915,0.92233,0.970784,0.615448,0.141062,0.760545,-0.056886,0.056511,-0.350057,0.373107,-1.0
0.911544,-0.224845,0.382605,-0.593058,-0.142853,0.73108,0.070763,0.891001,-0.023745,0.059968,0.71496,-0.637762,-0.425917,0.33897,-0.965375
-0.103431,0.462315,-0.619448,0.146835,-0.925771,0.78296,0.652717,0.044247,-0.409243,0.363499,0.278845,-0.06742,-0.555427,0.14195,-1.0
-0.099336,-0.877625,0.063033,0.236958,0.956646,0.345721,0.345042,0.792222,0.207486,0.117166,-0.416238,-0.51614,0.287589,0.279926,-0.990122
-0.577582,0.19948,-0.357031,-0.16506,-0.215051,0.103717,0.597931,0.3713,-0.460829,0.229814,-0.458746,0.087349,0.515653,-0.082856,-0.982871
0.283643,0.46661,0.35805,-0.61439,-0.488179,-0.015454,0.831638,0.730942,-0.553557,-0.061153,0.149387,0.041654,-0.475663,-0.295151,-1.0
-0.817791,0.802923,0.091197,-0.158962,-0.72372,0.860964,0.046343,0.219731,-0.047591,0.050211,-0.807035,-0.615811,0.427882,0.224524,-0.940976
-0.975464,0.185083,0.305201,-0.365164,-0.847628,0.238601,0.114538,0.715883,-0.121383,0.00014,-0.722239,-0.336721,0.399558,0.135657,-0.935482
0.499577,0.957722,0.458147,-0.880977,-0.93984,0.311707,0.109813,0.830647,-0.095391,-0.009574,0.719954,0.42998,-0.493822,-0.274201,-0.978537
-0.211315,0.07457,0.994851,-0.770055,0.156705,0.822033,0.965615,0.717166,0.172408,0.68521,0.020018,-0.046233,0.169031,0.440465,-1.0
0.943607,-0.910041,-0.07015,0.160048,-0.026835,-0.901978,0.611438,0.118915,0.017336,-0.429105,0.503897,0.028551,-0.498556,-0.018281,-1.0
0.883132,0.066726,0.832152,-0.821062,0.066777,-0.841388,0.259737,0.938357,0.073893,-0.186357,0.418361,0.622577,-0.248957,-0.245865,-0.983012
-0.640972,0.439332,-0.919525,0.052837,-0.787275,-0.204724,0.997601,0.720634,-0.763555,-0.164927,0.032681,0.077243,-0.068004,-0.397914,-0.933883
0.229158,0.37955,-0.513187,-0.524645,0.240733,-0.934728,0.59485,0.691954,0.170606,-0.384887,-0.043866,0.5031,-0.015613,-0.583528,-0.990226
0.003464,-0.773971,0.406265,0.045709,0.578629,-0.392768,0.472247,0.372388,0.400646,-0.2547,-0.315977,-0.381763,0.385734,0.277836,-1.0
-0.532701,-0.347937,-0.763849,-0.072145,-0.581321,0.64404,0.695446,0.37535,-0.388401,0.353724,0.031769,-0.328398,-0.089097,0.497781,-1.0
0.050196,0.626661,0.156567,-0.609606,-0.52335,0.422242,0.459848,0.539694,-0.202367,0.229022,0.542475,0.276232,-0.42606,-0.213699,-1.0
0.924,0.488167,-0.98899,0.561371,0.036832,-0.691808,0.83653,0.090612,0.069077,-0.571518,0.075173,0.145463,-0.370618,-0.42316,-1.0
-0.052509,-0.062813,0.358124,-0.25187,0.545027,0.597543,0.599201,0.835647,0.350772,0.418459,-0.316924,-0.32603,0.216468,0.458382,-1.0
-0.079441,0.834844,0.841502,-0.079235,-0.23401,0.416486,0.970038,0.320988,-0.34496,0.674769,0.016977,0.077794,-0.244632,-0.453205,-0.990526
0.478378,-0.368603,-0.423356,-0.903356,0.25658,-0.922234,0.436367,0.802014,0.080701,-0.35167,0.290921,0.519651,-0.161904,-0.537801,-1.0
0.323229,-0.474259,-0.17544,0.391615,0.954813,-0.770471,0.084658,0.236341,0.179426,-0.022019,-0.797864,0.341509,0.477963,-0.245027,-0.954997
0.898568,-0.099801,0.865258,0.229116,0.398752,-0.092168,0.180868,0.460114,0.154029,0.004885,0.824839,-0.054484,-0.493924,-0.009755,-0.947531
0.997304,-0.666175,-0.706853,-0.209448,0.532195,-0.538437,0.431259,0.131754,0.28021,-0.37075,0.458962,-0.142243,-0.506606,0.170226,-1.0
0.99388,-0.11376,-0.044276,-0.333635,-0.460489,-0.156608,0.176021,0.060242,-0.154139,-0.086251,0.868097,0.105999,-0.450444,0.069061,-1.0
0.554047,0.6455,-0.034819,0.768336,-0.684146,-0.157034,0.609641,0.539653,-0.545509,-0.102757,0.272216,0.278691,-0.479396,-0.355435,-1.0
-0.913598,-0.050655,-0.376564,0.692876,0.281894,0.701068,0.633287,0.900913,0.174433,0.476596,-0.205488,-0.10691,0.43983,0.169451,-1.0
-0.183301,0.691232,-0.40161,0.857995,0.790744,0.457254,0.704231,0.964034,0.523439,0.202249,-0.175536,0.101484,0.438959,-0.120302,-1.0
-0.62229,0.53169,-0.912474,0.223161,-0.807213,-0.145876,0.266437,0.270226,-0.190858,-0.042696,0.266104,0.684787,-0.124264,-0.477388,-1.0
0.064418,-0.791025,-0.602828,-0.185556,0.359697,-0.932556,0.890279,0.859026,0.28538,-0.627013,-0.012308,-0.006104,0.468608,-0.266693,-0.935983
0.212645,0.845211,0.934783,-0.963504,0.277039,-0.145405,0.684903,0.360398,0.515783,-0.239023,-0.106941,0.247971,-0.02459,-0.527275,-1.0
-0.342364,-0.678264,0.548338,0.521108,0.11777,-0.441607,0.774653,0.929404,0.088528,-0.524632,-0.193472,-0.13948,0.39706,0.244982,-0.90718
0.443163,-0.26376,-0.051738,-0.09876,-0.883055,0.226613,0.608692,0.736541,-0.404851,0.195211,0.336296,-0.16535,-0.40189,0.186856,-1.0
-0.380556,0.989617,-0.79703,0.626752,-0.145825,0.252781,0.473469,0.342008,-0.236087,0.310544,-0.188811,0.535071,0.080389,-0.520511,-1.0
0.264531,-0.766448,0.525872,-0.022967,0.139499,0.518439,0.849776,0.826185,0.125277,0.679331,0.067237,-0.176079,-0.037169,0.432515,-1.0
-0.584663,-0.948665,0.283501,0.308953,0.059167,0.25347,0.746136,0.754069,0.142112,0.636139,-0.138068,-0.141063,0.254905,0.369201,-0.941892
0.565578,-0.849501,0.172794,0.261593,-0.974363,-0.407877,0.883801,0.797295,-0.689454,-0.278053,0.085687,0.043587,-0.534193,0.215583,-0.978478
0.285993,-0.871246,-0.778626,0.927265,-0.963516,0.320507,0.134064,0.036245,-0.123418,0.03027,0.670634,-0.631531,-0.410992,0.40114,-0.973523
0.288259,0.158717,-0.150983,0.887571,-0.772205,0.884687,0.486724,0.197008,-0.201927,0.33623,0.504229,-0.244997,-0.363264,0.275505,-1.0
0.849379,0.231901,-0.733969,0.41316,-0.666231,0.127988,0.14317,0.412639,-0.091211,0.09236,0.842918,0.069834,-0.437641,-0.009164,-1.0
-0.522658,-0.443754,0.210526,0.670276,0.364193,-0.843761,0.988096,0.935416,0.283493,-0.787317,-0.012231,0.014845,0.430967,-0.141416,-0.836098
0.696136,-0.033264,-0.02414,-0.00699,-0.907302,-0.024721,0.207861,0.337017,-0.171839,0.008153,0.844107,0.000986,-0.482782,-0.046882,-1.0
0.097213,0.56493,0.459775,0.811014,-0.774597,-0.63936,0.27459,0.782411,-0.117197,-0.111334,0.378466,0.510483,-0.231993,-0.412024,-0.929073
0.038228,-0.174436,-0.952259,0.814199,-0.314004,-0.791546,0.802472,0.308605,-0.153516,-0.597461,0.072022,0.184747,-0.343612,-0.443802,-1.0
0.636001,0.633886,-0.197302,0.048711,0.240459,-0.333028,0.461371,0.216913,0.226591,-0.359231,0.222248,0.456475,-0.206125,-0.440464,-0.938271
-0.505963,-0.701512,-0.136884,0.04852,-0.453898,-0.713628,0.012831,0.702059,0.045786,-0.068166,-1.0,0.252195,0.455913,-0.160854,-1.0
0.176222,0.589863,-0.169168,-0.376494,0.867103,0.426715,0.440179,0.523921,0.357213,0.131112,-0.497488,0.146134,0.428871,-0.039157,-1.0
-0.581259,-0.028004,-0.715017,0.825563,-0.974886,-0.494099,0.33226,0.023744,-0.241696,-0.176218,0.477178,0.477684,-0.363811,-0.387772,-0.942998
-0.309486,0.997335,-0.620141,-0.362758,-0.899023,0.310414,0.895428,0.853986,-0.676784,0.146941,0.029108,0.066583,-0.373756,-0.354403,-1.0
0.281824,0.336437,0.924796,0.694699,0.831632,-0.152045,0.737731,0.235134,0.517516,-0.23494,-0.169137,0.162202,0.387331,-0.315161,-0.965787
-0.816554,-0.47746,-0.578901,-0.390702,0.508393,-0.388804,0.735038,0.513027,0.454674,-0.364677,-0.294281,-0.084764,0.447527,0.079956,-1.0
0.826924,-0.075853,-0.646062,-0.654463,-0.14297,0.186736,0.979597,0.838268,-0.353393,0.607399,0.177229,-0.094976,-0.513506,0.151815,-0.973949
-0.505997,0.971905,-0.801638,-0.075808,0.519947,0.809444,0.899448,0.179006,0.420596,0.592965,-0.099757,-0.019037,0.517137,0.038118,-1.0
-0.679698,0.323536,-0.215895,0.484827,-0.121921,-0.570343,0.824551,0.852869,-0.079386,-0.714136,-0.124803,0.136001,0.304358,-0.382437,-0.960285
0.535215,-0.139159,0.879797,0.6824,0.611634,0.794585,0.65732,0.086541,0.411101,0.402838,0.017287,-0.312495,-0.004734,0.488495,-0.974716
-0.965698,0.138271,0.725584,-0.916955,0.188965,0.759813,0.685749,0.237706,0.119728,0.512045,-0.26287,-0.079582,0.356709,0.206043,-0.910238
0.417922,-0.404585,-0.468244,0.309624,0.249774,0.543576,0.896054,0.811357,0.345273,0.643159,-0.016581,-0.014747,-0.062913,0.476743,-0.923824
-0.694169,0.822135,0.314253,-0.56412,0.431617,0.476747,0.640037,0.457147,0.322221,0.41465,-0.321612,0.167685,0.430003,-0.175806,-1.0
-0.578336,0.887513,0.654821,-0.674715,-0.371363,-0.005551,0.492958,0.088627,-0.432517,0.095245,-0.127124,0.489795,0.187235,-0.453999,-1.0
0.303082,-0.970763,0.837259,0.755986,-0.723991,-0.71202,0.303712,0.662797,-0.257502,-0.198532,0.686399,-0.224056,-0.533833,0.19217,-1.0
-0.893064,0.239909,0.345096,0.391338,-0.833058,0.899707,0.060474,0.813729,-0.072363,0.041131,-0.036446,-0.883505,-0.016219,0.465125,-1.0
0.53801,-0.781221,-0.101251,-0.726207,0.099007,0.70312,0.680046,0.803422,0.137856,0.534425,0.133586,-0.343231,-0.238925,0.422556,-1.0
-0.281533,-0.633111,-0.521247,-0.823256,-0.573102,-0.901606,0.890673,0.764438,-0.479657,-0.526239,0.144444,-0.009863,-0.280009,-0.274856,-0.988036
0.991969,0.414978,0.065008,0.09934,0.807902,0.522902,0.647075,0.218803,0.5132,0.328627,0.26137,-0.212026,-0.480342,0.26161,-0.998755
0.785815,0.302358,0.30514,0.835897,0.62111,0.018815,0.232902,0.375753,0.202964,-0.002738,0.340834,0.680662,-0.184031,-0.46433,-0.98995
0.84779,0.679526,0.057298,0.209735,-0.076885,-0.597143,0.719525,0.682723,-0.150631,-0.591837,0.159047,0.303188,-0.255098,-0.301993,-1.0
-0.717605,0.719748,0.103591,0.63728,0.648417,-0.17637,0.608166,0.926687,0.419879,-0.115293,-0.389677,0.249207,0.44514,-0.350178,-1.0
-0.126054,0.876404,0.263899,0.048874,0.607639,0.041562,0.784684,0.291246,0.512791,0.074141,-0.148366,0.18436,0.383778,-0.332825,-0.985639
0.749505,-0.911394,-0.207643,-0.830802,-0.644584,0.852877,0.218515,0.118501,-0.024348,0.087882,0.538766,-0.572177,-0.364353,0.420871,-0.93716
0.586388,-0.703011,-0.942635,0.860828,-0.343777,-0.339892,0.980019,0.897933,-0.564815,-0.482328,-0.029747,0.090158,-0.42543,0.211499,-0.957142
-0.132143,0.916702,-0.126969,-0.012133,-0.352058,0.535788,0.87508,0.213454,-0.361381,0.633791,0.071145,0.059186,-0.252944,-0.442979,-1.0
0.170651,0.436195,-0.397959,0.94108,-0.122351,-0.488366,0.318453,0.159894,-0.176365,-0.280629,0.130163,0.661744,-0.06982,-0.490304,-1.0
-0.199499,-0.520607,0.764175,-0.797683,-0.234585,-0.372764,0.879525,0.861379,-0.384125,-0.575706,0.02196,-0.108527,-0.111264,0.513172,-1.0
0.717257,-0.625383,0.608773,-0.894427,0.378776,0.744597,0.450303,0.775152,0.177145,0.289725,0.219841,-0.599102,-0.109993,0.485036,-1.0
-0.246708,-0.551809,0.398358,0.834585,0.758597,0.984538,0.54009,0.882772,0.271948,0.398198,-0.209688,-0.294796,0.328548,0.411567,-1.0
0.34252,-0.214511,0.103983,0.134921,0.157983,-0.044189,0.604806,0.8832,0.476261,-0.049223,0.258014,-0.301561,-0.418781,0.347825,-0.914947
-0.603832,0.774335,-0.142023,-0.824375,-0.106378,0.966046,0.943529,0.331229,-0.052834,0.762932,-0.083977,-0.000253,0.527658,0.205921,-0.99069
-0.785838,-0.388544,-0.73762,-0.89006,-0.956171,-0.538959,0.722293,0.722925,-0.575961,-0.215997,0.192666,0.171741,-0.27609,-0.379676,-1.0
0.435679,0.206287,-0.659516,0.574368,0.814411,0.037949,0.816576,0.768229,0.664431,0.016302,-0.193112,-0.045818,0.506434,-0.220704,-1.0
0.948285,0.328491,0.893903,-0.82566,0.283837,-0.886005,0.591716,0.221331,0.188491,-0.460641,0.237642,0.412842,-0.293884,-0.481474,-1.0
-0.33797,0.71739,-0.280202,0.884156,-0.990035,-0.968517,0.763921,0.674619,-0.437124,-0.41715,0.069753,0.261989,-0.267734,-0.48859,-0.950126
-0.976846,-0.792217,-0.374929,0.479046,-0.032188,0.803676,0.2013,0.406787,0.022251,0.176878,-0.409808,-0.725063,0.172284,0.502644,-1.0
0.817673,0.701061,0.673149,-0.207331,0.784187,-0.101132,0.601963,0.342903,0.408693,-0.111196,-0.003137,0.341103,0.022467,-0.446689,-0.997586
0.630703,-0.191406,-0.138518,0.736448,0.644194,-0.900678,0.075014,0.450259,0.004909,0.029409,-0.090919,0.872189,0.050921,-0.441297,-1.0
0.54854,-0.609926,-0.736819,0.779011,-0.342667,0.644455,0.7789,0.414714,-0.307911,0.549404,0.104882,-0.120382,-0.308496,0.293022,-0.94131
-0.0338,-0.914375,-0.594923,-0.091647,0.575034,0.565916,0.254859,0.815082,0.196614,0.092778,-0.352626,-0.730472,0.150974,0.516661,-1.0
0.190517,-0.994139,-0.518064,0.964726,0.14587,0.182523,0.484204,0.520841,0.31607,0.257934,0.023127,-0.497051,-0.047182,0.49438,-0.92475
0.743954,0.346267,-0.576948,-0.791393,-0.656436,-0.673659,0.829254,0.666245,-0.441597,-0.485001,0.149485,0.174796,-0.382449,-0.324885,-1.0
0.973749,-0.645473,-0.493212,-0.076523,0.984489,-0.470679,0.90943,0.060406,0.651893,-0.326198,0.004666,-0.024241,0.143943,0.588679,-1.0
-0.759028,0.654794,-0.579295,0.974419,0.31434,0.246557,0.111774,0.186109,0.079679,0.071017,-0.783067,0.36438,0.447256,-0.139076,-1.0
-0.155177,-0.840712,0.67176,0.45152,0.049269,0.870314,0.93327,0.624178,0.124078,0.794629,0.052427,-0.131446,0.04016,0.433303,-0.965317
-0.827299,-0.993986,0.49476,-0.004729,0.85154,-0.020121,0.681913,0.142521,0.605346,0.036602,-0.2294,-0.167274,0.455158,0.243584,-0.955084
-0.275483,0.707395,-0.587973,0.187226,0.642281,0.008419,0.816081,0.888664,0.631708,0.038656,-0.073704,0.193812,0.301682,-0.277061,-1.0
0.014465,0.115997,-0.288094,-0.138287,-0.599926,0.860451,0.605767,0.65415,-0.274133,0.338785,0.249386,-0.25418,-0.338282,0.424223,-0.951223
0.236846,0.777761,0.517552,-0.565333,0.230299,0.942449,0.806008,0.279295,0.163936,0.688962,-0.151025,-0.158969,-0.039217,0.526147,-1.0
0.530839,0.762954,-0.179638,-0.582175,0.414726,-0.226011,0.038654,0.399717,0.084736,0.035303,0.109605,0.984824,-0.029215,-0.488768,-0.974337
-0.87956,0.216192,-0.456586,-0.354174,-0.882192,-0.761217,0.887328,0.456769,-0.528692,-0.476699,-0.043438,0.019874,0.0467,-0.542092,-0.986998
0.430433,-0.663082,-0.721676,-0.965011,0.131717,0.172343,0.610059,0.255009,0.352337,0.475912,0.111337,-0.346631,-0.15852,0.450812,-0.997797
0.3023,0.559532,0.588676,0.73261,0.228818,0.837434,0.274543,0.64292,0.098946,0.184315,0.137784,-0.734709,-0.03954,0.45425,-1.0
-0.846316,0.17293,-0.108392,0.136917,-0.478398,0.728698,0.159936,0.798769,-0.123137,0.047925,-0.351821,-0.671634,0.251223,0.354415,-0.935052
0.010961,0.251461,-0.043393,0.801682,-0.649728,0.961153,0.513242,0.901884,-0.244393,0.37823,0.323238,-0.334247,-0.322825,0.412506,-0.960402
-0.002277,0.594174,0.961711,0.526272,-0.785359,0.407336,0.203118,0.508855,-0.11351,0.087956,0.822632,0.21929,-0.437835,-0.114037,-1.0
0.230496,0.879119,0.132648,-0.203279,-0.416393,0.597576,0.521786,0.380851,-0.24568,0.357756,0.471789,0.127621,-0.371104,-0.276683,-1.0
0.891121,-0.667262,-0.958637,-0.157174,-0.776351,0.027124,0.074067,0.532122,-0.186229,-0.026686,0.974413,-0.297843,-0.470161,0.244585,-0.961941
-0.681561,0.363848,0.294677,-0.575949,0.455812,0.404807,0.021995,0.439373,-0.028836,0.090666,-0.932289,-0.038142,0.554587,-0.044296,-0.988529
-0.126994,0.975415,-0.984546,0.826571,0.070714,-0.251764,0.027077,0.530012,-0.045042,-0.010129,-0.091115,0.953539,0.066543,-0.581338,-1.0
-0.791062,-0.366304,0.112915,-0.744674,-0.716238,-0.049167,0.717304,0.58688,-0.617582,0.017497,-0.047773,-0.263684,-0.011739,0.430054,-0.976082
-0.01571,-0.775543,-0.051098,0.756406,0.840933,0.083385,0.456583,0.330976,0.320353,0.050916,-0.321349,-0.392841,0.363344,0.386779,-0.966005
-0.267422,0.189343,0.862294,-0.913235,-0.63337,-0.51976,0.375506,0.197792,-0.227678,-0.295088,0.250561,0.571101,-0.17836,-0.480122,-1.0
-0.91071,0.033972,-0.98174,-0.966079,-0.187921,0.050341,0.278374,0.879104,-0.151238,0.0764,-0.797267,-0.003756,0.491293,0.009561,-1.0
0.43067,0.226357,0.861975,0.218375,0.723754,0.782342,0.909028,0.53458,0.561032,0.54229,0.008494,-0.072176,0.307823,0.408624,-0.935262
-0.88732,0.513432,-0.809891,0.423463,0.428444,0.206907,0.976683,0.863782,0.697581,0.30393,-0.013936,-0.013044,0.523815,-0.128568,-0.989697
0.633329,-0.126493,0.885258,-0.852125,-0.03289,-0.496088,0.838265,0.169561,-0.013776,-0.628159,0.144486,0.118486,-0.445961,-0.241655,-1.0
-0.627022,-0.401615,0.733884,-0.128468,0.370557,-0.650057,0.7902,0.163523,0.375052,-0.577225,-0.238088,0.03808,0.398844,-0.128982,-0.933387
0.920649,-0.878465,0.535461,0.205646,-0.751052,0.37846,0.603728,0.028889,-0.437583,0.191459,0.325712,-0.228151,-0.413403,0.275736,-1.0
-0.944321,-0.11791,-0.725599,-0.860857,0.138877,0.623984,0.402857,0.805451,0.058003,0.325884,-0.474259,-0.324486,0.386265,0.257685,-1.0
-0.772334,0.910289,0.323867,0.639574,-0.990769,-0.969198,0.503106,0.552543,-0.27757,-0.231026,0.134303,0.456827,-0.149782,-0.51857,-1.0
-0.701959,0.691332,-0.76511,-0.812563,-0.180779,-0.454167,0.771674,0.818051,-0.298806,-0.566963,-0.061252,0.182199,0.217963,-0.498162,-0.957
-0.482041,0.808646,0.719308,-0.962235,-0.461793,-0.012629,0.951774,0.356856,-0.734895,0.042243,-0.022143,-0.019487,-0.028021,-0.580936,-1.0
0.13631,0.089323,-0.887276,-0.505505,-0.343196,0.234162,0.371024,0.434778,-0.23441,0.147762,0.636409,-0.255862,-0.470893,0.187272,-0.982675
-0.146962,0.962263,0.994499,-0.954427,0.182916,0.391767,0.280086,0.29638,0.072408,0.166498,-0.309371,0.587501,0.29086,-0.408001,-1.0
0.372644,-0.308324,-0.551845,0.866923,0.567291,0.942183,0.014361,0.367104,0.026797,0.011289,-0.20591,-0.981291,0.136872,0.468806,-0.90011
0.561021,0.128276,-0.756107,0.921146,-0.572106,-0.943695,0.561165,0.059939,-0.183018,-0.354946,0.291197,0.278001,-0.405357,-0.317312,-0.993032
0.214806,0.301295,-0.016229,-0.029073,-0.168124,0.598057,0.672984,0.094062,-0.179796,0.575877,0.27156,-0.115605,-0.440633,0.280666,-0.938412
-0.313293,0.06037,-0.987197,0.857957,-0.299323,-0.333501,0.388713,0.427989,-0.193303,-0.309895,-0.055933,0.496467,-0.005756,-0.426204,-0.976706
-0.520566,0.768882,0.695638,0.268914,-0.617101,0.70011,0.974363,0.595715,-0.566476,0.560014,0.010841,-0.029232,-0.409602,-0.280448,-0.956444
-0.642425,-0.293664,-0.542382,-0.465472,-0.087357,-0.825375,0.287963,0.30903,0.020986,-0.200943,-0.560838,0.429732,0.276895,-0.314262,-1.0
-0.26785,-0.576482,0.146302,0.993232,-0.276569,0.313756,0.880223,0.824859,-0.45423,0.514453,0.00475,-0.054382,-0.020764,0.466544,-1.0
-0.903319,0.647987,0.63138,0.309667,-0.431832,0.499461,0.714415,0.549249,-0.354645,0.566788,-0.196616,0.026934,0.453858,-0.055097,-1.0
0.243634,-0.864234,0.044276,0.425227,0.532681,-0.272695,0.929953,0.274307,0.615592,-0.355789,0.053623,-0.036904,0.274384,0.36598,-0.958608
0.431332,-0.080692,0.844444,0.53859,0.80926,0.272228,0.459446,0.564864,0.2568,0.155366,-0.443371,-0.454477,0.355138,0.442267,-0.991114
-0.687072,-0.062692,0.525894,0.156563,-0.284851,0.069394,0.927153,0.171355,-0.777542,0.102806,-0.045077,-0.035697,0.462013,0.113329,-1.0
-0.393905,-0.168756,-0.073296,-0.856083,-0.903443,-0.963395,0.982145,0.202826,-0.553935,-0.515722,0.077037,0.105219,-0.243352,-0.431218,-1.0
-0.539631,0.770018,0.095766,-0.652327,-0.123079,-0.479102,0.517007,0.416508,-0.110688,-0.346981,-0.167457,0.440337,0.10316,-0.546696,-1.0
0.414819,-0.874369,-0.502091,-0.416311,-0.560894,-0.209753,0.881162,0.236983,-0.799095,-0.31817,0.129087,-0.101178,-0.407333,0.246472,-1.0
-0.749182,0.982027,-0.612544,0.228221,0.448789,0.556307,0.303298,0.359359,0.156993,0.220344,-0.513902,0.273064,0.442769,-0.157723,-1.0
-0.4809,0.330893,-0.013658,0.467489,-0.121293,0.950956,0.40572,0.225905,0.015372,0.35064,-0.254714,-0.603924,0.239889,0.443691,-1.0
-0.843679,-0.896648,0.7213,0.749846,-0.305171,0.00782,0.19355,0.768842,-0.221406,-0.018234,-0.361091,-0.66988,0.309418,0.345658,-0.952428
0.406086,-0.060559,-0.824907,-0.087716,0.521564,-0.660068,0.155199,0.334494,0.079438,-0.100647,-0.163633,0.812518,0.073179,-0.563148,-0.941891
-0.69305,-0.019552,-0.437901,0.617765,-0.222031,0.554261,0.567458,0.984256,-0.198455,0.442615,-0.342506,-0.282848,0.348995,0.375981,-1.0
-0.865562,0.317997,-0.683713,0.771366,0.77038,-0.442381,0.255575,0.438484,0.227086,-0.069252,-0.592341,0.245556,0.50943,-0.172213,-0.958222
0.170571,0.566505,0.092973,-0.679543,0.272468,-0.496195,0.554489,0.198657,0.202867,-0.438619,-0.036508,0.450703,-0.010369,-0.490973,-0.943793
0.138144,0.897117,-0.311735,0.55864,-0.470195,0.834288,0.718441,0.257515,-0.268381,0.444928,0.290819,-0.037736,-0.510736,-0.047119,-0.993018
-0.737462,0.662991,-0.067298,-0.930182,0.821555,0.158423,0.464508,0.561333,0.395047,0.115893,-0.572506,0.144394,0.565761,-0.073951,-1.0
0.492803,0.980317,-0.877098,-0.558066,0.901167,0.620556,0.010178,0.865269,0.028288,0.04957,-0.709891,0.607725,0.456996,-0.336812,-1.0
0.327086,-0.469708,0.820423,0.090997,0.468537,0.27654,0.344687,0.749525,0.269222,0.195086,-0.129063,-0.597352,0.054435,0.502335,-0.913943
0.251579,0.529172,-0.714735,-0.819265,0.533022,0.403378,0.85586,0.280256,0.513586,0.385877,-0.107988,0.134117,0.424518,-0.123207,-0.940053
-0.166791,-0.935331,-0.953874,-0.641193,0.166115,-0.857586,0.727702,0.619436,0.213721,-0.590605,-0.270234,-0.130078,0.528681,0.040693,-0.96609
-0.125187,-0.623636,7.9e-05,-0.002299,-0.657387,-0.815905,0.912712,0.737252,-0.45299,-0.526294,0.029791,-0.007629,-0.518992,-0.157532,-1.0
0.885011,-0.504881,0.062634,0.389846,0.376312,-0.356277,0.24169,0.99278,0.180353,-0.222818,0.822909,-0.201454,-0.454204,0.168106,-0.94948
-0.397026,-0.22629,0.320818,0.324429,0.179501,0.346166,0.120257,0.23433,0.004072,0.077251,-0.591923,-0.632891,0.244137,0.36952,-0.938104
0.46057,0.511406,-0.801355,0.690882,0.759675,-0.182308,0.080249,0.092696,0.019922,-0.086393,-0.348674,0.81567,0.191421,-0.474785,-1.0
-0.739654,0.467194,-0.959854,0.536752,-0.107758,0.233803,0.0456,0.436255,-0.041201,0.024836,-0.956902,0.416169,0.420375,-0.105275,-0.918648
-0.39399,-0.205046,0.498017,0.222173,-0.110546,0.003688,0.928878,0.484743,-0.781493,0.055365,-0.003994,-0.030444,0.431837,0.288214,-0.981517
0.136062,-0.745757,-0.833123,-0.292931,0.383412,-0.152903,0.985168,0.692308,0.673239,-0.287258,0.051333,-0.052804,0.151693,0.431477,-0.890219
-0.759344,-0.733136,-0.810249,0.22318,-0.846467,0.554136,0.845026,0.893957,-0.624429,0.36972,0.044054,-0.138221,-0.064675,0.456953,-1.0
-0.725077,-0.712759,0.242993,-0.938799,-0.700462,0.910095,0.43546,0.487618,-0.281751,0.297212,0.030831,-0.499427,-0.068328,0.416506,-0.963772
-0.839495,0.610771,0.871937,0.254055,-0.464833,0.979587,0.978037,0.034973,-0.418592,0.700859,-0.009676,-0.058501,0.413915,0.345968,-0.928724
-0.4632,0.92711,-0.71281,-0.151872,0.851448,0.149756,0.672812,0.432126,0.557498,-0.004835,-0.248573,0.166325,0.329338,-0.290052,-1.0
-0.071986,0.683948,-0.731617,0.622998,-0.6446,-0.253234,0.972522,0.017426,-0.647342,-0.275767,0.066456,-0.015665,-0.307236,-0.470333,-0.888367
0.050317,0.331651,0.933897,-0.018712,-0.476384,0.856889,0.932987,0.076218,-0.414851,0.675438,0.082717,-0.084678,-0.362753,0.391433,-0.990561
0.163702,-0.687232,-0.412478,-0.358775,-0.273323,0.116564,0.765332,0.216116,-0.503036,0.235137,0.086707,-0.234022,-0.165053,0.396318,-1.0
-0.418145,-0.992411,0.439653,-0.510939,-0.907447,-0.79856,0.010689,0.83355,0.021313,0.021022,0.919835,-0.350816,-0.525316,0.183852,-0.991409
0.377223,0.583507,0.549939,-0.849287,-0.282027,0.102937,0.746489,0.48245,-0.539655,0.19237,0.205527,0.147478,-0.4352,-0.296776,-1.0
0.109069,0.785986,-0.285756,0.298219,0.103904,-0.051748,0.329065,0.930082,0.300709,-0.164383,-0.07886,0.735633,0.10287,-0.402936,-0.992008
0.288864,0.739058,-0.273239,0.243993,-0.092347,-0.726041,0.435826,0.289709,-0.095236,-0.342306,0.087795,0.557725,-0.176439,-0.404159,-0.989128
0.111738,-0.628505,-0.25805,-0.590651,0.124899,0.790354,0.08849,0.95364,-0.05117,0.035133,-0.038801,-0.897768,-0.044232,0.479781,-0.931864
0.746884,-0.9658,-0.027321,-0.865218,0.048045,0.663846,0.783581,0.618848,0.094354,0.54311,0.158294,-0.144532,-0.205886,0.421587,-0.981749
-0.878779,0.538078,0.601857,-0.628605,0.46148,0.620296,0.064383,0.712913,-0.034962,0.021664,-0.901057,-0.047959,0.497975,0.05654,-0.92794
-0.099754,0.79736,0.500245,0.832353,-0.031443,0.906912,0.21844,0.712949,0.068295,0.243509,-0.427797,-0.599606,0.173413,0.36578,-0.945902
-0.217514,-0.552579,-0.19967,-0.374604,0.29007,-0.088595,0.169174,0.148309,0.071034,-0.0314,-0.641691,-0.58511,0.358907,0.245896,-1.0
0.180417,0.146107,-0.552003,-0.53042,-0.61358,0.027929,0.589916,0.149225,-0.443351,0.056129,0.401804,0.103907,-0.437176,-0.143162,-1.0
-0.374125,0.961828,-0.105358,0.424292,0.668276,-0.025159,0.753964,0.688857,0.63372,-0.013326,-0.175988,0.103522,0.359873,-0.266692,-1.0
0.54386,-0.987639,0.806216,-0.398549,0.901048,-0.26604,0.153612,0.287661,0.12424,-0.106573,-0.378477,-0.75122,0.21132,0.408762,-1.0
-0.658564,-0.448589,-0.497071,0.50115,-0.273009,0.578749,0.967831,0.617846,-0.320838,0.653921,-0.043076,0.008029,0.213342,0.464061,-0.936735
-0.405826,-0.899975,0.181887,0.271818,0.037332,0.729648,0.678613,0.871116,0.063765,0.557323,-0.126841,-0.29663,0.192452,0.521681,-1.0
-0.213413,-0.892495,0.73394,-0.946883,0.065672,0.798941,0.543197,0.135029,0.05767,0.492842,-0.140759,-0.494352,0.116882,0.381744,-0.86468
-0.782752,-0.520613,0.730041,0.633404,-0.117542,0.062686,0.136496,0.496883,-0.056554,0.119172,-0.681065,-0.561193,0.394299,0.367744,-0.969709
-0.857763,0.749304,-0.999108,-0.990633,0.522424,0.515587,0.706898,0.883867,0.373216,0.2937,-0.301184,0.084048,0.456498,-0.068627,-0.968403
-0.767435,0.430299,-0.217176,0.360899,-0.862692,-0.825355,0.94404,0.24642,-0.542038,-0.619457,0.048147,0.021226,0.003437,-0.509004,-1.0
-0.146097,-0.658712,0.674661,-0.407621,-0.97847,-0.228888,0.755782,0.988882,-0.551517,-0.15088,0.154841,-0.087305,-0.527245,0.21357,-0.960838
-0.604885,-0.094768,0.363187,0.42965,0.231775,0.611029,0.312523,0.314379,0.107581,0.231899,-0.522832,-0.390969,0.340062,0.336852,-0.966469
0.569194,-0.406795,0.315897,-0.549923,0.354558,-0.251605,0.451206,0.76186,0.267296,-0.311703,0.499483,-0.326874,-0.474597,0.259513,-0.890303
0.224285,0.356791,0.294573,-0.632743,0.291293,-0.175388,0.087037,0.252299,0.097181,-0.055842,-0.116075,0.825228,-0.070731,-0.567717,-1.0
0.239193,-0.067886,0.502813,-0.332449,-0.015229,0.050079,0.043865,0.822679,0.01052,-0.007408,0.818409,-0.393378,-0.482981,0.13309,-0.996083
0.246446,0.506045,0.445394,0.507005,-0.177226,-0.313539,0.552951,0.495715,-0.31642,-0.446911,0.254053,0.373765,-0.306433,-0.452817,-0.964452
-0.792285,-0.901796,-0.439957,-0.089262,0.446768,-0.039969,0.317713,0.787192,0.193215,-0.016964,-0.54685,-0.385021,0.318673,0.295879,-1.0
-0.396881,-0.207945,-0.848382,0.628521,-0.054151,-0.776444,0.316799,0.062672,-0.0342,-0.310845,-0.376574,0.550297,0.307376,-0.382907,-0.955066
0.899281,-0.185378,0.718441,-0.411452,0.578492,0.351241,0.507096,0.038843,0.314155,0.11318,0.22949,-0.467787,-0.216793,0.478349,-1.0
-0.678441,-0.005685,0.080018,-0.172978,0.269269,0.418499,0.664792,0.373794,0.271593,0.453185,-0.216652,-0.075794,0.421666,0.234642,-0.997011
-0.479185,0.263043,0.938289,0.287909,0.334591,-0.941378,0.930616,0.616032,0.228237,-0.563583,-0.06273,0.119594,0.226428,-0.466157,-0.972662
0.969098,-0.984667,0.673511,0.594119,-0.3772,0.124177,0.749916,0.069015,-0.555966,0.182805,0.191488,-0.150754,-0.382989,0.27353,-0.934386
0.960596,0.196031,0.563085,-0.351015,0.605725,-0.028806,0.406554,0.730062,0.34346,-0.035127,0.425615,0.36985,-0.274588,-0.172663,-0.953551
-0.378387,0.686139,-0.676629,-0.953418,0.621753,-0.30746,0.29473,0.184303,0.250881,-0.089606,-0.485533,0.496812,0.316667,-0.328116,-0.9732
0.813337,0.36858,0.062571,-0.352417,-0.270937,0.801813,0.537655,0.680895,-0.15687,0.448679,0.420549,-0.099885,-0.472668,0.203744,-1.0
0.653811,-0.12124,0.275046,0.632625,0.024382,0.533844,0.6806,0.663858,-0.012117,0.634034,0.241941,-0.12053,-0.332692,0.283464,-1.0
0.728034,-0.641575,-0.337413,0.819583,0.804026,0.559997,0.550659,0.011003,0.390994,0.19598,-0.099626,-0.374127,0.00654,0.489241,-1.0
0.933887,0.919882,-0.327781,0.594807,0.397066,0.82549,0.129746,0.083971,0.01054,0.093914,0.880163,0.12071,-0.502774,-0.095219,-1.0
-0.794233,0.640839,0.579492,-0.508181,0.905177,0.350291,0.860538,0.668812,0.650178,0.305267,-0.052309,0.032799,0.488999,-0.113535,-0.977289
0.087254,0.957252,-0.135771,0.346223,0.725424,0.676516,0.620567,0.583948,0.365092,0.392265,-0.337422,0.076108,0.442341,-0.269375,-1.0
0.218943,0.510848,-0.684867,-0.462685,-0.671996,-0.296084,0.224234,0.422971,-0.247472,-0.173357,0.607013,0.519418,-0.378816,-0.339712,-0.949963
-0.985825,0.243527,-0.401383,0.889698,0.33193,-0.560109,0.083228,0.083392,0.012525,0.063072,-0.789965,0.434579,0.36714,-0.242857,-0.988542
0.193199,-0.513161,-0.98072,-0.356825,0.133414,-0.272452,0.434608,0.403828,0.133668,-0.33465,0.142275,-0.456376,-0.179263,0.456532,-0.995963
0.822695,-0.1152,-0.099585,0.636935,0.171322,-0.193331,0.058471,0.321197,0.00412,-0.028232,0.950219,0.151056,-0.568846,-0.074929,-1.0
-0.56199,-0.614167,0.479376,0.866851,-0.056411,-0.996938,0.676374,0.242589,-0.092435,-0.564406,-0.219112,0.238431,0.354505,-0.376026,-1.0
-0.696302,0.11876,-0.789801,-0.84245,0.529332,-0.945444,0.632415,0.042909,0.164485,-0.377084,-0.20344,0.306491,0.331859,-0.32176,-1.0
-0.004706,-0.544816,-0.077419,0.601933,-0.380821,-0.252132,0.931387,0.37734,-0.597929,-0.396347,0.0282,-0.054363,-0.394009,0.288949,-0.964088
0.117325,-0.004921,-0.932814,-0.713648,-0.836546,0.737446,0.922125,0.721861,-0.497318,0.48644,0.057615,-0.160072,-0.426398,0.39424,-0.871199
-0.619363,0.830431,0.599401,-0.875291,-0.330744,-0.381862,0.55651,0.734685,-0.268791,-0.322352,-0.0901,0.406844,0.088155,-0.47526,-0.90741
-0.314519,-0.618247,-0.824803,0.580259,0.836724,-0.00367,0.76979,0.672832,0.670006,0.02114,-0.139989,-0.200006,0.493117,0.207378,-1.0
-0.170207,0.674524,0.329008,0.324923,-0.106302,0.704376,0.706839,0.081949,-0.093216,0.509656,-0.253579,-0.081924,0.34276,0.290171,-1.0
0.139756,-0.641761,0.75283,-0.869755,-0.86177,0.730558,0.950651,0.562534,-0.63078,0.449961,0.03637,-0.062059,-0.291042,0.443031,-1.0
-0.140165,-0.003524,-0.282723,-0.901274,-0.57097,-0.277786,0.91824,0.020645,-0.64693,-0.324368,0.08534,0.048699,-0.443531,-0.287073,-1.0
0.509469,0.739795,0.889829,0.306667,0.675637,-0.737404,0.707944,0.609806,0.296707,-0.510562,-0.060644,0.2962,0.048082,-0.551892,-1.0
-0.39872,0.769259,0.484214,0.682379,0.291931,0.556661,0.450283,0.564986,0.184549,0.304116,-0.487735,0.088141,0.425597,-0.161103,-1.0
-0.686312,-0.765818,-0.144219,0.695412,0.662296,0.764485,0.1412,0.563247,0.081798,0.04969,-0.652284,-0.755104,0.244738,0.388671,-0.990061
-0.857812,-0.907816,-0.891597,-0.181877,0.786853,-0.816891,0.817034,0.63876,0.40779,-0.446964,-0.195786,-0.027113,0.415877,0.038689,-0.935698
-0.486068,0.182112,0.965348,0.452639,0.769353,0.226123,0.13858,0.280117,0.150887,0.027842,-0.889503,-0.10576,0.495877,0.032614,-1.0
0.139931,-0.703306,0.205794,0.104865,-0.678321,0.518545,0.114273,0.197614,-0.091502,0.088935,0.441899,-0.686702,-0.229476,0.410907,-0.944729
-0.03209,-0.343618,-0.311517,0.34325,0.931465,0.468432,0.975031,0.438557,0.623127,0.473052,-0.047401,-0.029604,0.415354,0.32889,-1.0
0.999546,-0.564543,0.676237,-0.450895,0.500342,0.997694,0.762767,0.859484,0.219224,0.604367,0.139996,-0.277738,-0.101231,0.529622,-1.0
-0.864519,-0.078654,0.086985,0.346038,0.919474,0.050916,0.457677,0.863647,0.387995,0.093837,-0.554751,-0.067129,0.493563,0.083978,-1.0
0.714761,0.935779,0.538923,0.575384,-0.701634,-0.701074,0.07474,0.337162,-0.084611,0.003315,0.686191,0.684258,-0.357559,-0.296125,-1.0
0.428599,-0.878084,-0.394295,0.713865,0.539005,0.814466,0.699253,0.641507,0.23324,0.370028,0.003937,-0.318393,0.080349,0.507956,-1.0
-0.537162,0.24308,0.401922,-0.809077,0.714316,0.716786,0.474573,0.399753,0.280262,0.270393,-0.477825,-0.082422,0.473101,0.175343,-1.0
0.41103,-0.428142,0.455448,0.650171,0.589668,0.746324,0.574126,0.608116,0.349885,0.322774,-0.109386,-0.388484,0.056043,0.574775,-0.990842
0.039891,0.024305,-0.95323,-0.211441,0.157528,-0.882554,0.005266,0.759195,0.012787,-0.102806,-0.198437,0.953661,0.100362,-0.557671,-1.0
-0.07537,-0.044906,-0.551905,0.847179,0.055425,-0.630964,0.951239,0.475298,0.13177,-0.778038,-0.039273,0.073098,0.235324,-0.441028,-1.0
-0.071322,-0.002944,-0.640565,0.124675,-0.326385,0.214049,0.512989,0.07676,-0.378725,0.198794,0.360576,-0.361494,-0.368517,0.360047,-0.965143
-0.324057,0.797184,0.986223,-0.077551,0.301611,0.11556,0.477278,0.227603,0.323266,0.130042,-0.40785,0.413125,0.315227,-0.230435,-1.0
-0.990453,0.533768,-0.031308,0.513217,0.762745,0.123808,0.754234,0.300982,0.625075,0.237025,-0.267468,0.139669,0.550872,0.00256,-1.0
0.098188,0.496428,0.056189,0.464559,-0.886693,0.359085,0.164373,0.036208,0.022723,0.053485,0.869182,0.041059,-0.427823,-0.039904,-0.99729
0.37355,0.298705,0.442041,0.959268,0.099747,0.811794,0.903069,0.811457,0.156193,0.727967,0.065893,-0.063711,-0.281792,0.479224,-1.0
0.703303,-0.619575,-0.79346,-0.713301,-0.997314,0.109967,0.982034,0.192824,-0.791051,0.059369,0.089821,0.003838,-0.453749,0.082243,-1.0
-0.827872,-0.686699,0.084169,-0.48658,0.618294,-0.091478,0.084213,0.504702,0.047574,-0.039401,-0.912373,-0.442214,0.469812,0.168423,-1.0
0.043772,-0.475147,-0.194215,0.053362,0.807077,-0.813799,0.283791,0.447108,0.052457,-0.090356,-0.618208,0.248736,0.395916,-0.193249,-0.986658
-0.972408,0.060778,-0.213709,0.99877,0.001725,-0.935536,0.232002,0.855919,0.061772,-0.223365,-0.434918,0.58947,0.396969,-0.324475,-0.923661
0.71855,0.167251,0.180803,-0.648041,0.759045,0.507247,0.173772,0.85529,0.111803,0.03675,-0.007939,-0.858727,-0.00919,0.485881,-0.950035
-0.740185,0.630623,-0.671498,0.134813,0.889666,0.24806,0.195824,0.530779,0.043303,0.103212,-0.854979,0.168008,0.469807,-0.066683,-1.0
-0.903743,0.206668,-0.470769,-0.285695,0.735802,-0.986743,0.511892,0.418443,0.250047,-0.298776,-0.410434,0.349521,0.389449,-0.305697,-1.0
0.521907,0.024874,0.148654,-0.204166,0.355528,0.824571,0.184868,0.933854,0.076073,0.087703,0.159349,-0.774326,-0.073056,0.503833,-1.0
0.977083,-0.995726,0.27525,-0.510314,-0.162704,-0.06895,0.491675,0.254208,-0.409342,-0.120565,0.424707,-0.408827,-0.367374,0.355912,-1.0
0.858003,0.386592,0.90309,0.664519,-0.354435,0.009256,0.929292,0.644289,-0.742567,0.012534,0.090308,0.033067,-0.431297,-0.172789,-0.931507
-0.483082,-0.085893,0.669479,-0.74746,-0.757244,0.696,0.289205,0.762998,-0.223516,0.146018,0.311886,-0.644166,-0.159707,0.534567,-1.0
-0.969187,0.563377,-0.127532,-0.533175,-0.244407,0.445027,0.197913,0.337648,-0.065092,0.161912,-0.877576,0.197376,0.547044,-0.02242,-1.0
-0.330435,0.725718,-0.256543,-0.678515,0.366862,-0.671539,0.307031,0.045002,0.066129,-0.148373,-0.185588,0.656573,0.310913,-0.523142,-0.929457
0.969969,-0.339752,-0.871471,0.59803,0.384962,0.763713,0.729195,0.01249,0.305768,0.49394,0.148186,-0.197101,-0.236473,0.524812,-0.963124
0.640984,-0.291447,0.960071,-0.278008,-0.082568,0.707807,0.188285,0.906943,0.045033,0.230733,0.461246,-0.6718,-0.294609,0.383337,-0.970498
-0.978829,-0.765129,0.873685,-0.672606,0.564066,0.052559,0.342691,0.51336,0.314118,0.01885,-0.512324,-0.314438,0.500422,0.213133,-1.0
0.307883,0.779031,0.121614,-0.439667,-0.254607,0.103461,0.558561,0.489488,-0.329237,0.175223,0.18097,0.271953,-0.361388,-0.376828,-0.956628
-0.083272,0.709663,0.550871,-0.422472,0.164445,0.647327,0.539239,0.876168,0.133666,0.475125,-0.475111,0.077499,0.414358,-0.082478,-0.970022
-0.913627,0.663069,-0.606402,-0.744633,-0.766838,0.879175,0.173728,0.898889,-0.135698,0.152612,-0.424384,-0.68953,0.292703,0.437633,-0.982503
0.569182,-0.229178,-0.653087,-0.5972,0.953325,0.477939,0.543363,0.304642,0.403766,0.215451,-0.287677,-0.387253,0.149137,0.484282,-1.0
-0.872016,0.136502,0.258545,-0.768448,-0.593826,-0.477942,0.627685,0.186223,-0.465102,-0.338041,-0.142349,0.318809,0.188949,-0.433531,-1.0
-0.39879,-0.642895,0.542445,0.520859,-0.375114,-0.159198,0.943715,0.714783,-0.656098,-0.265757,0.037371,-0.025541,-0.006473,0.470485,-1.0
0.493051,0.267972,-0.06487,-0.415741,0.125889,-0.05062,0.622422,0.322701,0.473941,-0.073668,0.308807,0.23723,-0.366145,-0.350489,-1.0
0.132233,-0.652062,0.56988,0.190244,-0.947976,-0.832789,0.347651,0.198117,-0.300062,-0.277303,0.551503,0.0494,-0.55743,-0.114162,-0.999354
0.583248,0.433153,-0.937713,0.785967,-0.796388,0.325215,0.734854,0.821525,-0.513731,0.194295,0.233878,0.102679,-0.514384,-0.020875,-0.976657
-0.247112,0.256461,-0.094532,0.98737,0.670195,-0.919599,0.231825,0.673756,0.128189,-0.182637,-0.473453,0.615653,0.249384,-0.368705,-0.91234
0.56187,0.712744,-0.66898,0.207992,0.12243,-0.993425,0.20188,0.89723,-0.055257,-0.158695,0.2479,0.760731,-0.132042,-0.553036,-0.979983
0.641682,-0.201476,-0.282497,-0.032556,-0.533047,-0.628092,0.048585,0.131642,-0.046701,-0.15723,0.907293,0.344049,-0.544962,-0.117663,-1.0
0.835425,-0.317025,0.668312,-0.504889,0.993271,0.626655,0.406915,0.844041,0.284542,0.202216,-0.118065,-0.557063,0.115242,0.523074,-1.0
-0.028818,-0.859553,0.894956,0.476369,0.240477,-0.326611,0.492923,0.820147,0.210053,-0.328985,-0.214827,-0.467388,0.302016,0.509125,-1.0
-0.586524,-0.444639,-0.078957,0.772958,0.054383,0.676775,0.725816,0.258368,0.11601,0.54019,-0.056277,-0.204044,0.262964,0.459578,-0.96777
-0.383753,0.556315,0.165673,-0.566271,-0.057483,-0.330641,0.944123,0.321898,-0.044512,-0.721475,-0.053801,0.028829,0.172622,-0.468852,-1.0
-0.901973,-0.67652,0.0015,0.455642,0.817413,-0.580424,0.189928,0.04211,0.02062,-0.10634,-0.847238,-0.047207,0.557558,-0.00353,-0.998332
-0.872653,-0.211158,-0.788865,0.327729,-0.129086,-0.044455,0.776764,0.215606,-0.541058,-0.205598,-0.301346,-0.075957,0.483314,0.176614,-0.942938
-0.850178,0.188034,0.831555,-0.951853,0.337774,0.509929,0.794819,0.487719,0.322424,0.539174,-0.147582,-0.093397,0.530997,0.160939,-0.975174
0.762569,-0.231326,0.362687,0.394397,0.927667,0.402412,0.621147,0.458777,0.504535,0.119518,-0.135054,-0.374,0.09797,0.517741,-1.0
-0.864686,-0.096376,0.821363,-0.182993,0.325425,-0.384553,0.377239,0.630983,0.274396,-0.226312,-0.685657,0.135889,0.534941,-0.08976,-1.0
-0.393063,-0.449338,-0.167551,-0.808179,-0.555657,-0.918973,0.789067,0.367163,-0.320065,-0.52659,0.10996,0.28855,-0.178138,-0.467244,-0.947078
0.222945,0.967067,0.343059,0.290432,0.104234,-0.064267,0.646682,0.645278,0.498731,-0.24309,0.059162,0.359163,-0.05429,-0.479558,-1.0
0.172533,-0.090051,-0.720319,-0.07458,-0.227046,0.467233,0.972088,0.153208,-0.334496,0.708191,0.009114,0.049322,-0.279698,0.43265,-0.951651
0.048421,0.664193,-0.74832,-0.335072,0.906815,-0.363869,0.122181,0.244751,0.164812,-0.058679,-0.640058,0.592697,0.326003,-0.357733,-1.0
-0.067161,-0.719088,0.721597,-0.822476,-0.819933,-0.199967,0.827302,0.931158,-0.58177,-0.105572,0.065243,-0.048993,-0.382695,0.272041,-0.991372
-0.260643,0.84568,0.015391,0.919692,-0.971541,0.784529,0.110459,0.856368,-0.099347,0.146056,0.909729,0.049608,-0.473393,-0.064765,-1.0
0.300645,-0.090867,-0.459962,-0.902783,-0.312251,-0.936411,0.964416,0.124795,-0.245533,-0.657681,-0.020737,-0.029386,-0.300291,-0.379999,-0.976801
0.414873,-0.816247,0.815523,-0.654111,0.862237,0.23872,0.222498,0.276772,0.172418,0.025293,-0.183323,-0.740601,0.152551,0.462063,-0.975572
0.641208,0.041696,-0.758168,0.547701,0.420834,-0.219946,0.633678,0.83265,0.457379,-0.205145,0.241637,0.266865,-0.27644,-0.453526,-1.0
0.059789,-0.478015,-0.797776,-0.019367,0.851526,0.356471,0.234273,0.873892,0.08898,0.148666,-0.548153,-0.559332,0.391888,0.290056,-1.0
0.458742,0.63849,-0.607019,-0.335157,-0.976429,-0.972592,0.464501,0.375344,-0.219879,-0.219551,0.299804,0.389829,-0.234957,-0.429314,-0.964404
0.207895,0.366017,0.193699,-0.605656,0.372633,0.78905,0.054871,0.647181,0.047915,-0.038063,-0.347812,-0.903946,0.259303,0.49377,-1.0
0.986813,0.883673,0.179015,0.10188,0.019761,-0.981502,0.327626,0.890427,0.072637,-0.159866,0.313324,0.531088,-0.231534,-0.446163,-0.887327
-0.871293,0.869631,0.945273,-0.288136,0.717199,-0.84069,0.830975,0.523721,0.344243,-0.47907,-0.138103,0.066482,0.354219,-0.365887,-0.986548
0.440061,-0.245958,-0.587165,-0.602717,-0.586165,-0.693652,0.749553,0.525055,-0.361198,-0.510367,0.265114,0.178563,-0.407325,-0.149545,-1.0
0.603453,0.497611,-0.912071,0.868459,0.749525,-0.204443,0.358836,0.533548,0.243842,-0.033215,-0.304051,0.581201,0.195476,-0.481788,-1.0
0.615657,-0.841763,0.742618,0.763083,-0.430435,-0.966065,0.431158,0.60742,-0.149579,-0.377099,0.50601,0.099841,-0.47565,-0.037275,-1.0
0.391251,0.826177,-0.535274,0.322807,-0.144073,0.30376,0.887027,0.241073,-0.280987,0.593673,0.128491,-0.011995,-0.365603,-0.418232,-0.920377
-0.726542,-0.614998,0.98358,0.362219,0.764854,0.623219,0.735666,0.599177,0.487964,0.359308,-0.132884,-0.111855,0.446049,0.327954,-0.993863
0.436008,0.243855,-0.50978,-0.648114,-0.178539,-0.308656,0.011335,0.025825,-0.061549,0.022491,0.720356,0.673011,-0.328221,-0.369128,-0.931604
-0.303606,0.611813,-0.167482,-0.696203,-0.049918,0.247324,0.930306,0.669989,-0.124585,0.695314,-0.005384,0.024911,0.239598,-0.372289,-1.0
-0.525227,0.187691,-0.131054,0.902213,-0.030656,-0.104066,0.771446,0.99625,-0.24414,-0.535163,-0.121664,0.171223,0.572387,-0.212313,-0.953863
-0.628831,0.905831,0.079721,0.948866,0.664515,0.24106,0.984967,0.748651,0.712286,0.239178,-0.036163,-0.053828,0.487825,-0.282163,-0.922772
-0.01313,-0.802249,0.594179,-0.592403,0.479957,0.99156,0.335053,0.849634,0.058222,0.25275,-0.077732,-0.566471,0.138122,0.497768,-0.995532
0.616004,0.833966,0.910051,-0.064624,-0.979734,0.017707,0.659135,0.475773,-0.437465,0.09577,0.270633,0.156829,-0.502434,-0.254169,-0.910665
0.512694,0.439766,-0.803665,0.14038,-0.190032,0.344407,0.591024,0.247127,-0.244347,0.40864,0.402911,0.053328,-0.511571,-0.058657,-1.0
0.87343,-0.544241,-0.051304,-0.161322,0.25154,0.540751,0.754716,0.002369,0.204663,0.579383,0.138369,-0.197693,-0.15735,0.357346,-1.0
-0.11359,0.591674,-0.021065,0.730275,0.648454,-0.17495,0.486837,0.607453,0.365621,-0.152506,-0.327946,0.483576,0.276314,-0.370735,-1.0
-0.42026,-0.095099,0.821571,0.574639,-0.973227,0.648831,0.342369,0.389881,-0.288908,0.259827,0.416498,-0.593383,-0.24694,0.411406,-1.0
-0.185737,-0.984752,0.778828,-0.784526,0.765766,0.062142,0.390192,0.967404,0.255184,0.000491,-0.37865,-0.487462,0.348006,0.397672,-0.970658
0.588483,-0.446493,0.831386,-0.890716,-0.440511,-0.741886,0.93851,0.776939,-0.410057,-0.569538,-0.018756,-0.029998,-0.511063,-0.190097,-1.0
-0.489379,0.689931,0.586036,0.465033,0.161965,-0.565506,0.557488,0.221442,0.130208,-0.357503,-0.199288,0.459274,0.179585,-0.421706,-0.927496
0.185216,-0.085536,0.752524,-0.685312,0.860593,0.827183,0.377718,0.394779,0.14331,0.252829,-0.426466,-0.533808,0.294872,0.415333,-0.983364
0.964155,-0.306572,-0.973644,0.061299,-0.424662,0.531205,0.868691,0.312738,-0.402194,0.544621,0.133911,-0.020908,-0.417296,0.260304,-0.966868
0.922196,0.864673,-0.430846,-0.687346,0.240791,0.880515,0.926819,0.233128,0.244712,0.717463,0.007591,-0.044918,-0.539722,0.05848,-1.0
-0.402277,-0.511857,-0.097325,0.897208,-0.116668,-0.293285,0.150692,0.907228,-0.058224,-0.08108,-0.690462,-0.580079,0.365007,0.250871,-0.965447
-0.126993,0.565297,-0.847467,-0.42006,-0.659402,0.585599,0.783373,0.695415,-0.452946,0.418162,0.103404,0.044099,-0.543704,0.024041,-1.0
0.659259,0.542068,0.511316,0.468629,0.86898,-0.819875,0.31625,0.850882,0.149644,-0.218461,-0.032011,0.599289,0.017194,-0.508799,-0.991921
-0.141919,-0.599838,0.803439,-0.055275,-0.048905,0.461968,0.915238,0.193848,-0.119221,0.755137,-0.033978,0.003248,0.058509,0.449084,-1.0
-0.025464,0.519142,0.635644,0.60286,-0.432452,-0.754362,0.766475,0.491855,-0.322426,-0.531424,0.039906,0.277422,-0.162324,-0.488042,-0.966537
0.160034,0.90495,-0.422628,0.324187,0.342323,-0.886269,0.557678,0.364487,0.153603,-0.430796,-0.059405,0.499904,0.109563,-0.535553,-0.949311
0.730497,0.541117,0.480529,-0.966323,0.805344,-0.567526,0.153422,0.318109,0.134243,-0.043988,-0.011649,0.764598,0.132554,-0.507857,-1.0
-0.833881,-0.921185,-0.414719,0.566376,-0.203319,0.763073,0.496661,0.689704,-0.204772,0.391452,-0.150895,-0.472609,0.275366,0.494254,-0.931474
0.297658,0.583648,-0.567503,0.805553,0.162421,0.133161,0.892591,0.16065,0.524263,0.48303,0.054925,0.063006,-0.209674,-0.528985,-1.0
0.120525,-0.357118,-0.333471,-0.999584,0.478455,0.507741,0.740701,0.360079,0.379838,0.404182,-0.170896,-0.204858,0.140077,0.427494,-0.984507
0.299014,-0.863632,-0.899867,-0.391426,-0.659279,-0.731595,0.774206,0.621468,-0.443407,-0.524366,0.21588,-0.02309,-0.490876,0.04949,-0.976802
-0.239764,0.80677,-0.291039,-0.584037,-0.205078,-0.349223,0.113161,0.258494,-0.099206,-0.072981,0.046356,0.910924,0.002789,-0.492424,-0.916311
-0.239389,0.494019,-0.172286,0.280759,0.525426,0.67257,0.868207,0.868751,0.408337,0.64785,-0.140798,-0.025884,0.484946,0.162947,-1.0
0.602013,-0.95018,-0.394565,-0.741452,-0.462219,0.729477,0.969694,0.831424,-0.394365,0.629559,0.037424,-0.015427,-0.268035,0.383177,-1.0
0.034823,-0.876884,-0.358696,0.405183,0.85076,-0.565657,0.86184,0.644597,0.546933,-0.495091,-0.240975,-0.023451,0.467269,0.19055,-0.937479
-0.353187,-0.639291,0.401878,-0.282761,-0.232595,0.131038,0.087022,0.373579,-0.059516,0.181333,-0.223933,-0.754593,0.108889,0.45996,-0.909351
0.423595,-0.336746,0.115488,-0.776156,-0.317779,-0.145928,0.183347,0.428847,-0.11904,-0.041231,0.725992,-0.158074,-0.386756,0.131564,-1.0
-0.451171,-0.699743,-0.034833,-0.570672,0.952024,0.993846,0.518178,0.482832,0.300455,0.24038,-0.261811,-0.482966,0.322713,0.40732,-1.0
0.37256,0.262535,0.624244,0.282489,-0.51672,-0.789621,0.980499,0.427079,-0.409814,-0.631096,-0.029388,0.064621,-0.315398,-0.310272,-0.985584
-0.265158,0.994878,0.560779,0.952812,-0.694363,-0.301484,0.579648,0.404149,-0.466754,-0.274217,0.11866,0.356358,-0.183925,-0.524208,-1.0
0.783852,0.303774,0.701111,-0.840439,-0.603699,-0.218296,0.379822,0.995448,-0.242031,-0.072802,0.582833,0.139344,-0.432336,-0.198583,-0.944617
-0.253389,-0.540581,0.933005,-0.728031,-0.352936,-0.87655,0.83796,0.89099,-0.28743,-0.621715,0.081896,0.217916,-0.106677,-0.50131,-0.872385
-0.823511,-0.559046,-0.498323,0.779712,0.731887,-0.445428,0.003961,0.291526,0.056779,-0.005883,-1.0,-0.011692,0.513507,0.099622,-0.953611
0.148873,-0.312201,-0.863646,-0.806893,-0.004553,0.059054,0.730186,0.112461,-0.071594,0.583985,0.141693,-0.249247,-0.22284,0.446956,-1.0
0.479383,-0.07337,-0.717545,-0.125718,-0.835395,-0.749187,0.318925,0.49182,-0.215141,-0.200188,0.572531,0.41876,-0.429969,-0.263164,-0.998107
-0.289419,-0.031332,0.082858,0.160357,-0.938099,-0.210395,0.26744,0.199903,-0.091599,-0.055113,0.58482,0.185359,-0.53429,-0.023104,-0.966969
-0.469091,0.910884,0.733913,-0.775458,-0.136945,-0.612578,0.451149,0.431375,-0.041634,-0.409954,-0.0839,0.603356,0.102712,-0.518897,-0.966701
0.589427,-0.562392,-0.194445,-0.373551,-0.492727,-0.238176,0.159424,0.937899,-0.074209,-0.061516,0.886248,-0.318027,-0.47478,0.170334,-1.0
0.755725,0.163499,-0.148291,-0.902724,0.341009,-0.793268,0.551921,0.961145,0.210777,-0.381969,0.12315,0.448699,-0.104397,-0.523127,-0.978362
0.771561,-0.98432,0.839448,0.820527,0.757235,0.157391,0.050508,0.11431,0.027618,0.089677,0.089861,-0.820558,0.003235,0.528274,-1.0
0.579236,0.39894,-0.669088,0.987403,-0.03747,0.083904,0.511513,0.066328,-0.222997,0.395272,0.499037,0.258723,-0.394082,-0.202617,-0.98125
0.277773,0.35824,0.14733,0.352915,0.394692,0.248076,0.903246,0.514485,0.657316,0.406225,-0.150762,0.09096,0.413205,-0.343564,-1.0
-0.748795,-0.538825,0.248049,0.438809,-0.569136,-0.131359,0.365148,0.590821,-0.258483,0.056685,-0.230535,-0.615092,0.208503,0.43476,-0.988295
-0.658808,-0.36657,0.659726,0.217391,0.710418,0.897729,0.808436,0.679114,0.393718,0.458995,-0.083944,-0.15506,0.393503,0.346788,-1.0
-0.712166,-0.945104,-0.035295,0.34918,-0.377505,0.680175,0.680222,0.473246,-0.237317,0.471976,-0.102501,-0.333419,0.164575,0.526207,-1.0
-0.134353,0.228173,0.629661,-0.654987,0.15933,0.639299,0.762457,0.144779,0.093089,0.664176,-0.128276,-0.210805,0.26889,0.48617,-0.961497
0.952817,0.617066,-0.379455,0.942344,0.779653,0.695909,0.158486,0.672413,0.127829,0.169126,0.724134,-0.373487,-0.403257,0.19257,-1.0
0.181662,0.082985,0.325676,-0.674617,-0.258452,-0.60337,0.761278,0.825787,-0.202767,-0.613566,0.092923,0.263348,-0.27184,-0.464894,-1.0
-0.636355,-0.838891,0.826987,-0.619438,-0.267894,0.334348,0.113011,0.54167,-0.102458,0.006503,-0.321274,-0.972017,0.121897,0.505094,-0.982254
0.203457,0.545878,0.225928,-0.120679,-0.003508,0.519744,0.999293,0.801379,-0.049315,0.769684,-0.010163,0.007954,-0.369771,-0.033608,-0.959917
0.165046,0.701249,0.239186,0.326312,-0.055376,0.921867,0.456215,0.067675,-0.073732,0.258412,0.303528,-0.440689,-0.362964,0.267951,-1.0
-0.803547,-0.511734,-0.785253,-0.713411,0.610277,0.232453,0.468277,0.88277,0.313465,0.260756,-0.535268,-0.245696,0.41595,0.133689,-0.931891
-0.979418,-0.093969,0.897976,0.004779,0.255215,-0.997938,0.226739,0.277975,0.032502,-0.137424,-0.474317,0.474857,0.463844,-0.285588,-0.965047
0.137245,0.341685,0.422007,-0.749965,0.658193,-0.968643,0.506486,0.34417,0.294161,-0.348434,-0.097142,0.440023,0.180221,-0.441506,-0.95508
0.886755,0.917636,0.11946,0.481347,0.703983,-0.760079,0.089275,0.324486,0.055405,-0.063213,0.176332,0.83963,-0.029027,-0.523384,-1.0
0.037094,-0.983447,-0.445652,0.83403,-0.850682,-0.196321,0.349145,0.204079,-0.262961,0.004341,0.507651,-0.451524,-0.434074,0.282588,-0.933176
0.160895,0.877456,-0.676625,0.084427,-0.142424,0.73463,0.329481,0.248702,0.036029,0.309575,0.682648,0.390802,-0.476393,-0.191411,-0.951424
-0.148832,-0.148605,0.706006,0.686836,-0.09369,0.639806,0.975637,0.735868,-0.121109,0.82506,-0.058822,-0.080047,-0.032892,0.473331,-1.0
0.134812,-0.15055,-0.236519,-0.234081,0.114459,0.896467,0.605317,0.354035,-0.040159,0.505804,0.007917,-0.4183,0.059715,0.387056,-0.96285
0.742562,-0.216025,0.1709,0.805718,0.888568,-0.513958,0.132882,0.663053,0.073425,-0.057575,-0.26237,0.681442,0.227199,-0.492485,-1.0
0.118636,-0.198145,-0.598771,-0.625989,0.112208,-0.849773,0.764275,0.982423,0.017582,-0.629441,0.026794,0.214051,-0.002909,-0.537446,-1.0
-0.335806,0.806747,-0.660656,-0.995252,-0.956078,0.157178,0.628882,0.526744,-0.458263,0.125077,0.159365,0.234532,-0.354226,-0.441948,-1.0
-0.62269,-0.426952,-0.992747,0.705042,0.213875,0.811945,0.524269,0.326731,0.138095,0.312235,-0.239708,-0.455631,0.344952,0.437558,-1.0
0.864175,-0.276497,-0.904934,-0.983458,-0.474088,-0.723251,0.916884,0.003864,-0.446999,-0.588515,0.046219,0.087814,-0.448297,-0.134002,-1.0
-0.284602,-0.848914,-0.352205,-0.852303,-0.834164,0.755975,0.666584,0.973328,-0.482847,0.385954,0.112179,-0.271329,-0.133628,0.46584,-1.0
-0.657497,0.687478,-0.712537,-0.050253,-0.322035,0.589983,0.898767,0.530926,-0.330686,0.607172,-0.126191,0.028175,0.400269,-0.049596,-0.979143
0.598101,-0.5556,0.664329,0.45011,0.998313,0.529207,0.101359,0.704955,0.026266,0.044046,-0.337104,-0.838641,0.150407,0.48651,-1.0
-0.969551,0.190804,-0.209236,-0.928481,-0.680364,-0.400774,0.149366,0.887761,-0.075422,-0.01312,-0.27106,0.717653,0.151703,-0.50143,-0.999593
-0.797256,-0.022062,0.934114,-0.845911,-0.230472,-0.363875,0.831396,0.063633,-0.366497,-0.586325,-0.15041,0.028176,0.369239,-0.126215,-0.896609
0.271742,0.24455,-0.177283,0.389387,0.959099,-0.293039,0.263028,0.652103,0.17023,-0.084286,-0.503249,0.37326,0.446351,-0.308931,-1.0
-0.375629,-0.485806,-0.936201,-0.75793,0.632944,0.3797,0.030696,0.537124,-0.006143,-0.009683,-0.705295,-0.558262,0.395229,0.351705,-0.941739
0.110234,0.997229,0.349102,0.445155,0.659135,0.695394,0.897024,0.671868,0.569474,0.517341,-0.06129,0.041069,0.506402,-0.294953,-0.937189
-0.272739,-0.911625,0.553297,-0.581227,0.351711,0.73206,0.572775,0.642792,0.101051,0.463216,-0.101832,-0.365475,0.173577,0.451583,-1.0
0.143605,0.566706,0.052665,0.657127,-0.396294,0.545183,0.038543,0.084583,-0.109532,-0.015066,0.959957,0.040648,-0.542261,0.027798,-1.0
0.628714,0.612661,0.436061,-0.01849,-0.401105,-0.028123,0.318594,0.379841,-0.189887,-0.040481,0.603018,0.384232,-0.363558,-0.225185,-0.992505
0.614784,-0.777107,0.581356,-0.738272,-0.185476,0.254425,0.272048,0.125926,-0.169656,0.156867,0.514156,-0.492735,-0.248857,0.463955,-0.971645
0.824232,-0.768819,-0.363321,0.314193,-0.203993,-0.158322,0.778819,0.618418,-0.508802,-0.370794,0.160947,-0.111785,-0.43528,0.248972,-1.0
-0.620446,-0.981135,-0.325725,-0.059829,-0.245814,-0.935737,0.373886,0.553044,-0.028676,-0.335234,-0.69251,-0.020772,0.440897,0.079355,-0.977198
-0.804786,-0.492324,0.485784,0.152045,-0.473336,0.075497,0.051815,0.264714,-0.038444,-0.058778,-0.483694,-0.752994,0.226362,0.500021,-0.963945
-0.264384,-0.331744,-0.34217,0.962658,-0.538518,-0.338539,0.676569,0.267854,-0.41074,-0.216989,0.322446,0.031006,-0.480886,-0.032732,-1.0
-0.937115,0.256314,-0.421922,0.790248,0.653029,0.068126,0.774288,0.740269,0.657959,0.059892,-0.285181,0.06606,0.550474,-0.100855,-0.977993
0.411251,-0.202411,0.279382,-0.059211,0.843191,0.110705,0.711447,0.074035,0.549922,0.033112,-0.169537,-0.154917,0.486383,0.287296,-0.995392
0.805965,0.832036,-0.886263,0.727561,0.900942,-0.372245,0.418859,0.944049,0.287988,-0.060417,-0.028502,0.538629,0.053855,-0.448307,-1.0
-0.440923,-0.698437,0.477282,-0.320802,0.219656,0.898139,0.965776,0.740193,0.068189,0.78387,-0.078781,-0.017751,0.229981,0.410317,-0.95881
-0.847099,-0.774389,-0.084554,0.690272,0.916008,-0.956774,0.937506,0.74897,0.501114,-0.503151,-0.029816,0.027439,0.516199,-0.10217,-1.0
-0.075867,0.040709,0.925263,0.06514,0.812575,0.044367,0.723522,0.087641,0.538998,0.026871,-0.229102,-0.04791,0.50286,-0.038548,-0.981585
-0.296569,-0.969164,-0.820541,0.266593,-0.497161,0.567748,0.052252,0.676314,0.082238,-0.073019,0.168324,-1.0,-0.092323,0.490679,-1.0
-0.910741,0.061779,0.930486,-0.705488,-0.534463,0.133322,0.439041,0.887402,-0.336525,0.096595,-0.446859,-0.113339,0.437706,0.126994,-1.0
-0.876776,0.649427,0.74626,-0.265176,-0.153019,0.409902,0.760854,0.652471,-0.131701,0.550411,-0.245922,0.083658,0.527828,-0.145959,-1.0
-0.10689,-0.80084,-0.504189,-0.442812,-0.827004,0.754914,0.669312,0.021679,-0.442973,0.398753,0.174604,-0.320885,-0.220644,0.415687,-1.0
-0.159052,0.442462,0.259047,-0.957163,-0.197472,0.87448,0.450219,0.319358,-0.049258,0.371557,0.055595,-0.56921,-0.066597,0.490352,-1.0
-0.758061,-0.542479,0.614098,-0.519118,0.075933,0.858653,0.978011,0.694444,0.181413,0.650767,0.000287,-0.015379,0.300057,0.48371,-0.994905
-0.882922,-0.194646,0.246372,-0.711348,-0.953039,-0.472929,0.619829,0.438408,-0.413481,-0.230521,0.068499,0.282194,-0.120926,-0.393622,-1.0
0.480497,0.32799,-0.778671,-0.953336,-0.549866,0.372331,0.513626,0.525702,-0.428987,0.308587,0.515838,0.015154,-0.483407,-0.021024,-0.985633
0.504407,0.435401,-0.541657,-0.29571,0.735147,0.72788,0.634361,0.486619,0.393062,0.373069,-0.219171,-0.283229,0.371756,0.437199,-1.0
0.336781,0.427385,0.554298,-0.181175,-0.512233,0.991775,0.046334,0.898667,-0.011396,0.04697,0.771142,-0.463549,-0.434583,0.276112,-1.0
-0.534593,-0.275144,-0.844627,-0.310128,-0.340601,-0.097591,0.258071,0.599471,-0.198794,-0.002795,-0.562483,-0.515532,0.322707,0.278899,-0.963229
0.877336,0.170078,-0.652164,-0.619817,0.031563,0.955212,0.767738,0.019025,0.012225,0.557874,0.162184,-0.121774,-0.340136,0.389487,-1.0
-0.053414,-0.786399,-0.901173,-0.252053,-0.546928,-0.510753,0.621126,0.182707,-0.339323,-0.381398,0.364188,-0.16694,-0.413973,0.191246,-0.973481
0.406974,-0.191161,0.268552,0.866786,0.933153,-0.299209,0.80648,0.452844,0.67763,-0.135172,-0.08371,0.086144,0.492705,-0.090415,-1.0
-0.561542,-0.090868,-0.186305,-0.010072,-0.359433,0.110081,0.589109,0.961038,-0.445705,0.197252,-0.294666,-0.332976,0.341197,0.374987,-0.963819
0.17374,-0.143555,-0.553612,-0.978181,-0.456037,-0.408306,0.293069,0.711344,-0.177531,-0.139962,0.670468,0.319736,-0.382743,-0.144206,-0.998719
0.732122,0.039185,0.843375,0.302463,0.777102,0.273408,0.333526,0.497128,0.212376,0.114345,-0.174158,-0.584186,0.206354,0.529553,-1.0
-0.880992,-0.805773,0.112678,-0.622505,-0.309932,-0.526111,0.664255,0.75008,-0.328003,-0.421513,-0.32673,-0.204514,0.452519,0.205979,-1.0
-0.704909,0.139769,-0.845684,-0.268626,-0.953917,0.569706,0.122177,0.903598,-0.051147,-0.006485,0.353496,-0.802797,-0.267061,0.409096,-0.984221
-0.745293,0.282289,0.386261,0.508371,-0.565497,0.634511,0.251322,0.305954,-0.081438,0.096551,-0.335082,-0.688529,0.251957,0.349346,-1.0
0.218329,0.26069,0.179184,0.569456,0.150905,0.830104,0.26132,0.708794,0.036291,0.14896,0.111225,-0.765249,-0.116428,0.521465,-0.958285
0.257401,-0.407789,-0.451773,0.503076,0.86648,0.685912,0.144236,0.45195,0.087616,0.139512,-0.409985,-0.779321,0.223007,0.407008,-0.994071
0.781227,-0.923794,-0.396627,-0.745784,-0.738317,0.885571,0.46341,0.706271,-0.364685,0.285098,0.37889,-0.437737,-0.304787,0.385496,-1.0
0.667004,-0.374253,0.811495,-0.024159,0.924341,0.497871,0.953061,0.227193,0.669396,0.255183,-0.002378,-0.07112,0.058644,0.386399,-1.0
-0.505651,-0.811106,0.94486,-0.52124,-0.601479,-0.428517,0.47611,0.784985,-0.331471,-0.198834,0.063991,-0.50612,-0.196177,0.509731,-0.974966
0.134398,0.823737,0.688083,-0.430097,-0.594384,0.060041,0.932713,0.379429,-0.676057,0.072064,0.071615,0.035275,-0.296657,-0.413936,-1.0
-0.065448,-0.961307,0.699255,0.608085,0.210701,-0.051137,0.806555,0.230746,0.686775,-0.14229,-0.053913,-0.126938,0.111066,0.462055,-1.0
-0.576517,0.609641,-0.172566,0.394326,-0.093853,0.093678,0.37947,0.092537,-0.367159,0.207159,-0.371259,0.453242,0.422179,-0.350999,-1.0
0.461989,-0.787057,0.760796,0.453962,0.742199,-0.852059,0.080634,0.842513,0.050666,-0.03665,-0.910796,0.176077,0.556645,-0.171477,-0.885173
0.509424,-0.641372,0.176019,0.359628,0.797214,-0.653318,0.802215,0.544718,0.542676,-0.427557,-0.227872,0.026463,0.569693,-0.013653,-0.92401
-0.812057,-0.432967,0.164167,0.005937,-0.529031,0.215973,0.859598,0.46253,-0.629915,0.323197,-0.101142,-0.146759,0.205677,0.435596,-1.0
0.421796,-0.965803,-0.924006,-0.327398,0.303298,0.056657,0.934416,0.444084,0.733764,0.07385,-0.048565,0.031226,-0.05391,0.435775,-0.976
0.809532,-0.632052,0.918443,-0.49897,-0.500017,-0.830766,0.699816,0.593846,-0.287062,-0.554448,0.270517,0.048071,-0.492885,-0.061001,-1.0
0.217685,-0.778935,0.487671,-0.565917,0.361836,-0.515533,0.757557,0.509864,0.343388,-0.554703,-0.071059,-0.195911,0.132363,0.43381,-0.983084
0.101936,-0.484985,0.520954,0.420529,0.361264,-0.916,0.879849,0.702246,0.223088,-0.654583,-0.053798,0.056276,0.175544,-0.409594,-1.0
0.44693,-0.424441,0.491991,0.29009,0.191213,0.224053,0.759894,0.862995,0.404514,0.494302,0.100654,-0.228247,-0.21302,0.439616,-0.94098
0.525036,0.873899,-0.954128,0.115758,0.654119,-0.000167,0.109156,0.914532,0.15655,-0.030035,-0.156419,0.897448,0.040765,-0.493741,-1.0
-0.294166,0.038924,0.953942,-0.868838,0.490578,0.84324,0.455396,0.651321,0.178077,0.235096,-0.373184,-0.406322,0.317473,0.403085,-1.0
-0.820047,0.979267,0.118327,0.346511,-0.475148,-0.231145,0.541297,0.827213,-0.419839,-0.214411,-0.163589,0.421082,0.101742,-0.436311,-0.928644
0.44322,-0.925102,-0.318209,0.007875,-0.069203,0.123691,0.196806,0.669888,-0.092747,0.124585,0.317063,-0.692908,-0.266087,0.451661,-0.930672
-0.695081,-0.650529,0.909767,-0.693105,0.965194,-0.151632,0.606788,0.219071,0.598643,-0.035791,-0.376157,-0.112398,0.444756,0.156471,-0.977081
-0.735765,0.657698,-0.227809,0.667771,-0.28538,-0.869534,0.689869,0.642682,-0.132386,-0.463972,-0.032707,0.294043,0.110685,-0.506378,-0.93659
0.611744,0.526169,0.088193,0.081573,0.490071,0.909456,0.306807,0.384229,0.172159,0.245022,0.234972,-0.669778,-0.268396,0.526682,-1.0
0.267635,-0.078946,-0.58173,-0.831634,0.647618,0.953918,0.27615,0.382869,0.138087,0.160182,-0.221606,-0.676923,0.224892,0.4298,-1.0
0.663026,-0.399585,0.043352,-0.757628,0.274427,0.814813,0.577859,0.103073,0.274121,0.471462,0.148675,-0.42235,-0.168115,0.469361,-0.969185
0.458906,0.921028,0.234084,-0.356773,0.899698,-0.453784,0.795494,0.422614,0.673994,-0.33611,-0.095277,0.167747,0.189463,-0.563667,-1.0
0.838164,0.021263,-0.865129,-0.507041,0.287858,-0.038519,0.440493,0.766768,0.377672,-0.078958,0.560757,0.106073,-0.548021,-0.005202,-0.922638
0.838985,-0.916869,0.835426,-0.549655,-0.854329,-0.201249,0.705449,0.587585,-0.555046,-0.184012,0.297304,-0.192716,-0.484314,0.264301,-1.0
0.009074,-0.594406,0.641368,-0.955643,-0.080163,0.804676,0.614139,0.820849,-0.05727,0.503811,-0.017968,-0.397431,-0.081995,0.452904,-1.0
0.268018,-0.180061,0.363293,0.291794,-0.929896,-0.098192,0.035359,0.147422,-0.041918,-0.004749,0.96041,-0.104978,-0.505703,-0.028681,-0.987822
0.8861,-0.704648,0.561496,0.342824,0.586022,-0.075349,0.442888,0.674415,0.389099,-0.046475,0.25767,-0.464159,-0.266326,0.48962,-1.0
0.054988,0.32669,-0.955043,-0.863488,-0.091346,0.371053,0.468889,0.825339,-0.048949,0.410627,0.480575,-0.133985,-0.544583,0.172451,-0.95302
0.755702,-0.129142,0.343176,-0.904417,0.872609,0.81407,0.811447,0.206421,0.431648,0.445122,-0.038107,-0.094129,-0.006832,0.471077,-0.970853
0.18277,0.190275,-0.840063,0.143962,-0.639961,0.574865,0.157511,0.084393,-0.109972,0.107992,0.704675,-0.311456,-0.506352,0.182682,-0.940016
0.057948,0.417778,-0.016984,-0.49301,0.274733,-0.14102,0.115586,0.879347,-0.007773,-0.04707,-0.379706,0.789932,0.195729,-0.444047,-1.0
0.32388,0.192053,0.047242,-0.634793,-0.027766,-0.408222,0.859721,0.531972,0.057955,-0.737255,0.054749,0.059631,-0.306043,-0.493025,-1.0
-0.583702,-0.178961,0.272001,-0.654566,-0.395343,0.39594,0.050686,0.448679,-0.032924,0.113198,-0.28342,-0.923301,0.163765,0.475592,-0.933422
-0.243791,0.2485,-0.711072,0.56169,-0.609934,-0.758872,0.404641,0.473903,-0.185266,-0.221059,0.158497,0.625834,-0.190007,-0.515923,-1.0
0.206491,-0.235018,-0.147593,0.492459,0.524426,-0.640756,0.831645,0.202756,0.35745,-0.555945,-0.048248,0.049287,0.327645,-0.391984,-1.0
0.596602,-0.646572,-0.697975,-0.170248,-0.801622,-0.900634,0.036647,0.692783,-0.054744,-0.074854,1.0,0.230781,-0.410534,-0.05722,-1.0
0.677715,-0.926748,0.554172,0.795376,0.575485,0.779228,0.867991,0.825476,0.45074,0.582891,0.053489,-0.187415,-0.044902,0.48227,-1.0
-0.519756,0.998205,0.502801,0.21577,-0.245927,-0.827434,0.471992,0.612855,-0.101054,-0.35348,-0.081345,0.526943,0.063151,-0.443057,-1.0
0.599061,0.078389,0.699092,0.025554,0.029161,-0.134062,0.834019,0.906451,0.166505,-0.734135,0.076341,0.086496,-0.401925,-0.209912,-0.99154
-0.489803,0.494169,-0.00353,0.355841,0.937295,0.45869,0.217743,0.145149,0.09971,0.080179,-0.758391,-0.032558,0.552076,-0.017592,-0.966624
-0.465874,0.852652,0.790863,-0.368393,0.714326,0.237985,0.230602,0.675551,0.138829,-0.023624,-0.66491,0.409551,0.493597,-0.30011,-1.0
0.990382,-0.030847,0.728009,0.007339,0.441009,-0.850658,0.293344,0.292078,0.119955,-0.231757,0.37483,0.626718,-0.264768,-0.378535,-0.988445
-0.316355,-0.082947,-0.036625,0.222999,0.617773,-0.36812,0.470797,0.845155,0.218798,-0.222799,-0.596942,0.103823,0.50113,-0.146567,-0.903015
-0.197549,0.89877,-0.419099,-0.080626,0.262631,-0.714089,0.288051,0.582609,0.080599,-0.32478,-0.271359,0.669684,0.13429,-0.428051,-1.0
0.58166,0.532567,0.776559,0.712295,0.914053,-0.286739,0.067806,0.774698,0.019354,-0.000282,-0.384737,0.89373,0.178923,-0.506474,-1.0
0.450089,-0.670474,0.083697,-0.760685,-0.807414,0.131125,0.564859,0.337268,-0.391983,0.066483,0.34445,-0.23949,-0.352022,0.318184,-1.0
0.638565,0.893448,-0.797718,0.074014,-0.190537,0.911991,0.975868,0.668154,-0.095412,0.778524,0.077701,-0.056917,-0.519397,0.0615,-1.0
0.120413,0.104751,-0.204011,-0.473204,-0.948851,0.454947,0.004305,0.096393,-0.011886,-0.103586,0.990664,-0.227565,-0.42516,0.128032,-0.950517
0.197354,-0.96904,-0.590774,-0.279003,-0.002811,0.296439,0.649332,0.34275,-0.034332,0.445743,0.089724,-0.213244,-0.055201,0.542605,-0.963058
0.209906,0.946749,-0.735913,0.386267,0.056215,0.830273,0.682558,0.183513,-0.086085,0.544843,0.285686,0.139351,-0.447269,-0.243171,-0.978847
-0.039007,-0.103781,-0.80749,0.101875,0.937107,0.949825,0.699076,0.155076,0.353689,0.446974,-0.257339,-0.231235,0.370377,0.334223,-0.92199
-0.993516,-0.302147,-0.266736,0.181025,0.83426,-0.224361,0.434046,0.331789,0.368456,-0.130993,-0.601854,0.020286,0.418157,0.041472,-0.971457
-0.606392,0.861609,-0.792032,-0.704016,-0.053445,-0.04362,0.239303,0.146429,-0.142543,-0.167086,-0.396399,0.605146,0.247657,-0.478022,-1.0
0.749384,-0.055386,-0.233254,0.311323,0.712629,0.349251,0.385864,0.819144,0.242326,0.061458,0.081981,-0.563162,0.031066,0.442282,-1.0
0.699385,-0.533123,0.451106,-0.207476,0.216882,-0.74998,0.337716,0.914895,0.06307,-0.322542,0.582945,0.243809,-0.423861,-0.2217,-0.992604
-0.042965,-0.386705,0.12386,-0.845858,0.868087,0.779264,0.043998,0.681549,-0.011898,-0.031264,-0.590239,-0.815341,0.224547,0.260893,-1.0
0.420681,0.611669,-0.179483,0.374829,-0.554624,-0.826034,0.10592,0.342863,-0.052731,0.057112,0.541115,0.777413,-0.195655,-0.440971,-1.0
0.416473,0.427824,-0.529651,-0.768745,0.303847,0.414672,0.17334,0.552389,0.027009,0.083402,0.892695,0.119433,-0.380293,-0.070793,-0.961656
-0.458692,-0.861244,-0.222144,0.970387,0.287908,-0.781654,0.339841,0.98799,0.12792,-0.272296,-0.669534,-0.028594,0.493228,-0.119407,-1.0
-0.590495,-0.855375,0.199325,0.521702,0.285022,-0.55047,0.404964,0.698116,0.248381,-0.175268,-0.570662,-0.245337,0.422691,0.123522,-0.972523
-0.93126,0.927513,0.491331,-0.386161,0.64222,-0.365159,0.575187,0.637445,0.445145,-0.276329,-0.263361,0.290837,0.495572,-0.297008,-0.987796
-0.905497,-0.906919,-0.027208,-0.36872,0.521696,-0.456664,0.75564,0.976536,0.493713,-0.411614,-0.304908,-0.074771,0.449198,0.11257,-1.0
0.289397,-0.549752,0.265495,-0.800127,-0.37876,-0.286963,0.184662,0.931573,-0.148101,-0.122092,0.685295,-0.228037,-0.524194,0.182363,-1.0
-0.939309,-0.902571,0.043211,-0.232356,0.579079,-0.340013,0.23907,0.506438,0.21278,0.028878,-0.731356,-0.334806,0.441413,0.124451,-1.0
0.451827,0.059041,-0.736583,-0.092627,-0.576761,0.246823,0.878362,0.845332,-0.645802,0.228482,0.123532,-0.079734,-0.484056,0.118111,-0.975271
0.549582,0.979712,-0.842006,0.368477,0.129628,0.366286,0.03045,0.234519,-0.050799,0.037125,0.50569,0.856162,-0.256844,-0.447078,-1.0
0.006973,-0.274083,0.469663,0.267622,0.683334,-0.632054,0.0908,0.461488,-0.014277,-0.050626,-0.848972,0.374414,0.460372,-0.228004,-1.0
0.006308,0.988673,-0.61098,0.044829,-0.963258,0.739083,0.391758,0.605245,-0.25629,0.183211,0.562219,0.199573,-0.517885,-0.145718,-0.962437
-0.607399,0.993042,-0.012014,0.584581,0.87169,0.099796,0.314424,0.198794,0.140571,0.035406,-0.602712,0.295087,0.42813,-0.231795,-0.982951
0.432351,-0.74789,0.849741,0.561561,0.329984,0.539301,0.657407,0.506344,0.242743,0.427157,0.025899,-0.207999,-0.179917,0.491484,-0.947467
0.199698,-0.155557,0.615093,0.81812,0.748327,0.819762,0.954486,0.801594,0.501824,0.542212,-0.026592,0.058237,0.240179,0.459143,-0.980481
-0.736386,-0.390878,-0.840544,-0.579197,-0.139735,0.681216,0.891559,0.269395,-0.171026,0.702555,-0.024332,-0.057884,0.222968,0.382048,-1.0
0.770972,0.416448,-0.532697,0.315742,-0.456346,0.10521,0.603115,0.336235,-0.523365,0.048159,0.370577,0.117928,-0.434994,-0.132029,-0.939683
0.131709,-0.092364,-0.903174,0.624705,-0.737786,0.407053,0.961297,0.066487,-0.753257,0.326677,0.030614,-0.027746,-0.474403,0.24424,-1.0
0.930547,0.498376,0.622595,-0.594947,-0.168863,-0.623151,0.136925,0.626075,-0.019944,-0.085187,0.60185,0.638719,-0.378865,-0.335548,-1.0
-0.084272,0.255845,-0.499026,0.728188,0.849363,-0.106196,0.791134,0.612425,0.56735,-0.023169,-0.246587,0.030918,0.498974,-0.175365,-1.0
-0.713912,-0.316929,-0.81736,-0.865279,0.409861,-0.370465,0.973257,0.727599,0.51652,-0.49736,-0.036352,-0.076388,0.583896,0.025571,-0.980623
-0.763345,0.993404,0.805491,0.079542,0.271326,-0.099408,0.135995,0.237071,0.121874,0.053091,-0.556941,0.595778,0.367769,-0.365881,-0.998072
0.498556,-0.439886,0.45514,0.200669,-0.535633,-0.543751,0.0267,0.254493,0.015726,0.040743,0.879928,0.09557,-0.547539,-0.053947,-0.964096
-0.54295,-0.786921,0.694105,-0.867402,-0.07577,-0.81273,0.872417,0.073482,-0.067757,-0.688339,-0.060528,-0.009368,0.628983,-0.043795,-1.0
-0.721589,0.14193,0.109201,0.053189,0.340478,-0.188319,0.469878,0.537778,0.360141,-0.266387,-0.505286,0.113815,0.387427,-0.14277,-1.0
0.953048,-0.681425,0.66449,-0.397135,-0.23597,-0.624283,0.167937,0.265674,-0.008538,-0.163145,0.816262,-0.000718,-0.593287,0.023844,-0.955848
-0.563141,0.588137,0.410819,-0.770124,-0.666716,-0.842178,0.603589,0.111543,-0.349487,-0.419479,-0.088665,0.494617,-0.100593,-0.46366,-0.927125
-0.064259,-0.231236,0.644854,0.701276,0.018075,0.53557,0.730342,0.132566,0.074756,0.591717,-0.002305,-0.279781,0.007745,0.478321,-1.0
0.468636,-0.206725,-0.773878,-0.212131,-0.282875,-0.772278,0.293337,0.774925,-0.108335,-0.140695,0.530001,0.50182,-0.462616,-0.303083,-1.0
-0.689759,0.932041,-0.829121,-0.367227,0.645605,-0.502816,0.38434,0.354051,0.253186,-0.12893,-0.452396,0.505547,0.327626,-0.394049,-1.0
-0.849859,-0.912532,0.12233,-0.479661,0.843165,0.329269,0.724395,0.786189,0.567836,0.162692,-0.179554,-0.16921,0.449271,0.251268,-1.0
-0.937568,-0.398279,-0.139318,-0.082789,0.227709,-0.372762,0.549307,0.651464,0.224245,-0.327435,-0.415192,0.002263,0.459771,0.149161,-1.0
0.730813,-0.849028,0.114127,-0.477001,0.635645,-0.941607,0.441488,0.932278,0.222138,-0.251734,0.547341,0.319877,-0.498393,-0.284866,-0.961908
-0.741148,0.610731,0.033251,-0.353148,0.703699,0.112404,0.492316,0.088782,0.422875,0.165484,-0.512611,0.158482,0.441924,-0.124994,-1.0
-0.863662,0.143371,0.186801,0.501919,0.828762,-0.104224,0.997587,0.688948,0.875111,-0.007506,-0.062056,0.023032,0.479505,-0.051694,-0.992388
0.47014,-0.874992,-0.167736,-0.565613,0.27584,0.518512,0.738743,0.341259,0.219853,0.554601,0.0483,-0.274057,-0.108547,0.513767,-1.0
-0.847887,-0.786759,0.840438,0.573654,-0.244844,0.693295,0.187983,0.573808,-0.08087,0.093723,-0.245751,-0.705309,0.288436,0.449825,-1.0
-0.317474,0.282985,-0.361902,0.246159,0.424499,0.084364,0.604325,0.690258,0.519689,0.081907,-0.353707,0.109053,0.506516,-0.170834,-0.994972
-0.544139,-0.962473,-0.35819,0.344669,0.035994,0.413078,0.958463,0.1653,0.075111,0.738277,0.070151,-0.055752,0.206765,0.535812,-0.982989
-0.973232,-0.834731,0.244794,-0.211232,0.904044,-0.833079,0.593093,0.946687,0.338254,-0.293772,-0.425703,-0.070682,0.502726,-0.026337,-0.987438
-0.912077,0.024,0.60867,-0.740552,-0.216513,0.58492,0.462579,0.959793,-0.185387,0.438964,-0.508481,-0.42105,0.468552,0.315222,-1.0
-0.182768,-0.475245,-0.374762,0.215726,0.644781,0.468953,0.968286,0.055511,0.638884,0.38766,-0.027991,0.008687,0.360818,0.330195,-1.0
0.852399,0.77485,0.864546,-0.788852,-0.794748,0.691482,0.041338,0.88712,-0.008967,-0.031721,0.9923,0.017801,-0.431806,0.011012,-0.998485
0.119991,-0.702341,-0.575527,0.394291,0.29913,-0.819959,0.508018,0.053209,0.184322,-0.387655,-0.368014,0.251769,0.353969,-0.223263,-0.985421
0.090947,0.276672,0.764668,-0.069992,-0.857738,-0.470773,0.690872,0.001049,-0.48131,-0.251133,0.2256,0.114016,-0.40506,-0.301894,-1.0
-0.402083,-0.067985,0.558316,-0.730957,-0.799592,0.49373,0.6678,0.466115,-0.465415,0.302372,0.146133,-0.364637,-0.31779,0.479666,-1.0
0.77614,-0.931816,0.91473,0.628964,-0.684601,-0.782281,0.111208,0.854186,-0.0303,-0.053735,0.910085,-0.084372,-0.478303,0.097249,-1.0
-0.848085,-0.437201,0.547505,0.121729,0.191239,0.101961,0.95659,0.773163,0.714049,0.422767,0.062045,-0.058418,0.468806,0.23414,-0.849854
-0.461166,-0.542891,0.630809,-0.587746,0.797788,-0.866436,0.14012,0.320996,0.087125,-0.037929,-0.800051,0.177767,0.596013,-0.119043,-0.948697
0.893663,0.987143,-0.851814,0.79675,-0.607572,0.3448,0.10218,0.660453,-0.036118,-0.057232,0.77642,0.290555,-0.4355,-0.22323,-1.0
-0.876857,0.279388,-0.622508,0.785019,-0.298976,0.40067,0.840077,0.695226,-0.464793,0.568304,-0.161455,-0.112527,0.401927,0.112832,-0.846988
0.781272,-0.93121,-0.870597,0.747203,0.104518,-0.765415,0.680177,0.344365,-0.011187,-0.526566,0.357799,-0.102937,-0.461052,0.179724,-0.97964
0.510228,-0.003009,-0.534182,0.531162,-0.897161,-0.790574,0.278801,0.838403,-0.211171,-0.219385,0.642704,0.347868,-0.510873,-0.275423,-1.0
-0.869427,-0.946701,0.03301,-0.196784,0.835927,0.946954,0.0924,0.015402,0.030157,0.027834,-0.73525,-0.58598,0.356548,0.304757,-1.0
0.896239,-0.236997,0.026933,0.467533,-0.421725,-0.992207,0.479077,0.224523,-0.169198,-0.46889,0.379723,0.353153,-0.408071,-0.206589,-0.951922
0.532111,0.839134,-0.452966,-0.079217,0.87787,-0.730093,0.483795,0.376575,0.276085,-0.346048,-0.151179,0.499406,0.120481,-0.498626,-0.963404
0.668774,-0.742119,0.358249,0.928392,0.325402,0.760486,0.612055,0.948396,0.196661,0.498375,0.116098,-0.365056,-0.106447,0.493826,-1.0
0.024147,-0.463932,0.289604,0.942734,-0.26008,0.211184,0.299234,0.72898,-0.196102,0.218132,0.320843,-0.630008,-0.295889,0.475243,-1.0
0.076637,0.771911,0.964951,0.839098,-0.317675,0.908721,0.987755,0.378355,-0.33597,0.741601,0.008022,0.017461,-0.472416,0.193178,-0.916392
0.923377,0.177137,0.193154,-0.485593,0.527759,-0.697274,0.755272,0.785721,0.245391,-0.480455,0.026446,0.145659,-0.145451,-0.437624,-1.0
0.530924,0.856077,0.274156,-0.189789,-0.242715,-0.826686,0.346934,0.078623,0.032491,-0.340945,0.323302,0.568906,-0.27275,-0.42487,-1.0
-0.453558,-0.778841,-0.05785,0.058,-0.357232,-0.080263,0.77695,0.561801,-0.575144,-0.095642,-0.064339,-0.268066,0.021147,0.397828,-0.987914
-0.003232,0.492672,-0.884114,-0.093674,0.831011,0.476743,0.430225,0.060456,0.387335,0.175902,-0.607205,0.089895,0.481406,-0.036032,-1.0
0.908031,0.367524,-0.232915,0.334065,-0.017125,0.26759,0.429928,0.066199,-0.10757,0.365401,0.506508,0.126882,-0.484545,-0.119421,-1.0
-0.736909,0.054265,-0.345262,-0.932411,0.399593,0.909105,0.418813,0.120531,0.220092,0.242005,-0.469988,-0.331307,0.425535,0.337606,-1.0
-0.49565,-0.016335,-0.786283,0.255214,-0.621998,0.917442,0.657352,0.954921,-0.312486,0.473299,0.086512,-0.398219,-0.077585,0.524847,-0.927514
0.802171,0.911278,-0.776307,-0.914925,0.659423,0.675303,0.729966,0.95289,0.488476,0.429189,0.04124,0.145365,-0.268155,-0.375177,-1.0
-0.716322,-0.144117,0.570375,-0.080327,-0.894962,0.590266,0.891889,0.364936,-0.537977,0.449398,-0.091431,-0.129025,-0.205827,0.486133,-0.994425
0.940978,0.374013,0.284786,-0.634834,0.98849,0.07907,0.982228,0.312434,0.694396,0.037975,0.041382,0.020068,0.01553,-0.48179,-0.956393
0.962167,-0.418981,-0.715188,-0.859986,0.270657,0.942679,0.302881,0.54157,0.06792,0.264955,0.360466,-0.6799,-0.232986,0.443851,-1.0
-0.256208,0.011635,0.349888,-0.979857,0.72944,0.278592,0.561576,0.382459,0.424506,0.206719,-0.430244,-0.179545,0.449066,0.114059,-0.960295
0.426208,0.609445,-0.645993,-0.179,-0.718848,-0.019588,0.848192,0.383273,-0.709251,0.01696,0.140911,0.090471,-0.42596,-0.22561,-1.0
0.555454,0.438256,-0.762742,0.651176,-0.767314,-0.722896,0.142773,0.508023,-0.077277,-0.090686,0.644654,0.521957,-0.427902,-0.360207,-0.961126
0.945486,0.146275,-0.63332,0.320129,-0.737578,-0.700998,0.937573,0.004391,-0.490817,-0.517458,-0.00777,-0.022537,-0.560461,-0.277054,-1.0
-0.131721,0.874901,0.066256,0.378412,0.795788,0.66253,0.057486,0.94306,0.057211,0.016668,-0.924903,0.172491,0.467916,-0.075616,-1.0
-0.853261,-0.687089,0.06654,-0.400614,0.765752,0.279743,0.705414,0.76444,0.529338,0.107201,-0.262887,-0.120226,0.458999,0.298496,-0.955247
-0.534101,0.693685,-0.397249,0.476558,-0.544887,0.753864,0.07697,0.635211,-0.003387,0.043956,0.227915,-0.964174,-0.07302,0.49227,-0.95672
-0.155011,-0.003794,-0.352869,0.746885,-0.613555,-0.942166,0.720419,0.962136,-0.374259,-0.46149,0.057537,0.201092,-0.241564,-0.51511,-1.0
-0.647972,-0.663197,0.349119,0.191689,-0.348304,0.936255,0.699372,0.462708,-0.23383,0.530932,-0.054034,-0.329994,0.002859,0.425681,-0.950417
0.891095,0.682844,-0.47125,0.403691,-0.052117,-0.210925,0.724113,0.694046,-0.213387,-0.611874,0.286792,0.022387,-0.342696,-0.346158,-1.0
0.228326,-0.103782,-0.230173,0.655678,-0.871746,0.01827,0.002208,0.520683,0.017263,-0.046329,1.0,-0.082967,-0.49094,-0.065688,-0.924778
-0.549083,-0.267175,-0.426158,0.335893,0.095382,0.717915,0.599662,0.513279,0.06437,0.398561,-0.307836,-0.381328,0.259176,0.457758,-0.980099
0.940775,-0.575023,-0.796477,0.764655,-0.871939,-0.260314,0.677873,0.374778,-0.549472,-0.138929,0.220696,-0.099033,-0.48082,0.029957,-0.990022
-0.584101,-0.750156,-0.897863,0.762176,-0.84509,-0.586424,0.692746,0.306954,-0.4193,-0.332071,0.168619,-0.088144,-0.322012,0.299217,-0.9678
0.114322,0.646878,0.619234,0.394936,-0.969741,-0.998008,0.158642,0.385285,-0.187019,-0.091643,0.444622,0.785226,-0.248312,-0.426503,-0.96549
-0.440505,0.440606,0.425905,0.992478,0.651238,0.10504,0.295653,0.705696,0.185337,0.061694,-0.707623,0.180472,0.455466,-0.207981,-1.0
-0.416652,0.691537,-0.513343,0.534702,0.191198,-0.351334,0.094986,0.940102,0.041258,-0.166803,-0.446827,0.719037,0.173499,-0.405835,-1.0
0.429327,0.12385,0.927647,-0.881223,-0.489406,-0.815396,0.390136,0.760052,-0.178272,-0.223624,0.311286,0.379325,-0.408456,-0.415017,-1.0
-0.707719,-0.348671,-0.009009,-0.473509,-0.512608,0.557306,0.688236,0.771788,-0.341737,0.337619,0.01622,-0.350434,0.12918,0.44602,-1.0
-0.793983,-0.11289,0.463413,-0.457569,0.207775,-0.510655,0.204321,0.011835,-0.010272,-0.080016,-0.829269,0.286963,0.472866,-0.118579,-0.940329
0.917268,-0.69692,-0.55117,-0.932013,0.958784,-0.391826,0.953793,0.621513,0.669809,-0.318585,-0.013198,-0.045468,0.101279,0.505541,-1.0
-0.835225,0.067622,0.978781,0.218071,0.183168,-0.071015,0.063765,0.054298,0.079279,-0.030175,-1.0,0.113532,0.591163,-0.116178,-1.0
-0.867075,-0.328089,-0.922975,0.721355,-0.701986,0.720488,0.457425,0.603959,-0.238993,0.198225,-0.10552,-0.497716,0.071086,0.464439,-0.998018
-0.400758,-0.421025,-0.472432,-0.95156,0.758459,-0.413159,0.204052,0.544479,0.174812,-0.13697,-0.844179,-0.042784,0.495961,-0.068942,-0.959015
-0.843361,-0.617418,0.900247,-0.460341,0.558602,-0.670002,0.305516,0.703682,0.175956,-0.218139,-0.752925,0.057556,0.4886,-0.024512,-1.0
-0.219741,0.364757,-0.933152,-0.693581,-0.914869,0.344103,0.979685,0.344234,-0.724331,0.287135,-0.015826,-0.008169,-0.496454,-0.064777,-1.0
0.933828,0.903042,0.108513,0.727139,0.641877,0.990498,0.822814,0.725408,0.340855,0.552388,0.181221,-0.09974,-0.542856,0.158472,-1.0
0.418017,-0.23207,0.000886,-0.039636,-0.493341,-0.973973,0.151625,0.156583,0.015137,-0.11932,0.708134,0.50527,-0.382062,-0.290606,-1.0
-0.581306,-0.893876,-0.567737,-0.65099,0.243563,-0.395741,0.025543,0.254175,-0.060755,0.028321,-0.830467,-0.561198,0.422982,0.291783,-0.983154
-0.566613,0.506084,-0.539531,-0.278785,0.281348,-0.983383,0.524172,0.042355,0.050087,-0.443009,-0.312012,0.504817,0.210432,-0.534398,-1.0
-0.987218,0.415319,-0.781259,-0.514042,0.387522,0.534859,0.673464,0.572238,0.303114,0.388395,-0.326606,0.041746,0.482669,0.018567,-0.936536
-0.880623,-0.709794,0.323173,0.777875,0.775854,-0.878604,0.703381,0.934775,0.363641,-0.455983,-0.27169,0.073906,0.573042,-0.075468,-1.0
-0.808142,-0.490614,-0.655604,-0.38982,-0.298214,0.725452,0.341252,0.535219,-0.094863,0.332459,-0.1719,-0.631965,0.144378,0.40224,-1.0
0.933184,-0.144939,0.087552,-0.635617,0.460941,-0.581601,0.632985,0.410534,0.357003,-0.382593,0.330215,0.270572,-0.397699,-0.367446,-0.947455
-0.892678,-0.011486,-0.530622,-0.377919,-0.632572,0.34458,0.435418,0.329011,-0.243179,0.094506,-0.390336,-0.432414,0.310834,0.4413,-1.0
-0.625375,0.922162,0.980498,-0.061798,0.997274,0.847985,0.68494,0.126517,0.407123,0.311689,-0.300931,0.030291,0.474527,-0.03076,-0.988028
0.947365,0.415282,0.438003,0.559449,-0.296157,0.318908,0.320676,0.277472,-0.183888,0.093649,0.642593,0.008834,-0.573197,-0.106539,-0.953214
0.76432,0.896207,0.043584,-0.319628,0.53178,-0.085398,0.874393,0.590678,0.609514,-0.074968,0.01985,0.037359,-0.140966,-0.462691,-0.917763
0.432711,0.780254,0.245922,0.478918,-0.632438,-0.271636,0.065144,0.524227,-0.109162,-0.079274,0.687948,0.643672,-0.355154,-0.375693,-1.0
0.944626,-0.808429,0.841219,-0.404388,0.526226,-0.227799,0.76835,0.237212,0.573429,-0.167644,0.19259,-0.159234,-0.363492,0.327958,-0.926723
0.001783,0.690294,0.893155,0.928303,0.819608,0.186761,0.83959,0.450302,0.644573,0.152527,-0.167829,0.020229,0.454421,-0.228941,-1.0
0.969829,0.409043,0.028928,0.709923,0.924849,-0.660638,0.790964,0.803727,0.478807,-0.33857,-0.043053,0.190042,0.003232,-0.588022,-1.0
-0.275315,0.912031,0.548588,-0.026073,-0.381783,0.121007,0.744324,0.57258,-0.595542,0.070164,0.066028,0.192794,-0.174599,-0.511209,-0.997349
0.693929,-0.889686,0.310304,-0.68468,-0.023088,0.824422,0.979809,0.077365,-0.014605,0.778633,0.027377,-0.070946,-0.16376,0.431795,-0.914937
0.905131,-0.319177,0.445077,-0.065962,0.940499,0.910095,0.046013,0.843879,-0.070408,0.066048,0.00433,-0.975196,-0.02267,0.484637,-0.947206
0.548225,-0.398626,-0.932694,0.726121,-0.107252,0.242305,0.264662,0.653395,-0.043481,0.21006,0.539906,-0.454393,-0.369234,0.358892,-0.953863
0.276783,-0.962219,-0.321761,0.53635,-0.898472,0.570729,0.988375,0.899737,-0.69418,0.481437,-0.031864,-0.086267,-0.304235,0.335096,-1.0
0.548179,-0.448338,0.174425,-0.138957,-0.428938,0.165915,0.418184,0.681962,-0.316004,0.103569,0.524063,-0.305486,-0.40486,0.271302,-0.97608
-0.127491,-0.475673,0.145221,0.950105,-0.456577,-0.576828,0.474925,0.524032,-0.229599,-0.301334,0.4976,0.075179,-0.471512,-0.037517,-1.0
-0.31492,-0.558684,0.82317,-0.713498,-0.982486,0.196954,0.026469,0.581459,-0.035014,-0.017893,0.612516,-0.799026,-0.373221,0.474013,-1.0
0.185823,0.363773,-0.901948,-0.785769,-0.280806,0.706809,0.020387,0.523642,0.020311,-0.122748,0.70852,-0.583358,-0.383613,0.27761,-1.0
-0.184314,-0.652285,-0.159088,-0.676215,-0.848224,0.318343,0.111812,0.085302,-0.084349,0.008487,0.522782,-0.700121,-0.31603,0.465335,-1.0
0.407086,0.594499,0.221666,-0.335302,-0.014089,-0.874602,0.164407,0.099919,-0.0559,-0.024656,0.259388,0.811422,-0.112961,-0.494424,-1.0
-0.435042,0.661177,0.191699,0.667692,-0.745128,0.924791,0.716452,0.078094,-0.332304,0.393701,0.30191,-0.125909,-0.299008,0.288097,-0.973267
-0.06528,-0.062852,0.996175,-0.646852,0.547791,-0.820238,0.860641,0.730173,0.3403,-0.67341,-0.090669,0.057998,0.32752,-0.458647,-1.0
0.217749,-0.182549,0.685509,0.483686,-0.06573,0.462305,0.920916,0.530651,-0.179719,0.749562,0.034604,-0.087882,-0.111174,0.421294,-0.889302
0.071212,0.712501,-0.427206,-0.241348,0.808682,-0.517912,0.006791,0.379916,0.043209,-0.016781,-0.510943,0.795337,0.164186,-0.485587,-1.0
0.204988,0.286886,-0.224054,0.92724,-0.765127,-0.69698,0.605045,0.46248,-0.361421,-0.268414,0.363548,0.301239,-0.373139,-0.394683,-1.0
0.688078,0.808144,0.34309,-0.681894,-0.756179,-0.266793,0.724483,0.823667,-0.626241,-0.212888,0.311613,0.14585,-0.326805,-0.322084,-0.920361
-0.654363,0.50623,0.283634,-0.518099,0.734578,0.680471,0.610974,0.174604,0.270398,0.379782,-0.353645,-0.069744,0.433355,0.003826,-0.932326
0.807288,0.099993,-0.74919,0.781518,0.972681,-0.554057,0.44082,0.238783,0.384767,-0.162634,-0.198018,0.607718,0.019799,-0.402669,-0.99125
-0.539885,-0.178369,0.76948,0.554619,0.416354,0.055925,0.112864,0.889582,0.105693,-0.007065,-0.835986,-0.218808,0.514964,0.144016,-1.0
-0.162489,-0.035046,-0.490184,0.954749,0.450116,-0.67927,0.032576,0.113623,0.024562,-0.058663,-0.638302,0.660907,0.417591,-0.355215,-1.0
-0.063168,0.568556,0.774598,0.345849,-0.046504,-0.224209,0.52031,0.511108,-0.029409,-0.406275,-0.04661,0.498548,-0.031382,-0.449284,-0.952336
-0.55536,0.018411,-0.84009,0.143226,-0.887078,0.162171,0.953924,0.292287,-0.654856,0.141841,0.038777,0.011107,-0.511613,0.158598,-0.926933
-0.860856,-0.873424,-0.995818,0.765534,0.241689,0.090288,0.918729,0.19003,0.662119,0.33988,-0.055113,-0.067619,0.450358,0.345752,-1.0
0.328796,-0.333601,0.155612,-0.369142,0.164026,0.498577,0.963411,0.525076,0.20876,0.792479,-0.026062,-0.038848,-0.098541,0.520356,-1.0
0.645515,0.480515,0.631821,-0.488238,0.794667,-0.767035,0.133585,0.757252,0.121046,-0.038312,-0.140502,0.889627,0.021639,-0.447107,-0.952991
-0.158934,-0.427156,-0.274812,-0.813497,0.947549,0.640137,0.767869,0.484052,0.46937,0.369828,-0.20643,-0.136227,0.377215,0.299071,-0.976969
0.138889,-0.934356,0.707827,0.298166,0.319773,0.382056,0.319125,0.546213,0.099744,0.213869,-0.001585,-0.677697,0.058445,0.465961,-0.988578
0.248052,0.15432,-0.715421,0.795733,0.776003,-0.030021,0.273718,0.937917,0.233734,0.036428,-0.629617,0.21817,0.520057,-0.141403,-1.0
-0.638579,-0.567278,0.190895,-0.046702,0.283678,-0.484231,0.835992,0.452906,0.324847,-0.552787,-0.191184,-0.051385,0.554855,0.059964,-0.991377
-0.118642,-0.167276,0.789489,0.244293,0.535167,-0.195413,0.633876,0.100506,0.425623,-0.155592,-0.32707,0.065602,0.426351,-0.009743,-1.0
0.638766,-0.044705,0.456718,0.916962,-0.477144,0.057986,0.328368,0.830093,-0.25724,-0.023178,0.672055,-0.073113,-0.50456,0.071203,-1.0
0.191637,-0.368931,0.642302,0.459308,0.399123,-0.959617,0.394775,0.171621,0.101686,-0.248204,-0.192709,0.527037,0.070274,-0.424478,-1.0
-0.534801,-0.985201,-0.475366,0.093445,-0.780334,-0.122481,0.651925,0.283591,-0.540229,-0.077384,-0.007347,-0.249906,-0.180205,0.437777,-0.95564
-0.664526,0.271231,-0.718965,0.713683,0.945044,-0.37874,0.797375,0.806692,0.500003,-0.280316,-0.083659,0.068968,0.438367,-0.192027,-1.0
0.872691,0.377302,-0.254434,-0.750384,0.3935,-0.683069,0.951918,0.167677,0.320843,-0.659932,0.063173,0.034421,-0.183969,-0.492027,-0.882724
-0.422658,-0.971671,0.974215,0.365684,0.50503,0.480565,0.294933,0.019253,0.172751,0.137204,-0.346394,-0.588947,0.129285,0.421513,-0.951421
-0.674026,-0.719729,-0.993033,-0.353047,-0.240887,0.931701,0.691266,0.180099,-0.1398,0.606235,-0.033513,-0.28708,0.151366,0.464025,-1.0
-0.922115,0.138936,0.469061,0.448832,0.187655,0.831955,0.022633,0.30942,-0.021471,0.088381,-0.889493,-0.516724,0.468319,0.183605,-0.920661
-0.769373,0.311486,-0.400413,0.875552,-0.868023,-0.676258,0.858267,0.00264,-0.528888,-0.400906,-0.036317,0.151194,-0.007418,-0.523579,-1.0
0.442445,-0.439722,-0.097836,-0.819581,0.51777,0.823102,0.107767,0.116308,0.040575,0.092768,0.014654,-0.862244,-0.034786,0.507586,-1.0
-0.834365,-0.724475,-0.81187,-0.202708,0.819958,0.961061,0.831399,0.710526,0.443731,0.561796,-0.126552,-0.078527,0.265803,0.40105,-1.0
0.565119,0.003287,0.952844,0.550417,-0.216362,-0.823889,0.394876,0.917701,-0.133062,-0.371372,0.445515,0.458782,-0.280925,-0.43452,-1.0
0.362676,0.428161,-0.80269,0.337085,-0.708467,0.740192,0.758919,0.92217,-0.440984,0.517263,0.216494,0.025163,-0.543245,0.243019,-1.0
-0.347485,-0.746113,0.219293,0.119809,-0.91856,-0.697746,0.112163,0.035731,-0.073292,-0.117317,0.871678,-0.076865,-0.504126,0.035034,-1.0
-0.011136,0.146569,0.139661,0.122235,0.751129,-0.199392,0.897901,0.997167,0.643241,-0.205401,-0.04068,-0.034677,0.466598,-0.211706,-1.0
0.996488,0.65817,-0.618687,-0.491055,0.863782,-0.647404,0.644703,0.912281,0.416789,-0.187067,-0.054122,0.342584,-0.153535,-0.529589,-1.0
0.347066,-0.135124,-0.745448,-0.984539,-0.490877,0.859713,0.533467,0.222776,-0.23308,0.440333,0.298085,-0.340873,-0.325937,0.397483,-1.0
-0.8622,0.094149,-0.22238,-0.076602,-0.153264,-0.641163,0.206322,0.862722,-0.037753,-0.218526,-0.501617,0.475963,0.391283,-0.346123,-0.936924
0.509843,0.866028,0.511278,-0.358926,0.0116,0.762362,0.200348,0.232334,-0.002961,0.219837,0.814087,0.143351,-0.518238,-0.145107,-0.965719
-0.773176,-0.989516,0.911306,-0.025971,0.048065,-0.444012,0.408187,0.015886,0.091443,-0.32202,-0.480742,-0.297103,0.462227,0.210251,-0.903692
-0.141454,-0.650851,0.264646,0.169497,0.959411,-0.31247,0.956915,0.906788,0.688834,-0.223746,-0.007051,-0.016471,0.476142,0.15984,-0.984306
-0.700619,-0.019978,0.367685,0.680851,0.954631,-0.307592,0.536603,0.560139,0.401498,-0.04339,-0.519603,0.107697,0.504736,-0.126812,-0.983156
0.228843,-0.310759,0.569673,-0.947066,0.773379,0.188307,0.011682,0.742921,0.081593,-0.017767,-0.677008,-0.701188,0.332428,0.381494,-0.99015
0.503001,0.695429,-0.984811,-0.013366,-0.93416,-0.261541,0.54483,0.256706,-0.398518,-0.136851,0.386098,0.24418,-0.427276,-0.306308,-1.0
0.827508,0.348095,0.985322,0.239537,0.735714,-0.87203,0.115903,0.983305,0.072529,-0.052461,0.130208,0.904517,-0.143694,-0.497873,-0.993262
0.958829,-0.077707,-0.199598,0.963404,0.990065,0.169354,0.914083,0.975485,0.806064,0.144661,0.086956,-0.066065,0.011038,0.546981,-0.889419
-0.021282,-0.310342,-0.421015,-0.091235,-0.016707,0.719442,0.695925,0.006099,-0.005301,0.498587,0.04038,-0.237546,-0.037675,0.42862,-0.898651
0.953185,-0.042788,-0.329755,-0.745832,-0.23657,-0.657285,0.240782,0.65859,-0.106398,-0.106585,0.596716,0.430146,-0.472252,-0.24131,-1.0
0.127519,0.857923,0.660701,0.104784,0.44885,0.416746,0.338198,0.007372,0.13921,0.113203,-0.387211,0.461252,0.454648,-0.455083,-0.988258
-0.022124,-0.226871,-0.544495,-0.532478,0.550547,0.820376,0.915957,0.180481,0.414628,0.652909,-0.040476,-0.178075,0.282585,0.436162,-1.0
-0.651143,0.940485,0.892605,-0.600344,-0.108188,-0.334906,0.500373,0.375347,-0.142728,-0.478345,-0.279938,0.540987,0.126216,-0.472902,-1.0
0.731495,0.389571,-0.077798,0.181908,-0.300288,-0.339004,0.92414,0.955426,-0.485418,-0.584713,0.014464,0.059241,-0.454335,-0.344588,-0.961301
0.171665,-0.673467,0.758069,0.963425,-0.932313,-0.723914,0.537617,0.529211,-0.352935,-0.329964,0.530319,0.067012,-0.424721,-0.032379,-1.0
-0.417844,0.362605,-0.987167,-0.910941,-0.569935,0.228303,0.972132,0.627025,-0.637031,0.216,0.02117,0.065975,-0.375762,-0.310243,-1.0
-0.67485,0.342933,-0.628898,-0.440946,0.098593,-0.808983,0.559945,0.254197,0.096413,-0.492548,-0.269608,0.388449,0.171513,-0.420243,-0.973564
0.091311,0.438968,-0.273429,0.532421,0.311618,0.980531,0.824308,0.250376,0.142114,0.602279,-0.041797,-0.20632,0.245856,0.503018,-0.938312
-0.031514,-0.295087,-0.937899,0.779598,0.410379,0.5631,0.706128,0.889067,0.358299,0.500815,-0.081505,-0.283278,0.316259,0.476375,-0.924411
0.598711,0.302246,-0.085894,-0.24867,-0.564651,0.254672,0.366643,0.826569,-0.283806,0.150469,0.606296,0.043244,-0.580637,0.013796,-1.0
0.372776,0.040969,-0.251314,0.007317,-0.9973,0.894546,0.49261,0.07218,-0.33488,0.2112,0.323358,-0.249236,-0.423045,0.164956,-0.964793
0.554005,-0.511159,-0.040396,0.720724,0.415648,-0.362978,0.321734,0.674623,0.233805,-0.112082,0.526952,-0.494486,-0.327766,0.389298,-1.0
0.274612,-0.866918,-0.016877,-0.399212,-0.204853,0.642807,0.329464,0.325285,-0.035004,0.222804,0.292786,-0.642806,-0.126577,0.496718,-1.0
-0.810062,-0.636949,-0.371237,-0.669293,0.443126,0.28122,0.900633,0.451287,0.518876,0.312741,-0.116729,-0.031092,0.391111,0.323234,-1.0
-0.44572,0.779583,-0.254024,-0.081158,0.097233,0.945383,0.342409,0.01442,0.056671,0.32723,-0.586748,-0.156362,0.462815,0.215459,-1.0
-0.470032,-0.371129,-0.773694,0.659057,-0.244981,0.059206,0.47555,0.18,-0.386707,0.075696,-0.262535,-0.507327,0.225404,0.485192,-0.972633
-0.45751,-0.131246,0.576686,0.45248,-0.41235,0.767638,0.0609,0.385543,-0.040239,-0.007597,-0.064225,-1.0,-0.050706,0.478887,-0.99442
-0.059463,0.687581,0.139708,0.853562,0.906883,0.941556,0.728101,0.160405,0.365332,0.417831,-0.265281,-0.061837,0.491233,0.101192,-1.0
-0.243812,0.146142,0.334033,-0.499038,0.614751,-0.570746,0.425593,0.355864,0.238177,-0.240777,-0.371637,0.384266,0.344039,-0.34256,-0.913308
-0.338732,0.380857,0.190324,-0.840863,0.65101,0.485615,0.445076,0.817399,0.277316,0.220153,-0.582012,0.028935,0.519294,0.05031,-1.0
-0.173363,-0.358045,0.457029,-0.940641,0.114471,-0.065008,0.058615,0.677973,0.006045,-0.013361,-0.654767,-0.661378,0.370704,0.338645,-1.0
0.528716,-0.869792,0.048959,-0.647264,0.448246,-0.402155,0.580255,0.131316,0.254247,-0.357581,0.024656,-0.416185,-0.054865,0.387429,-1.0
0.202876,0.050068,-0.45318,-0.384197,-0.507667,-0.055791,0.176913,0.684354,-0.1268,-0.033967,0.838418,0.062798,-0.365663,-0.124482,-0.884295
-0.532849,0.931382,0.087826,0.046895,-0.598222,0.063131,0.585473,0.534688,-0.508024,0.047364,0.045454,0.389131,-0.042679,-0.514399,-1.0
0.760468,-0.427708,0.994143,0.641316,0.3995,-0.926271,0.325848,0.94957,0.177984,-0.206159,0.379381,0.50629,-0.396001,-0.319134,-0.990437
-0.682346,0.678261,-0.930763,-0.632488,0.912748,-0.135661,0.072247,0.782657,0.084312,0.019494,-0.893376,0.431207,0.504369,-0.239433,-1.0
0.469235,0.139271,0.089078,0.257107,0.262224,-0.108049,0.295868,0.959059,0.276741,-0.16197,0.383918,0.633555,-0.288199,-0.329241,-1.0
0.223967,-0.599114,0.298619,0.889114,0.399942,0.429571,0.803755,0.081786,0.396436,0.45465,0.027981,-0.216927,0.090849,0.511748,-1.0
-0.751926,0.505324,-0.431116,-0.143565,0.79798,-0.624457,0.458553,0.848092,0.248362,-0.203034,-0.477302,0.27882,0.31262,-0.302771,-1.0
-0.349496,-0.009319,0.93296,0.830091,-0.880776,-0.771135,0.46917,0.109181,-0.170419,-0.339278,0.235919,0.418324,-0.291835,-0.33294,-0.982617
0.292191,-0.22394,0.144123,0.925599,-0.854392,-0.211795,0.828643,0.349338,-0.628691,-0.259269,0.199833,-0.033273,-0.468306,0.02762,-0.950909
0.233326,0.708847,0.185063,-0.454652,0.398623,0.814146,0.176764,0.404417,0.038977,0.095654,-0.607664,-0.419451,0.351688,0.312339,-0.993053
-0.51449,0.437587,0.241438,-0.319711,-0.095996,0.783831,0.056828,0.036258,0.058898,0.054723,-0.673451,-0.634026,0.398937,0.306025,-0.899832
0.826967,0.581618,0.284096,-0.888279,0.467518,-0.686378,0.644846,0.86615,0.219692,-0.444317,0.095502,0.421262,-0.17726,-0.516045,-0.939613
-0.807152,-0.653781,0.285718,0.189366,0.136781,-0.86088,0.703212,0.226136,0.107361,-0.591262,-0.299096,0.09946,0.476905,-0.062201,-1.0
-0.302767,-0.486679,0.529308,-0.743237,-0.738756,-0.03969,0.114714,0.516337,-0.095834,0.050362,0.624583,-0.582296,-0.45647,0.337232,-1.0
0.077802,0.684054,-0.766257,-0.003614,0.554231,0.975241,0.74099,0.34857,0.307312,0.606207,-0.243015,-0.188226,0.395995,0.235184,-0.905254
-0.70857,-0.108038,-0.685843,-0.730649,0.073779,0.522228,0.453344,0.132532,0.125216,0.313259,-0.462545,-0.334304,0.431658,0.293901,-1.0
-0.143796,0.615604,0.848341,-0.625913,-0.181638,0.672254,0.333227,0.610199,-0.13041,0.265719,0.36998,-0.542002,-0.298028,0.43552,-0.960975
0.948374,0.974741,-0.709357,-0.006881,0.584271,0.246806,0.923703,0.16977,0.624223,0.26018,0.079489,-0.040275,-0.242735,-0.403516,-1.0
-0.263803,0.986466,0.035675,-0.010582,0.619967,0.549458,0.937803,0.744354,0.597173,0.494639,-0.022369,0.111505,0.362549,-0.247125,-0.985839
-0.242654,-0.912011,-0.228457,0.898661,0.019971,-0.918317,0.898673,0.435869,-0.017304,-0.678171,-0.10644,-0.00616,0.453911,0.041551,-1.0
0.5425,-0.374204,-0.790907,-0.599178,-0.764489,0.582814,0.184593,0.981304,-0.143259,0.033542,0.611468,-0.589448,-0.466623,0.335516,-0.977759
0.069354,0.826159,0.348402,-0.947535,0.363323,-0.68602,0.126917,0.344533,0.076246,-0.05884,-0.199169,0.874469,0.100967,-0.493958,-0.923896
0.543132,-0.725936,0.394001,0.311532,0.527574,0.318635,0.954205,0.125801,0.574503,0.432652,-0.02001,0.005895,-0.0038,0.389666,-1.0
-0.855955,0.635476,0.452707,0.171962,-0.368729,-0.712399,0.767982,0.744578,-0.329649,-0.461499,-0.008012,0.249535,0.175233,-0.436086,-0.985806
0.889563,0.893417,0.147885,-0.123507,0.347714,0.585549,0.301236,0.318551,0.080939,0.191099,0.595675,0.397454,-0.399375,-0.29084,-0.89771
-0.235535,0.819975,0.371697,-0.709296,0.278675,0.537486,0.749658,0.270697,0.28288,0.478248,-0.209735,0.116646,0.482194,-0.204235,-0.956753
0.3323,0.793285,0.244811,-0.492209,-0.431824,0.035238,0.088711,0.264286,-0.001839,0.049869,0.607734,0.640972,-0.324332,-0.377153,-1.0
0.428039,0.661641,0.379729,0.125227,0.255466,-0.875063,0.546692,0.132349,0.140123,-0.433246,0.043368,0.500673,-0.045871,-0.423188,-1.0
0.787153,0.632622,0.064588,-0.817405,0.534929,-0.075669,0.884168,0.600323,0.642791,-0.174171,0.00845,0.153667,-0.231897,-0.504851,-1.0
0.206399,-0.195963,0.964621,-0.264673,0.008864,-0.407548,0.179377,0.793714,-0.048179,-0.127391,0.623021,0.627448,-0.313795,-0.431142,-0.99183
-0.86642,-0.964959,0.626191,-0.508211,0.068276,-0.807272,0.441467,0.609848,-0.050035,-0.342568,-0.552296,-0.017715,0.410873,0.111815,-0.916459
0.817549,0.716606,-0.461363,0.429814,0.115751,0.518646,0.092281,0.044417,0.021428,0.05853,0.892714,0.244719,-0.483174,-0.112352,-1.0
0.786928,-0.923811,-0.115862,-0.763784,-0.811764,-0.353029,0.076892,0.137539,-0.074438,0.017418,0.898855,-0.26533,-0.483185,0.176527,-0.994196
0.086096,-0.338335,-0.138373,-0.829364,-0.316205,-0.482308,0.077318,0.863227,-0.045749,-0.01331,0.911861,0.348144,-0.466341,-0.154817,-1.0
0.446308,0.051708,-0.89534,-0.873466,-0.987003,-0.099361,0.879998,0.613872,-0.622987,-0.07333,0.197088,-0.012048,-0.536591,-0.129708,-0.979753
0.683346,-0.235097,-0.352596,-0.223081,0.030104,0.553269,0.178117,0.673623,-0.010932,0.177268,0.486553,-0.589424,-0.234673,0.309377,-1.0
0.967678,-0.01353,0.634638,-0.596435,-0.078337,-0.519533,0.417747,0.929876,-0.035314,-0.409692,0.539536,0.339482,-0.424607,-0.189002,-0.971463
-0.160483,-0.126082,0.905922,-0.338776,-0.338381,-0.922025,0.539394,0.157371,-0.21787,-0.402656,0.096784,0.460968,-0.084097,-0.469465,-0.990883
-0.672116,-0.93082,-0.564469,-0.768786,0.370433,0.796259,0.282036,0.507438,0.048641,0.202702,-0.375843,-0.611705,0.194786,0.37051,-0.968866
-0.646145,-0.190694,0.864284,0.404939,0.15153,0.230104,0.661102,0.882193,0.303992,0.492021,-0.361773,-0.18848,0.414594,0.247188,-1.0
-0.157343,-0.521107,0.748922,0.091121,-0.015436,-0.099381,0.818872,0.142235,-0.129391,-0.654534,-0.049602,-0.192025,0.134062,0.350462,-0.995242
0.402893,-0.255095,0.827958,0.326144,-0.106652,-0.372392,0.234051,0.894516,-0.126845,-0.174177,0.730163,0.138618,-0.523909,-0.12763,-0.911309
-0.577282,0.653285,-0.847743,-0.449913,-0.562357,-0.65586,0.165919,0.774568,-0.08266,-0.052982,0.008511,0.800864,-0.064486,-0.583502,-0.953603
-0.756763,-0.907892,-0.447961,0.614615,-0.547232,-0.012949,0.127338,0.107314,-0.028362,0.017074,-0.261395,-0.889273,0.144739,0.483618,-1.0
-0.129437,-0.869583,0.300193,0.786533,-0.557541,0.721126,0.813614,0.306308,-0.420619,0.557129,0.082917,-0.223647,-0.107353,0.497453,-0.922671
0.507013,-0.706476,-0.537393,0.603575,0.788882,-0.746577,0.955954,0.064219,0.613822,-0.479711,-0.095644,0.089314,0.538655,-0.076942,-0.955197
0.542583,0.138232,0.206655,0.216582,-0.361005,0.894685,0.606359,0.968684,-0.22493,0.540267,0.244979,-0.220222,-0.41558,0.289398,-1.0
-0.229588,0.8279,-0.582746,0.566083,0.252776,0.071747,0.110601,0.297096,0.106745,0.034665,-0.498546,0.781394,0.261494,-0.431856,-0.957594
0.648411,0.311681,-0.722049,0.539858,-0.373234,-0.570916,0.635366,0.769208,-0.278639,-0.441951,0.267109,0.290473,-0.420687,-0.354583,-0.882639
0.919387,-0.723867,0.928708,-0.491357,0.568977,-0.814098,0.334942,0.221634,0.165933,-0.252987,0.619969,0.152223,-0.49337,-0.020256,-1.0
0.716014,0.364164,0.331851,0.513027,-0.839347,0.631711,0.642501,0.630132,-0.417875,0.348803,0.266919,-0.118125,-0.527983,0.092195,-0.990721
0.624881,-0.410577,-0.904801,0.248152,-0.694927,-0.473271,0.536441,0.769262,-0.377773,-0.363559,0.49417,0.059936,-0.529163,0.019856,-1.0
-0.211918,0.182052,0.842888,0.220602,0.801268,0.556985,0.760843,0.712115,0.491937,0.346971,-0.251356,-0.08458,0.500149,0.21113,-0.972699
-0.407747,-0.885387,-0.722946,-0.0135,0.957093,-0.731987,0.238682,0.157888,0.140663,-0.239862,-0.711251,-0.027388,0.46195,0.004108,-1.0
0.779034,0.645776,0.197619,-0.386477,0.574071,0.549937,0.951447,0.615949,0.589426,0.436503,-0.065467,0.022373,-0.504206,-0.216882,-0.932196
0.891834,0.277379,0.421277,0.793148,-0.716059,0.507982,0.107942,0.109282,-0.020702,0.000256,0.847045,-0.196263,-0.594497,0.056225,-1.0
-0.410377,0.298162,-0.655973,-0.985407,-0.688458,-0.622259,0.754141,0.31426,-0.457276,-0.426539,0.004218,0.271304,-0.150623,-0.433432,-1.0
0.654049,0.740099,0.539,0.565365,-0.371154,0.96798,0.577555,0.070933,-0.109347,0.490814,0.392216,-0.090008,-0.445051,0.203973,-0.927823
0.809997,0.414679,-0.762574,0.248085,-0.284545,0.241848,0.76987,0.753425,-0.429312,0.385132,0.182194,0.01979,-0.518688,-0.005969,-1.0
0.050545,-0.626668,-0.122878,0.398043,-0.213577,-0.330541,0.059084,0.409742,-0.019941,-0.075976,0.618545,-0.684838,-0.288775,0.360938,-1.0
-0.835364,0.214068,-0.62761,0.719065,0.128813,-0.111339,0.343518,0.023784,0.207691,-0.117718,-0.59049,0.236639,0.459536,-0.047569,-0.990739
0.935517,0.072809,-0.945935,-0.176429,-0.661625,-0.452945,0.176575,0.942445,-0.152323,-0.12599,0.738636,0.254662,-0.385183,-0.219298,-1.0
0.936881,-0.546733,0.414073,-0.533235,0.795399,-0.649371,0.708983,0.804914,0.515831,-0.380269,0.28444,0.129972,-0.447582,-0.311875,-0.955721
-0.496108,-0.690336,-0.503062,0.780384,0.190765,0.02027,0.100483,0.554963,0.114019,0.007056,-0.661603,-0.76493,0.355175,0.434192,-1.0
-0.515883,0.872068,0.054892,0.644846,0.115099,0.407886,0.182308,0.887518,0.080451,0.12283,-0.591423,0.454396,0.470081,-0.345725,-0.988707
-0.025805,0.514529,0.646674,0.482068,-0.761249,-0.873965,0.606428,0.932942,-0.334804,-0.345623,0.197622,0.277011,-0.245089,-0.398995,-1.0
-0.95319,-0.672026,0.932614,0.668562,-0.951949,-0.882007,0.483633,0.912459,-0.369545,-0.269983,0.000774,0.661284,-0.079734,-0.432589,-0.964451
0.65309,-0.513832,0.509516,0.662051,-0.638922,0.373991,0.941259,0.476082,-0.634313,0.440392,0.034854,-0.08392,-0.432192,0.21039,-1.0
-0.37378,0.979262,0.903803,0.855769,0.872902,-0.542118,0.078842,0.088699,0.092342,-0.052664,-0.607138,0.720996,0.249215,-0.352242,-0.922967
-0.657225,-0.128233,0.671945,0.002325,0.922073,0.528762,0.74688,0.296795,0.512703,0.376686,-0.222815,-0.132893,0.4272,0.142107,-0.953426
-0.056515,-0.305873,0.037131,-0.808463,-0.154469,0.501873,0.221547,0.180984,-0.090994,0.263698,0.089857,-0.761946,-0.006405,0.458687,-0.92086
0.816905,0.261779,0.426233,-0.217542,0.600495,-0.42016,0.861648,0.770133,0.499317,-0.395515,-0.034108,0.129943,-0.123375,-0.495864,-1.0
-0.051776,0.428909,0.596904,0.360413,0.683268,-0.881241,0.999055,0.111919,0.53154,-0.525261,0.065275,0.00042,0.355128,-0.423733,-0.954883
-0.940287,-0.088937,0.162421,0.916819,0.027393,-0.912501,0.254639,0.09009,-0.001605,-0.196252,-0.587978,0.466185,0.355517,-0.244029,-0.9897
0.122394,0.565098,-0.9173,-0.947984,-0.131168,0.714686,0.592552,0.481115,-0.112913,0.451019,0.404777,-0.192128,-0.414138,0.358844,-1.0
0.530128,-0.857715,0.840117,0.202567,0.460755,-0.807135,0.695191,0.691252,0.381834,-0.443993,0.376541,-0.262713,-0.384085,0.262118,-1.0
-0.170076,0.149658,0.633261,0.05572,0.160461,0.299236,0.821751,0.672824,0.351385,0.559919,-0.202924,-0.078291,0.525631,0.192948,-1.0
0.778919,-0.670531,0.36277,-0.499697,0.048255,0.917789,0.311492,0.72864,0.005027,0.273615,0.27672,-0.549222,-0.157419,0.357761,-1.0
0.47139,0.747235,-0.310804,0.865864,-0.329441,-0.396542,0.361838,0.018232,-0.292319,-0.294741,0.280218,0.421451,-0.339409,-0.293894,-1.0
0.534948,0.303249,0.062652,-0.009969,-0.650019,-0.812979,0.197267,0.800541,-0.080513,-0.144717,0.606608,0.458324,-0.407025,-0.23695,-0.988788
-0.409539,0.52929,0.197772,0.278929,-0.723024,0.106456,0.858143,0.522122,-0.590787,0.084463,0.11057,0.174208,-0.31473,-0.454839,-1.0
-0.540146,-0.866888,0.095464,0.756556,-0.675526,0.71526,0.160227,0.25434,-0.124996,0.08856,0.135789,-0.830509,-0.013629,0.489919,-1.0
0.711662,0.530944,0.424188,0.216857,-0.523558,0.45144,0.677377,0.57282,-0.461971,0.36413,0.310941,0.086844,-0.428644,-0.063947,-0.954523
-0.087642,0.819762,-0.07094,0.515504,-0.19068,0.103725,0.419169,0.235646,-0.223406,0.050215,0.193959,0.595046,-0.039527,-0.4738,-0.986151
-0.272891,0.472324,-0.65899,-0.827927,0.274143,0.848704,0.263393,0.069302,0.040655,0.172782,-0.639237,-0.44347,0.40234,0.286762,-0.959478
0.911744,-0.207585,0.695432,0.449288,-0.024325,-0.428643,0.375995,0.013739,-0.101822,-0.286868,0.62713,0.180615,-0.451622,-0.093609,-1.0
-0.534044,0.638861,0.549669,-0.468742,-0.776032,-0.236826,0.317664,0.441601,-0.174498,-0.084314,0.244127,0.675243,-0.161848,-0.518835,-1.0
-0.93959,0.478521,0.390721,0.577686,-0.897722,-0.587273,0.228435,0.732647,-0.105306,-0.108475,-0.019229,0.728159,0.010592,-0.508489,-1.0
0.348365,-0.586572,0.386881,-0.808135,0.61636,0.344305,0.416861,0.66163,0.354468,0.190597,-0.145815,-0.516053,0.208612,0.512278,-0.922369
0.684118,0.833765,0.684238,-0.187816,0.497253,-0.744808,0.189047,0.057503,0.140446,-0.1781,-0.003145,0.75723,-0.053383,-0.599407,-1.0
-0.604864,-0.984332,0.793145,0.327698,0.373761,-0.461087,0.183782,0.082861,0.077638,-0.077226,-0.695657,-0.43062,0.500317,0.212368,-1.0
0.350781,0.931818,-0.134551,0.37686,-0.170797,-0.543029,0.727727,0.301087,-0.284933,-0.625274,0.154149,0.222222,-0.137021,-0.425137,-1.0
-0.048399,-0.088478,-0.712919,0.198783,-0.894049,-0.92132,0.707009,0.020036,-0.478195,-0.457835,0.269071,0.144898,-0.410599,-0.38634,-0.993169
-0.68816,0.169497,-0.707498,-0.025403,-0.144606,0.920514,0.070486,0.181603,0.042541,0.005343,-0.488932,-0.756309,0.374065,0.393344,-0.999125
0.208232,0.967761,-0.271767,-0.62625,0.071984,0.43211,0.548864,0.662618,0.037996,0.35134,0.164175,0.537912,-0.124154,-0.486379,-0.965339
0.626045,-0.425262,-0.712458,0.476907,-0.359037,0.533012,0.293052,0.386808,-0.124718,0.18123,0.464968,-0.50185,-0.372082,0.35158,-1.0
-0.615491,0.671295,-0.705638,0.456817,0.14523,0.415616,0.065707,0.077991,-0.054353,0.157786,-0.865793,0.259311,0.536388,-0.13437,-0.951182
0.97719,0.965641,0.345781,-0.780868,-0.525408,-0.779592,0.86794,0.007092,-0.448107,-0.569851,0.119156,0.132067,-0.39358,-0.372339,-0.99727
0.407291,-0.624995,0.920938,-0.811496,0.685701,-0.647821,0.172816,0.298698,0.030287,-0.046871,-0.70254,0.089025,0.490125,-0.040013,-0.997464
0.461371,0.53251,0.540698,0.80381,-0.480564,0.813586,0.826402,0.891253,-0.34833,0.560345,0.230166,-0.048147,-0.478722,0.225007,-1.0
0.818064,-0.360388,-0.040275,-0.139852,0.782351,0.860421,0.277987,0.397367,0.104358,0.075465,0.005166,-0.735741,0.04686,0.425776,-1.0
0.659069,0.623183,-0.44462,0.28217,0.300818,0.067016,0.446176,0.285642,0.377365,0.146054,0.287301,0.4848,-0.266685,-0.370638,-0.962478
-0.034216,-0.677386,-0.924457,0.081689,0.294521,0.883819,0.145201,0.760167,0.072961,0.139282,-0.208988,-0.934383,0.044863,0.480348,-1.0
0.449059,0.492479,0.121393,0.465529,-0.989831,-0.44047,0.17178,0.179942,-0.1892,-0.044317,0.674969,0.472397,-0.356908,-0.288477,-1.0
0.033933,-0.868427,-0.134758,-0.991163,-0.181235,0.153223,0.331497,0.141567,-0.318583,0.13734,0.110897,-0.678389,-0.017895,0.537492,-0.992801
0.585557,-0.310864,0.035918,0.71292,-0.644477,0.813876,0.135538,0.875058,-0.206602,0.023799,0.61895,-0.568592,-0.383133,0.354306,-0.94252
-0.58546,0.187557,-0.914051,-0.068256,0.187704,0.794087,0.681709,0.944675,0.061631,0.484612,-0.387413,-0.249104,0.372273,0.312136,-1.0
0.974695,0.674991,0.763043,-0.796678,-0.778849,0.015751,0.965236,0.775158,-0.711469,-0.030128,0.097787,-0.01806,-0.438169,-0.179266,-1.0
0.885811,0.476235,-0.336448,0.424639,0.910328,-0.626152,0.285588,0.841834,0.17289,-0.175125,-0.029749,0.655069,-0.017293,-0.54314,-1.0
-0.627708,-0.354824,-0.13916,0.803452,0.839432,-0.771233,0.749498,0.793547,0.463779,-0.370561,-0.23208,0.01931,0.451215,-0.214543,-1.0
-1.3e-05,0.560744,-0.018119,0.728159,0.841841,-0.760292,0.196569,0.197284,0.208561,-0.02014,-0.415557,0.68248,0.16855,-0.449697,-1.0
0.300497,-0.756478,0.547263,0.96733,0.318837,-0.64715,0.525145,0.277097,0.261434,-0.384718,0.055631,-0.495148,0.140167,0.476696,-1.0
0.455389,0.78199,0.420149,-0.188625,0.944664,0.463523,0.465521,0.485624,0.320348,0.101073,-0.37078,0.37422,0.365207,-0.203637,-0.969751
-0.909269,-0.113009,0.719632,-0.859515,0.982689,0.457075,0.556554,0.302969,0.458063,0.283078,-0.365398,-0.21414,0.500773,0.062702,-0.965748
0.413427,-0.514947,-0.800551,-0.505637,-0.377466,0.522194,0.967917,0.361293,-0.480441,0.691984,0.058316,-0.039223,-0.335247,0.430176,-1.0
-0.637724,0.517365,0.168989,-0.387312,-0.052242,-0.729752,0.166207,0.396425,-0.019527,-0.118868,-0.402722,0.769461,0.282187,-0.444257,-1.0
-0.458204,-0.732669,-0.757554,0.571145,0.866808,-0.079253,0.905566,0.904837,0.691484,-0.079394,-0.054951,-0.037285,0.429693,0.223675,-0.975159
0.841277,0.058761,0.486546,-0.140544,0.044365,0.384362,0.469595,0.20054,0.051008,0.350603,0.516537,-0.260599,-0.47151,0.187373,-0.926173
0.985999,-0.02546,-0.999468,0.662811,0.302831,0.300596,0.529156,0.579534,0.249274,0.268836,0.378795,-0.096569,-0.387478,0.128116,-0.925813
-0.352476,0.613829,0.163652,0.710801,0.24783,0.618488,0.138564,0.079967,0.039938,0.144808,-0.891976,0.004165,0.527289,-0.03698,-0.991552
-0.188656,0.578312,-0.997361,-0.692499,0.50698,-0.383006,0.200684,0.37214,0.062281,-0.08827,-0.477551,0.648553,0.211306,-0.456637,-0.987441
0.788885,-0.833588,-0.870256,0.734913,-0.49515,-0.842921,0.639946,0.954924,-0.263904,-0.397401,0.37927,0.036681,-0.479926,-0.02153,-1.0
-0.925369,-0.953915,0.652578,-0.682541,0.085624,-0.694056,0.964312,0.692047,0.018008,-0.760331,0.027399,-0.063241,0.40419,0.105111,-0.951271
0.796113,0.071987,-0.245113,0.409596,0.664786,-0.285421,0.253505,0.958546,0.110841,-0.029441,0.202344,0.64184,-0.208829,-0.4708,-0.946007
-0.916412,-0.075419,-0.793698,-0.172993,0.273182,-0.946676,0.019244,0.5128,-0.032927,-0.072304,-0.791832,0.510452,0.433131,-0.258192,-0.942924
0.317852,-0.670654,-0.287031,-0.439074,-0.132186,0.077229,0.168652,0.19103,-0.087858,0.071599,0.553011,-0.779149,-0.237263,0.364665,-1.0
0.808746,-0.906159,-0.969101,0.303233,-0.271757,-0.854177,0.30711,0.728128,-0.100124,-0.304684,0.621474,-0.038584,-0.450739,0.105812,-1.0
0.259462,-0.633266,-0.625301,-0.917236,0.674429,0.965544,0.14104,0.735458,0.166904,0.107924,-0.236527,-0.771698,0.037493,0.528432,-1.0
0.551921,-0.520518,0.100894,0.374364,0.885772,0.998362,0.974275,0.68069,0.476662,0.600599,0.041185,-0.056318,0.153614,0.494129,-0.991723
-0.67618,0.443756,0.355226,0.5501,0.269252,0.748261,0.027841,0.626373,0.045195,0.000104,-0.973079,-0.292004,0.555298,0.12422,-0.983111
-0.062819,-0.350409,0.144937,-0.95202,-0.150778,-0.622841,0.8507,0.340833,-0.141087,-0.743979,0.051729,0.104865,-0.085687,-0.500075,-1.0
-0.980808,0.048648,0.985234,-0.038057,-0.700962,0.518163,0.15594,0.019805,-0.161583,-0.039558,-0.489094,-0.690105,0.169919,0.421992,-0.984609
-0.452114,0.771611,0.81719,0.253052,0.080715,-0.910846,0.984107,0.088863,0.055511,-0.845622,-0.024754,-0.074559,0.182582,-0.494887,-1.0
-0.784806,0.428889,0.390273,0.180533,-0.421362,-0.966225,0.770012,0.258318,-0.216264,-0.582461,-0.099269,0.218371,0.085791,-0.439992,-1.0
-0.089524,-0.999276,-0.023357,0.286338,-0.581184,0.3661,0.006651,0.106892,-0.056715,0.092963,0.297128,-0.92708,-0.134992,0.438056,-1.0
0.843074,-0.408047,0.649113,0.232475,0.694562,-0.53241,0.447844,0.111612,0.28829,-0.177537,0.417887,0.424747,-0.393999,-0.263109,-1.0
-0.480029,0.533006,-0.636056,0.043327,0.236753,-0.07299,0.602608,0.715789,0.435845,-0.177517,-0.256822,0.303157,0.369376,-0.305815,-1.0
0.849764,0.628068,-0.618005,-0.905017,-0.625547,-0.756704,0.341521,0.836498,-0.186053,-0.233782,0.537148,0.489138,-0.319979,-0.269302,-1.0
-0.599426,0.099564,0.783858,0.880457,0.625003,0.909153,0.17414,0.542069,0.015265,0.165303,-0.672332,-0.504524,0.52517,0.202869,-1.0
0.697212,-0.310571,-0.308443,-0.973893,0.071226,0.688978,0.943126,0.972616,0.103333,0.741062,0.059028,-0.092639,-0.300928,0.424061,-1.0
-0.032338,-0.640379,-0.927361,0.321734,0.500596,-0.483437,0.327388,0.622632,0.109403,-0.204543,-0.601178,-0.275519,0.413147,0.172363,-1.0
0.727723,-0.04336,0.577257,0.433801,0.127911,0.352334,0.746347,0.272992,0.208724,0.612455,0.229742,-0.189822,-0.465739,0.219002,-0.940224
-0.682177,-0.348196,-0.360497,0.181251,0.838856,-0.824515,0.084451,0.036435,-0.001197,-0.06464,-0.904971,0.209281,0.557107,-0.074506,-0.879421
-0.070196,-0.017939,-0.727689,-0.157404,0.09864,-0.75523,0.863158,0.786318,-0.001155,-0.650534,0.00542,-0.011982,0.139222,-0.436714,-1.0
-0.622287,0.053903,-0.788513,0.808004,0.111427,-0.064101,0.276059,0.174247,0.177403,-0.149182,-0.739057,0.155579,0.422827,-0.081981,-0.971022
-0.266552,0.510421,-0.515217,-0.897631,0.628003,0.913041,0.375178,0.592836,0.013255,0.311264,-0.486142,-0.336335,0.424409,0.173402,-1.0
-0.643523,0.16867,-0.673322,-0.012653,-0.490022,0.599649,0.378059,0.201871,-0.195212,0.192482,-0.165988,-0.547381,0.136608,0.390909,-1.0
-0.974269,0.710363,0.675624,-0.553535,0.235571,-0.896392,0.236971,0.256584,-0.001345,-0.173364,-0.50019,0.635712,0.352188,-0.395764,-1.0
0.570681,-0.843972,-0.832974,0.612012,-0.85287,0.023209,0.350229,0.154353,-0.304113,0.039568,0.573477,-0.272318,-0.439636,0.287787,-0.900318
0.780184,0.51323,0.427047,-0.568127,-0.67497,0.335302,0.326436,0.015087,-0.232733,0.055998,0.581346,0.084417,-0.545887,-0.057793,-0.975296
-0.826092,0.480578,-0.610174,-0.319209,0.198846,0.323011,0.231269,0.972644,-0.014772,0.183884,-0.69597,0.17971,0.475581,-0.073375,-0.985062
-0.542164,-0.179091,0.01565,-0.126865,-0.475499,-0.283661,0.679835,0.128462,-0.485931,-0.280882,-0.222387,0.303599,0.248564,-0.401522,-1.0
0.910952,-0.299269,-0.354378,-0.789447,0.237234,-0.754266,0.452331,0.780659,0.152398,-0.358421,0.526766,0.321319,-0.408102,-0.270684,-1.0
0.107432,0.587733,0.985376,0.622554,-0.272994,-0.111082,0.097569,0.415965,-0.050932,-0.098032,0.50795,0.799047,-0.20407,-0.395089,-1.0
-0.776579,0.905443,0.453932,-0.461672,0.662554,-0.406534,0.23495,0.588322,0.221219,-0.088811,-0.56115,0.570396,0.33396,-0.374582,-1.0
0.528466,-0.62006,-0.247647,0.638264,-0.871204,-0.262044,0.380552,0.025724,-0.296107,-0.08049,0.591416,-0.043544,-0.413628,0.06854,-0.96155
0.31268,0.545405,0.537699,0.290133,0.857653,0.88216,0.708542,0.017416,0.342377,0.457321,-0.239136,-0.203743,0.496984,0.286977,-0.929122
-0.46633,-0.792181,0.599383,0.795665,-0.000365,0.411933,0.786273,0.07684,0.00015,0.511667,-0.026609,-0.258481,0.230167,0.47413,-1.0
-0.549787,-0.780767,-0.147025,0.821099,-0.302272,0.426808,0.916077,0.29727,-0.407914,0.515464,-0.021405,-0.151446,0.076217,0.487722,-1.0
-0.997789,0.773565,-0.118602,-0.148008,0.838848,-0.663282,0.136558,0.501639,0.073088,-0.026249,-0.723201,0.581035,0.307419,-0.357123,-1.0
0.763705,-0.917945,-0.376918,-0.66347,0.648696,-0.093375,0.041605,0.476095,-0.033437,0.008925,0.180187,-0.961345,-0.091024,0.451975,-1.0
-0.696798,0.264939,-0.680799,0.169791,-0.104068,-0.466695,0.812236,0.291512,-0.138032,-0.708761,-0.141224,0.220716,0.366174,-0.393774,-1.0
-0.11616,0.325033,0.239591,-0.909343,0.3394,0.246983,0.030936,0.595545,0.019827,0.007038,-0.867005,0.130269,0.56079,-0.07213,-0.99932
0.436854,-0.118066,-0.480312,-0.929647,0.59445,0.870782,0.038959,0.892652,0.072712,0.098063,-0.176223,-0.920508,0.024839,0.482073,-1.0
0.023399,-0.934579,-0.274045,-0.304574,-0.739776,-0.085164,0.86496,0.653178,-0.740849,-0.197504,0.009489,-0.088219,-0.396308,0.400402,-0.915006
0.712166,0.238404,0.208807,0.021197,0.023962,-0.705896,0.104152,0.365479,0.011665,-0.152147,0.506476,0.703186,-0.329337,-0.416801,-1.0
0.18684,-0.257995,-0.265484,-0.58265,-0.440811,-0.567606,0.256642,0.49526,-0.050754,-0.071598,0.641037,0.262892,-0.474625,-0.128145,-1.0
0.497868,-0.29708,0.561556,0.506625,-0.129911,0.199034,0.235634,0.136264,-0.148767,0.14474,0.585991,-0.445156,-0.408661,0.327008,-1.0
-0.900745,-0.146892,0.075826,0.991986,-0.867694,-0.229396,0.388019,0.529272,-0.300852,-0.105218,-0.227926,0.490712,0.209349,-0.549567,-0.998541
-0.593754,0.537141,0.004912,-0.43469,-0.663331,0.125868,0.898678,0.664491,-0.687855,0.242624,0.099962,0.099441,-0.138626,-0.511039,-1.0
0.600251,0.650534,0.259358,-0.596076,0.41959,-0.29707,0.918965,0.437726,0.663126,-0.463809,0.003765,0.16159,-0.019979,-0.394321,-1.0
-0.167744,0.000497,0.420096,0.32911,0.753685,0.153304,0.840833,0.048292,0.670627,0.179587,-0.134469,-0.059959,0.450497,0.122518,-0.862914
0.97737,0.942609,-0.02165,-0.43753,-0.722169,0.802231,0.145722,0.258961,-0.200908,0.118318,0.792653,0.110775,-0.439005,0.004329,-1.0
-0.561178,-0.338019,0.379332,0.150073,-0.080817,0.020339,0.399074,0.619724,-0.343522,0.082854,-0.469714,-0.440885,0.383987,0.238856,-1.0
0.201095,-0.420215,-0.080936,-0.536683,-0.154814,-0.144446,0.205654,0.927101,-0.077139,-0.092068,0.620857,-0.440645,-0.382216,0.366723,-1.0
-0.284195,-0.425549,-0.58633,0.544796,-0.773828,-0.332585,0.026053,0.638433,0.013199,-0.084277,0.987151,-0.063246,-0.57432,0.142165,-0.969667
0.040599,-0.226258,0.392364,-0.677783,-0.91034,0.54824,0.328068,0.791591,-0.219365,0.235065,0.45423,-0.524131,-0.372023,0.388819,-0.963826
-0.947603,0.468342,0.849177,-0.249112,-0.659318,-0.361361,0.842961,0.297348,-0.550842,-0.269166,-0.14856,0.112746,0.109034,-0.378689,-0.99669
-0.085132,0.902422,0.558184,-0.03533,-0.891459,0.607714,0.570527,0.463744,-0.36477,0.19888,0.454318,0.140414,-0.418778,-0.081368,-1.0
-0.805984,0.96473,0.938312,-0.129142,0.385451,-0.538241,0.05451,0.63543,-0.007278,-0.060999,-0.60955,0.778321,0.246916,-0.358708,-1.0
-0.583619,-0.716444,0.73286,0.70088,0.953827,-0.470533,0.936874,0.720162,0.640825,-0.345616,-0.090287,0.019649,0.505165,0.025363,-0.907647
0.445698,0.569805,0.517308,0.22359,-0.500851,0.73923,0.02287,0.470465,0.099634,0.021124,0.945554,-0.164455,-0.473266,0.045198,-0.956029
0.784935,-0.063636,-0.695902,0.563837,0.607752,-0.651013,0.301857,0.602843,0.199153,-0.297777,0.285629,0.736927,-0.175066,-0.464007,-0.995181
-0.327136,-0.129341,0.06449,0.909989,0.286817,0.445687,0.421187,0.846752,0.242835,0.302705,-0.383148,-0.375891,0.306518,0.341525,-0.986288
0.345331,0.710856,0.536033,0.528805,-0.979073,-0.953387,0.319575,0.128798,-0.178395,-0.261577,0.465328,0.42897,-0.336331,-0.393274,-0.992324
0.170971,0.625382,0.900106,0.841245,0.061353,-0.068664,0.963277,0.426317,0.587415,-0.505432,-0.014304,0.076804,-0.053204,-0.489236,-0.902394
-0.032078,0.467032,-0.866866,0.808912,0.561852,-0.80412,0.706863,0.312519,0.352329,-0.520318,-0.123429,0.248256,0.322358,-0.472224,-1.0
-0.490933,-0.257026,0.198346,0.247513,-0.749555,0.528726,0.540695,0.746499,-0.511572,0.262592,0.184311,-0.469806,-0.132319,0.473704,-1.0
0.008544,-0.60482,-0.415227,0.196756,-0.443526,-0.60272,0.674162,0.794014,-0.411139,-0.4051,0.293686,0.032972,-0.499064,-0.020303,-0.974895
-0.255161,-0.939705,-0.487435,-0.376338,-0.558523,0.742306,0.517342,0.071592,-0.272943,0.344408,0.054947,-0.546722,-0.179127,0.455413,-0.960522
-0.331706,0.380455,-0.58111,-0.56545,0.584955,-0.530886,0.454749,0.593438,0.353469,-0.188987,-0.255506,0.402311,0.398758,-0.355815,-1.0
0.005533,-0.053125,-0.245272,0.668473,0.509013,-0.819754,0.373053,0.466172,0.077964,-0.246333,-0.353094,0.439598,0.233872,-0.35798,-1.0
0.977294,0.343715,-0.641515,0.184389,0.066066,-0.629577,0.28208,0.117287,0.047305,-0.140395,0.461983,0.557972,-0.355687,-0.407344,-0.892311
0.957474,-0.060269,-0.422938,-0.546449,0.700439,-0.270363,0.397395,0.625933,0.246303,-0.179813,0.39825,0.380367,-0.371152,-0.313686,-1.0
-0.979046,0.728897,0.988703,0.10209,0.442471,-0.466236,0.02177,0.025971,0.031203,-0.068563,-0.759948,0.668617,0.392577,-0.348366,-0.972256
0.622377,-0.177857,-0.011225,-0.546956,-0.875461,0.660393,0.278833,0.934656,-0.159223,0.079512,0.59963,-0.286047,-0.560812,0.314994,-0.987067
-0.819971,0.835793,0.362947,-0.629252,-0.995866,-0.260004,0.30827,0.62555,-0.257362,-0.05533,0.130577,0.672329,-0.094646,-0.522441,-0.966841
-0.934038,0.765061,0.631748,-0.98409,0.577596,0.822103,0.576387,0.147695,0.306496,0.39256,-0.388642,0.060886,0.510635,0.004169,-1.0
0.915235,0.614538,0.566065,0.371594,-0.92974,-0.52898,0.990094,0.792392,-0.685997,-0.403843,-0.037615,0.015405,-0.359908,-0.275036,-1.0
0.005463,-0.27437,0.749655,-0.619162,0.412742,0.632608,0.692842,0.553251,0.325417,0.432099,-0.109677,-0.340459,0.138026,0.436841,-1.0
0.944341,-0.141612,-0.329112,0.140631,0.090218,-0.577154,0.13311,0.199895,0.082651,-0.17393,0.85528,0.387405,-0.343157,-0.227866,-0.836186
0.022193,-0.869767,0.552271,0.340972,-0.205456,-0.082308,0.720193,0.642903,-0.566745,-0.157447,0.129611,-0.227999,-0.130775,0.559321,-0.988617
-0.015647,0.180713,-0.482431,-0.815736,0.577169,0.304119,0.666262,0.764419,0.398758,0.23788,-0.255599,-0.207006,0.558423,0.084597,-1.0
0.812609,0.144131,-0.733582,0.751521,-0.823847,-0.498399,0.041707,0.637416,-0.054338,-0.103551,0.93743,0.27153,-0.483663,-0.136569,-0.983413
-0.267552,0.4856,-0.704072,0.95232,-0.486209,0.106233,0.068404,0.790757,0.00998,-0.006119,0.464621,0.789272,-0.184587,-0.420663,-0.962393
-0.094446,0.441911,0.721733,0.889821,0.714687,-0.948481,0.354673,0.029405,0.197836,-0.272439,-0.255028,0.546675,0.248659,-0.4636,-0.994466
-0.299217,-0.946946,0.254655,-0.762685,0.267602,-0.301911,0.652702,0.015571,0.263132,-0.374277,-0.282519,-0.229037,0.424678,0.357317,-1.0
0.443145,-0.799595,0.2297,0.973023,-0.229891,-0.105563,0.238264,0.92754,-0.150889,-0.122234,0.569271,-0.678763,-0.311356,0.354236,-1.0
0.32979,-0.348297,-0.926694,0.023995,0.387215,0.271624,0.665193,0.11509,0.452905,0.324366,-0.032622,-0.347944,0.013586,0.419561,-0.902005
-0.50749,-0.142133,0.789058,0.8348,-0.751245,-0.271288,0.088303,0.846046,-0.006738,0.064259,0.770005,0.478886,-0.456107,-0.1413,-0.996018
0.546337,-0.226795,-0.06798,-0.136965,-0.816421,0.217355,0.584294,0.860986,-0.467297,0.152062,0.396313,-0.236303,-0.410529,0.241053,-1.0
-0.367152,0.830887,-0.063752,0.217297,0.139692,-0.976413,0.436729,0.393546,0.096299,-0.375007,-0.184471,0.543812,0.195542,-0.487146,-1.0
-0.390836,-0.831367,-0.944871,-0.085903,-0.882815,0.558053,0.001991,0.789987,-0.036235,-0.003818,0.317335,-0.977926,-0.190895,0.498559,-1.0
0.820629,0.95107,0.311064,0.154891,0.591893,0.890448,0.399798,0.801359,0.196351,0.307852,0.629392,0.055752,-0.492523,-0.131023,-1.0
0.649161,0.551416,-0.408859,-0.515661,-0.713605,0.728239,0.052506,0.55163,0.049931,0.017977,0.92067,-0.112178,-0.446043,0.126734,-0.925534
-0.970426,0.445536,-0.592948,0.706185,-0.119508,-0.831956,0.176524,0.456798,-0.045177,-0.123818,-0.404349,0.648045,0.190173,-0.398688,-0.919582
-0.679861,0.659213,-0.79852,0.888501,0.759987,-0.589506,0.057011,0.489121,0.022907,-0.061513,-0.764015,0.650767,0.350483,-0.331666,-1.0
-0.694024,-0.257475,-0.529402,-0.394102,0.455395,-0.416312,0.483758,0.741262,0.265825,-0.301631,-0.505709,0.118846,0.555876,-0.060835,-1.0
0.229311,0.704338,-0.973162,0.334443,0.256556,-0.765294,0.748773,0.508436,0.268652,-0.52391,0.024203,0.185049,-0.073914,-0.573458,-1.0
0.062233,0.53789,0.566032,0.185396,0.724258,0.233476,0.924043,0.057872,0.744502,0.24424,-0.085218,0.057626,0.398204,-0.251678,-1.0
-0.804292,0.851329,0.68634,-0.794791,0.134384,0.397446,0.19689,0.811933,0.016556,0.186153,-0.768146,0.356775,0.386379,-0.170761,-0.97836
0.932831,-0.908409,0.357313,-0.563141,0.957101,-0.024452,0.45237,0.114329,0.413656,0.031796,0.01471,-0.586048,0.091232,0.439056,-0.980855
0.787262,-0.70016,0.209037,-0.847286,0.704429,0.983271,0.045047,0.190421,0.023863,0.07603,0.153229,-0.908828,0.014138,0.547239,-1.0
0.804945,0.888287,0.293977,-0.419336,0.942833,-0.214071,0.061511,0.652889,0.105154,-0.027277,-0.15439,0.877262,0.031967,-0.514592,-0.981082
0.412004,-0.811125,-0.177537,-0.47097,-0.958364,-0.766319,0.60737,0.591884,-0.400723,-0.362311,0.309646,0.016134,-0.470433,-0.008177,-0.954917
-0.863431,-0.43532,0.076979,-0.915748,0.704541,-0.286544,0.801875,0.286216,0.508535,-0.231412,-0.261746,0.072707,0.532894,0.145615,-1.0
-0.550062,0.562362,-0.938285,0.597059,-0.190777,0.427805,0.051306,0.58892,-0.057754,0.097619,-0.862721,0.399433,0.452712,-0.134488,-0.911176
0.70776,0.808427,-0.047195,0.98126,-0.088109,-0.135994,0.73388,0.572086,-0.286206,-0.524077,0.1685,0.20667,-0.373987,-0.414245,-1.0
-0.271674,0.52187,-0.273901,-0.202045,0.607589,0.729049,0.714087,0.538133,0.392143,0.468668,-0.330463,-0.041446,0.479931,0.227808,-1.0
-0.505727,-0.882524,0.176819,0.356565,0.366728,-0.267416,0.765235,0.468839,0.478918,-0.381246,-0.127686,-0.083964,0.430398,0.326804,-1.0
-0.149495,0.754119,0.829977,0.687238,-0.837585,-0.766216,0.237317,0.287313,-0.040661,-0.143509,0.28067,0.726009,-0.207597,-0.609546,-1.0
-0.021335,0.398617,-0.731001,-0.464667,-0.628364,0.268788,0.597349,0.090345,-0.442842,0.190437,0.422183,0.114109,-0.508634,-0.062409,-1.0
-0.949728,-0.951218,-0.283398,0.27957,0.563391,0.4465,0.078468,0.435138,0.079444,0.101358,-0.570726,-0.634581,0.408027,0.307179,-0.977763
0.636282,0.046189,0.85522,0.969029,-0.168344,-0.252533,0.77861,0.215199,-0.31657,-0.565362,0.149593,-0.013418,-0.440163,-0.070229,-0.918697
0.831988,-0.5077,-0.879307,-0.13079,0.496209,-0.514786,0.367765,0.08001,0.264577,-0.254413,0.716022,0.050758,-0.585066,-0.055343,-1.0
0.647849,-0.531972,-0.646694,0.413931,0.224701,-0.744649,0.405695,0.668897,0.08195,-0.383523,0.58255,0.301886,-0.466738,-0.272137,-0.933509
-0.65727,-0.713433,0.230787,-0.346829,-0.086201,0.719133,0.132327,0.159669,0.015217,0.086421,-0.338905,-0.756935,0.18573,0.460399,-0.978999
0.978247,0.643503,-0.170738,-0.471795,-0.87466,0.031344,0.475208,0.607554,-0.39317,0.038222,0.528213,0.233268,-0.454732,-0.118803,-0.942709
0.932733,0.18636,0.91616,0.605902,0.037731,0.126264,0.479667,0.794997,0.153893,0.417396,0.531148,0.04578,-0.453879,-0.07722,-1.0
0.697654,-0.870637,0.899683,-0.771741,0.205115,0.606867,0.058045,0.53003,-0.006486,-0.003056,0.396192,-0.904707,-0.135806,0.488819,-1.0
-0.53772,-0.131166,0.223587,-0.230848,-0.199879,0.992388,0.778305,0.591097,-0.154774,0.636197,-0.160346,-0.161867,0.174421,0.552548,-1.0
0.066086,0.898022,-0.338794,0.752704,0.327655,-0.180748,0.301137,0.665062,0.211428,-0.055496,-0.182683,0.649224,0.158103,-0.51442,-1.0
0.566999,-0.667015,-0.880928,-0.298026,-0.662547,-0.663423,0.087702,0.028295,-0.108971,-0.040473,0.854884,-0.065422,-0.41291,0.095313,-0.923746
0.045532,-0.213036,-0.240959,0.722143,-0.126456,0.409275,0.471336,0.51319,-0.148296,0.289197,0.169172,-0.542236,-0.166999,0.475932,-1.0
0.437183,0.087012,0.64951,-0.154988,0.182584,-0.998123,0.931083,0.007539,0.165396,-0.728212,-0.006175,0.111976,-0.105595,-0.469944,-1.0
-0.654678,0.042096,-0.148324,-0.989496,-0.712256,0.679589,0.454443,0.859286,-0.130879,0.325546,0.041283,-0.436655,0.025977,0.4662,-1.0
0.398877,-0.816786,0.890953,0.754217,-0.471096,0.151849,0.510374,0.460137,-0.365657,0.087375,0.326937,-0.322146,-0.391913,0.399211,-0.882756
-0.383353,-0.167427,-0.765542,0.123536,-0.405877,-0.819383,0.830764,0.822394,-0.261964,-0.545107,0.052976,0.156027,-0.009178,-0.47576,-1.0
-0.140895,-0.531621,0.114148,-0.263774,-0.095972,0.986757,0.173836,0.317898,-0.077188,0.175287,-0.017797,-0.818126,-0.023711,0.547949,-0.912021
0.199947,-0.647768,-0.070323,0.424798,-0.544871,-0.310891,0.956536,0.100922,-0.769646,-0.295506,0.053864,0.026555,-0.501993,0.202966,-1.0
-0.23018,-0.928252,0.4032,0.941501,0.659752,-0.974456,0.820192,0.542744,0.398815,-0.518223,-0.095819,-0.088271,0.490793,-0.085868,-1.0
-0.2597,-0.410198,0.300659,-0.996583,-0.582364,-0.25082,0.694376,0.066697,-0.491077,-0.271814,0.29413,-0.073673,-0.503106,0.174559,-0.952229
0.356655,0.571596,-0.923536,-0.257367,-0.805226,0.947229,0.283977,0.953357,-0.181672,0.169562,0.61198,-0.186758,-0.449092,0.157248,-1.0
0.129525,0.66105,0.597216,-0.10303,0.186364,0.794553,0.714508,0.349369,0.123703,0.555964,-0.11572,-0.18878,0.14487,0.437311,-1.0
0.139024,0.953204,0.480498,0.347103,0.724551,0.771457,0.344528,0.177571,0.202187,0.138523,-0.675883,0.083386,0.490716,-0.138669,-1.0
-0.256285,-0.464031,-0.297134,0.761322,-0.318383,0.057754,0.709015,0.75945,-0.563308,0.112648,0.039703,-0.271125,-0.017523,0.543693,-0.872489
0.7075,0.675076,-0.770225,0.196479,0.415007,0.433792,0.326124,0.723407,0.145714,0.227204,0.59057,0.411874,-0.383836,-0.340135,-0.957912
-0.291945,-0.273162,-0.148704,-0.714155,0.679594,-0.486663,0.43336,0.144939,0.265201,-0.219213,-0.595579,0.131308,0.449732,-0.130206,-0.97069
0.670472,0.545388,0.63904,-0.21819,0.341347,0.441118,0.674996,0.744926,0.30688,0.387814,0.393039,0.172657,-0.620913,-0.222802,-1.0
-0.897022,0.844753,-0.381522,0.605207,-0.901394,0.761757,0.967729,0.724786,-0.630395,0.520643,0.022564,0.00566,-0.01733,-0.455561,-0.958225
0.310551,0.999268,-0.085737,-0.121942,0.905603,0.786387,0.359271,0.938286,0.268315,0.228672,-0.624685,0.178837,0.453754,-0.129448,-0.968347
-0.521989,0.881931,0.889603,-0.127176,0.779696,-0.811932,0.883086,0.173554,0.464065,-0.559787,-0.095917,0.084004,0.318306,-0.444945,-1.0
0.255655,0.461317,0.463821,-0.271188,0.127231,0.420101,0.389779,0.439741,0.098864,0.35923,0.556582,0.158611,-0.517095,-0.124769,-1.0
-0.277111,-0.604928,0.288028,0.138691,-0.699783,0.624555,0.518828,0.86172,-0.320878,0.256087,0.167996,-0.472815,-0.147432,0.456264,-1.0
-0.462681,0.333663,-0.015785,0.275119,-0.529502,0.502845,0.991302,0.680016,-0.546133,0.63741,-0.009773,-0.037643,-0.140771,0.411978,-0.998836
-0.620011,-0.224597,0.826514,0.30209,-0.891486,0.982719,0.739948,0.227581,-0.374486,0.555551,0.028962,-0.231041,-0.166334,0.450824,-0.960408
0.812227,0.008632,-0.570397,-0.575275,-0.305932,-0.315511,0.189337,0.922186,-0.06818,-0.136822,0.794646,0.174885,-0.505333,-0.141658,-1.0
-0.840981,-0.653976,-0.86157,0.795791,-0.17782,0.354225,0.890444,0.030375,-0.376533,0.729765,-0.016656,-0.148679,0.346452,0.368861,-0.980078
-0.364446,-0.99654,-0.603838,0.418166,-0.41216,-0.178574,0.925659,0.355314,-0.751365,-0.346542,0.021643,-0.028568,-0.066156,0.444894,-1.0
0.245229,0.389984,-0.415826,-0.89844,0.228056,-0.284339,0.611746,0.755221,0.267267,-0.40706,-0.018397,0.40319,0.067559,-0.561396,-0.992198
0.248572,-0.993192,0.61438,0.214167,0.185191,0.049789,0.446827,0.484114,0.389352,0.078152,0.030385,-0.520862,-0.171258,0.44074,-1.0
0.203752,0.649223,0.938495,0.062428,0.216006,0.420773,0.177728,0.240386,0.129962,0.242375,-0.004986,0.871727,-0.055031,-0.468179,-0.995482
0.40615,-0.833074,0.815366,-0.541697,-0.849322,0.293257,0.991005,0.233696,-0.779645,0.404256,-0.100718,0.093784,-0.312848,0.347267,-0.938504
-0.399468,0.301871,-0.854291,0.754751,0.390127,-0.965426,0.539414,0.858807,0.105258,-0.436957,-0.18968,0.377001,0.272752,-0.42885,-1.0
-0.604091,-0.644304,0.78231,-0.496477,-0.717304,0.743084,0.167105,0.991802,-0.148188,0.09542,0.042221,-0.844407,0.021451,0.573303,-1.0
0.671887,0.287616,0.231326,-0.417573,0.245777,0.810609,0.78142,0.578429,0.15007,0.638126,0.062874,-0.110437,-0.374819,0.433936,-1.0
-0.831786,-0.8661,0.850869,0.315865,-0.006838,-0.002778,0.717135,0.794455,-0.572129,-0.165384,-0.197517,-0.190038,0.310445,0.403132,-0.964053
-0.462844,0.0212,0.596208,-0.326849,-0.592166,0.549583,0.628955,0.493047,-0.337414,0.37987,0.058026,-0.371231,-0.168704,0.425866,-1.0
-0.559877,-0.090345,-0.203765,-0.429449,-0.962772,0.275406,0.934083,0.385836,-0.806994,0.073559,0.051072,-0.095999,-0.384834,0.334396,-0.991353
-0.469767,-0.14025,-0.047201,-0.05064,-0.095853,-0.209115,0.724703,0.796829,-0.164964,-0.572779,-0.306781,0.044609,0.488212,-0.075927,-0.970111
0.001359,-0.808401,0.497011,-0.761677,0.543251,-0.812652,0.065705,0.33278,-0.00693,-0.062007,-0.979694,0.031938,0.525419,-0.018142,-1.0
-0.084652,-0.863178,-0.156976,0.631039,0.946567,-0.524139,0.190496,0.939795,0.086827,-0.059467,-0.810255,-0.223243,0.553003,0.161571,-0.984571
-0.999152,-0.45044,-0.625499,-0.1084,0.536083,0.510614,0.160801,0.823777,0.074692,0.046847,-0.776184,-0.359629,0.344005,0.269267,-1.0
0.884325,0.75776,0.578847,0.729889,-0.330005,-0.366484,0.03649,0.567643,-0.003086,0.02814,0.77231,0.588518,-0.344382,-0.345278,-1.0
0.183357,0.411013,0.700709,-0.865683,-0.892513,0.677816,0.044926,0.447429,-0.05789,0.042692,0.939646,-0.257916,-0.500174,0.162146,-1.0
0.364796,0.825397,-0.921482,-0.294997,-0.310052,0.362248,0.878798,0.390082,-0.54079,0.536045,0.136806,0.06138,-0.334195,-0.286325,-0.974439
0.575465,-0.20652,0.179766,-0.56038,0.558919,-0.152099,0.998501,0.876294,0.798978,-0.27808,0.026895,0.019607,-0.171121,0.443003,-0.984911
-0.07458,-0.050721,0.795114,-0.380821,0.485173,0.937495,0.818902,0.849592,0.274324,0.579222,-0.155679,-0.274978,0.237602,0.436062,-1.0
-0.528984,-0.42211,-0.19,-0.03246,0.231459,0.800129,0.167126,0.615342,-0.03859,0.151418,-0.411361,-0.756733,0.269646,0.452249,-1.0
0.138492,-0.417879,0.745318,0.047432,-0.405698,-0.894257,0.196614,0.540988,-0.148012,-0.198731,0.628125,0.572871,-0.378053,-0.322024,-0.933363
0.786112,0.965574,-0.853503,-0.19841,-0.656166,0.043783,0.98751,0.64323,-0.891084,-0.018287,-0.066314,-0.113623,-0.367591,-0.193844,-1.0
-0.258084,0.388962,0.123584,0.563852,0.131589,0.482416,0.540598,0.942041,0.10799,0.471564,-0.396884,-0.083845,0.421559,0.046542,-1.0
-0.894135,-0.913302,-0.338191,0.150749,-0.462222,0.479736,0.700125,0.840762,-0.443012,0.459247,-0.125329,-0.359636,0.186493,0.468539,-0.951436
0.240169,0.273445,0.692725,-0.691587,-0.125119,-0.58852,0.40952,0.080043,-0.0769,-0.318467,0.114203,0.439588,-0.214799,-0.452565,-0.998094
-0.185608,0.435526,0.992926,0.151323,-0.535888,0.386018,0.958732,0.554955,-0.650986,0.369219,0.101971,-0.013062,-0.58323,0.023586,-0.908983
0.026304,0.956347,-0.491969,-0.846408,-0.84705,-0.217842,0.432524,0.453346,-0.329823,-0.109618,0.261098,0.396275,-0.29893,-0.37192,-0.989541
-0.323064,0.385143,0.098736,0.023013,0.003755,-0.68422,0.84404,0.414177,-0.043504,-0.688159,-0.110361,0.157826,0.180435,-0.513299,-0.934425
-0.343329,0.373162,0.955777,0.517347,-0.223259,-0.373901,0.026938,0.89536,-0.021523,-0.027573,-0.270771,1.0,0.096329,-0.50407,-1.0
-0.239912,-0.694804,0.413583,-0.991477,-0.013403,-0.968986,0.946683,0.100151,-0.046436,-0.698044,-0.040417,0.087467,0.386817,-0.395879,-1.0
0.59757,0.616352,-0.350078,-0.930596,-0.012108,0.586188,0.624904,0.515092,-0.058202,0.499116,0.332743,-0.100887,-0.456211,-0.018868,-0.987631
-0.897673,-0.90177,-0.198064,0.579056,-0.979845,0.946432,0.994507,0.117254,-0.511135,0.592287,-0.062433,-0.036456,0.027103,0.391262,-0.946733
0.090648,-0.317458,0.178673,-0.282358,-0.654159,0.005991,0.768515,0.463191,-0.579686,0.0208,0.246566,-0.106963,-0.400323,0.097958,-0.973594
0.651147,-0.132829,-0.678656,0.595922,-0.836758,0.302141,0.558778,0.719518,-0.340037,0.21566,0.449276,-0.158777,-0.384466,0.169863,-1.0
-0.401083,0.837564,-0.914509,-0.325153,-0.14182,-0.385679,0.851932,0.471693,-0.254748,-0.62647,-0.005668,0.156813,0.043977,-0.488257,-0.98046
-0.637227,0.28043,0.279622,0.719592,0.771875,0.571315,0.710835,0.954051,0.431857,0.389108,-0.281324,-0.090185,0.501576,0.149574,-0.991315
-0.766109,-0.934668,-0.790397,0.602517,-0.720707,-0.428498,0.330383,0.126362,-0.335601,-0.238104,-0.103187,-0.737234,-0.024569,0.387653,-1.0
0.217824,-0.787478,-0.913704,-0.172466,0.849567,-0.925986,0.372176,0.883384,0.240743,-0.212288,-0.581059,0.158142,0.591305,-0.097463,-1.0
-0.079598,0.395151,-0.008417,0.069887,0.761498,-0.694855,0.606974,0.757092,0.395418,-0.362158,-0.243479,0.275296,0.42176,-0.403497,-1.0
0.80302,-0.570844,-0.054095,0.833277,-0.49025,-0.741359,0.223846,0.647243,-0.164832,-0.231272,0.792652,0.118024,-0.412254,0.033103,-1.0
0.692487,0.393903,0.711511,-0.394848,0.642891,0.674911,0.666007,0.264958,0.218351,0.385267,0.049163,-0.376059,-0.095815,0.479129,-0.970379
-0.992879,-0.368814,-0.952433,-0.955544,0.219026,0.294428,0.889436,0.531359,0.401851,0.640369,-0.082765,-0.107279,0.390606,0.162571,-0.943684
0.710407,-0.865868,0.619648,0.681975,-0.565688,-0.674561,0.831119,0.028453,-0.528175,-0.523056,0.064177,-0.051195,-0.561315,0.058398,-1.0
0.321714,-0.108077,0.613224,0.290599,-0.069166,0.792352,0.769301,0.093975,-0.075882,0.600122,0.010972,-0.142502,-0.247244,0.52675,-1.0
0.42171,-0.345057,0.910926,0.916998,-0.77003,-0.339801,0.021902,0.586541,0.066722,-0.104008,1.0,-0.048645,-0.535634,0.044236,-0.945024
-0.114506,0.674373,0.768486,0.120875,0.017338,-0.019519,0.919138,0.530808,0.48213,-0.525257,-0.010557,0.056027,0.004143,-0.469485,-1.0
0.162693,-0.190989,0.681119,-0.140958,0.442621,-0.138269,0.345286,0.68904,0.339619,-0.06108,-0.688251,-0.151274,0.494672,0.129829,-0.996104
-0.030293,0.73456,-0.410574,0.164036,-0.294513,0.379852,0.890972,0.52816,-0.361572,0.581546,0.105182,0.069541,-0.3019,-0.400992,-1.0
-0.316801,0.649462,0.193726,0.994315,0.91218,-0.974103,0.530415,0.037598,0.334653,-0.289123,-0.384253,0.330101,0.307476,-0.407883,-0.962983
0.539134,-0.288006,0.823166,-0.44087,-0.997994,0.425141,0.198562,0.943634,-0.063878,0.002699,0.831568,-0.447892,-0.469206,0.185129,-1.0
-0.387465,0.032397,0.603624,-0.489682,-0.710634,0.186929,0.363793,0.684022,-0.311532,0.060968,0.612486,-0.229944,-0.456452,0.245012,-0.978061
0.459642,-0.394674,-0.667039,-0.331347,-0.03588,-0.344864,0.897381,0.224479,-0.087061,-0.696873,0.086001,-0.015178,-0.543249,0.009406,-1.0
-0.763135,0.674936,0.687835,0.532579,0.053964,-0.819834,0.984379,0.936635,0.060181,-0.943358,-0.01678,0.062326,0.237656,-0.381278,-0.936305
0.286807,-0.329847,-0.981124,0.827243,-0.704308,-0.871495,0.410681,0.936208,-0.136981,-0.22468,0.513948,0.306079,-0.445244,-0.201227,-0.970806
0.953748,0.426301,0.138024,-0.713837,0.458078,-0.499362,0.205904,0.702882,0.115909,-0.144031,0.311361,0.653051,-0.276486,-0.427837,-0.996962
-0.476172,0.883234,0.693563,-0.379812,-0.837092,0.844574,0.119245,0.155315,-0.096938,0.10262,0.852746,0.097016,-0.538117,-0.071736,-0.997378
-0.171178,0.423989,-0.36783,-0.412759,0.991834,-0.692315,0.744195,0.412902,0.518409,-0.388285,-0.231562,0.204903,0.344461,-0.354035,-1.0
0.797528,-0.980374,-0.988595,-0.886178,0.776182,-0.517324,0.916191,0.199079,0.717777,-0.398616,-0.010926,-0.131969,0.028082,0.530657,-1.0
-0.74992,-0.357224,-0.230752,-0.285143,-0.968173,0.585594,0.210142,0.214884,-0.13181,0.146948,0.221898,-0.718033,-0.133495,0.512382,-0.963183
0.202186,-0.753895,-0.082568,0.698379,-0.982288,-0.806643,0.321244,0.777608,-0.131235,-0.139399,0.688989,0.069628,-0.437338,0.016639,-0.946195
-0.929597,0.993917,-0.465528,0.229145,-0.937682,-0.131017,0.911393,0.873335,-0.69893,-0.04659,-0.025263,0.031689,0.064074,-0.460389,-1.0
-0.29544,-0.521035,-0.732103,-0.576463,-0.627363,0.756515,0.233598,0.046207,-0.143198,0.172884,0.193931,-0.843618,-0.046575,0.431219,-1.0
-0.341836,0.533683,-0.641372,-0.36054,0.200865,0.902018,0.669349,0.662214,0.210016,0.46612,-0.27987,-0.091855,0.470189,0.249186,-1.0
0.395385,0.267328,-0.032978,-0.993204,-0.989275,-0.66838,0.1064,0.494232,-0.079707,-0.028482,0.727217,0.490924,-0.443395,-0.284482,-0.971756
0.049585,0.21683,0.639631,0.039334,-0.934833,-0.14426,0.079764,0.686054,-0.060273,0.035524,0.848256,0.314232,-0.548051,-0.149788,-1.0
0.699235,-0.967167,0.759252,-0.667719,0.88462,0.503913,0.70831,0.525489,0.531201,0.310383,-0.044792,-0.362186,0.056327,0.437739,-0.986512
0.405376,-0.93135,0.558671,0.391239,0.831192,-0.383562,0.250449,0.801467,0.29137,-0.012993,-0.473431,-0.528935,0.325811,0.38195,-0.954294
-0.578389,0.061171,-0.806317,-0.228986,-0.500404,0.058616,0.714411,0.784748,-0.542929,0.11591,-0.259311,-0.044068,0.523297,-0.039695,-0.998982
-0.030222,-0.793915,-0.25457,-0.917012,-0.236755,0.743694,0.507088,0.092567,-0.14236,0.390999,0.035294,-0.602443,-0.014748,0.517212,-0.936388
-0.172607,0.375389,-0.952744,-0.811844,-0.054943,0.594938,0.697426,0.158051,-0.017187,0.550016,-0.076138,-0.31002,0.312978,0.405254,-1.0
-0.225834,-0.666425,-0.29059,-0.759948,-0.269431,0.984116,0.88579,0.753926,-0.252735,0.64193,-0.038224,-0.106338,0.099755,0.436139,-1.0
-0.986542,0.454824,0.791053,0.470455,-0.724312,-0.709479,0.354522,0.322519,-0.154659,-0.144439,-0.190286,0.520332,0.082067,-0.530334,-1.0
0.065382,-0.358971,0.030813,0.786493,0.484869,-0.734962,0.656539,0.111673,0.368784,-0.416594,-0.288583,0.276835,0.454815,-0.295476,-1.0
0.057331,-0.688807,-0.122983,-0.494041,0.365142,0.213949,0.933989,0.335774,0.62278,0.405562,-0.062787,0.027917,0.072769,0.518006,-1.0
-0.513104,-0.988374,-0.290126,-0.097812,-0.728636,-0.149968,0.155076,0.998637,-0.228909,-0.002028,0.241281,-0.843193,-0.092621,0.50361,-1.0
-0.140987,0.288004,0.354585,0.935037,-0.408234,-0.875774,0.954535,0.573894,-0.387192,-0.683566,0.066443,0.032358,-0.13241,-0.5663,-0.991839
0.832505,-0.744769,0.884105,0.461311,-0.04436,0.431618,0.628153,0.904938,-0.146931,0.51972,0.233524,-0.342525,-0.336116,0.374479,-1.0
-0.612955,-0.064483,-0.806953,0.259518,0.188612,0.756986,0.70862,0.268878,0.009619,0.644091,-0.164485,-0.204024,0.341457,0.435335,-1.0
0.046778,0.425263,0.366352,-0.214767,0.280629,0.653793,0.539363,0.262273,0.087823,0.441034,-0.352311,-0.34426,0.296299,0.284241,-0.996282
0.043868,-0.433875,0.223085,-0.080195,0.34062,-0.823702,0.762289,0.825534,0.317519,-0.689621,-0.173883,0.146072,0.253531,-0.326362,-0.993348
0.106897,-0.642222,-0.222229,0.410555,0.289701,-0.379974,0.513318,0.265914,0.226396,-0.25892,-0.319336,-0.40065,0.319978,0.505879,-0.958185
0.740846,0.775554,0.804781,-0.709421,-0.259739,-0.651865,0.630698,0.798226,-0.214804,-0.484209,0.238948,0.300523,-0.231236,-0.417334,-0.97055
-0.455733,0.213191,-0.754808,-0.034943,-0.295771,-0.285851,0.195391,0.956235,-0.148384,-0.11475,-0.240484,0.738647,0.1336,-0.386002,-1.0
-0.035061,-0.057538,-0.642205,0.159875,0.839101,-0.567809,0.216946,0.679984,0.081269,-0.113428,-0.702016,0.366231,0.409679,-0.252435,-1.0
-0.735545,0.170691,0.560654,-0.569411,-0.267235,-0.262664,0.483173,0.621296,-0.224323,-0.307857,-0.4372,0.3101,0.370472,-0.424026,-1.0
0.758707,0.062686,-0.598247,0.981335,0.085801,-0.403588,0.871836,0.099299,0.116864,-0.764612,0.118408,0.014731,-0.499451,-0.311013,-0.990291
0.080179,0.68359,0.914195,0.433444,-0.665816,-0.866011,0.924757,0.219376,-0.501753,-0.665776,0.084659,0.108927,-0.205282,-0.453686,-1.0
0.086342,0.720259,0.042229,0.512023,0.285415,0.341231,0.623158,0.849433,0.390818,0.446814,-0.226859,0.230074,0.212091,-0.529762,-1.0
0.403227,-0.311049,0.742304,-0.756561,-0.410036,-0.76497,0.809823,0.109001,-0.424716,-0.52654,0.181493,0.084034,-0.442519,-0.362028,-1.0
0.226896,-0.009728,0.723158,-0.741995,-0.382504,-0.351492,0.884108,0.076214,-0.559478,-0.418836,0.058989,0.003435,-0.437975,-0.265852,-1.0
-0.041864,-0.581633,0.199359,0.972707,0.958519,0.252859,0.82031,0.484001,0.731997,0.125838,-0.092091,-0.10984,0.498057,0.322588,-0.934244
0.940636,0.313236,-0.462962,0.844877,-0.19092,-0.950219,0.26367,0.62219,0.010234,-0.17418,0.390953,0.549028,-0.323201,-0.372824,-0.958085
0.276655,0.940495,0.941438,0.055895,-0.154454,-0.678791,0.113332,0.484632,-0.005204,-0.138659,0.194204,0.818204,-0.028067,-0.512952,-0.970716
0.103855,0.717718,0.934887,0.4406,-0.988577,-0.622878,0.614932,0.60558,-0.431982,-0.1812,0.227878,0.271655,-0.336224,-0.287909,-1.0
0.792519,0.285825,0.589018,-0.497675,0.936043,0.961347,0.617816,0.806637,0.334061,0.368415,-0.076118,-0.413615,0.13894,0.485172,-0.990915
0.191928,-0.453891,0.046218,0.522492,-0.067133,0.528502,0.092884,0.897468,-0.079758,0.107771,0.285427,-0.848704,-0.081952,0.53917,-0.897709
-0.411671,0.782224,0.349232,-0.787142,-0.546498,-0.962799,0.930057,0.763789,-0.319254,-0.708043,-0.142482,0.045891,-0.068573,-0.518507,-0.968338
-0.551998,-0.877643,0.634547,-0.297877,0.000186,-0.544253,0.434913,0.171304,0.037456,-0.310896,-0.488761,-0.370372,0.423712,0.313528,-1.0
-0.21879,0.809817,0.403908,-0.852099,-0.726084,-0.211683,0.545756,0.360574,-0.460222,-0.083372,0.15169,0.339807,-0.314458,-0.488144,-1.0
0.563765,-0.443426,-0.700625,0.575247,-0.341939,-0.454508,0.799962,0.172433,-0.439388,-0.51048,0.133443,-0.020953,-0.465996,-0.064086,-1.0
0.627958,-0.921293,-0.049697,0.581835,-0.340159,-0.030379,0.838969,0.783932,-0.719101,-0.071135,0.125049,-0.170499,-0.394166,0.323846,-0.96977
0.648575,-0.000188,0.261717,-0.079252,-0.674526,-0.478406,0.148843,0.228171,-0.116822,-0.127495,0.828608,0.307123,-0.459883,-0.212506,-0.994789
-0.079857,-0.309791,0.383945,0.35113,-0.205188,0.843192,0.572354,0.43316,-0.153296,0.448458,0.070863,-0.33281,0.04429,0.497871,-0.953623
0.537662,-0.609335,-0.246776,-0.684554,-0.836374,-0.92716,0.070292,0.619756,-0.015872,-0.068037,0.850763,0.254228,-0.523729,-0.109527,-1.0
0.638454,0.539614,0.83885,0.22929,-0.046091,0.816101,0.390901,0.187298,-0.021183,0.342305,0.503672,-0.243873,-0.392701,0.257656,-1.0
-0.253727,0.072814,0.944554,0.065047,-0.653635,0.308466,0.020534,0.804161,-0.049356,0.00308,0.818005,-0.490933,-0.344393,0.13019,-1.0
-0.072904,0.257903,0.60869,0.755917,0.527685,-0.194341,0.896394,0.760026,0.672469,-0.280435,-0.058195,0.147484,0.394801,-0.303813,-1.0
-0.69242,-0.063701,-0.160029,0.309165,0.896946,-0.79567,0.980828,0.613695,0.523565,-0.48076,-0.018644,-0.063336,0.48394,-0.261389,-0.883589
-0.170797,0.370016,0.448965,-0.219184,0.136755,0.023282,0.102446,0.865305,0.127948,0.017475,-0.745041,0.698083,0.268735,-0.334911,-1.0
0.967163,0.391862,0.483963,-0.406975,-0.161478,-0.311916,0.326298,0.649517,-0.084225,-0.195126,0.615819,0.386913,-0.438914,-0.247631,-1.0
-0.340464,-0.580168,0.533337,0.21421,0.634032,-0.10093,0.35996,0.899729,0.24716,-0.084533,-0.5383,-0.28018,0.439371,0.208286,-1.0
0.583046,0.090047,-0.739595,0.417325,-0.069385,0.09214,0.652319,0.013671,-0.272429,0.417844,0.350819,-0.087509,-0.450638,0.019022,-1.0
-0.677832,-0.26927,0.835142,0.603471,0.113438,0.510832,0.066359,0.943224,-0.003865,0.028869,-0.73631,-0.651452,0.361531,0.394492,-0.950823
0.186973,-0.611739,0.122373,0.609008,0.229173,0.648331,0.190177,0.511494,0.05322,0.147376,-0.07426,-0.8339,0.035691,0.526814,-0.959956
-0.239726,0.24532,-0.492896,-0.308017,0.64043,0.17374,0.591315,0.932166,0.476076,0.133155,-0.40318,0.010646,0.506279,-0.069192,-0.915569
-0.264964,0.666802,-0.714417,0.307278,0.811657,-0.21976,0.81864,0.442377,0.643037,-0.176101,-0.055565,0.07329,0.31388,-0.28754,-0.99317
0.052769,-0.69614,-0.926552,-0.439654,0.218437,-0.713625,0.037908,0.973633,0.086193,-0.067707,-0.960761,0.059277,0.53821,-0.078535,-1.0
-0.382879,0.741123,-0.102969,-0.393959,0.687238,0.123208,0.844078,0.564586,0.620723,0.042844,-0.027889,0.070648,0.496381,-0.286288,-1.0
0.361765,0.619914,-0.86012,-0.525803,0.868677,-0.661614,0.025281,0.715137,-0.022576,0.057225,-0.36327,0.935273,0.204787,-0.490266,-1.0
-0.021404,-0.176302,0.412425,0.77872,-0.455658,-0.460364,0.102777,0.893626,0.008184,-0.105889,0.763896,0.389883,-0.365507,-0.29854,-0.922857
0.179675,-0.515978,0.218169,0.333447,0.958366,-0.300043,0.277212,0.227468,0.208577,-0.012556,-0.753167,-0.28134,0.481393,0.087143,-1.0
-0.927568,0.008971,-0.32865,0.561268,0.316642,0.434536,0.724641,0.440693,0.278061,0.420216,-0.170899,-0.064896,0.529085,0.188296,-0.956514
0.14105,0.492177,-0.399654,0.807665,0.90502,0.222069,0.309125,0.592177,0.182454,-0.006828,-0.599102,0.217828,0.462995,-0.151198,-0.901858
-0.504009,-0.948719,0.559486,0.683444,0.40714,-0.328779,0.824948,0.794111,0.514224,-0.44863,-0.208938,-0.093309,0.391213,0.252936,-0.972873
-0.747855,-0.685309,-0.034343,-0.557338,-0.562632,-0.696504,0.836272,0.170897,-0.425314,-0.622066,-0.122544,-0.021661,0.429879,0.019523,-1.0
-0.553819,0.098786,-0.034974,0.969616,0.181495,-0.852451,0.923907,0.719529,0.097295,-0.745563,-0.068318,0.085568,0.262912,-0.450929,-1.0
0.16907,-0.125557,-0.285247,0.113056,0.138044,-0.260735,0.72197,0.464517,0.347399,-0.490577,0.20015,0.25775,-0.043097,-0.509499,-1.0
-0.911578,0.309518,-0.212827,-0.059833,-0.038421,-0.966454,0.479573,0.194989,-0.048986,-0.339395,-0.2917,0.492976,0.180978,-0.382341,-0.933643
-0.661954,-0.210143,0.514622,-0.86673,0.997954,0.424895,0.548578,0.053037,0.424989,0.144033,-0.338253,-0.229599,0.557311,0.150674,-1.0
0.730685,-0.765078,-0.350302,-0.643323,0.823911,-0.989629,0.88776,0.320339,0.4213,-0.482434,-0.077898,0.122839,0.204332,-0.485647,-1.0
-0.83661,0.83549,0.302073,0.609863,0.569018,-0.400859,0.286543,0.280037,0.156669,-0.081687,-0.482836,0.522012,0.360198,-0.285646,-1.0
0.150133,-0.260424,0.665503,0.894952,-0.324459,0.819348,0.809347,0.940134,-0.246654,0.614804,0.010978,-0.235996,-0.178686,0.495212,-0.969804
-0.166834,0.111291,-0.203612,0.482293,-0.468777,0.798675,0.356302,0.279626,-0.193404,0.223851,0.277833,-0.621926,-0.171405,0.497198,-1.0
-0.099544,-0.846108,0.838728,0.591768,-0.477684,0.026538,0.389479,0.457296,-0.228161,0.019399,0.150491,-0.553502,-0.254004,0.539999,-0.990305
0.91194,-0.310178,0.277603,-0.818783,-0.734033,0.995903,0.831033,0.638832,-0.476115,0.54934,0.079431,-0.144941,-0.380057,0.371119,-0.99
-0.994675,-0.367241,0.703833,0.031755,-0.046367,-0.15686,0.929783,0.961805,-0.27918,-0.73689,-0.042413,-0.056297,0.51946,0.049347,-1.0
-0.813352,0.345572,-0.16588,0.732352,0.736988,0.84565,0.465493,0.620594,0.243626,0.322264,-0.517097,-0.238201,0.435555,0.249233,-0.978054
0.48293,-0.401984,-0.498491,-0.288054,0.835473,-0.771374,0.768808,0.715037,0.418516,-0.382093,-0.080938,0.232937,0.341242,-0.317124,-0.896278
0.834662,0.259846,-0.760596,-0.321383,0.036838,-0.291941,0.771191,0.821163,0.080426,-0.685521,0.085084,0.16269,-0.441022,-0.310758,-0.998077
-0.953913,0.742155,0.54362,-0.269571,-0.054729,-0.127672,0.737372,0.237497,-0.319481,-0.568783,-0.17795,0.218052,0.34827,-0.384042,-1.0
0.104621,-0.860735,0.747732,-0.898076,-0.852562,0.864561,0.524872,0.088068,-0.278542,0.336807,0.202941,-0.337804,-0.191724,0.363775,-1.0
-0.670004,-0.70668,-0.59175,0.941578,-0.691401,-0.482023,0.317989,0.553027,-0.248184,-0.197338,0.05008,-0.714405,-0.046484,0.492316,-0.926525
-0.438988,-0.880659,0.611032,0.108533,-0.769209,0.090118,0.558702,0.785386,-0.451008,0.049067,0.100562,-0.344502,-0.165526,0.426389,-0.903119
-0.911953,-0.242468,-0.544263,-0.978532,-0.448371,0.695219,0.588782,0.069899,-0.257728,0.433557,-0.166006,-0.374372,0.218474,0.470663,-0.934024
-0.28264,-0.412914,-0.732963,0.199737,-0.415825,-0.790494,0.495306,0.730059,-0.237719,-0.363064,0.137644,0.397303,-0.143479,-0.533828,-1.0
-0.715133,-0.281261,0.669663,-0.235083,-0.89866,0.310181,0.84179,0.911678,-0.616978,0.140443,0.112518,-0.206675,-0.155348,0.389447,-0.922105
-0.942929,-0.356633,-0.930168,-0.335447,0.037147,-0.130551,0.618573,0.093364,0.100646,-0.428909,-0.428294,-0.107728,0.430384,0.201362,-0.985788
0.308139,0.11896,-0.097941,0.818436,-0.822699,-0.662484,0.033941,0.687822,-0.04095,-0.038615,0.830168,0.588199,-0.526476,-0.159012,-1.0
-0.60086,0.101202,-0.746704,-0.635114,0.416444,0.018598,0.217628,0.011733,0.138291,0.033715,-0.754943,0.077482,0.560439,-0.09432,-1.0
-0.990195,0.33702,0.284413,-0.106069,-0.599783,-0.602563,0.467538,0.702854,-0.203127,-0.268987,-0.235233,0.462394,0.259032,-0.418528,-1.0
-0.720964,0.856175,0.329328,0.862869,0.458038,-0.463476,0.3518,0.362813,0.20344,-0.237427,-0.458114,0.446451,0.328147,-0.449245,-1.0
-0.912076,-0.10395,-0.051653,-0.954293,-0.95278,0.132799,0.397722,0.744822,-0.386327,0.098342,0.142699,-0.652981,-0.093894,0.396935,-1.0
0.241466,-0.315836,0.877269,0.360425,0.43079,-0.403014,0.351407,0.245761,0.231998,-0.217084,-0.572589,0.280738,0.481899,-0.182882,-0.935493
0.167159,0.483879,-0.301317,0.689999,0.338739,0.712011,0.006243,0.603437,-0.045129,-0.002552,-0.647524,-0.780071,0.308518,0.363888,-1.0
0.585006,-0.996316,0.557197,0.390118,0.289088,-0.017747,0.995631,0.196501,0.835579,-0.105266,-0.006149,-0.02937,-0.134892,0.47178,-0.92389
-0.383441,0.366247,-0.786459,0.973958,0.055704,-0.014864,0.12174,0.817055,0.105612,-0.076937,-0.689531,0.596374,0.444931,-0.384612,-1.0
-0.848042,0.761541,-0.951347,0.976977,0.803093,-0.992601,0.988377,0.889567,0.426621,-0.683557,0.008111,-0.021473,0.317864,-0.248204,-1.0
0.3579,0.910742,0.286873,0.837158,0.732115,0.844257,0.175012,0.271678,0.118085,0.171765,-0.872191,0.151287,0.443246,-0.014314,-1.0
0.595677,0.601669,0.174384,-0.55683,0.17821,0.851431,0.140557,0.456509,0.017818,0.084203,0.790183,-0.445514,-0.324057,0.24389,-0.960608
0.134128,-0.585365,0.626606,-0.558985,-0.583116,0.485413,0.013147,0.154496,-0.03657,0.013799,0.487949,-0.781807,-0.197886,0.440052,-1.0
0.451899,-0.205542,0.878034,-0.762949,-0.423177,0.879544,0.770827,0.123245,-0.196174,0.588933,0.154499,-0.182827,-0.260636,0.386815,-0.953464
-0.1387,0.283549,-0.476043,0.089005,0.224923,0.273703,0.187071,0.971241,0.166419,0.193567,-0.892737,0.054452,0.416917,0.044511,-0.941219
-0.846424,-0.210451,-0.3515,0.981014,0.744647,-0.698634,0.462769,0.015782,0.211031,-0.204821,-0.441736,0.076939,0.365738,-0.080731,-1.0
-0.26585,0.12226,0.46047,-0.091973,-0.850835,-0.520993,0.826628,0.085668,-0.560759,-0.325019,0.141855,0.068805,-0.321396,-0.368804,-1.0
-0.374214,-0.453661,0.937821,0.917388,0.378622,0.008501,0.413874,0.865299,0.322326,0.01536,-0.51337,-0.335405,0.450412,0.338827,-0.99235
-0.608757,-0.902308,-0.914637,-0.429111,0.289818,0.330934,0.716393,0.280651,0.328377,0.427517,-0.105555,-0.203488,0.285811,0.393857,-0.95645
0.701989,0.735329,0.822891,0.674822,0.122629,-0.29184,0.181062,0.428415,0.018254,-0.142389,0.370394,0.754553,-0.270861,-0.360609,-1.0
-0.070155,0.050865,0.411677,0.843589,0.083359,-0.12364,0.362207,0.70725,0.174599,-0.237423,-0.464492,0.469143,0.308962,-0.370746,-0.979465
-0.094226,-0.837579,0.06547,-0.879883,0.494295,0.917254,0.183605,0.204253,0.033888,0.200588,-0.33069,-0.739143,0.148501,0.483019,-0.917841
0.923635,0.18081,0.193971,0.157958,-0.779127,-0.165977,0.925959,0.831109,-0.701792,-0.07906,0.084725,0.032641,-0.517094,-0.152594,-1.0
-0.212196,0.308668,0.882591,0.488512,0.601844,-0.510059,0.640001,0.924324,0.407696,-0.381937,-0.0715,0.276879,0.263011,-0.356337,-1.0
-0.50998,-0.048907,-0.828987,0.315398,-0.259498,0.507834,0.150042,0.515197,-0.110819,0.07075,-0.324306,-0.752752,0.218217,0.478191,-0.963107
0.092836,-0.410207,0.994799,-0.641147,-0.183145,-0.780984,0.904799,0.274883,-0.282765,-0.612809,0.069822,0.059553,-0.319811,-0.355248,-0.998824
-0.506241,-0.576931,0.041239,-0.452758,0.038698,0.170141,0.571925,0.673451,0.098404,0.481351,-0.240461,-0.436217,0.25952,0.401616,-1.0
0.313137,0.813974,-0.51371,-0.029569,-0.353549,0.015596,0.167534,0.987985,-0.153325,0.006675,0.580662,0.573793,-0.245187,-0.347272,-0.966483
-0.482429,0.464028,0.776749,-0.435335,0.994224,-0.193088,0.881879,0.851216,0.771261,-0.241355,-0.140132,0.092984,0.41519,-0.156301,-1.0
-0.122268,-0.853308,-0.078527,0.679077,-0.70183,-0.934317,0.945095,0.695058,-0.461267,-0.595557,0.024069,0.050442,-0.460539,-0.099963,-1.0
0.094822,-0.419741,-0.915108,0.787794,-0.653971,0.10504,0.693887,0.873228,-0.442599,0.161108,0.230652,-0.158472,-0.443412,0.292407,-1.0
-0.558251,-0.40849,-0.391644,0.637617,-0.84556,-0.328098,0.589159,0.210215,-0.488544,-0.215299,0.397082,-0.040182,-0.489962,0.166525,-1.0
0.204013,-0.365576,-0.308819,0.188097,-0.271358,0.34965,0.01382,0.901636,-0.111126,-0.014639,0.649518,-0.796973,-0.305227,0.464476,-0.938134
-0.549501,0.35025,0.217344,-0.977776,-0.613347,-0.601877,0.312768,0.57743,-0.130856,-0.107067,0.191136,0.688281,0.04196,-0.545937,-1.0
0.853214,0.754603,-0.265013,0.744204,0.496255,-0.504568,0.339088,0.209379,0.168772,-0.216752,0.143029,0.623493,-0.133568,-0.458565,-1.0
-0.648247,0.778607,-0.048926,0.033948,0.106176,-0.604628,0.737222,0.957581,0.036507,-0.5385,-0.072874,0.217997,0.269658,-0.360066,-1.0
0.163217,0.305869,0.48319,-0.781878,0.41095,0.150996,0.116357,0.518795,0.075718,0.025891,-0.740306,0.424375,0.421955,-0.251204,-1.0
-0.386471,0.135047,0.585261,-0.149191,-0.961054,-0.629019,0.575901,0.642191,-0.370453,-0.323938,0.221378,0.330754,-0.2888,-0.408135,-1.0
0.538305,-0.92946,-0.333086,0.436851,-0.647855,0.831804,0.940255,0.019323,-0.551207,0.635865,0.063318,-0.046978,-0.288918,0.442552,-0.999611
0.185026,0.928953,0.911274,0.651417,-0.242152,0.339561,0.49446,0.494802,-0.165728,0.276741,0.237718,0.434914,-0.326181,-0.366549,-1.0
-0.040162,-0.992074,0.089819,-0.389298,-0.797305,0.042561,0.324453,0.988691,-0.215746,-0.054026,0.404249,-0.447544,-0.381366,0.441706,-0.964084
0.997409,0.992452,0.224957,0.665268,0.125203,-0.645129,0.903676,0.638817,-0.023467,-0.621868,0.076285,0.157517,-0.18756,-0.331756,-1.0
-0.738891,0.975273,-0.345918,-0.887989,0.462501,-0.279536,0.401263,0.303011,0.228986,-0.180654,-0.412908,0.470578,0.437284,-0.253047,-1.0
0.796223,0.306917,0.131316,0.701577,-0.309872,0.77794,0.924026,0.532674,-0.33162,0.69115,0.07727,-0.089024,-0.499397,0.19793,-0.99521
0.460378,0.82759,-0.351864,-0.616126,-0.367461,-0.792743,0.042761,0.745846,-0.012274,-0.034222,0.511711,0.868151,-0.275549,-0.544513,-0.940029
0.158585,0.327345,-0.547131,-0.342556,-0.013898,0.539377,0.995454,0.245724,0.002567,0.79457,-0.101708,-0.009569,-0.289204,0.400848,-1.0
-0.933026,-0.268916,-0.148486,-0.306893,0.05247,-0.02224,0.717269,0.770771,0.49463,-0.240623,-0.218687,0.011108,0.513859,0.140994,-0.995075
0.091725,0.377409,0.361475,0.589795,0.001068,-0.577378,0.332136,0.114537,-0.032766,-0.378764,0.127483,0.701653,-0.055549,-0.528697,-0.96517
0.108441,0.853997,0.283371,-0.8078,0.870753,0.157296,0.428561,0.415245,0.380488,0.040356,-0.477861,0.466094,0.237831,-0.232501,-1.0
0.160158,0.064709,0.053374,0.397888,-0.200114,0.991981,0.747993,0.898898,-0.143079,0.581435,0.15214,-0.276284,-0.135204,0.417887,-1.0
0.765384,0.658457,0.725619,0.093149,0.824701,-0.371803,0.826334,0.15849,0.655472,-0.216435,0.017574,0.12567,0.018602,-0.414151,-0.961776
0.172258,0.278846,0.130275,-0.91816,-0.192869,0.320968,0.465224,0.828946,-0.195489,0.325468,0.505665,-0.003809,-0.474584,0.02718,-0.951638
-0.533205,0.700645,-0.211454,-0.321354,-0.369058,0.120605,0.166819,0.351545,-0.148485,0.048514,-0.17893,0.799402,0.111687,-0.536213,-0.907381
0.376679,-0.307186,-0.063085,-0.179989,0.008034,-0.502312,0.83635,0.881947,0.044814,-0.586633,0.233054,0.065145,-0.471178,-0.256218,-1.0
-0.957581,-0.356461,0.630743,0.555441,0.657276,-0.896298,0.772073,0.924934,0.445549,-0.524486,-0.231506,0.084661,0.439199,-0.085591,-0.976235
0.513537,-0.412851,-0.321321,0.346354,0.025421,-0.326972,0.493534,0.824112,-0.002076,-0.363991,0.491707,-0.095731,-0.511408,0.079707,-0.994867
-0.562352,-0.829289,0.992078,-0.648715,-0.536242,0.464268,0.904181,0.606994,-0.564752,0.438684,0.048985,-0.10594,0.031176,0.477725,-0.992765
0.241534,0.376823,0.605662,-0.778079,0.323184,-0.217921,0.645483,0.823185,0.452656,-0.331384,-0.071761,0.312297,0.056822,-0.597552,-1.0
0.55501,-0.569589,0.380717,0.729392,-0.115605,-0.639276,0.292919,0.59733,-0.057762,-0.292341,0.606332,0.045417,-0.514281,-0.063223,-1.0
-0.394113,0.470393,0.162532,0.891562,-0.031063,0.68833,0.816532,0.250299,-0.015385,0.624426,-0.190652,-0.090697,0.378575,0.264572,-1.0
0.871,0.052298,-0.52792,0.368095,-0.690717,-0.554139,0.269351,0.430195,-0.253781,-0.162887,0.751789,0.283971,-0.5247,-0.12603,-0.968615
0.514111,-0.020586,-0.831057,0.479024,0.133492,0.544675,0.940405,0.687652,0.203008,0.758479,0.013281,-0.068263,-0.253627,0.381131,-1.0
0.857856,0.739484,-0.7698,-0.232193,-0.217442,-0.243346,0.039459,0.821309,-0.072729,0.021847,0.659422,0.641852,-0.367774,-0.325452,-1.0
-0.125328,0.764467,0.949576,0.387143,0.123685,0.396543,0.687525,0.130209,0.129635,0.4724,-0.142464,0.253941,0.252008,-0.388391,-0.938868
-0.867484,0.018648,0.594502,0.103264,-0.613129,-0.872347,0.485731,0.844247,-0.335108,-0.309898,-0.108958,0.52621,0.165885,-0.495788,-0.988532
0.744928,-0.077138,-0.816512,0.904262,-0.084812,-0.115508,0.519904,0.571717,-0.18215,-0.387803,0.533279,0.054964,-0.428493,-0.020824,-0.979766
0.58606,0.826593,0.432823,-0.848062,0.182523,0.216774,0.286844,0.034231,0.148951,0.149184,0.466721,0.603856,-0.201888,-0.456903,-1.0
-0.813711,0.317083,0.831969,0.002057,0.656139,0.308458,0.319717,0.033121,0.274883,0.112507,-0.677903,-0.01128,0.521341,-0.024738,-0.953617
0.389016,-0.332673,-0.23278,-0.36404,-0.361139,-0.996264,0.553277,0.837646,-0.207005,-0.38434,0.315497,0.270633,-0.503773,-0.268026,-0.980413
0.348112,-0.389922,0.430551,0.84624,0.69123,0.494448,0.698674,0.229791,0.481776,0.339916,-0.066046,-0.262243,0.163071,0.473974,-1.0
-0.409601,0.605932,0.347784,0.251244,-0.555899,-0.783313,0.209343,0.380062,-0.05172,-0.160282,0.095578,0.825825,-0.030783,-0.563719,-1.0
0.985882,-0.391593,-0.546401,-0.927086,0.031469,-0.470148,0.452739,0.912008,-0.013861,-0.393464,0.623882,0.088181,-0.522974,-0.011844,-1.0
-0.062823,-0.454798,-0.579705,0.058488,0.585209,-0.615267,0.502738,0.605943,0.231035,-0.478262,-0.37897,0.108408,0.439282,-0.027617,-1.0
0.659403,0.897716,-0.632099,0.239715,-0.820724,-0.604003,0.467747,0.751106,-0.235957,-0.210758,0.366635,0.400124,-0.301087,-0.341017,-0.970276
0.859337,-0.862694,0.604826,0.432565,-0.941595,0.532105,0.08523,0.901145,-0.009956,-0.00119,0.777583,-0.603258,-0.425409,0.289259,-1.0
0.722824,0.656423,0.48676,-0.897111,0.855259,0.747291,0.477846,0.183263,0.320865,0.184891,-0.488172,-0.250354,0.318959,0.361309,-0.976484
0.042916,0.423091,0.916773,-0.007937,-0.27547,-0.408611,0.37336,0.113591,-0.157668,-0.393642,0.325792,0.564386,-0.120812,-0.563824,-1.0
-0.244586,-0.347833,-0.31204,0.240741,0.906406,0.253162,0.649015,0.715139,0.441765,0.109237,-0.376795,-0.193416,0.416536,0.314973,-0.940372
0.7651,0.421708,-0.739772,0.453498,-0.372406,-0.075269,0.91186,0.959563,-0.705699,-0.087476,0.043428,0.131079,-0.554672,-0.113325,-1.0
0.162897,-0.668433,-0.07177,0.329785,-0.867511,-0.432776,0.56354,0.753233,-0.432843,-0.18212,0.346471,-0.085043,-0.422648,0.075983,-1.0
0.170852,-0.726317,0.416473,0.280088,-0.160686,-0.269814,0.843005,0.37218,-0.326431,-0.585183,0.113858,-0.116779,-0.298807,0.347708,-0.925921
-0.665674,0.060383,0.06174,-0.971489,0.698047,0.694405,0.846934,0.719759,0.465114,0.50713,-0.179083,-0.167172,0.435015,0.226901,-0.993029
-0.652846,-0.352182,0.453176,0.926966,0.37044,0.346286,0.617909,0.717779,0.281602,0.403297,-0.367301,-0.189469,0.346911,0.270717,-0.971359
-0.825093,0.99335,-0.71207,-0.326379,-0.292835,0.76799,0.61953,0.633332,-0.143102,0.356455,-0.338695,0.175659,0.429805,-0.179928,-1.0
-0.014312,0.128812,0.371315,0.870316,-0.90693,0.238183,0.477017,0.79839,-0.343025,0.045139,0.529437,-0.094144,-0.592924,0.034896,-1.0
0.718284,0.344631,0.118991,0.222478,0.844565,-0.254686,0.374409,0.803043,0.282894,-0.109239,-0.1342,0.648795,0.124523,-0.552721,-0.943591
0.022067,0.323787,0.603704,0.580624,0.943196,-0.735569,0.968834,0.379536,0.603827,-0.484674,-0.089553,-0.007918,0.374929,-0.386953,-1.0
0.104563,-0.453077,-0.65076,-0.063597,0.313232,0.961561,0.199038,0.300718,0.106705,0.241651,-0.124556,-0.791141,0.03758,0.507686,-0.989655
0.008316,0.30952,-0.66576,-0.478291,0.708125,0.469948,0.991258,0.199911,0.645767,0.418944,-0.019824,0.000776,0.514792,0.06869,-0.979411
0.708446,0.599261,0.320366,0.086583,0.642348,0.992035,0.933754,0.995866,0.366118,0.63626,-0.072057,-0.145043,-0.160647,0.507757,-0.972289
-0.193911,-0.574153,0.887972,-0.841674,0.19873,-0.920515,0.406667,0.74035,0.136962,-0.304117,-0.432231,0.386706,0.37003,-0.389956,-1.0
0.816221,0.537527,0.651524,-0.253322,0.910797,0.232422,0.526981,0.983067,0.452396,0.112511,-0.147395,0.524541,0.167017,-0.515336,-0.961968
-0.705989,-0.40431,0.572264,0.239679,-0.250582,0.615321,0.654308,0.841554,-0.173646,0.496716,-0.111503,-0.276264,0.202422,0.530039,-0.989595
0.655498,0.822609,-0.951434,0.004504,0.547284,0.604971,0.489644,0.726499,0.241241,0.219393,0.245417,0.319383,-0.196126,-0.406077,-1.0
0.361108,0.987925,-0.942442,-0.141124,0.129696,-0.342682,0.195567,0.105794,-0.053719,-0.114006,0.073081,0.712024,-0.109537,-0.48348,-0.94668
-0.162658,-0.961558,0.636951,-0.158076,0.119925,-0.419883,0.930288,0.035382,0.160317,-0.750819,0.024151,-0.082543,0.194822,0.354368,-1.0
-0.446318,0.008141,0.7073,0.736541,-0.557968,-0.141749,0.908395,0.372686,-0.611375,-0.152842,0.019865,0.071624,-0.370249,-0.426497,-0.951866
0.810203,0.739066,-0.799392,0.094453,-0.408791,0.56321,0.592564,0.066192,-0.206173,0.409353,0.469724,-0.015252,-0.526885,-0.059581,-0.984158
0.561958,0.704793,-0.5885,-0.61073,0.196342,0.212832,0.874802,0.262896,0.549031,0.538478,0.139281,0.138347,-0.288583,-0.377665,-1.0
-0.265227,-0.407339,0.3666,-0.062205,0.173067,0.191626,0.045086,0.265243,-0.001936,-0.02959,-0.531566,-0.737018,0.295166,0.394173,-1.0
0.386633,0.62007,-0.14289,-0.993201,0.366145,-0.673164,0.228577,0.764562,0.08552,-0.152569,0.040185,0.761245,0.075773,-0.51107,-0.93795
-0.798557,-0.421954,-0.424296,0.239395,0.009497,0.838429,0.112818,0.313543,0.057779,0.103026,-0.386313,-0.714483,0.116513,0.446319,-0.975365
0.119366,0.174055,-0.874929,0.853636,0.770299,0.547754,0.222501,0.804664,0.119367,0.157909,-0.653701,-0.32325,0.510069,0.275982,-0.990029
0.138507,0.56273,-0.99756,-0.33447,-0.586718,-0.389928,0.447434,0.962889,-0.284982,-0.184098,0.343212,0.43747,-0.291237,-0.352453,-0.933235
-0.291212,0.164953,-0.784858,-0.99087,-0.376054,-0.610665,0.596587,0.128958,-0.266023,-0.453401,0.119079,0.390555,-0.105566,-0.476407,-1.0
-0.115036,0.097392,-0.778184,0.730763,0.839107,-0.336127,0.531228,0.745191,0.451149,-0.128064,-0.471501,0.238383,0.512773,-0.199238,-1.0
-0.453335,0.989282,-0.031871,0.023765,-0.530517,0.959426,0.77129,0.951763,-0.331771,0.569031,0.256312,0.047415,-0.578698,-0.239445,-0.995589
-0.166535,-0.491839,-0.172671,0.56651,0.83473,0.394065,0.09664,0.292666,0.082403,0.019966,-0.683717,-0.586965,0.42899,0.24945,-1.0
0.010285,0.169944,-0.623691,0.097622,-0.743415,-0.828106,0.104017,0.597801,0.013145,-0.032929,0.57955,0.715442,-0.273201,-0.432789,-1.0
-0.908597,0.349294,0.511839,0.077308,-0.043007,0.406656,0.852504,0.814142,-0.074359,0.6411,-0.124165,0.007166,0.424465,-0.01719,-1.0
-0.444206,0.880272,0.052804,-0.60016,0.953491,-0.6128,0.815028,0.134169,0.435035,-0.324767,-0.053297,0.143881,0.431182,-0.353088,-1.0
-0.002953,0.95163,0.246097,0.235442,0.014391,0.672923,0.199849,0.511274,0.059862,0.142656,-0.04283,0.717946,0.014537,-0.546994,-0.991713
0.205417,-0.969434,0.38154,-0.756757,-0.946674,-0.752422,0.528168,0.662124,-0.334087,-0.293265,0.536763,0.003534,-0.504645,0.040949,-1.0
-0.275998,0.735763,0.358994,-0.60532,-0.141193,0.355315,0.156427,0.34277,-0.081085,0.078549,-0.256339,0.847852,0.20855,-0.482858,-1.0
0.662669,0.206986,-0.572299,0.449035,-0.943347,0.134965,0.114803,0.71171,-0.090194,-0.022217,0.94493,-0.039021,-0.517663,-0.044713,-1.0
0.462747,0.457374,-0.131145,-0.888806,0.794673,-0.574866,0.724566,0.046046,0.385997,-0.297288,-0.027494,0.296424,0.206421,-0.557778,-0.982966
0.784877,-0.943445,-0.878545,-0.001646,-0.504831,0.6866,0.932894,0.700028,-0.49149,0.610798,0.036369,-0.028993,-0.303105,0.435944,-0.995038
0.08954,0.02903,-0.382759,-0.511769,0.233379,-0.624619,0.908359,0.521664,0.24807,-0.751776,0.056561,0.048849,0.039956,-0.470494,-1.0
-0.317753,0.676199,-0.011434,0.933685,-0.603371,0.968648,0.078124,0.705368,-0.04865,0.030607,0.659829,-0.673746,-0.38373,0.311144,-1.0
-0.978198,-0.353165,-0.978927,0.741257,-0.790554,-0.520098,0.097756,0.228607,-0.219949,-0.043461,-0.728743,0.609504,0.37505,-0.378818,-1.0
-0.244799,-0.695946,0.646455,0.105848,-0.424478,-0.852539,0.53466,0.200165,-0.268111,-0.418451,0.399989,0.260917,-0.383711,-0.354057,-1.0
-0.818102,0.377488,0.080671,0.100661,0.74872,-0.168684,0.832164,0.777721,0.647727,-0.017102,-0.213688,0.060622,0.45296,-0.182755,-1.0
-0.05312,0.658524,0.787293,-0.696625,0.522698,-0.66004,0.651819,0.554435,0.432428,-0.344306,-0.105735,0.300201,0.212836,-0.442514,-0.971491
-0.700441,-0.418,0.278537,0.394428,-0.01739,-0.896093,0.830895,0.586468,-0.097165,-0.647492,-0.18376,0.11399,0.412204,-0.233361,-0.941999
-0.485205,-0.329015,0.416477,-0.559492,0.976348,0.995626,0.05027,0.026755,0.046279,-0.010817,-0.728843,-0.621613,0.373264,0.32353,-0.971244
-0.976199,0.960204,0.520774,0.968546,-0.300107,0.177747,0.877262,0.988558,-0.589984,0.279314,-0.10132,0.080761,0.396262,-0.352378,-0.972405
-0.125836,0.80927,-0.424721,0.324438,-0.952224,0.007695,0.418033,0.181316,-0.272447,-0.033685,0.425868,0.414753,-0.274554,-0.415656,-0.976864
0.334262,-0.522436,0.885941,0.696194,-0.784598,-0.357174,0.318034,0.757873,-0.28539,-0.189503,0.644945,-0.195712,-0.509547,0.141272,-0.992499
0.244512,0.332196,0.541669,0.138628,0.892878,-0.506891,0.731845,0.106855,0.559489,-0.297421,-0.129992,0.185383,0.304361,-0.474072,-0.941184
0.343482,-0.515302,0.767125,0.00975,-0.480825,0.156995,0.158584,0.372193,-0.019553,0.041274,0.620694,-0.553767,-0.468533,0.319007,-0.968434
0.195799,0.870553,-0.54094,-0.977013,-0.369415,0.882182,0.926772,0.225613,-0.371286,0.616534,0.027875,-0.025706,-0.567803,0.041542,-1.0
0.321599,0.631744,-0.532919,0.816572,-0.797814,0.906443,0.345931,0.716599,-0.196615,0.131401,0.521113,-0.216077,-0.499422,0.163836,-0.886571
-0.656382,0.057144,-0.673085,0.638196,0.601479,0.64955,0.759018,0.521271,0.379009,0.455435,-0.117882,-0.115112,0.461571,0.124393,-0.979441
-0.862758,-0.475861,-0.03927,0.033287,-0.151797,-0.735964,0.631845,0.702108,-0.130609,-0.484633,-0.357338,0.060932,0.510752,-0.231763,-1.0
0.507069,0.153784,-0.265268,-0.300572,-0.857977,0.659646,0.33379,0.830204,-0.248573,0.201229,0.631096,-0.260203,-0.506796,0.220819,-0.956869
-0.435331,-0.720589,-0.323333,-0.289077,0.448579,0.304384,0.813507,0.332549,0.554312,0.403888,-0.089075,-0.130133,0.291983,0.460907,-1.0
-0.268636,0.65286,-0.726333,0.225473,0.796574,-0.223911,0.867257,0.323405,0.661552,-0.22491,-0.152109,0.090546,0.456567,-0.363564,-0.903538
-0.519049,0.040502,0.142661,-0.438665,0.923629,-0.127182,0.300875,0.58467,0.207363,-0.118035,-0.684966,0.093184,0.446726,-0.148155,-0.843589
-0.132405,-0.11115,0.096024,-0.817263,0.189623,0.254563,0.578148,0.665311,0.29526,0.469929,-0.248549,-0.335171,0.345933,0.369137,-0.988744
0.55451,0.158444,-0.876992,-0.67498,0.679626,-0.007916,0.96409,0.809868,0.816255,-0.004668,0.067539,0.036684,0.379719,-0.407056,-0.937203
-0.725779,-0.686024,-0.683718,-0.615321,0.049416,-0.508288,0.709797,0.411978,0.055396,-0.597858,-0.233119,-0.001525,0.53876,-0.006064,-1.0
0.098829,0.886051,-0.298824,0.876307,0.412661,0.597896,0.68123,0.381126,0.330551,0.424822,-0.266401,0.105033,0.291203,-0.239909,-0.942405
-0.20335,0.715302,0.550964,0.058464,0.281276,0.640161,0.458948,0.759428,0.034956,0.405167,-0.547373,0.077933,0.3992,-0.07589,-1.0
-0.704842,-0.724904,0.933949,-0.412394,-0.49743,-0.292626,0.708594,0.578583,-0.484069,-0.389108,-0.058488,-0.26633,0.180993,0.380661,-0.962145
0.694045,-0.697384,0.108924,-0.549806,0.598458,-0.174313,0.555332,0.538514,0.357868,-0.189386,0.011899,-0.551932,-0.019861,0.435154,-0.970368
0.339781,0.538192,0.074717,-0.608467,-0.208908,0.449387,0.555855,0.689527,-0.160815,0.468767,0.49451,0.126251,-0.519616,-0.086199,-1.0
0.399854,-0.336179,0.846767,0.810662,0.999054,0.210263,0.620078,0.81466,0.431293,0.153342,-0.371515,-0.178246,0.329283,0.367019,-1.0
-0.843207,0.637408,-0.740995,-0.77749,-0.72145,-0.79672,0.7362,0.371636,-0.358942,-0.502704,-0.052857,0.260947,0.028089,-0.585107,-1.0
-0.483043,-0.963177,-0.953796,-0.086943,-0.368978,-0.914309,0.865911,0.630728,-0.235946,-0.633295,-0.246643,0.00037,0.548323,0.217676,-0.91226
-0.823635,0.191195,-0.436672,0.355024,-0.707939,0.281551,0.114391,0.475486,-0.111378,0.070645,-0.662299,-0.524824,0.342608,0.318564,-0.91902
-0.646401,0.444902,0.377185,0.018189,0.106819,-0.940954,0.705159,0.9125,0.056662,-0.599187,-0.110878,0.300589,0.317467,-0.379953,-0.98193
-0.383341,0.870482,0.327962,-0.653465,0.539677,-0.133474,0.866167,0.182266,0.713006,-0.179709,-0.148875,0.061259,0.240003,-0.432104,-0.977099
-0.410852,0.175072,0.284346,-0.152697,-0.165176,-0.833723,0.611664,0.007997,0.006421,-0.464932,-0.068706,0.342606,0.161733,-0.448668,-0.946841
-0.616367,0.601297,-0.954545,-0.175501,0.42959,-0.815183,0.776275,0.265494,0.260361,-0.509178,-0.054205,0.238788,0.307149,-0.356699,-1.0
0.829447,-0.303535,-0.980267,-0.606452,-0.390894,-0.946785,0.68399,0.534839,-0.20538,-0.51055,0.310185,0.207436,-0.470778,-0.292244,-0.976634
-0.430041,0.682605,-0.408225,0.774405,0.515425,-0.918685,0.459152,0.751304,0.165614,-0.245105,-0.274953,0.422753,0.226641,-0.450013,-0.947487
-0.883369,-0.293407,0.247871,0.256557,0.071855,-0.077752,0.07183,0.976146,0.060405,0.027946,-0.890109,-0.190774,0.48958,0.19958,-0.977228
-0.768346,0.76416,0.997131,0.93525,-0.037914,-0.359921,0.459315,0.0068,-0.126465,-0.380764,-0.303169,0.544247,0.295858,-0.455495,-0.95553
0.102559,-0.901463,0.653455,0.755981,-0.718116,0.666031,0.816486,0.107655,-0.460659,0.531178,0.125107,-0.219024,-0.120763,0.398972,-0.934047
0.725247,-0.589563,0.217992,0.345915,-0.673156,0.481605,0.127548,0.447617,-0.151824,-0.004507,0.768934,-0.530563,-0.390577,0.302917,-0.999715
0.609882,0.073676,-0.543567,-0.523366,0.206168,-0.173821,0.123263,0.047485,0.108379,-0.054703,0.816332,0.429492,-0.425384,-0.230794,-0.975619
-0.805115,-0.369431,0.135843,0.668117,-0.312569,0.218147,0.38746,0.660498,-0.271625,0.141287,-0.45603,-0.459877,0.281289,0.368444,-0.949513
0.142416,0.557543,-0.075314,-0.003684,0.470039,0.240264,0.694385,0.692078,0.505894,0.226206,-0.213167,0.192818,0.396515,-0.322515,-0.998261
0.751713,0.972081,0.85823,0.725341,0.837199,-0.840244,0.277126,0.627433,0.072318,-0.305096,0.012305,0.84836,0.09645,-0.464703,-1.0
0.799632,-0.043507,0.234944,-0.201201,0.396218,-0.248811,0.556688,0.771602,0.357878,-0.234998,0.416708,0.183163,-0.458658,-0.228775,-1.0
-0.688267,-0.565109,0.148469,0.418249,-0.18527,0.389487,0.684935,0.111423,-0.241162,0.553397,-0.085887,-0.253813,0.065146,0.476101,-0.96815
-0.133107,0.327806,-0.524871,0.435189,-0.017909,0.981599,0.258887,0.314496,-0.031292,0.192143,-0.13159,-0.733385,0.078361,0.443804,-1.0
-0.518816,-0.21081,0.270261,0.705407,-0.653584,0.275514,0.57643,0.858729,-0.530863,0.142598,0.149638,-0.369026,-0.079028,0.541925,-0.993659
0.809483,-0.847274,-0.461921,0.357808,0.140682,0.663936,0.774952,0.068567,0.09826,0.589386,0.11962,-0.137976,-0.147948,0.461564,-1.0
0.036695,0.515531,0.652215,-0.277138,0.539098,-0.136567,0.403975,0.433659,0.361567,-0.046714,-0.314675,0.469549,0.308245,-0.448472,-1.0
-0.619781,0.346801,-0.183508,-0.278474,-0.377779,0.416947,0.897188,0.073445,-0.445865,0.565152,-0.180749,-0.034096,0.50498,0.137489,-1.0
0.67351,0.231848,0.832539,-0.181706,0.576873,-0.611833,0.129936,0.001167,0.105817,0.015374,0.119924,0.90047,-0.027155,-0.525516,-0.971527
0.91896,-0.493913,0.253796,-0.470411,0.842938,-0.55207,0.613577,0.622201,0.38144,-0.265941,0.272127,0.254002,-0.405869,-0.247799,-0.970763
-0.859092,-0.93442,0.787494,-0.434072,0.784184,-0.824452,0.544034,0.997502,0.254648,-0.349788,-0.496612,0.086507,0.520193,0.052347,-0.997896
-0.948586,-0.541091,-0.7638,0.889577,-0.213499,0.309142,0.221106,0.785776,-0.130916,0.183047,-0.57497,-0.560356,0.396811,0.405421,-0.926536
-0.078135,-0.437301,-0.94821,-0.776881,0.324047,0.180737,0.949218,0.321042,0.649844,0.361007,0.084493,-0.098706,0.217008,0.409286,-1.0
-0.765033,0.788739,-0.11231,0.213697,0.285784,0.629297,0.92249,0.684106,0.330681,0.677909,-0.057373,-0.010031,0.435982,-0.080239,-0.961913
0.148366,0.015934,0.708545,-0.746567,0.969703,0.199648,0.8769,0.235876,0.637629,0.081894,-0.195219,-0.023527,0.462619,0.101416,-1.0
0.817743,0.024908,-0.603671,-0.199716,0.292858,-0.123989,0.315376,0.094312,0.257603,-0.127118,0.693085,0.189824,-0.376039,-0.121996,-0.952742
0.660252,0.233722,-0.837481,0.617324,-0.587271,0.670962,0.414365,0.592453,-0.153282,0.171913,0.525594,-0.186697,-0.429764,0.124727,-1.0
-0.541794,-0.894103,-0.863781,-0.56922,0.863743,-0.349708,0.927771,0.320968,0.62469,-0.280952,-0.113097,-0.014387,0.450093,0.224521,-1.0
0.23414,-0.632172,-0.327929,0.557953,0.97376,-0.793394,0.608245,0.369243,0.327301,-0.283206,-0.394103,0.162849,0.439451,-0.127085,-1.0
0.047702,0.21965,0.616471,-0.356055,-0.418727,-0.677097,0.619634,0.143553,-0.290912,-0.399499,0.251878,0.270914,-0.154034,-0.410529,-0.919209
0.83405,-0.029979,0.445862,-0.214849,0.489649,-0.319264,0.959419,0.58395,0.678638,-0.395947,-0.04,0.05049,-0.391469,-0.323394,-0.967805
-0.050987,-0.86814,0.006998,0.687209,0.047111,0.745272,0.519949,0.713177,-0.069779,0.471043,-0.014727,-0.421986,-0.033691,0.489013,-0.988352
-0.294399,-0.062423,0.18112,-0.350673,-0.439274,-0.331385,0.351817,0.45032,-0.201338,-0.077351,0.260192,0.58888,-0.124188,-0.417811,-0.977
-0.28325,-0.039825,0.252897,-0.894901,0.891554,0.435758,0.984048,0.887283,0.73733,0.316551,0.007949,0.011264,0.494856,0.21115,-0.944254
0.272018,-0.195909,0.377314,-0.221696,-0.730096,0.480503,0.363233,0.59131,-0.148192,0.135888,0.501619,-0.372463,-0.461268,0.305963,-1.0
-0.100722,-0.437861,-0.995999,-0.858394,0.45843,-0.784341,0.998657,0.305869,0.472455,-0.677626,0.008638,0.018625,0.415423,-0.263814,-1.0
0.410781,-0.554316,0.517354,0.625767,-0.587362,-0.480075,0.494181,0.878833,-0.405785,-0.24888,0.427557,-0.02432,-0.544087,-0.004501,-1.0
-0.446723,-0.671616,0.680405,-0.750219,-0.106439,-0.936762,0.645449,0.93903,-0.007061,-0.507743,-0.24675,0.207006,0.397711,-0.274601,-1.0
0.094269,0.439634,-0.299825,-0.056339,0.287211,0.085386,0.853247,0.347177,0.55504,0.188787,-0.128325,0.113184,0.360311,-0.463869,-1.0
0.961545,0.771672,-0.683806,0.398041,-0.987823,-0.539197,0.92251,0.539002,-0.675476,-0.314723,0.139455,0.053349,-0.489964,-0.203341,-1.0
-0.136462,-0.230856,0.259537,0.151573,-0.410144,0.546605,0.289422,0.204766,-0.14584,0.143135,0.320406,-0.718546,-0.173113,0.533919,-1.0
-0.862618,0.461763,-0.414121,-0.664453,-0.65741,-0.945718,0.238822,0.236675,-0.100468,-0.091435,-0.034181,0.738908,0.121998,-0.497971,-0.948201
0.794268,-0.727434,0.677457,0.827122,-0.138081,0.276133,0.077952,0.015995,0.008493,0.121747,0.610448,-0.747188,-0.288134,0.328836,-0.961159
-0.687393,0.506425,0.954207,0.7979,-0.989886,-0.379001,0.567196,0.905547,-0.412886,-0.21314,0.093005,0.487709,-0.180485,-0.523065,-0.885486
0.232062,-0.934153,-0.408697,-0.885016,-0.031698,0.453579,0.729382,0.533313,0.012077,0.646681,0.04065,-0.249059,-0.150063,0.388112,-1.0
0.364388,0.68971,0.476019,-0.42477,-0.539008,-0.220736,0.567584,0.912026,-0.406054,-0.16005,0.315987,0.301516,-0.25916,-0.365203,-1.0
-0.032765,0.788345,-0.758674,0.369687,-0.678213,0.514627,0.665743,0.036404,-0.357606,0.296776,0.297525,0.128654,-0.48035,-0.229447,-1.0
-0.675664,0.242227,-0.655067,-0.304896,-0.453085,0.655417,0.903842,0.397858,-0.412507,0.534212,-0.025921,-0.10642,0.208358,0.457556,-0.95823
-0.245179,0.424911,-0.785664,0.905814,-0.365485,-0.251125,0.576767,0.566948,-0.40244,-0.233236,0.130904,0.399822,-0.163596,-0.479172,-1.0
0.639295,0.252566,-0.092662,0.544091,0.297042,-0.12931,0.127707,0.776094,0.087879,0.001905,0.6488,0.65291,-0.40057,-0.398736,-1.0
-0.000846,0.840719,0.020196,-0.725378,-0.229547,0.146583,0.927494,0.511382,-0.540275,0.474692,0.009444,0.080797,-0.094726,-0.417389,-0.976335
0.710854,0.281974,0.045485,0.602392,-0.143873,0.318205,0.506425,0.967725,-0.195082,0.359088,0.479089,0.012702,-0.545255,0.014942,-0.961406
-0.828843,-0.174781,0.215256,0.786255,-0.342821,-0.430844,0.499052,0.56305,-0.292533,-0.370244,-0.527163,0.289147,0.388504,-0.21191,-0.95694
0.097626,0.582714,0.603504,-0.435531,0.432067,0.705412,0.507076,0.37772,0.183721,0.256511,-0.496574,-0.164606,0.411389,0.204591,-1.0
0.551737,-0.064687,-0.572531,0.326282,0.017583,0.793627,0.099909,0.009925,0.101985,-0.009287,0.469809,-0.678087,-0.209172,0.521669,-1.0
0.358426,-0.678224,-0.805864,0.34615,0.955976,0.861344,0.50065,0.597713,0.314159,0.218361,-0.203414,-0.530472,0.088175,0.435414,-1.0
0.549166,-0.064348,-0.737228,-0.379736,-0.968488,0.254444,0.574824,0.87834,-0.38763,0.148376,0.385413,-0.102159,-0.423362,0.059141,-1.0
-0.14577,-0.883137,0.789681,-0.597162,0.843534,0.29355,0.299849,0.457633,0.272047,0.089868,-0.425178,-0.556836,0.418478,0.388548,-0.963061
0.79852,0.126246,0.356112,0.038991,-0.727132,0.005116,0.483655,0.62761,-0.419969,0.005621,0.58508,0.117331,-0.534851,-0.063764,-1.0
0.706212,0.245022,-0.278792,-0.116764,0.499027,0.157918,0.795255,0.700406,0.589178,0.099973,0.213206,0.067352,-0.378172,-0.204495,-1.0
0.796093,-0.95517,-0.256771,-0.793585,-0.712054,0.023692,0.727617,0.54522,-0.47793,-0.043008,0.201453,-0.11754,-0.416396,0.194753,-1.0
0.861971,-0.051251,-0.405143,-0.508141,0.827899,-0.779215,0.588086,0.726999,0.371307,-0.26228,0.008581,0.523595,-0.024967,-0.532917,-0.932089
-0.74712,-0.877917,-0.933924,-0.000773,-0.03651,-0.227208,0.798595,0.881662,-0.083046,-0.587325,-0.097053,-0.160842,0.365609,0.308127,-0.998337
-0.793965,-0.109824,0.447531,0.644683,-0.469359,0.586071,0.357231,0.894667,-0.188646,0.216292,-0.244455,-0.617466,0.186614,0.456707,-1.0
-0.998884,0.248804,-0.532606,-0.529163,0.835456,-0.705727,0.670911,0.936403,0.3505,-0.320926,-0.240007,0.1318,0.430895,-0.218042,-0.940349
-0.849922,0.570058,-0.027935,0.986096,0.697651,0.994554,0.111435,0.644955,0.032039,0.042874,-0.845792,-0.249204,0.472999,0.13873,-0.906428
0.046268,0.434979,0.696363,-0.516509,0.39548,0.78866,0.541478,0.853483,0.182104,0.38445,-0.337926,-0.335091,0.365515,0.413693,-0.969724
0.023299,-0.546066,0.699091,-0.798287,-0.867638,-0.627477,0.977763,0.503783,-0.709897,-0.462978,0.029051,0.072862,-0.534931,-0.026189,-1.0
-0.664707,0.279426,0.289964,-0.517665,0.723468,0.398938,0.136268,0.724209,0.110709,0.117879,-0.821977,-0.10459,0.550376,0.018878,-0.988525
-0.883705,0.604512,0.092128,0.956474,0.056326,-0.714743,0.911244,0.448677,0.070655,-0.726887,-0.095586,0.117929,0.245906,-0.360802,-0.940853
0.384887,-0.890029,0.944135,-0.47076,-0.252193,0.878795,0.714511,0.845431,-0.125899,0.613229,0.076998,-0.252673,-0.176911,0.409086,-1.0
0.446056,-0.955742,0.975139,-0.109167,-0.050723,0.660169,0.885502,0.408759,-0.090253,0.701494,0.028755,-0.133026,-0.08471,0.482478,-0.90801
-0.762887,-0.751584,0.076379,0.438178,-0.639967,0.044085,0.566716,0.726348,-0.432316,0.067779,-0.030087,-0.492753,0.066673,0.516275,-0.929916
-0.24041,0.285652,0.256683,0.813861,-0.932161,0.750998,0.590039,0.508647,-0.354312,0.262579,0.285367,-0.225663,-0.361976,0.16225,-1.0
-0.813914,0.737259,0.039315,0.790523,0.485053,-0.925989,0.914259,0.872564,0.304317,-0.686319,-0.103273,0.012167,0.338869,-0.374133,-1.0
0.120893,-0.723846,-0.339406,0.287761,0.999121,-0.816323,0.968461,0.316819,0.582702,-0.549516,-0.024017,-0.0463,0.411499,-0.016742,-0.975817
-0.531325,0.255477,-0.983443,0.50984,-0.585636,0.34932,0.769123,0.432787,-0.575908,0.37643,0.10802,-0.198824,-0.269913,0.387706,-0.985365
0.154468,-0.756099,-0.307743,0.924075,0.873336,-0.931918,0.147844,0.050457,0.128484,0.032297,-0.821038,0.173931,0.489118,-0.14317,-1.0
0.291466,0.509999,-0.042404,-0.68363,-0.758744,-0.105083,0.83899,0.028655,-0.70913,-0.085241,0.041411,0.160263,-0.419597,-0.250801,-1.0
0.477491,-0.232299,0.789434,0.472528,0.795336,0.950041,0.247918,0.960884,0.050444,0.266587,-0.302267,-0.684154,0.174626,0.431704,-1.0
0.654652,-0.582308,-0.673842,-0.37561,0.383843,0.569188,0.580626,0.760803,0.258483,0.333129,0.0363,-0.413892,-0.091817,0.553877,-0.896322
-0.349875,0.953626,0.21433,-0.673896,0.880476,-0.223243,0.154373,0.255569,0.09125,-0.070859,-0.655065,0.531641,0.378901,-0.303929,-1.0
-0.372157,-0.487505,-0.324267,-0.148422,0.979759,0.88967,0.275723,0.707308,0.073623,0.145165,-0.562138,-0.496185,0.395467,0.339606,-0.934792
0.510289,0.27168,-0.388475,-0.335317,0.287429,-0.480843,0.971822,0.042192,0.454063,-0.679168,-0.042477,-0.032254,-0.122329,-0.484726,-1.0
0.605055,0.661589,-0.481685,0.802475,-0.11468,0.761915,0.885831,0.723118,-0.166339,0.700548,0.05987,0.064023,-0.415445,0.092737,-0.989567
0.874364,-0.350706,-0.690039,-0.406664,-0.729093,0.954072,0.241417,0.092662,-0.068352,0.253861,0.583689,-0.470398,-0.451996,0.359834,-0.906899
0.596342,0.592165,0.902159,-0.661353,-0.670256,-0.849852,0.880174,0.420899,-0.441646,-0.493767,0.099241,0.115555,-0.348484,-0.389835,-1.0
-0.254445,0.654749,0.89725,-0.874608,-0.831552,-0.486782,0.150943,0.514515,-0.071427,-0.166767,0.311685,0.743043,-0.207806,-0.445931,-0.928663
0.85672,0.473989,-0.80579,0.342528,0.044693,-0.703381,0.759271,0.206411,0.03277,-0.618262,0.074644,0.117868,-0.336888,-0.466354,-1.0
0.875127,0.975324,0.752501,0.547361,-0.590722,0.4926,0.447578,0.450538,-0.279098,0.320296,0.571601,0.253801,-0.403838,-0.145187,-0.991261
-0.755731,0.40881,-0.376604,0.008688,0.207634,0.28837,0.625055,0.767468,0.339677,0.36472,-0.323285,0.052873,0.559315,-0.053142,-1.0
0.223353,0.448718,0.945541,0.972519,0.396203,0.723925,0.703074,0.347586,0.29537,0.478743,-0.148571,-0.164571,0.23789,0.483799,-0.999806
0.807022,0.437938,0.586964,-0.210589,0.503874,-0.829664,0.949823,0.113819,0.405147,-0.67963,-0.003831,0.003558,-0.052053,-0.477361,-1.0
-0.917734,0.14499,0.136224,0.100127,-0.763803,-0.673307,0.591343,0.845154,-0.343446,-0.278288,-0.150673,0.359286,0.058378,-0.363898,-1.0
0.095137,-0.808163,-0.160015,-0.015661,0.047657,0.606756,0.812746,0.656369,0.07056,0.637364,0.029756,-0.19247,0.015581,0.542988,-1.0
-0.64277,-0.818868,0.779421,0.578724,0.643673,-0.187638,0.159392,0.721519,0.033396,0.009358,-0.656044,-0.393776,0.486979,0.270794,-1.0
0.80478,0.911687,0.28929,-0.815294,-0.718235,0.169493,0.924973,0.022281,-0.779537,0.145146,0.008089,-0.003071,-0.426337,-0.203507,-0.991936
-0.002816,0.058521,-0.111121,-0.832744,0.816974,-0.020534,0.876664,0.086927,0.751643,-0.007455,-0.085874,0.043781,0.58973,-0.025488,-0.956235
0.844777,-0.551012,-0.312006,0.388771,0.031852,-0.061589,0.498095,0.098373,0.213314,-0.36218,0.426672,-0.246252,-0.350313,0.26802,-1.0
0.666976,-0.79823,0.035654,-0.18608,0.130884,0.173768,0.133496,0.991048,0.060746,0.074924,0.492777,-0.78388,-0.309818,0.421693,-0.996791
-0.797224,-0.844006,-0.134398,-0.448495,-0.50266,0.153313,0.749704,0.704341,-0.561983,0.214787,0.053896,-0.20771,0.10629,0.473547,-0.976037
-0.781348,0.747161,0.254407,0.6537,0.890075,-0.2274,0.715468,0.200657,0.631256,-0.06918,-0.219176,0.155388,0.36539,-0.312245,-0.925408
-0.993035,-0.296433,-0.14991,0.129967,-0.851778,0.608139,0.556997,0.793218,-0.303207,0.309967,-0.107493,-0.506493,0.153236,0.45107,-1.0
0.42612,0.601143,-0.817428,-0.32032,0.720434,0.759881,0.900833,0.089816,0.52115,0.529563,-0.188945,-0.060272,0.380793,0.167969,-1.0
0.29795,0.496684,-0.718469,0.696105,0.297963,-0.184964,0.24373,0.534679,0.203544,-0.10432,0.020745,0.807431,-0.022895,-0.410284,-1.0
0.345939,-0.439547,0.168215,-0.342814,-0.022575,0.842523,0.676651,0.534069,0.05724,0.539877,0.130851,-0.315382,-0.143765,0.526926,-0.908044
-0.331517,0.780958,0.953428,0.206217,-0.630323,0.039151,0.337043,0.482786,-0.273374,-0.042721,0.334169,0.653658,-0.124083,-0.446464,-1.0
-0.909051,0.769414,-0.083121,-0.86415,-0.97252,0.390744,0.0771,0.024703,-0.15175,-0.00739,0.135356,0.958059,-0.016312,-0.545512,-1.0
-0.958783,-0.416846,-0.677921,-0.212414,0.333366,-0.098057,0.081727,0.921413,0.099793,-0.108325,-0.907711,-0.218733,0.443549,0.063518,-0.958516
-0.048419,0.710853,0.330549,0.678655,0.321146,0.473304,0.20769,0.423638,0.022573,0.075894,-0.656461,0.476129,0.412184,-0.354572,-1.0
0.480231,0.077443,0.432745,-0.98867,0.310265,0.986712,0.792841,0.293337,0.213178,0.595233,0.028285,-0.250433,-0.120078,0.41186,-0.983104
0.474126,-0.799986,-0.519473,0.109508,0.933709,-0.126878,0.916153,0.990432,0.75461,-0.065192,0.00307,0.009628,0.278703,0.522706,-0.965239
-0.463317,-0.540873,0.444404,-0.947844,-0.041637,-0.520188,0.829887,0.250478,-0.030303,-0.610013,-0.17586,-0.029719,0.563843,0.040075,-1.0
-0.840564,-0.935421,0.961339,0.546017,-0.539606,0.026422,0.741838,0.222105,-0.621688,-0.091814,-0.13348,-0.267838,0.058645,0.456586,-0.975596
-0.005024,-0.178165,0.106283,-0.212193,-0.430947,0.722394,0.987397,0.655021,-0.403464,0.690435,0.001995,-0.00753,-0.186499,0.417636,-0.993366
-0.81578,0.25454,-0.064202,-0.509249,0.345993,0.873978,0.04882,0.395399,0.009994,0.114431,-0.868285,-0.454641,0.426133,0.233051,-0.935488
-0.275652,0.695403,-0.201493,-0.178301,0.884706,-0.034757,0.394749,0.752591,0.342386,-0.056925,-0.513572,0.325283,0.407655,-0.197557,-0.9169
-0.476404,0.805013,0.065634,0.433364,0.928296,0.923027,0.671903,0.670603,0.281567,0.433428,-0.381823,-0.001423,0.516522,-0.022758,-1.0
0.459867,-0.734644,0.823843,-0.446899,0.262132,0.143183,0.850053,0.908707,0.548071,0.304099,0.012999,-0.090312,-0.058361,0.486947,-1.0
-0.839882,0.446327,0.098206,-0.08526,0.383452,0.717087,0.799841,0.356932,0.267821,0.663915,-0.252088,-0.100099,0.540835,0.054955,-0.894544
0.510063,0.107363,0.964152,0.39553,-0.441651,0.448431,0.811209,0.304489,-0.450181,0.465217,0.194967,-0.120167,-0.40881,0.167269,-1.0
-0.909314,0.459597,0.325976,0.391589,-0.857114,0.670701,0.09815,0.155848,-0.095048,0.029,-0.189246,-0.971033,0.081002,0.455121,-1.0
-0.666811,0.250773,0.482985,-0.462626,0.531963,0.253477,0.06285,0.323426,0.022064,0.006462,-0.983452,0.01021,0.396589,-0.016954,-1.0
0.548508,0.16177,-0.356938,0.868613,-0.383227,0.506089,0.811929,0.578621,-0.448626,0.5447,0.242987,-0.123171,-0.510968,0.164596,-1.0
0.890264,-0.562752,-0.097473,0.998364,-0.573256,-0.475208,0.808168,0.826223,-0.608389,-0.406385,0.23357,-0.029719,-0.542794,-0.007339,-0.917091
-0.382594,-0.378773,-0.162244,-0.639926,0.971252,-0.536201,0.595093,0.901357,0.535804,-0.253394,-0.517048,0.021676,0.411975,-0.037541,-0.996645
-0.052201,-0.200158,0.759695,0.942398,0.004534,0.568152,0.019406,0.8343,0.031519,-0.032695,-0.044236,-0.997065,0.068487,0.486925,-0.99253
-0.816582,-0.474779,0.78891,0.140952,-0.351706,-0.118996,0.440437,0.735469,-0.374393,-0.166756,-0.349914,-0.34974,0.408317,0.206069,-1.0
0.079182,-0.980197,0.83301,0.278214,-0.991985,0.648776,0.811621,0.683861,-0.536942,0.53567,0.221386,-0.185642,-0.189134,0.47502,-0.917474
-0.27277,-0.826445,-0.011905,-0.301222,0.152819,0.693417,0.266789,0.865976,-0.030667,0.199575,-0.136991,-0.703724,0.233769,0.49239,-0.96872
0.582449,-0.761426,0.050069,0.866201,-0.209368,-0.28415,0.235914,0.092913,-0.0862,-0.037549,0.641093,-0.383893,-0.314777,0.23139,-1.0
0.37488,-0.312452,0.558823,-0.067588,-0.325566,0.225718,0.149337,0.037928,-0.050671,0.071484,0.609173,-0.550641,-0.376803,0.285889,-1.0
-0.497756,-0.462528,0.6257,-0.057791,-0.391959,-0.69029,0.984266,0.216655,-0.385563,-0.684651,-0.019594,-0.037909,0.257049,-0.463641,-1.0
-0.946549,-0.075211,0.773884,-0.79696,0.584229,0.162841,0.85863,0.403781,0.690066,0.108146,-0.095919,-0.10637,0.45538,0.159847,-1.0
-0.168175,-0.630325,0.269014,0.384231,-0.175249,0.551125,0.822924,0.284835,-0.205792,0.584861,-0.046362,-0.238166,-0.000298,0.534533,-1.0
0.426959,-0.525609,0.40379,-0.791234,-0.24177,0.105572,0.53268,0.63013,-0.314474,0.144922,0.357209,-0.299121,-0.334163,0.448564,-1.0
-0.856722,-0.459528,0.744086,0.461524,0.082974,-0.297537,0.256953,0.998251,0.109816,-0.156328,-0.768992,-0.106568,0.537076,0.044313,-1.0
0.431765,-0.521033,-0.788221,-0.367925,-0.551458,0.106231,0.28275,0.854644,-0.230154,0.014733,0.503861,-0.347993,-0.403354,0.326784,-0.991586
-0.677245,0.745007,-0.847793,0.337839,0.381787,0.113847,0.25442,0.512691,0.30183,0.130894,-0.569929,0.485036,0.441511,-0.325425,-1.0
0.670094,-0.983053,-0.767693,0.354044,0.327836,0.240638,0.659629,0.793205,0.474453,0.346456,0.069787,-0.389679,-0.227592,0.544852,-0.970606
-0.786899,-0.487314,0.247349,0.880568,-0.147193,-0.556446,0.337027,0.576671,0.004386,-0.207473,-0.610332,0.038499,0.406471,-0.053103,-1.0
-0.655076,-0.261622,0.727573,-0.808904,-0.130057,-0.937256,0.527728,0.364142,-0.118271,-0.429749,-0.293785,0.254652,0.286146,-0.380695,-1.0
0.144493,0.444586,-0.00425,-0.484309,0.752322,0.99653,0.594326,0.895487,0.307083,0.424057,-0.288324,-0.183528,0.439721,0.299142,-0.982041
-0.635488,-0.389579,0.14646,-0.487471,-0.023498,-0.23441,0.684141,0.533136,-0.043154,-0.561891,-0.354521,-0.160191,0.514857,0.058031,-1.0
-0.849207,0.052137,-0.842875,-0.053071,-0.228738,-0.296609,0.575424,0.040017,-0.290564,-0.370371,-0.377403,0.221195,0.437183,-0.350313,-1.0
-0.492612,-0.558237,0.361785,-0.052917,0.036486,-0.05511,0.842655,0.065165,0.334894,-0.6143,-0.114106,-0.106069,0.347965,0.34309,-0.974432
-0.554335,0.46948,-0.301586,0.524156,0.593449,0.082474,0.090149,0.055707,0.05293,-0.0136,-0.919765,0.204137,0.445949,-0.171671,-0.994662
-0.144871,0.560613,0.155115,-0.85318,-0.563678,0.589442,0.734418,0.527976,-0.408638,0.436596,0.247135,0.011992,-0.525488,0.067434,-1.0
-0.551629,0.217669,-0.073688,0.47873,-0.578844,0.156167,0.62858,0.175455,-0.447899,0.147993,0.180925,0.333017,-0.265888,-0.444263,-1.0
-0.460315,-0.054355,0.991724,-0.61091,-0.752071,0.570899,0.73553,0.424531,-0.527605,0.265476,0.033134,-0.282403,-0.256488,0.439284,-1.0
0.906935,-0.282551,-0.48589,-0.560917,-0.388025,0.492197,0.972621,0.365292,-0.390548,0.724295,0.011065,-0.027304,-0.427617,0.247607,-1.0
-0.939253,0.046074,-0.977316,-0.533954,0.59913,0.763394,0.470704,0.190453,0.200221,0.383149,-0.500418,-0.165629,0.428634,0.160935,-0.98947
0.70358,-0.062099,-0.459879,-0.708929,0.123201,0.512164,0.643896,0.313433,0.09394,0.559926,0.28913,-0.16729,-0.39461,0.403311,-0.959919
-0.1076,0.216645,0.919691,0.944483,0.740277,0.272426,0.916805,0.754633,0.819587,0.160052,-0.066581,-5.5e-05,0.509756,0.060211,-1.0
0.549571,-0.489467,0.074264,-0.268414,0.450875,0.387299,0.814991,0.118475,0.549796,0.4086,-0.080163,-0.136459,-0.053766,0.421831,-1.0
0.71976,0.471747,0.784181,-0.576594,-0.834754,0.932239,0.72658,0.105026,-0.398859,0.446333,0.243311,-0.010323,-0.504736,0.218583,-0.947002
-0.219371,0.827328,0.175061,0.768568,-0.179886,0.25561,0.955934,0.2574,-0.468292,0.648049,0.042294,0.024776,-0.039263,-0.470977,-0.972602
0.423535,0.357182,0.432975,-0.518911,-0.253804,0.626355,0.406365,0.962777,-0.224199,0.404967,0.649783,-0.182363,-0.456563,0.20308,-0.931546
0.056119,0.736795,0.484016,0.071293,-0.754093,-0.942813,0.773914,0.697256,-0.446219,-0.51428,0.161988,0.179621,-0.204172,-0.386807,-0.950969
-0.504864,0.394909,-0.619782,0.275509,0.602159,0.333295,0.560759,0.136541,0.368133,0.178036,-0.454518,0.058244,0.515198,-0.0423,-0.942549
0.363466,0.918838,0.73976,0.187337,0.202984,-0.22088,0.657512,0.711481,0.380494,-0.449089,0.072019,0.314423,-0.061861,-0.516154,-0.970226
0.899513,-0.451256,-0.182282,-0.956883,0.915221,-0.053245,0.765144,0.468167,0.631638,0.005907,-0.028956,-0.213324,0.052758,0.522732,-1.0
0.986924,-0.252984,-0.518102,-0.615254,0.685686,-0.031107,0.352594,0.373596,0.352227,-0.000136,0.44671,-0.401555,-0.414331,0.319363,-0.989729
-0.700232,-0.411007,0.854749,0.155074,-0.366431,-0.529618,0.546253,0.493606,-0.188969,-0.383759,-0.300726,0.175404,0.538419,-0.126258,-0.964943
0.50386,0.515184,0.94671,0.904702,0.010492,0.054356,0.839339,0.550734,0.115423,0.654709,0.110472,0.172475,-0.360417,-0.226661,-1.0
-0.737156,0.621512,-0.048042,0.91905,-0.470364,0.837928,0.514109,0.410064,-0.230638,0.362823,-0.430061,-0.332185,0.428619,0.447034,-1.0
-0.286184,-0.626276,0.051764,0.367689,0.274305,-0.40344,0.45806,0.318895,0.202312,-0.340762,-0.521552,-0.188678,0.455842,0.167949,-1.0
-0.305128,0.168398,0.686184,0.163206,0.588565,0.856405,0.073753,0.293186,0.084596,0.101127,-0.748,-0.528497,0.364916,0.207694,-1.0
-0.56163,0.432586,-0.231477,-0.403774,-0.516157,-0.931411,0.008794,0.145286,0.069982,0.060968,0.071532,0.927949,0.083798,-0.502633,-0.959175
-0.057507,0.210042,0.643047,-0.210854,-0.192001,0.541198,0.312612,0.858287,-0.099759,0.263063,0.326789,-0.701045,-0.153271,0.551753,-1.0
0.047404,-0.195412,0.299229,0.607803,-0.117468,0.718769,0.074349,0.701589,0.062792,0.022689,0.245438,-0.996697,-0.13608,0.432881,-0.966474
-0.183979,-0.804021,0.5914,-0.345053,-0.071676,-0.961476,0.211402,0.210731,-0.003658,-0.221067,-0.441588,0.606058,0.342209,-0.413764,-1.0
-0.399389,0.218152,0.867856,-0.257022,-0.876252,-0.5681,0.190451,0.809276,-0.120758,-0.136899,0.419393,0.755041,-0.255332,-0.500234,-1.0
0.269064,-0.713682,-0.487932,-0.362919,0.318474,0.787135,0.20549,0.659071,0.094359,0.175484,-0.023038,-0.790202,-0.0112,0.490393,-1.0
0.540142,0.865828,-0.238761,0.986246,-0.489033,-0.889527,0.441032,0.151861,-0.152947,-0.339145,0.42442,0.506873,-0.188456,-0.503294,-1.0
-0.683621,0.117677,0.330516,-0.727546,-0.315894,0.680162,0.046324,0.899434,-0.009041,0.027676,-0.492393,-0.813222,0.278647,0.392073,-1.0
-0.53767,0.911253,0.790259,-0.098888,-0.891285,0.451469,0.169962,0.939545,-0.229592,0.032144,0.482545,0.608335,-0.285474,-0.364053,-0.912839
-0.16622,0.81903,0.605199,-0.349444,0.463957,0.196894,0.346775,0.051033,0.218283,0.200924,-0.474268,0.566566,0.405937,-0.396248,-0.999713
0.119812,-0.231677,-0.493288,0.883285,0.154294,0.444622,0.03398,0.563446,-0.03157,0.091684,-0.094832,-1.0,-2.8e-05,0.495397,-1.0
0.840592,0.514631,0.593514,-0.333456,0.255436,0.269915,0.589229,0.54774,0.248496,0.342239,0.497313,0.161396,-0.448774,-0.148996,-1.0
-0.848045,-0.127395,-0.698325,-0.916155,0.578836,-0.852031,0.349097,0.829375,0.165064,-0.168148,-0.571723,0.293101,0.391618,-0.237034,-1.0
0.878208,-0.792708,-0.618705,0.78671,0.491274,0.070842,0.615642,0.821867,0.565309,0.12229,0.157732,-0.431757,-0.1997,0.459791,-1.0
-0.4942,-0.9536,0.141497,-0.592134,0.492616,-0.228894,0.424358,0.103662,0.300166,-0.157653,-0.430962,-0.332714,0.475482,0.253375,-0.947806
-0.412582,0.584057,0.768408,0.787458,0.970882,-0.214731,0.370988,0.94422,0.322386,-0.090867,-0.501659,0.246221,0.45906,-0.252705,-0.977606
-0.519809,0.62013,0.833628,-0.849506,-0.997377,0.214845,0.640969,0.493314,-0.496432,0.071079,0.272029,0.233085,-0.328382,-0.279891,-0.994528
-0.170709,0.804302,0.689336,0.66823,0.603196,-0.600352,0.690969,0.479997,0.471405,-0.407878,-0.236942,0.263324,0.293639,-0.373146,-0.933642
-0.798989,0.180464,0.139214,-0.382,0.055611,0.700642,0.365951,0.825065,-0.038193,0.330307,-0.579354,-0.353578,0.431533,0.215826,-0.95787
0.009148,-0.797536,-0.388018,-0.712861,0.825545,0.838228,0.941733,0.339502,0.484249,0.548047,-0.100358,0.011722,0.201522,0.397329,-0.977453
-0.851161,-0.636761,0.260288,0.312911,-0.853944,-0.471268,0.672744,0.065111,-0.467197,-0.274066,0.083649,-0.366263,-0.102516,0.472733,-1.0
0.131811,0.031283,-0.107997,0.145186,0.170049,0.485883,0.091947,0.71369,-0.011451,0.139139,-0.123866,-0.895558,0.078504,0.469338,-0.929287
0.084566,-0.547145,-0.881406,0.552722,-0.537704,0.051246,0.780873,0.505633,-0.598075,0.075696,0.176605,-0.113986,-0.383258,0.361036,-0.964684
0.067254,-0.122788,0.655417,-0.182874,-0.376867,-0.05829,0.092026,0.904286,-0.027089,-0.023351,0.901111,-0.172471,-0.459823,-0.0235,-1.0
-0.008498,0.713575,0.449736,-0.6154,-0.506904,0.742686,0.047083,0.158009,-0.045825,0.040255,0.890017,-0.074955,-0.54409,0.011241,-0.882078
0.488305,0.659587,-0.729048,0.529102,0.101023,0.450597,0.594886,0.650703,0.15163,0.476372,0.309784,0.19561,-0.469748,-0.29643,-1.0
0.385002,0.594964,-0.885639,-0.121311,0.222333,0.854171,0.823112,0.867617,0.150285,0.63346,0.161872,-0.181957,-0.191756,0.421847,-1.0
0.199857,-0.007615,-0.811263,0.717004,0.486171,0.891424,0.438478,0.249184,0.131373,0.330291,-0.233571,-0.553218,0.215651,0.474224,-0.993312
0.123558,-0.512998,-0.034053,-0.288547,0.442294,-0.214475,0.126912,0.896209,0.015655,-0.096433,-0.611742,-0.610131,0.364642,0.37475,-0.942249
0.987304,0.519034,0.044388,-0.709511,-0.460624,0.025545,0.347785,0.856229,-0.265568,-0.003512,0.623417,0.194188,-0.588908,-0.142777,-0.928969
0.598752,-0.061516,-0.647645,0.080647,-0.494486,0.605122,0.149126,0.359759,-0.117228,0.093299,0.812511,-0.5715,-0.343251,0.24174,-1.0
-0.797184,-0.422071,-0.683686,-0.186951,-0.330032,0.060118,0.781895,0.547738,-0.580219,0.113341,-0.037348,-0.14921,0.264655,0.364432,-1.0
0.64829,-0.64098,-0.064346,-0.541477,0.223799,-0.788485,0.114765,0.113795,-0.011983,-0.091029,0.869386,0.249924,-0.46446,-0.120238,-0.914477
-0.489253,0.937264,-0.596548,-0.570455,0.280774,-0.838471,0.665817,0.602729,0.13604,-0.508424,-0.202522,0.295647,0.108573,-0.589682,-0.988376
-0.150287,-0.210794,-0.124159,0.180137,-0.507602,0.452052,0.37097,0.187477,-0.285169,0.185678,0.316934,-0.580746,-0.210952,0.415861,-0.983332
0.034223,0.902035,0.553352,0.40765,0.517348,-0.116341,0.830298,0.917195,0.691636,-0.170723,-0.029088,0.139769,0.212607,-0.435167,-0.964684
-0.695808,-0.090745,-0.285658,-0.861071,0.643928,0.327292,0.387481,0.332274,0.327655,0.102465,-0.63657,-0.196866,0.487284,0.239586,-0.931334
0.323114,-0.308716,-0.324907,-0.07952,0.519353,-0.578401,0.415834,0.61294,0.281612,-0.208723,-0.325594,0.453239,0.292721,-0.418147,-1.0
0.156037,0.916594,0.851797,0.052493,0.12569,-0.639539,0.170987,0.737292,-0.01886,-0.007736,0.034742,0.797936,-0.070911,-0.436857,-1.0
-0.192346,0.993384,0.711126,-0.311546,-0.21313,0.96067,0.854086,0.709628,-0.070983,0.607796,0.067219,0.201998,-0.253495,-0.316891,-1.0
0.779652,-0.323768,-0.989304,0.854304,0.896692,-0.527321,0.51764,0.896098,0.393363,-0.169223,-0.288252,0.370262,0.356619,-0.507927,-0.985329
0.604346,-0.978117,-0.225112,0.685598,0.533088,0.845713,0.325692,0.386886,0.254342,0.244659,-0.039366,-0.603057,-0.101473,0.365442,-0.967234
-0.34539,0.418962,0.908171,-0.172813,0.507711,0.010259,0.266657,0.277501,0.14549,-0.054176,-0.703915,0.305425,0.426202,-0.280538,-0.908461
-0.32153,0.755169,-0.622069,-0.548998,0.567296,-0.969062,0.249904,0.860131,0.137597,-0.142295,-0.332269,0.697449,0.311443,-0.460801,-0.989279
0.516448,-0.186847,0.479789,0.121548,0.102238,-0.604713,0.717269,0.799368,0.112338,-0.568659,0.283359,0.193456,-0.329626,-0.35662,-0.981016
0.274047,-0.619137,0.35007,-0.35821,0.604476,-0.095799,0.37836,0.985509,0.332191,-0.042054,-0.355167,-0.433305,0.238397,0.377771,-1.0
-0.759555,-0.581821,-0.720717,-0.591409,-0.534961,0.742362,0.708837,0.022129,-0.346397,0.526537,-0.033123,-0.330085,0.02886,0.426541,-0.947084
0.880508,-0.050019,-0.761754,-0.550343,-0.751351,-0.229395,0.80517,0.82377,-0.65524,-0.162375,0.168434,-0.047553,-0.670744,-0.146465,-0.947144
-0.441456,-0.939508,-0.625463,0.67149,-0.024863,-0.921013,0.804556,0.861249,-0.096018,-0.687617,-0.1764,-0.0701,0.536641,0.024534,-1.0
0.210396,0.122647,-0.974128,0.43654,0.626574,0.860957,0.644998,0.774283,0.36146,0.407498,-0.112072,-0.239631,0.21905,0.353499,-1.0
-0.732417,0.707851,-0.680943,-0.439501,0.414338,-0.943481,0.682547,0.962378,0.213563,-0.421873,-0.144492,0.295445,0.251117,-0.384373,-0.969988
0.391562,-0.69666,0.731907,0.20798,0.424951,0.150372,0.707338,0.252301,0.563899,0.19192,0.021383,-0.28172,0.040201,0.506525,-0.909016
-0.833176,0.689132,0.222458,0.276696,0.656085,0.315204,0.160374,0.974784,0.091148,0.025462,-0.799012,0.203667,0.46659,-0.077394,-1.0
-0.569233,-0.373866,-0.273987,-0.08007,0.626289,-0.489954,0.948879,0.281555,0.560116,-0.523248,-0.082209,0.024232,0.510091,-0.007567,-0.984954
-0.569719,-0.875253,-0.74041,-0.090572,0.00982,0.772228,0.942354,0.734551,0.029332,0.791514,-0.072689,-0.037906,0.1774,0.534155,-1.0
-0.873419,-0.659191,-0.526833,0.039432,-0.27353,-0.153183,0.869713,0.491391,-0.544648,-0.372648,-0.020542,-0.168093,0.425024,0.388273,-1.0
0.766878,-0.965202,0.938839,0.507168,-0.590112,-0.156382,0.729456,0.53853,-0.5543,-0.085419,0.225743,-0.189114,-0.366069,0.27891,-1.0
-0.303138,-0.918291,0.170662,-0.467076,0.722705,0.884795,0.246383,0.924582,0.114377,0.217688,-0.354487,-0.713372,0.258795,0.445777,-1.0
-0.626234,0.587646,0.226196,0.139108,0.700801,-0.660516,0.226937,0.763186,0.167571,-0.121383,-0.531821,0.460031,0.428677,-0.301453,-1.0
0.946872,-0.44661,0.786064,-0.899559,-0.273647,-0.617906,0.078535,0.626999,0.064058,0.038866,0.872201,0.17575,-0.496347,-0.096139,-0.974094
0.375036,0.629914,-0.432624,-0.081878,0.367382,0.579131,0.872218,0.280142,0.294793,0.597452,-0.124091,0.226676,-0.089083,-0.483134,-0.936547
0.282196,-0.351175,0.503842,-0.558413,0.637455,-0.450533,0.116164,0.463487,0.05473,0.014025,-0.851643,0.191499,0.482949,-0.154617,-0.980322
-0.424241,0.229405,0.053077,0.651551,0.055502,0.411069,0.705727,0.071857,0.084222,0.489126,-0.223903,-0.149975,0.474952,0.121733,-1.0
-0.490586,0.529174,-0.80697,0.062876,0.890005,-0.634421,0.148524,0.128021,0.206396,0.0088,-0.632667,0.634248,0.421598,-0.388617,-1.0
-0.457442,-0.563773,-0.006207,0.545377,0.727592,-0.690224,0.195949,0.222099,0.116349,-0.054399,-0.758793,0.145294,0.47587,-0.027426,-0.943481
0.952757,-0.281001,-0.381006,-0.218891,-0.637274,-0.156025,0.796944,0.300522,-0.623943,-0.124157,0.12669,-0.033894,-0.416159,0.031946,-0.986651
-0.736652,0.012258,-0.264181,0.914739,-0.608834,-0.051275,0.73564,0.405809,-0.483,-0.028294,-0.216598,0.118227,0.50877,-0.165342,-1.0
-0.00597,0.231555,0.908005,-0.534246,-0.52752,-0.654293,0.629167,0.204545,-0.342324,-0.39959,0.160218,0.433074,-0.242052,-0.378313,-0.934048
0.424404,0.801806,-0.160891,-0.391456,0.364401,0.049249,0.003812,0.574316,0.032243,0.103693,0.061117,0.996008,0.000764,-0.496863,-1.0
0.110898,-0.574164,-0.382072,0.500406,-0.118126,-0.55526,0.930133,0.042951,-0.164335,-0.749733,0.046104,-0.052758,-0.443276,-0.03954,-1.0
0.866562,0.352241,-0.064269,-0.051895,0.884564,-0.048394,0.813222,0.869728,0.630014,-0.118047,-0.04154,0.118151,-0.03499,-0.475997,-1.0
-0.130876,0.449663,-0.936784,-0.237176,0.902147,-0.241895,0.352878,0.275491,0.28053,0.004961,-0.585855,0.35018,0.433809,-0.362079,-0.988592
0.328282,-0.409879,-0.335333,-0.520587,-0.333079,-0.273366,0.294382,0.166745,-0.035444,-0.257468,0.711158,-0.09824,-0.499115,0.103504,-0.980746
-0.732959,-0.756128,-0.400808,0.039474,-0.629108,0.163394,0.307637,0.415911,-0.258764,0.135465,-0.076843,-0.639366,0.074759,0.514676,-1.0
0.396833,-0.945339,0.827682,0.248335,0.865978,-0.587014,0.302397,0.218009,0.154082,-0.165192,-0.572234,-0.4459,0.408539,0.283421,-1.0
-0.955052,-0.768303,0.187687,-0.648506,-0.288062,-0.70486,0.179966,0.285273,-0.058743,-0.132806,-0.869433,-0.023129,0.513202,-0.062867,-1.0
0.877008,0.370739,-0.80066,-0.907771,0.824784,0.957369,0.612203,0.259626,0.315746,0.363787,0.041459,-0.443172,-0.01119,0.469839,-0.943036
0.906929,-0.306412,0.603803,-0.116595,0.97267,0.582217,0.451746,0.537548,0.254087,0.069519,-0.034562,-0.663229,0.096801,0.46379,-0.967946
0.294252,-0.907721,0.753367,-0.443293,0.244247,0.677454,0.652032,0.348675,0.111193,0.532221,0.093993,-0.299838,-0.006414,0.554039,-0.966651
0.609445,-0.414537,-0.876221,-0.448993,-0.519723,-0.859764,0.100421,0.621372,-0.027582,-0.041027,0.944087,0.287041,-0.506152,-0.175782,-1.0
-0.336863,-0.545562,0.162233,0.701986,0.310604,-0.109213,0.408055,0.250634,0.273019,-0.165638,-0.516831,-0.378236,0.3755,0.229513,-0.997632
-0.216262,-0.496321,0.103818,-0.549242,0.883866,0.698927,0.56915,0.793065,0.443701,0.321144,-0.250909,-0.394427,0.409169,0.327059,-1.0
0.523838,0.650721,0.211258,-0.58294,-0.391913,0.396448,0.583516,0.167853,-0.267458,0.208071,0.375913,0.142601,-0.55288,-0.105448,-1.0
-0.073465,-0.319407,0.22685,-0.487539,-0.614238,0.787375,0.611724,0.194787,-0.383929,0.378209,0.167813,-0.321504,-0.203288,0.42285,-1.0
-0.653656,-0.27208,0.639179,-0.763042,-0.654551,-0.773973,0.529025,0.927312,-0.216151,-0.360391,-0.017524,0.532513,0.058868,-0.408161,-1.0
0.017563,-0.710311,-0.772462,-0.672419,-0.964703,-0.373733,0.181955,0.552083,-0.035258,-0.070025,0.81279,-0.219303,-0.424497,0.155259,-0.952426
0.831745,-0.836875,-0.36936,-0.247361,-0.358712,0.060579,0.210128,0.345584,-0.139594,-0.001411,0.634066,-0.466608,-0.472285,0.33171,-0.967529
-0.38707,0.014992,-0.226015,0.129464,-0.57026,-0.305004,0.665951,0.505532,-0.491468,-0.280877,0.164545,0.294903,-0.306225,-0.393359,-0.934792
0.187545,-0.181354,-0.123499,-0.258906,-0.472162,0.567931,0.2263,0.603766,-0.200811,0.163809,0.493492,-0.6761,-0.4054,0.374621,-1.0
-0.791102,0.764603,-0.045689,-0.331241,0.214166,-0.513774,0.675815,0.045908,0.188761,-0.538251,-0.185696,0.302132,0.368279,-0.414564,-1.0
-0.962883,0.479236,-0.585009,0.142083,0.721982,0.849443,0.573557,0.819175,0.345994,0.285024,-0.499183,-0.02303,0.501069,0.092347,-0.948143
-0.663704,-0.641103,-0.264693,0.291357,0.025648,0.188118,0.097292,0.038942,0.009349,0.101723,-0.610738,-0.685158,0.341838,0.28955,-0.989186
-0.110768,0.739655,-0.318254,-0.955422,-0.802606,0.273919,0.663195,0.029652,-0.551897,0.198666,0.196457,0.111,-0.441402,-0.267584,-0.97759
0.914338,0.13413,-0.836406,-0.030942,-0.944755,-0.737227,0.537506,0.546551,-0.332755,-0.2901,0.378848,0.13639,-0.58824,-0.169929,-0.955581
-0.4031,-0.374196,0.543011,-0.469672,-0.175675,0.13658,0.22441,0.644249,-0.202723,0.15858,-0.300202,-0.703224,0.205818,0.495941,-0.926936
-0.686262,-0.929526,-0.254949,0.912618,-0.488912,-0.516665,0.397658,0.533896,-0.349017,-0.234105,-0.283968,-0.456106,0.287101,0.466908,-1.0
0.997082,-0.794568,-0.924165,-0.104278,0.807468,-0.981787,0.346235,0.775371,0.09763,-0.250361,0.461643,0.449555,-0.263829,-0.31719,-0.992546
0.736431,0.867396,0.811117,-0.706545,0.233493,-0.424858,0.19144,0.554536,0.106335,-0.189132,0.253889,0.762505,-0.224509,-0.536816,-1.0
-0.639792,0.902526,0.77134,0.570039,-0.001901,-0.174456,0.556157,0.170053,0.088804,-0.361868,-0.177551,0.308748,0.271943,-0.430679,-0.961546
-0.299659,0.702729,0.148457,0.571332,0.354664,0.793969,0.042644,0.143372,-0.038724,-0.067172,-0.926525,-0.083271,0.514742,0.042569,-0.970512
-0.714707,0.099824,-0.030447,0.033548,0.916588,-0.943274,0.326594,0.856059,0.184183,-0.194461,-0.495071,0.366569,0.406827,-0.238808,-0.884711
0.239124,-0.39067,0.661061,-0.242922,-0.732985,0.336414,0.054472,0.72046,0.021697,-0.016945,0.783176,-0.49075,-0.421467,0.325279,-1.0
-0.002903,0.871658,-0.547947,0.104859,0.403612,0.899564,0.034197,0.381337,0.043381,0.011283,-0.986362,-0.018937,0.552367,-0.015455,-0.914099
0.341536,0.914841,0.414843,0.715487,0.447505,0.831748,0.327112,0.376652,0.105477,0.287113,-0.513292,0.444018,0.329153,-0.378361,-1.0
-0.471458,-0.032897,0.957915,-0.877253,0.066763,0.291265,0.868236,0.121799,0.235722,0.560331,-0.170344,-0.022572,0.400344,0.291135,-0.951588
0.947563,0.513672,0.308065,-0.913063,0.545537,-0.844207,0.960465,0.624005,0.424222,-0.666638,-0.061863,0.057713,-0.15815,-0.393391,-0.976154
0.51697,0.40536,0.296482,0.228394,-0.475243,-0.178922,0.72712,0.632961,-0.500865,-0.22168,0.180992,0.171186,-0.434633,-0.323002,-1.0
0.559533,-0.691253,0.270361,0.719226,-0.980797,0.318912,0.730033,0.138712,-0.615564,0.165234,0.261394,-0.092646,-0.376261,0.236307,-1.0
0.684871,-0.505651,-0.448801,0.122767,0.074449,0.170166,0.625181,0.769299,0.289104,0.48543,0.216841,-0.297633,-0.303017,0.363723,-0.997303
0.449354,0.607273,-0.802698,0.756161,-0.351385,0.585088,0.043712,0.324488,-0.048254,-0.038625,0.989654,-0.052153,-0.490072,-0.017661,-0.968799
0.089657,-0.089945,0.971453,0.58303,-0.412226,-0.937259,0.249428,0.798398,-0.074356,-0.193442,0.448016,0.62519,-0.284629,-0.473278,-1.0
-0.830399,-0.973211,0.746508,-0.851866,-0.823352,-0.093806,0.593482,0.508746,-0.444132,-0.049841,0.0578,-0.399514,-0.021023,0.408336,-1.0
-0.412826,0.179529,-0.431058,0.516913,0.713264,0.369969,0.885636,0.474346,0.656127,0.30881,-0.155243,-0.050577,0.505812,0.073646,-0.984786
0.753537,-0.427466,0.063356,0.886063,-0.263227,0.89185,0.084882,0.220079,-0.038608,0.12353,0.604577,-0.766203,-0.303607,0.381126,-1.0
0.066622,-0.417516,0.396786,-0.4302,0.413871,0.791018,0.163167,0.905527,0.080167,0.128833,-0.321877,-0.797327,0.08339,0.486659,-1.0
-0.602885,0.021254,0.360687,0.714955,-0.691042,-0.928459,0.039089,0.576786,-0.014704,-0.056618,0.002006,0.909414,-0.095824,-0.487433,-1.0
0.606805,0.579376,0.028257,0.370241,0.482625,0.774374,0.570439,0.233569,0.322959,0.382093,0.231373,-0.32502,-0.215689,0.386825,-1.0
-0.708499,-0.834848,0.820095,0.549858,-0.653398,0.674485,0.838461,0.156127,-0.523091,0.403328,0.001104,-0.192213,-0.002101,0.530641,-1.0
0.051604,0.889583,-0.590681,0.417509,-0.04028,-0.874338,0.556655,0.107143,-0.067378,-0.393926,-0.0564,0.448986,-0.056733,-0.531789,-0.985343
0.841822,0.729067,0.329439,-0.233794,-0.467061,-0.252873,0.890761,0.20331,-0.605439,-0.389381,0.065822,0.094974,-0.554898,-0.303693,-0.960618
0.206152,-0.77495,0.599684,0.273292,0.540279,0.529693,0.048373,0.525715,0.021869,0.003214,-0.249715,-0.952825,0.123156,0.479888,-1.0
-0.801928,-0.792397,-0.815646,0.032464,0.078955,-0.481588,0.558881,0.952261,0.121099,-0.395947,-0.471435,-0.148766,0.465307,0.122794,-0.896755
0.978436,-0.68162,-0.970564,-0.316657,0.251488,-0.318224,0.214231,0.640547,0.157846,-0.119929,0.630748,-0.366178,-0.426821,0.229809,-0.965494
-0.060728,-0.449119,0.171204,0.746069,-0.057331,0.059933,0.672124,0.627645,-0.311926,0.358267,0.007593,-0.307599,-0.002171,0.511004,-1.0
-0.935012,-0.027137,-0.465776,-0.265865,0.995323,0.276446,0.073243,0.358086,0.138159,0.028332,-0.974768,-0.084267,0.514182,0.014282,-0.991247
0.993455,0.328118,-0.45913,-0.370747,-0.173858,-0.967412,0.426311,0.279817,-0.035618,-0.348215,0.321733,0.434044,-0.377175,-0.430446,-0.952766
0.59061,-0.505072,-0.71327,-0.755627,-0.557812,-0.527998,0.850227,0.486782,-0.526818,-0.508122,0.074113,0.05547,-0.520815,-0.03007,-1.0
0.247885,-0.802003,0.946322,0.408188,-0.981838,-0.371526,0.454009,0.316877,-0.396281,-0.076483,0.491679,-0.150268,-0.530864,0.286821,-1.0
-0.422213,0.285435,0.051382,-0.336,0.811226,-0.54987,0.529206,0.363808,0.331036,-0.269026,-0.463274,0.32904,0.310899,-0.285379,-0.925834
0.389325,0.569605,-0.526066,0.566422,-0.863134,0.088228,0.301139,0.88371,-0.241162,0.053343,0.700948,0.325417,-0.495383,-0.232553,-0.981429
-0.557328,-0.266337,0.181714,-0.026251,-0.077817,0.979282,0.516474,0.493758,0.002,0.395015,-0.248431,-0.445147,0.239316,0.462125,-0.925333
-0.304328,-0.110376,-0.615709,0.761979,0.784346,0.949219,0.295966,0.788331,0.208676,0.283043,-0.498019,-0.447436,0.375258,0.405933,-0.942542
-0.954203,-0.419576,-0.136144,0.809004,0.08925,0.033939,0.224885,0.207619,0.09597,0.150224,-0.718251,-0.271026,0.381438,0.242292,-1.0
-0.911228,-0.985968,0.09992,0.986246,-0.505444,0.888106,0.557566,0.422018,-0.238273,0.329804,-0.059969,-0.433939,0.172189,0.454323,-0.992638
-0.730733,-0.348428,0.624181,-0.282312,0.172956,-0.401772,0.304392,0.661241,-0.009679,-0.281786,-0.670898,0.128826,0.434626,-0.053465,-1.0
-0.847814,-0.861787,-0.641929,-0.788752,0.33688,-0.198436,0.013974,0.942815,0.012661,0.006532,-0.761666,-0.494493,0.482265,0.185925,-1.0
-0.220898,0.056393,0.618138,0.117459,-0.448537,0.384098,0.112746,0.085965,-0.069021,0.101543,0.46278,-0.762615,-0.245121,0.453206,-1.0
-0.773299,0.374633,0.494625,-0.845641,-0.630509,-0.905906,0.372611,0.337065,-0.139943,-0.300995,-0.158948,0.510503,0.144973,-0.488857,-0.969675
-0.899683,0.222333,-0.86972,-0.205775,0.696633,-0.921057,0.106656,0.878726,0.040995,-0.080691,-0.64432,0.48072,0.436852,-0.335459,-1.0
-0.943532,-0.241197,0.356625,0.17949,0.243128,-0.298527,0.198782,0.955825,0.059127,-0.164306,-0.705998,0.05673,0.499566,-0.056309,-1.0
0.286533,0.924497,-0.818948,0.35953,0.854958,0.131971,0.045045,0.381598,0.116136,-0.005887,-0.586079,0.826657,0.437605,-0.465571,-0.972192
0.226155,-0.71754,0.547508,0.697072,0.945704,0.499483,0.624121,0.667449,0.512728,0.220425,-0.141973,-0.401317,0.165535,0.417806,-1.0
0.97737,0.04728,-0.141862,-0.505156,-0.020711,-0.066344,0.600747,0.9524,-0.063749,-0.42405,0.354818,0.066702,-0.494812,-0.032567,-1.0
0.902433,0.335522,0.505428,0.255124,-0.163521,0.416706,0.050356,0.743383,0.04608,0.025366,0.917989,-0.090324,-0.441799,-0.018278,-0.934712
0.811653,0.839057,0.428436,-0.925117,0.43387,-0.976987,0.870876,0.601033,0.36848,-0.685941,0.013919,0.161752,-0.094467,-0.451703,-0.958032
0.731824,0.047696,-0.132837,0.045787,0.06214,-0.339742,0.539538,0.552345,0.06155,-0.38138,0.371242,0.227685,-0.385161,-0.223389,-0.925095
0.815944,-0.270397,0.826559,-0.665366,0.604473,0.646878,0.148558,0.744257,0.097602,0.140439,0.170411,-0.907035,-0.033724,0.407754,-1.0
-0.756981,0.411544,0.511677,-0.802433,0.704432,0.680613,0.997371,0.347674,0.547943,0.523381,0.023382,0.120259,0.502969,0.066149,-0.986273
-0.671792,0.689559,0.693315,-0.84345,0.469298,0.157985,0.852716,0.744876,0.692957,0.254983,-0.133328,0.106927,0.486964,-0.237702,-1.0
-0.445196,-0.838979,-0.683307,-0.841864,0.623206,0.435158,0.944534,0.597149,0.612612,0.391722,-0.03822,-0.004173,0.340811,0.451992,-0.966245
-0.350578,0.248818,0.75027,0.545167,0.709487,-0.43514,0.490815,0.291189,0.30005,-0.157325,-0.395075,0.28242,0.366842,-0.396327,-1.0
-0.348592,-0.727501,-0.048037,-0.892461,0.631794,-0.819979,0.343187,0.998842,0.076854,-0.257869,-0.637707,0.052987,0.463431,0.072416,-1.0
0.315659,0.924963,-0.648625,-0.780302,-0.888481,0.207435,0.105476,0.961656,-0.041991,0.06116,0.741024,0.474466,-0.486861,-0.29791,-1.0
-0.364579,-0.82072,-0.760854,-0.244213,0.433798,-0.968967,0.413948,0.619872,0.202978,-0.249802,-0.601101,0.19622,0.442731,-0.102293,-0.942899
0.682362,0.062918,0.264202,-0.08214,0.157503,-0.79727,0.551254,0.320057,0.053263,-0.498578,0.172691,0.336313,-0.375574,-0.385567,-0.978778
0.465344,-0.974484,-0.934179,0.640867,-0.039216,0.160627,0.46204,0.617661,-0.130558,0.371319,0.102053,-0.46098,-0.15481,0.484525,-0.929727
0.398687,0.358862,-0.213682,0.647777,0.242968,-0.55775,0.081848,0.058343,0.121624,-0.023878,0.135473,0.96271,-0.097171,-0.494036,-1.0
0.531989,-0.626134,0.678628,0.575305,-0.465828,-0.056751,0.485498,0.556037,-0.395081,-0.032021,0.460635,-0.249247,-0.564912,0.232113,-1.0
0.222797,0.090239,-0.864151,0.02222,-0.723179,0.307953,0.085623,0.091997,-0.153906,-0.014883,0.914988,-0.15836,-0.489972,0.128884,-1.0
0.360247,0.885455,0.564332,0.134665,0.834392,0.005237,0.589091,0.003307,0.456432,0.004065,-0.241918,0.395221,0.262627,-0.398662,-1.0
-0.78809,-0.998058,-0.395254,-0.112512,-0.117475,-0.324923,0.480443,0.622848,-0.092651,-0.341185,-0.421783,-0.300635,0.349002,0.379115,-0.967969
-0.176658,0.803489,-0.123956,0.417182,0.217604,0.603158,0.472301,0.11365,0.114566,0.285676,-0.494415,0.260278,0.484294,-0.259541,-1.0
-0.74076,0.320348,0.155972,0.100257,0.525488,-0.543929,0.418865,0.595627,0.223995,-0.227308,-0.487741,0.325288,0.400984,-0.336311,-1.0
-0.898052,-0.16827,-0.092637,-0.887016,-0.536977,0.525991,0.189583,0.383216,-0.13387,0.162557,-0.37299,-0.734652,0.249065,0.38306,-1.0
0.33587,-0.260436,0.226861,-0.280663,-0.201825,0.923585,0.411368,0.298373,-0.063537,0.212175,0.253748,-0.55643,-0.195281,0.38788,-1.0
-0.053664,-0.758296,0.166771,-0.223606,-0.420369,0.328816,0.950743,0.850705,-0.525532,0.44156,0.045002,-0.151775,-0.233864,0.427176,-1.0
0.657759,0.407621,0.36492,-0.483743,-0.913637,0.709041,0.319597,0.801304,-0.217659,0.135211,0.703525,-0.084699,-0.51669,0.097983,-0.992024
0.071877,0.594337,0.709749,0.890217,0.848822,-0.996623,0.233479,0.889887,0.084333,-0.08686,-0.38256,0.629943,0.170097,-0.482566,-1.0
0.62936,0.25575,-0.011444,-0.399868,0.706011,0.149822,0.164474,0.126331,0.133636,0.046897,-0.530147,0.685706,0.398607,-0.404818,-1.0
0.473759,-0.449209,-0.82919,-0.777155,-0.176278,0.665994,0.540336,0.244904,-0.039755,0.417781,0.261288,-0.409676,-0.258532,0.408309,-0.987918
0.631943,-0.445011,-0.05083,0.112897,0.668775,-0.611412,0.237215,0.018173,0.099257,-0.102436,-0.048586,0.778414,0.139112,-0.55127,-0.975265
-0.742525,-0.477671,-0.506767,0.869937,0.959497,0.01749,0.085821,0.795689,0.012841,0.000622,-0.855872,-0.177639,0.433347,0.128981,-0.944486
-0.178607,0.695272,-0.863692,0.041196,-0.72558,-0.850318,0.486726,0.425832,-0.233074,-0.355622,0.249325,0.514396,-0.168279,-0.472342,-0.953227
0.985418,-0.385978,-0.377554,-0.041207,-0.664574,-0.899892,0.420472,0.476687,-0.127354,-0.270046,0.52065,0.231953,-0.459369,-0.110231,-1.0
-0.236869,0.058117,-0.163233,0.880094,-0.737937,0.606014,0.421733,0.046517,-0.242731,0.270429,0.419316,-0.410367,-0.373331,0.318042,-1.0
-0.587063,-0.260702,0.200853,-0.635447,-0.739722,0.163641,0.120243,0.291518,-0.081809,-0.009659,0.358692,-0.773395,-0.137014,0.466068,-0.889327
-0.515737,-0.973532,0.159125,0.631985,0.359652,0.819263,0.411792,0.922875,0.157291,0.39135,-0.225237,-0.501825,0.235391,0.463395,-0.949822
-0.795374,0.72269,-0.041173,0.632127,-0.413974,0.037596,0.648152,0.387393,-0.597414,-6.5e-05,-0.250947,0.3225,0.29397,-0.366126,-1.0
-0.079454,-0.413751,0.793254,-0.574209,0.897099,-0.611916,0.414954,0.217587,0.158628,-0.200848,-0.57434,0.10291,0.481138,-0.097531,-0.953064
-0.037083,0.639842,-0.603448,0.505851,0.88493,0.112266,0.495971,0.182829,0.395716,0.07601,-0.429215,0.25186,0.41848,-0.249947,-1.0
-0.949469,0.331904,0.713913,-0.308079,0.872692,0.713691,0.36041,0.290546,0.192215,0.160703,-0.63825,-0.127741,0.503939,0.112444,-0.92804
0.382119,0.695723,-0.034654,0.149592,0.998042,-0.548779,0.860439,0.571784,0.601424,-0.280569,-0.103412,-0.013655,0.399779,-0.386613,-0.966037
-0.618243,-0.048611,0.585758,-0.585005,-0.843974,-0.711278,0.363083,0.692153,-0.172386,-0.236334,0.220584,0.626356,-0.189924,-0.527799,-1.0
-0.080474,-0.501415,0.444269,-0.751275,0.171808,0.959182,0.831769,0.441281,0.180719,0.666442,-0.023538,-0.180354,0.039893,0.576236,-0.940148
-0.638363,0.048945,-0.301052,-0.351917,0.709399,0.691518,0.754345,0.402057,0.430091,0.334059,-0.292592,-0.010563,0.411954,0.283956,-1.0
0.262609,0.713055,0.285187,-0.857182,0.022484,0.612224,0.056807,0.534321,-0.094056,0.014909,0.895025,0.282699,-0.473711,-0.127249,-1.0
-0.926597,-0.718006,0.672249,0.693595,0.047748,-0.438966,0.580726,0.389493,0.153983,-0.453624,-0.352722,-0.165171,0.506585,0.101161,-1.0
0.435868,0.767186,0.731499,-0.093522,-0.29964,0.755379,0.616102,0.640791,-0.17358,0.425038,0.438618,0.019693,-0.452316,-0.005766,-0.909605
-0.608912,0.214655,-0.580874,0.751389,0.726616,-0.526434,0.400681,0.783375,0.298743,-0.164309,-0.442831,0.337849,0.454419,-0.14955,-0.977424
-0.225327,-0.171069,0.705275,-0.818128,-0.137555,0.104592,0.206008,0.910059,-0.070415,0.10736,-0.251323,-0.693231,0.17669,0.416145,-1.0
0.784332,-0.866569,-0.898324,-0.938288,-0.541217,0.238068,0.552672,0.078974,-0.413894,0.176933,0.376328,-0.268798,-0.32605,0.402797,-0.999232
-0.563883,-0.442314,-0.662792,0.833132,-0.229091,0.628305,0.385995,0.246927,-0.055269,0.272531,-0.273023,-0.641783,0.229152,0.582933,-0.966779
0.85982,-0.649732,0.876362,0.690574,-0.520156,0.485382,0.494395,0.164349,-0.292282,0.323408,0.424964,-0.324248,-0.285901,0.385506,-1.0
0.942748,-0.95636,-0.085056,0.559122,0.323064,0.657577,0.065182,0.126652,0.007434,0.032301,0.266096,-0.862628,-0.142437,0.483332,-1.0
0.604961,0.716071,-0.704322,-0.081613,-0.625984,0.304164,0.319211,0.597726,-0.180882,0.201682,0.542626,0.240476,-0.484546,-0.173534,-0.994609
-0.359612,0.103359,0.227713,0.785307,0.399326,0.043264,0.977347,0.851837,0.746993,0.063236,-0.055624,0.056059,0.486336,-0.07633,-0.960954
0.629945,0.306152,0.723204,-0.310382,0.770731,-0.292728,0.026852,0.415504,0.021518,-0.049897,-0.205072,1.0,0.109913,-0.427919,-1.0
0.965811,0.960104,-0.327364,0.999685,0.88437,0.897771,0.314298,0.476685,0.114627,0.171577,0.573239,0.395341,-0.353701,-0.234344,-1.0
0.205011,-0.09949,-0.062881,-0.740474,-0.408046,-0.796709,0.049033,0.615569,0.034954,-0.108102,0.632221,0.770759,-0.276282,-0.249008,-1.0
-0.356653,-0.075583,-0.793776,0.086074,0.016575,-0.844154,0.013988,0.572071,0.102832,-0.044135,-0.45884,0.900969,0.238557,-0.47256,-0.982321
0.870788,-0.479129,-0.339841,0.770083,0.838815,0.87134,0.819453,0.504813,0.437278,0.395489,0.028824,-0.158431,-0.017825,0.544282,-0.971745
-0.031376,0.086872,-0.920826,0.008077,-0.363135,0.578581,0.327554,0.797148,-0.147616,0.211257,0.345427,-0.521782,-0.177852,0.376305,-1.0
0.599275,0.622105,0.545071,0.350385,-0.547314,0.378061,0.70612,0.345967,-0.473074,0.252485,0.314168,0.065557,-0.432279,-0.132026,-0.960787
-0.073077,0.888975,0.116958,-0.926052,0.471072,0.143343,0.560602,0.208349,0.48701,0.060061,-0.260401,0.369536,0.229578,-0.388744,-1.0
0.426336,-0.761817,0.238069,0.528672,-0.976021,0.784259,0.221265,0.179825,-0.152797,0.182867,0.440872,-0.656744,-0.356851,0.332815,-0.978545
0.129691,-0.017268,-0.595089,0.408898,0.649126,-0.170037,0.769314,0.26674,0.663787,-0.097686,-0.251021,0.142145,0.470823,-0.113643,-1.0
0.035856,-0.723535,0.56189,0.189894,0.828955,0.193785,0.863592,0.233658,0.69106,0.19902,-0.104472,-0.106186,0.372978,0.419102,-0.993683
-0.224382,-0.473884,-0.536587,0.240968,0.882655,-0.953229,0.861484,0.735475,0.445351,-0.504753,-0.145573,0.180473,0.456192,-0.121392,-0.94303
0.351406,-0.255712,-0.10719,0.396737,0.523224,0.594536,0.328608,0.311473,0.209077,0.179078,-0.122319,-0.728046,0.073688,0.58282,-1.0
0.587906,-0.773421,0.046156,-0.713882,-0.613882,0.822456,0.415203,0.560827,-0.163631,0.223202,0.359117,-0.487481,-0.292342,0.432712,-1.0
0.952413,-0.068093,0.2301,0.099592,0.39644,-0.229731,0.116088,0.547526,0.153702,0.041174,0.811865,0.235618,-0.440273,-0.131979,-0.931186
0.257785,-0.763781,0.57192,-0.102788,0.52836,0.089523,0.660814,0.826128,0.551212,0.11031,-0.107226,-0.344472,0.255209,0.495259,-0.977825
-0.71218,-0.603632,0.985078,0.186263,0.056441,-0.615615,0.211125,0.891581,-0.011258,-0.196512,-0.801124,-0.085253,0.504036,0.015621,-0.968339
0.518309,-0.747054,-0.023731,0.331579,-0.562016,-0.43122,0.738454,0.549505,-0.465204,-0.309844,0.254593,-0.131313,-0.510395,0.153047,-1.0
-0.582217,0.177826,0.067841,-0.185437,-0.094169,-0.223845,0.45516,0.225717,-0.191357,-0.376929,-0.380468,0.338377,0.43283,-0.347865,-1.0
-0.529418,-0.559877,0.704162,-0.255745,-0.368684,0.408888,0.166355,0.374578,-0.081539,0.127914,-0.102618,-0.82186,0.082113,0.453755,-1.0
-0.868278,-0.136219,0.777045,-0.592881,-0.205182,-0.882713,0.835224,0.376759,-0.108005,-0.691735,-0.190882,0.069778,0.351346,-0.372244,-1.0
-0.113411,0.786846,-0.440991,0.719566,-0.320624,0.434975,0.767834,0.31677,-0.312905,0.505138,0.118399,0.179339,-0.229538,-0.407204,-1.0
0.610899,-0.527357,0.541799,0.32456,0.504512,-0.333578,0.719727,0.104594,0.541201,-0.299214,0.182083,-0.236789,-0.2096,0.445793,-0.924414
-0.033475,0.608355,-0.503325,-0.714939,-0.491732,-0.9615,0.775727,0.402437,-0.316963,-0.526742,0.090631,0.226849,-0.108006,-0.477512,-0.964608
-0.336402,0.818025,-0.108398,-0.524717,-0.924528,0.591904,0.06117,0.967663,-0.090718,0.128551,0.932587,0.294759,-0.499394,-0.1706,-1.0
-0.477525,-0.659727,-0.94382,0.8551,-0.0816,0.282018,0.310261,0.691368,-0.112104,0.201178,-0.313002,-0.634892,0.114225,0.445023,-0.988871
0.934881,-0.873016,-0.138036,-0.616735,-0.561987,0.556906,0.41495,0.786877,-0.194222,0.183688,0.467104,-0.416521,-0.306489,0.401904,-0.937005
0.019015,0.980038,0.512229,-0.543413,0.797818,0.493269,0.529578,0.183044,0.371531,0.275115,-0.326916,0.18926,0.378219,-0.206231,-0.919844
-0.876475,-0.116153,0.933439,-0.130071,0.409935,0.106614,0.876156,0.761492,0.661647,0.150569,-0.12931,-0.037273,0.498032,0.140471,-0.982822
-0.573729,-0.814872,0.226776,0.847213,-0.893481,-0.932397,0.538351,0.058271,-0.370082,-0.29696,0.356636,0.150484,-0.474645,-0.220702,-0.989859
0.914035,-0.57578,-0.868477,-0.790183,-0.73505,-0.2825,0.477532,0.494632,-0.420577,-0.079055,0.483821,-0.087312,-0.453425,0.140631,-0.992886
-0.304821,0.714603,-0.916569,-0.557764,0.527876,0.662314,0.263735,0.462653,0.197022,0.19051,-0.790641,0.033028,0.491536,-0.056569,-0.984935
0.630859,0.457036,0.48167,-0.244613,-0.037086,0.052523,0.901102,0.163999,-0.401673,0.647527,0.131678,-0.008431,-0.413004,-0.273462,-0.926248
0.951104,0.574716,0.936664,0.238185,0.524957,-0.371981,0.724541,0.315174,0.440035,-0.341521,0.128285,0.24483,-0.216986,-0.454813,-0.985484
-0.457165,-0.382231,-0.046119,-0.643873,0.241177,-0.378057,0.321806,0.271204,0.145623,-0.224508,-0.645699,-0.020742,0.451777,-0.060856,-0.985254
0.98996,-0.789496,0.561707,0.38927,-0.443673,0.013332,0.898135,0.258599,-0.780703,0.059868,0.114159,-0.03425,-0.436299,0.232428,-0.978522
-0.480372,-0.452959,-0.705523,0.070717,0.027188,0.684025,0.106963,0.203389,0.102553,0.03712,-0.452536,-0.811914,0.209364,0.454616,-0.914632
-0.712755,-0.18777,0.07648,0.036503,-0.959372,0.435243,0.50864,0.793339,-0.422493,0.079886,0.215325,-0.486124,-0.258826,0.565346,-0.939884
-0.527905,-0.922135,-0.13803,0.138744,-0.693031,0.582137,0.068553,0.5683,0.050221,0.077703,0.080699,-0.878126,-0.054043,0.495742,-0.973245
0.38063,-0.661514,0.412419,0.656556,0.078002,0.420257,0.798152,0.780875,0.111357,0.50128,0.000698,-0.228,-0.149417,0.421319,-1.0
-0.99896,0.962765,-0.027447,-0.828026,0.335172,-0.001642,0.366568,0.211953,0.175956,0.014066,-0.512853,0.334195,0.407192,-0.303469,-1.0
-0.60932,-0.114383,0.436284,0.747643,0.411066,-0.568589,0.69465,0.044586,0.23926,-0.506826,-0.395219,0.108385,0.462986,-0.195824,-0.873605
0.098099,-0.487597,0.849355,0.887058,-0.310019,-0.122022,0.376396,0.566689,-0.23615,-0.034686,0.516755,-0.364833,-0.439358,0.215549,-0.953644
-0.929175,0.0342,0.565058,0.794826,-0.21193,-0.036994,0.305797,0.882995,-0.278658,0.010807,-0.70852,0.053793,0.448377,-0.054917,-0.975622
-0.87219,-0.719835,-0.281718,-0.886922,-0.331322,-0.912635,0.852226,0.703226,-0.194122,-0.671017,-0.140081,0.17743,0.504155,-0.166658,-0.941384
-0.563422,0.366897,0.436748,0.785785,0.186074,0.598678,0.954124,0.722634,0.236435,0.794703,-0.013318,0.064199,0.396527,0.23256,-0.915329
0.903442,0.605144,0.037806,-0.279837,-0.842332,-0.948632,0.07642,0.356234,-0.03224,0.031944,0.753406,0.618858,-0.334657,-0.274119,-0.919702
-0.760796,-0.22504,0.120537,0.296491,0.732177,-0.849751,0.469062,0.324635,0.250084,-0.290884,-0.469985,0.268091,0.487137,-0.191184,-1.0
-0.151156,0.777474,-0.467651,-0.930858,0.133748,0.927337,0.918896,0.6445,0.113143,0.728159,-0.028683,-0.078472,0.484506,0.17877,-1.0
-0.169742,0.955739,0.681409,-0.274236,0.031231,-0.845487,0.247343,0.535621,-0.065165,-0.198096,-0.089762,0.915514,0.082884,-0.44238,-1.0
-0.56363,0.748231,-0.718858,0.861973,-0.871009,-0.32733,0.994554,0.300937,-0.838985,-0.318359,-0.083257,0.086209,-0.169477,-0.491405,-1.0
0.618945,-0.057105,0.56459,0.032802,-0.902132,0.793066,0.404549,0.519382,-0.271316,0.232131,0.580074,-0.33122,-0.408283,0.270334,-0.947846
0.400074,-0.253278,-0.533735,-0.702862,-0.301632,-0.363225,0.94741,0.937481,-0.446796,-0.643185,0.035154,-0.006773,-0.526661,-0.04589,-0.952686
-0.664656,0.287848,-0.783948,-0.196777,-0.47403,0.610394,0.054196,0.800218,-0.052763,0.022285,-0.494034,-0.883478,0.253975,0.442991,-1.0
0.266219,0.225449,-0.31213,-0.699106,-0.412596,0.257395,0.247734,0.813384,-0.177439,0.141642,0.707619,0.03667,-0.588645,0.118845,-0.927527
0.326254,0.335783,-0.934698,-0.796329,-0.624196,0.333987,0.284693,0.914793,-0.150787,0.057672,0.699659,-0.007746,-0.56291,-0.028824,-0.878655
0.854267,0.539239,0.59207,-0.126788,0.074283,-0.200827,0.592859,0.823071,0.17727,-0.459262,0.370149,0.305289,-0.420055,-0.453364,-0.974692
0.067143,-0.582527,-0.838592,-0.160562,-0.706428,-0.116883,0.28585,0.179726,-0.181451,0.067419,0.688082,-0.412749,-0.345182,0.286597,-0.908031
-0.121499,-0.29435,-0.019304,-0.453822,-0.244088,-0.005084,0.723287,0.956181,-0.616462,-0.04109,0.032697,-0.186185,-0.195205,0.474325,-1.0
-0.670869,-0.213464,0.505919,0.337037,-0.53176,-0.691729,0.210314,0.383545,-0.087435,-0.156136,-0.19848,0.718013,0.139922,-0.529729,-1.0
-0.439256,-0.849757,-0.777478,0.656878,-0.900037,-0.484745,0.412745,0.245247,-0.321193,-0.152747,0.358801,-0.363733,-0.424596,0.350176,-0.998626
0.939609,0.272474,0.989065,-0.850175,0.510384,0.70112,0.170896,0.775261,0.072451,0.066092,0.561698,-0.570166,-0.458311,0.358668,-0.952093
-0.645533,-0.713359,0.440262,0.796098,0.459242,-0.863851,0.469819,0.301114,0.129586,-0.438658,-0.563241,0.09936,0.539556,-0.026048,-0.954414
-0.209921,0.462283,-0.14519,-0.995534,0.097098,0.782312,0.240417,0.569891,0.066218,0.159063,-0.479759,-0.516931,0.479564,0.282233,-1.0
0.755076,0.60822,0.920846,-0.808213,0.315753,0.242386,0.777267,0.292464,0.539459,0.281828,0.123597,0.122434,-0.283082,-0.274796,-1.0
0.072777,-0.148596,0.05666,-0.345909,0.000195,0.956511,0.645933,0.556608,-0.060711,0.585156,-0.054781,-0.345158,0.098355,0.605005,-1.0
0.0811,-0.155523,-0.389049,0.046292,0.369797,0.609583,0.223233,0.098031,0.0947,0.166346,-0.22645,-0.736872,0.200714,0.372251,-1.0
-0.576144,0.695049,-0.388435,-0.997397,0.803849,0.613322,0.128766,0.581695,0.036136,-0.011601,-0.832834,0.147955,0.397295,0.018347,-1.0
0.928756,0.806284,-0.592904,0.894918,-0.875414,-0.834956,0.700386,0.548027,-0.408688,-0.367821,0.187272,0.186327,-0.397451,-0.347694,-1.0
0.132234,-0.972508,0.914485,0.822929,-0.681497,0.841233,0.082746,0.757451,-0.105864,0.027261,0.270858,-0.809804,-0.144604,0.409367,-0.999502
0.252945,0.403193,-0.983564,0.22601,0.311983,0.287199,0.993911,0.169695,0.665489,0.49684,-0.050425,0.067618,0.296253,-0.408529,-1.0
-0.732652,0.732702,0.393726,0.762901,0.586216,-0.769763,0.314783,0.848291,0.103412,-0.128749,-0.455257,0.517,0.288494,-0.405449,-1.0
-0.711277,0.666721,-0.365506,-0.950902,0.094865,-0.500869,0.720547,0.393625,0.134987,-0.561458,-0.176884,0.237411,0.30932,-0.347621,-0.997688
-0.658512,0.252274,-0.181294,-0.817353,0.837665,-0.526867,0.073273,0.973693,0.014724,-0.043581,-0.77015,0.401314,0.395333,-0.196479,-0.978302
0.940402,0.328525,0.610428,0.622251,-0.145711,-0.404111,0.690797,0.207765,-0.178955,-0.515004,0.190125,0.159183,-0.385981,-0.259289,-0.977184
0.013421,0.6669,-0.633526,0.661786,0.545744,0.580806,0.228609,0.231965,0.148114,0.082518,-0.832393,0.164318,0.502048,-0.136005,-1.0
0.640117,-0.112962,-0.604351,0.951489,0.939038,-0.920923,0.215479,0.452355,0.074004,-0.156298,-0.244611,0.70505,0.105787,-0.485749,-0.986652
-0.892969,0.237134,-0.185069,0.75666,0.015164,0.538551,0.524707,0.792039,-0.046764,0.367951,-0.464744,-0.122105,0.513415,0.151404,-0.989739
-0.686491,0.491413,-0.784952,-0.887322,-0.634305,-0.134398,0.646457,0.601272,-0.516408,-0.173208,0.021158,0.348757,0.092315,-0.502021,-0.935055
-0.317743,0.269021,-0.646245,-0.829862,0.593438,-0.090672,0.071633,0.243338,0.068739,-0.089387,-0.823887,0.314112,0.508086,-0.217391,-1.0
-0.862275,0.193314,0.313794,0.227044,-0.682639,0.179461,0.314229,0.582744,-0.258071,0.026063,-0.64289,0.042714,0.556242,0.093371,-1.0
0.403755,0.458906,0.799042,0.580118,-0.149433,-0.748063,0.283213,0.053447,-0.06681,-0.305338,0.199038,0.722548,-0.205069,-0.398195,-1.0
0.30277,0.936038,-0.118341,0.719925,0.142458,-0.351254,0.454348,0.124794,0.193441,-0.276646,0.091283,0.475748,-0.098607,-0.555918,-0.994408
-0.531253,-0.072467,-0.523559,-0.475212,0.638334,0.394639,0.380985,0.420175,0.296464,0.134709,-0.662457,-0.266567,0.485786,0.183048,-0.881065
0.072077,-0.26516,0.514335,-0.724989,-0.063749,-0.995992,0.545032,0.471215,0.009974,-0.411716,0.140552,0.496762,-0.014257,-0.51628,-0.997456
-0.548976,-0.383618,0.434172,-0.683797,0.324217,-0.701204,0.015988,0.197275,0.028331,0.109174,-0.98357,0.318583,0.568595,-0.032228,-1.0
-0.470694,0.322155,0.174319,-0.680359,0.691235,-0.699143,0.11521,0.771961,0.022807,-0.090438,-0.707696,0.600793,0.390101,-0.3986,-1.0
-0.06888,0.997261,-0.057206,0.470266,0.892921,-0.497887,0.945113,0.789518,0.701904,-0.418327,0.018256,0.08475,0.324271,-0.471547,-1.0
-0.278618,0.111488,0.29286,-0.659173,-0.007034,-0.504759,0.017387,0.413513,-0.014789,-0.00911,-0.40897,0.951208,0.255785,-0.457131,-0.970634
-0.92914,0.253549,-0.262344,-0.187913,0.926394,-0.743638,0.602119,0.782704,0.324139,-0.336022,-0.286253,0.273547,0.469791,-0.197812,-0.960099
0.186063,0.800545,0.377512,-0.342239,0.367177,-0.339468,0.494733,0.905184,0.232756,-0.27446,-0.071082,0.458021,0.086202,-0.585121,-0.980845
-0.181055,-0.450926,-0.457177,0.433121,0.406948,-0.622499,0.174564,0.338484,0.130446,-0.102168,-0.837314,0.314998,0.541288,-0.152391,-0.977343
0.856303,0.915723,-0.937532,0.863628,-0.852423,-0.794414,0.088793,0.732065,-0.133923,-0.073371,0.617545,0.67014,-0.323862,-0.25196,-1.0
0.198442,-0.429331,0.78,-0.009474,-0.364304,-0.190506,0.804603,0.293155,-0.556286,-0.392707,0.098099,-0.066124,-0.465269,0.149777,-1.0
0.505423,0.655543,-0.739947,0.780126,-0.27828,-0.566399,0.271084,0.354299,-0.210695,-0.17916,0.378893,0.676969,-0.378259,-0.38267,-0.955124
0.484014,-0.485316,0.39964,0.141645,-0.07807,-0.283746,0.062921,0.074229,0.043717,-0.076373,0.803466,-0.237293,-0.450286,0.291985,-0.979829
0.511672,-0.607341,-0.37109,-0.814223,-0.126892,0.571871,0.551514,0.267342,-0.08486,0.476082,0.12819,-0.429314,-0.1989,0.418835,-0.975943
0.96915,-0.890455,-0.842248,-0.34257,-0.14088,0.299539,0.795762,0.235387,-0.223118,0.564093,0.104681,-0.146084,-0.322869,0.341889,-1.0
0.504704,-0.468678,-0.051619,-0.47817,0.884329,-0.853376,0.794643,0.092601,0.479995,-0.4373,-0.20263,0.112848,0.344707,-0.368875,-0.981213
-0.69821,-0.694538,-0.215603,0.776701,0.935147,-0.835277,0.309082,0.944683,0.177778,-0.146793,-0.70382,0.134714,0.479261,0.05564,-1.0
-0.708485,0.67758,0.345713,-0.428719,0.008214,-0.893996,0.958077,0.566355,0.071915,-0.640517,-0.015089,0.044066,0.147907,-0.468733,-0.999042
0.24584,-0.635516,-0.884652,-0.466557,-0.723956,0.249124,0.665599,0.860289,-0.549708,0.143667,0.275109,-0.167351,-0.332364,0.298194,-0.975873
0.871294,0.46529,-0.102026,0.137974,-0.53685,-0.085378,0.975772,0.019716,-0.825437,-0.114196,0.027928,0.065181,-0.480837,-0.194118,-1.0
0.095319,0.702029,0.142207,-0.642068,0.108383,-0.135284,0.556675,0.031129,0.155518,-0.305701,0.005439,0.493603,0.005976,-0.527174,-0.94841
0.645172,0.319292,-0.951199,0.908726,0.454773,0.35996,0.496983,0.377544,0.238609,0.294218,0.461619,-0.039582,-0.560865,0.066766,-0.949184
-0.422136,-0.749429,0.881967,0.869208,-0.420061,0.706446,0.189596,0.320357,-0.062462,0.055594,-0.035337,-0.78945,-0.027257,0.484288,-0.991448
0.422156,-0.736126,-0.412477,0.682873,0.827555,0.199223,0.975299,0.346018,0.811147,0.244892,-0.020797,-0.006668,0.185743,0.509674,-1.0
0.213662,0.6318,0.336759,-0.97781,-0.517723,-0.53756,0.426715,0.6323,-0.163889,-0.231544,0.298286,0.565198,-0.322102,-0.368644,-1.0
0.318816,-0.400273,0.806331,-0.084481,0.219779,0.784198,0.744203,0.739506,0.15569,0.619662,0.056936,-0.237176,-0.035051,0.54854,-1.0
0.519842,-0.40027,0.120685,-0.290229,0.126778,0.679932,0.744782,0.847502,0.139077,0.557795,-0.03291,-0.19618,-0.192273,0.51271,-0.985973
0.490595,-0.917512,-0.810563,0.683693,0.10542,0.436969,0.007354,0.763338,0.094798,0.027298,0.302992,-0.906503,0.015366,0.579902,-1.0
-0.939027,-0.261299,0.669693,0.670338,-0.957255,0.505665,0.718181,0.827771,-0.575048,0.22487,-0.045383,-0.272708,-0.017167,0.446008,-0.981834
0.868754,0.471023,0.948227,-0.85508,0.198493,-0.557856,0.630721,0.32018,0.192772,-0.45015,0.237741,0.264001,-0.218705,-0.318832,-1.0
-0.125149,-0.091588,0.371178,-0.485488,-0.722846,0.077806,0.530774,0.489643,-0.382227,-0.064042,0.388561,-0.222394,-0.415815,0.016844,-0.928217
-0.644314,0.983918,0.555739,0.005609,0.165114,-0.93971,0.580192,0.060395,0.057206,-0.456079,-0.124294,0.337142,0.264458,-0.48935,-0.993336
-0.591526,-0.45444,-0.885991,-0.08746,0.116907,0.294893,0.582082,0.626397,0.182433,0.437569,-0.324571,-0.359831,0.388153,0.351868,-1.0
0.282114,-0.246886,0.249572,-0.670402,0.38268,-0.330338,0.815934,0.628346,0.441913,-0.384567,-0.053558,0.095209,0.36189,-0.350817,-0.951294
-0.879221,0.446001,-0.204015,-0.578187,-0.489903,-0.109463,0.378926,0.658149,-0.279449,-0.003483,-0.445249,0.518191,0.276341,-0.426508,-1.0
0.864235,-0.47437,-0.098653,0.635235,0.127711,0.321064,0.82608,0.549387,0.236439,0.669928,0.122082,-0.133045,-0.348273,0.336572,-0.993079
0.676003,-0.416451,-0.31772,0.195911,0.787898,-0.641669,0.783066,0.082224,0.448247,-0.416964,-0.067111,0.260805,0.247731,-0.430285,-1.0
-0.475107,0.863073,-0.354064,0.15899,0.167539,-0.713256,0.907799,0.812535,0.172486,-0.68774,-0.03959,0.088346,0.245312,-0.539002,-1.0
-0.88138,-0.215652,-0.586689,-0.335798,0.147499,-0.035705,0.732431,0.675317,0.518661,-0.200381,-0.333478,-0.012909,0.522011,0.017977,-0.956353
-0.747799,-0.833386,-0.437082,-0.697094,0.798864,0.826642,0.197066,0.521236,0.119815,0.086773,-0.539997,-0.613544,0.343621,0.325818,-1.0
-0.693954,0.987303,0.919503,0.24842,0.093183,0.342442,0.699062,0.527363,0.127456,0.623855,-0.228436,0.135129,0.428611,-0.281495,-0.970382
0.359424,-0.795484,-0.938206,0.878912,-0.364524,-0.346866,0.89518,0.96917,-0.544311,-0.466236,0.066512,-0.065543,-0.403332,0.249612,-1.0
0.672475,0.344842,-0.983504,-0.269972,0.856841,-0.444609,0.906206,0.578059,0.67016,-0.402057,-0.019216,0.19207,0.121692,-0.495189,-1.0
-0.874945,0.06928,0.772643,0.605825,0.203635,-0.850978,0.2062,0.795086,0.048431,-0.110911,-0.623076,0.481524,0.452974,-0.295729,-0.9232
0.521947,0.186318,0.698458,-0.206179,-0.370407,-0.62241,0.002477,0.427245,0.056749,0.0169,0.681213,0.773918,-0.431152,-0.344315,-1.0
-0.290582,-0.858228,-0.893691,0.233047,0.752809,0.303764,0.142186,0.278596,0.107802,0.050838,-0.492762,-0.698309,0.463261,0.367288,-0.943544
0.041884,0.137499,-0.580814,0.660339,0.82982,0.914813,0.202672,0.368472,0.101731,0.097771,-0.55329,-0.503738,0.4078,0.292633,-0.994252
0.640916,-0.645603,0.97791,-0.00088,-0.844418,-0.755223,0.081749,0.988811,-0.036875,-0.034782,0.921023,0.035971,-0.54541,-0.117442,-0.896447
-0.279191,-0.344128,-0.028067,-0.661509,0.125632,0.621288,0.726564,0.169262,0.115544,0.491251,0.040435,-0.266502,0.080855,0.467267,-0.98126
-0.562996,-0.523869,0.532449,-0.857404,0.189628,0.575833,0.17406,0.014664,0.078375,0.136824,-0.50417,-0.74738,0.286384,0.430337,-1.0
0.946658,-0.992126,-0.839378,0.016458,0.385656,0.93395,0.977987,0.239343,0.300373,0.793815,0.139162,-0.070668,-0.222823,0.442265,-0.927041
-0.982672,-0.7963,0.303814,-0.406631,0.92324,-0.996776,0.404859,0.646671,0.256039,-0.235628,-0.635701,0.140136,0.525396,-0.113809,-1.0
-0.579157,-0.598252,-0.197705,0.546251,0.059663,0.767142,0.906236,0.000327,0.037458,0.763518,-0.020229,-0.093905,0.266732,0.424842,-1.0
0.980915,-0.397703,0.881275,-0.119513,0.440637,0.108621,0.453578,0.245767,0.361789,0.126756,0.421267,-0.373173,-0.451994,0.314748,-1.0
-0.107329,-0.97375,0.521204,-0.242718,-0.74576,-0.945533,0.140677,0.326248,-0.078636,-0.108531,0.848218,-0.012699,-0.572558,0.074759,-1.0
0.106627,-0.787118,-0.997963,0.644169,-0.557717,0.806938,0.950425,0.632175,-0.400452,0.722382,-0.012444,0.041479,-0.296327,0.499103,-0.891398
-0.605184,0.267245,-0.185275,-0.282349,-0.79281,0.731833,0.969166,0.415358,-0.61227,0.53624,-0.033465,-0.079109,-0.176607,0.470338,-0.962752
0.756744,-0.458216,-0.499756,-0.589532,0.878213,0.476892,0.539191,0.595617,0.428886,0.286312,-0.026661,-0.433921,0.049329,0.475192,-1.0
-0.400479,-0.972003,-0.627847,-0.22186,0.231156,-0.358969,0.375834,0.006949,0.212671,-0.265984,-0.389123,-0.417405,0.313007,0.351202,-0.905589
0.566582,0.16359,0.056266,-0.154223,-0.245902,-0.326457,0.627372,0.158661,-0.317641,-0.420682,0.241472,0.21073,-0.359152,-0.196763,-0.936419
-0.848893,-0.576895,0.640365,0.705493,-0.852711,-0.080403,0.759445,0.531323,-0.467887,-0.021205,-0.066216,-0.223589,0.010809,0.495488,-0.993011
0.76981,-0.680196,0.43896,-0.991754,0.992656,0.06506,0.086883,0.856316,0.044167,0.003476,-0.252698,-0.842258,0.113788,0.434472,-0.960723
0.602408,-0.725174,-0.949214,-0.975692,-0.065743,-0.448222,0.649814,0.710141,-0.180694,-0.435551,0.382243,-0.198834,-0.470798,0.200824,-0.93434
0.693794,-0.332907,0.870835,-0.284941,-0.183681,-0.049699,0.5675,0.275794,-0.489552,-0.113179,0.477843,-0.133549,-0.44547,0.111213,-0.94592
0.497323,-0.7486,-0.235567,0.687299,-0.458453,0.517127,0.867518,0.947626,-0.466503,0.507872,0.136402,-0.162656,-0.330076,0.432788,-0.954213
0.535276,-0.088676,0.85514,-0.135675,-0.95652,-0.152113,0.334053,0.224101,-0.302102,-0.103993,0.670698,0.05239,-0.430068,-0.001172,-1.0
0.64636,-0.116818,-0.538511,-0.098141,0.88719,0.472636,0.417004,0.771419,0.236936,0.061661,-0.192691,-0.552068,0.138511,0.470302,-1.0
0.059402,-0.771277,-0.761046,0.41932,0.71337,0.551691,0.718641,0.482131,0.377622,0.401836,-0.174114,-0.135212,0.17464,0.515927,-1.0
0.263873,0.743077,-0.515965,-0.185697,-0.068071,-0.21937,0.676791,0.990777,-0.164536,-0.457913,0.193238,0.41095,-0.096786,-0.438481,-0.952495
0.226001,0.876052,-0.905603,-0.969635,0.576226,0.04159,0.42532,0.956375,0.323497,0.002583,-0.169239,0.586958,0.332901,-0.435078,-0.894369
-0.797453,-0.764179,-0.798119,-0.89139,-0.509808,0.750114,0.062176,0.094957,-0.050715,-0.020681,-0.11638,-0.928806,0.100506,0.461068,-0.993328
-0.523823,-0.956136,-0.123693,0.302503,0.0664,0.213941,0.510769,0.124551,0.131528,0.36843,-0.137054,-0.515996,0.120018,0.515983,-0.945134
-0.345565,0.384945,-0.650073,0.186383,0.323822,0.338822,0.48753,0.803685,0.275572,0.316766,-0.560198,0.023419,0.526021,-0.029702,-0.952585
0.832108,0.001288,0.507209,0.903139,0.020784,0.156938,0.278307,0.326726,0.046763,0.236346,0.726734,-0.159667,-0.479891,0.001806,-0.944146
0.060546,-0.494066,-0.160912,0.057305,0.541989,0.123191,0.202821,0.083166,0.230131,0.036966,-0.406063,-0.680228,0.186872,0.41886,-1.0
-0.39432,-0.973159,-0.449663,-0.144047,-0.293923,0.528465,0.566355,0.689551,-0.201738,0.416719,-0.060097,-0.421692,0.094478,0.496919,-0.93705
-0.097884,-0.116939,0.153001,-0.686065,0.034141,-0.263141,0.661939,0.122241,0.002116,-0.616346,-0.211011,0.267447,0.331279,-0.358469,-1.0
-0.333313,0.332958,0.036665,0.431584,-0.82139,0.705734,0.174269,0.736845,0.019251,0.102945,0.653604,-0.398703,-0.357069,0.315117,-0.975402
-0.44474,-0.022348,-0.228917,0.620444,-0.925062,-0.447106,0.241503,0.508168,-0.138063,-0.037091,0.476728,0.594242,-0.347719,-0.439873,-0.926378
0.929214,0.953172,-0.035615,0.764576,0.677853,0.923962,0.305688,0.192809,0.105537,0.221812,0.720174,-0.00276,-0.49776,-0.028735,-1.0
0.362512,0.885798,0.30553,-0.996362,0.500758,0.427004,0.464296,0.227424,0.265242,0.177658,-0.06068,0.586723,0.091304,-0.495111,-1.0
0.140579,0.406473,-0.522835,-0.680295,-0.659629,-0.326792,0.938372,0.450268,-0.737508,-0.364634,-0.000375,0.000979,-0.334521,-0.381575,-1.0
-0.361358,0.843889,0.390307,-0.252086,0.531992,-0.580861,0.61034,0.112138,0.253711,-0.411528,-0.177201,0.348622,0.273606,-0.480727,-0.972392
-0.273825,-0.386717,0.621192,0.197317,0.176473,0.39995,0.023308,0.807079,0.021641,-0.011753,-0.475808,-0.905328,0.24372,0.48157,-0.947415
-0.617757,0.256335,0.799678,-0.06062,0.959736,-0.070922,0.058954,0.416609,0.01041,-0.021693,-0.905918,0.140171,0.465828,-0.194794,-1.0
0.229326,0.396633,0.277924,0.953204,-0.135941,0.789899,0.463454,0.760443,-0.041504,0.364384,0.39277,-0.383488,-0.351978,0.280878,-0.985516
-0.555514,-0.055623,-0.66263,-0.953581,0.744676,-0.744274,0.178227,0.367557,0.128972,-0.106286,-0.723614,0.404579,0.521786,-0.218314,-0.978367
0.596788,-0.434571,0.353141,0.584075,-0.163892,-0.90619,0.123357,0.651425,-0.032672,-0.12858,0.642891,0.505367,-0.397783,-0.322614,-0.928687
-0.243567,0.917959,-0.813578,0.059676,-0.41063,0.34925,0.315836,0.573516,-0.157701,0.215451,0.198372,0.68778,-0.126245,-0.560175,-0.895796
0.170505,-0.491687,-0.691296,0.705108,-0.309559,-0.941021,0.037364,0.842777,0.037318,-0.046783,0.641083,0.722355,-0.399555,-0.374967,-1.0
-0.320463,-0.666657,0.878812,-0.778537,-0.286286,-0.670528,0.048622,0.846019,-0.061072,-0.082475,-0.877236,0.08278,0.540545,-0.003101,-0.986928
-0.195885,0.812474,-0.116872,0.586008,0.764376,-0.953828,0.499897,0.708102,0.202445,-0.282797,-0.189377,0.562783,0.27406,-0.334888,-0.910139
0.907385,-0.34378,-0.719731,-0.36952,-0.137642,0.714837,0.148225,0.045318,-0.069385,0.053522,0.617225,-0.548804,-0.359266,0.377024,-1.0
-0.993252,0.523425,-0.295094,-0.645013,-0.665947,-0.890437,0.473291,0.033007,-0.266537,-0.36048,-0.096249,0.474649,0.132562,-0.589617,-0.986852
0.626348,0.404619,0.219968,0.992221,-0.935367,0.930605,0.418411,0.397215,-0.225392,0.199714,0.549733,-0.143466,-0.544005,0.189253,-1.0
-0.342573,-0.491699,0.141149,0.667844,0.293076,0.996048,0.449788,0.779062,0.06941,0.364702,-0.263105,-0.548298,0.138869,0.49563,-1.0
0.026077,0.294699,0.33457,0.742279,-0.403743,-0.41021,0.285295,0.199217,-0.265993,-0.158827,0.256248,0.62562,-0.300369,-0.456528,-0.973142
-0.102511,0.522421,-0.252415,0.670616,0.609008,0.191413,0.943853,0.009224,0.650117,0.164554,-0.057797,0.044593,0.487794,-0.255514,-0.904038
0.633997,0.091381,0.027015,0.154764,-0.063068,-0.684175,0.245404,0.364315,-0.05025,-0.184187,0.494292,0.514372,-0.247525,-0.294434,-0.995069
0.010487,-0.539199,0.949623,0.763076,-0.254428,0.336525,0.106855,0.817194,-0.069046,0.038629,0.276919,-0.922943,-0.12122,0.558253,-0.895397
0.971799,-0.042932,-0.069783,-0.502507,-0.713153,-0.243885,0.446535,0.286989,-0.379159,-0.140635,0.599328,0.004449,-0.490396,-0.087612,-1.0
-0.474379,0.996374,-0.722925,-0.484363,-0.294892,-0.029401,0.966145,0.635467,-0.730388,-0.031524,0.004921,-0.012782,0.1482,-0.46227,-1.0
0.674639,0.4474,-0.382933,0.71898,-0.296683,0.739631,0.489604,0.283735,-0.139259,0.327935,0.470097,-0.113231,-0.519309,0.191198,-0.908451
0.264444,-0.539056,0.376452,-0.7566,0.462597,0.948242,0.559566,0.668718,0.095677,0.401159,-0.119426,-0.321175,0.033552,0.532434,-0.922237
-0.686432,0.951583,-0.694646,-0.508753,-0.608668,-0.061875,0.635079,0.297894,-0.474501,-0.11785,-0.015593,0.355476,-0.040264,-0.4384,-1.0
-0.749335,-0.698357,0.542097,0.431946,0.534036,0.297348,0.841743,0.266318,0.622454,0.438184,-0.121997,-0.081647,0.417239,0.249529,-1.0
0.132415,0.480616,-0.956443,0.82586,0.025608,-0.015845,0.588794,0.901209,0.529198,-0.288224,0.120359,0.392114,-0.178576,-0.538421,-1.0
-0.628729,-0.154678,0.409739,0.58291,0.697813,-0.083542,0.107753,0.199206,0.136037,-0.058754,-0.953196,-0.107986,0.479576,0.091434,-0.903976
-0.841024,0.462511,-0.318407,-0.985697,0.595021,-0.730062,0.736083,0.721859,0.416254,-0.448427,-0.2901,0.119984,0.465073,-0.353951,-1.0
-0.730644,0.265451,0.716302,0.880568,-0.274185,0.045373,0.796202,0.423692,-0.666332,0.127394,-0.132842,0.127008,0.387098,-0.295749,-1.0
0.968662,0.765445,-0.247113,-0.608395,-0.168295,-0.341588,0.007932,0.67363,0.010372,-0.043598,0.720099,0.705203,-0.290713,-0.321263,-0.968559
-0.23955,-0.982586,-0.469498,0.537504,0.784281,-0.595998,0.232668,0.36683,0.053149,-0.079643,-0.686304,-0.33525,0.521352,0.134779,-1.0
-0.293538,-0.132078,0.845965,-0.494426,-0.001832,0.511393,0.469348,0.434285,-0.032763,0.388611,-0.17746,-0.495496,0.179267,0.482196,-1.0
0.816953,-0.684678,-0.244122,-0.224792,-0.23005,0.859533,0.442924,0.4934,-0.121153,0.373741,0.308983,-0.417765,-0.251947,0.409221,-1.0
-0.84342,0.510724,0.132091,0.521527,0.001347,0.523711,0.59396,0.98578,-0.015024,0.533193,-0.381542,-0.095888,0.477484,-0.04121,-0.960902
-0.310012,-0.743174,0.371263,-0.164777,-0.85438,0.070446,0.016667,0.703919,-0.025424,0.002326,0.536953,-0.735053,-0.368256,0.366594,-0.926969
0.808362,-0.140057,0.866895,0.722709,0.6775,-0.68473,0.808696,0.000973,0.491955,-0.526834,-0.00034,0.227041,-0.089334,-0.460263,-1.0
-0.754146,0.722452,-0.820944,0.245666,-0.060093,0.94984,0.700481,0.575555,-0.050007,0.48895,-0.355205,-0.145328,0.433507,0.092473,-0.970375
-0.940196,-0.081071,0.029842,0.479667,0.861917,-0.832387,0.582214,0.135793,0.255663,-0.316765,-0.410634,0.223974,0.375928,-0.162663,-0.912666
-0.568473,0.062394,-0.015586,-0.695259,-0.178033,-0.90022,0.992535,0.379342,-0.094827,-0.760789,-0.099961,0.080658,0.153603,-0.46582,-1.0
0.124188,0.431698,-0.628206,0.88853,-0.064953,0.864884,0.291844,0.344456,-0.095062,0.232678,0.19896,-0.687632,-0.214344,0.420405,-0.933359
-0.839168,0.457601,-0.918722,-0.189246,0.76818,-0.382285,0.823653,0.428494,0.592009,-0.283651,-0.198516,0.157467,0.396559,-0.25817,-0.960913
-0.197266,0.814603,-0.081919,-0.658051,-0.677801,0.378156,0.692586,0.46399,-0.473796,0.240344,0.27549,0.185899,-0.346377,-0.390693,-1.0
0.499418,0.857585,-0.433727,0.075294,-0.956092,0.106909,0.735942,0.068881,-0.580015,0.039504,0.337829,0.110319,-0.493533,-0.246512,-0.933676
-0.285897,-0.571459,0.945423,0.50382,-0.468809,0.582583,0.339866,0.839509,-0.087356,0.232582,0.032057,-0.697127,-0.104795,0.522785,-1.0
-0.059747,-0.802064,0.099505,-0.86354,-0.998796,-0.159554,0.899137,0.853878,-0.696624,-0.122272,0.064243,-0.064892,-0.368234,0.352674,-0.932556
-0.702159,-0.41525,0.948091,-0.781068,-0.486378,0.142614,0.276835,0.176947,-0.23005,0.101102,-0.199657,-0.729582,0.174616,0.466178,-1.0
-0.434106,0.690561,-0.601394,-0.782072,-0.842375,-0.452505,0.882442,0.151958,-0.595335,-0.440283,0.003932,0.026315,-0.206856,-0.467966,-1.0
0.194762,0.369292,0.89108,0.322226,-0.18585,-0.395274,0.903614,0.639554,-0.302915,-0.662086,0.01088,0.179011,-0.273251,-0.527159,-0.931454
0.228599,0.330402,0.985478,-0.435943,-0.057189,0.295715,0.189647,0.655457,-0.029967,0.208437,0.819627,0.13121,-0.454413,-0.148608,-1.0
-0.246459,0.073651,0.840904,-0.611045,-0.748557,0.151689,0.917001,0.428506,-0.721524,0.171432,0.08173,-0.037819,-0.518366,0.159552,-0.949097
0.36233,-0.603412,0.576255,0.406633,0.908736,-0.628657,0.421423,0.913558,0.230024,-0.143684,-0.520543,-0.017863,0.507085,0.033959,-0.979315
0.139641,-0.240528,0.934171,0.826688,-0.224947,0.972695,0.939217,0.096821,-0.160434,0.770465,0.005037,0.005289,-0.141447,0.426209,-0.946476
0.226158,-0.355001,0.00318,-0.826488,0.816893,-0.175974,0.971624,0.564763,0.70147,-0.225513,-0.015769,0.003728,0.409521,0.128939,-1.0
-0.27407,0.692725,0.21826,-0.874546,0.004951,0.864793,0.498281,0.658479,-0.004349,0.511391,-0.416026,-0.400158,0.458171,0.264809,-1.0
0.772844,-0.125965,-0.223493,-0.231325,0.464322,-0.343334,0.993697,0.551727,0.619559,-0.505039,-0.042505,0.007035,-0.349097,-0.236364,-0.850207
0.149575,-0.63539,0.678243,-0.22477,0.077522,0.998789,0.065095,0.622156,0.03343,0.133138,-0.003797,-0.966571,0.013379,0.528885,-1.0
0.536772,-0.78048,-0.992447,0.624746,-0.306391,-0.681783,0.742648,0.925835,-0.260285,-0.562147,0.239935,-0.01539,-0.546307,0.0597,-0.959074
0.170856,0.303691,-0.785949,-0.242266,-0.401124,0.148886,0.362355,0.795378,-0.24746,0.112695,0.656023,0.207096,-0.390493,-0.234519,-1.0
-0.893267,-0.12267,0.411409,0.853621,0.802868,0.380022,0.686547,0.528603,0.552026,0.257706,-0.262702,-0.168258,0.356865,0.131658,-1.0
0.828868,0.777438,-0.201382,0.461354,0.492055,0.584959,0.908217,0.795051,0.416627,0.601695,0.10198,-0.034583,-0.433955,-0.21181,-0.966569
0.922428,-0.053856,-0.636035,0.562591,-0.038826,0.756606,0.376237,0.087974,-0.01197,0.364828,0.475605,-0.453191,-0.369961,0.255117,-1.0
-0.188291,-0.60468,-0.155758,-0.552628,0.403747,-0.6733,0.058271,0.323193,0.058077,-0.071458,-0.941392,0.092837,0.426125,-0.074253,-0.951694
-0.247897,0.020625,-0.692811,-0.285578,0.249336,0.95004,0.599203,0.738268,0.075702,0.380386,-0.23716,-0.370164,0.145423,0.350476,-1.0
-0.105143,0.45177,0.255912,0.958369,0.804533,0.100269,0.053645,0.838708,0.058224,0.102067,-0.893785,0.306358,0.499913,-0.168,-1.0
-0.434634,0.312398,0.26658,0.351871,0.986543,0.498335,0.054497,0.170463,0.044658,0.027312,-1.0,-0.180971,0.575592,-0.067274,-1.0
0.280048,-0.831139,0.446352,-0.177045,-0.188319,0.276509,0.371611,0.415614,-0.160137,0.226165,0.197888,-0.599582,-0.265559,0.361374,-1.0
-0.575196,0.668676,0.337815,-0.850246,0.481216,-0.761603,0.786476,0.855968,0.300406,-0.460809,-0.203499,0.193093,0.234761,-0.48358,-1.0
0.498739,0.06591,-0.475202,0.230268,0.169068,-0.213054,0.540925,0.573934,0.293278,-0.435634,0.464925,0.348014,-0.396561,-0.311076,-0.969198
-0.689917,-0.374659,-0.632973,-0.705525,0.016388,-0.435419,0.87747,0.284313,0.063085,-0.737665,-0.120758,0.011307,0.492398,-0.078926,-1.0
-0.012191,0.463205,-0.483537,-0.044383,-0.712665,0.481391,0.691381,0.729646,-0.430562,0.240931,0.324718,0.050096,-0.517281,-0.007016,-0.983802
-0.298943,-0.254676,-0.80478,-0.818576,0.217601,-0.012143,0.272907,0.25146,0.143795,0.027206,-0.611993,-0.314844,0.473665,0.181902,-0.980977
-0.705432,0.553383,-0.782579,-0.951815,-0.240883,0.107799,0.819374,0.159526,-0.509204,0.258678,-0.12669,0.082084,0.342278,-0.38174,-1.0
0.044878,-0.813164,-0.535629,0.537346,-0.797098,-0.939131,0.031457,0.592442,-0.011014,-0.070418,0.972394,0.156447,-0.444736,-0.048471,-1.0
0.998174,-0.063441,0.510766,0.403214,-0.530251,-0.20242,0.359567,0.925524,-0.250196,-0.149517,0.59271,0.138515,-0.455124,-0.045177,-0.94869
-0.044926,0.656673,-0.349855,0.895711,0.387218,0.707953,0.421186,0.008632,0.18656,0.238837,-0.529804,-0.073916,0.494542,-0.040364,-0.997879
0.897723,-0.605115,-0.852363,-0.992789,0.581721,0.834366,0.449296,0.171936,0.26499,0.29051,0.226568,-0.575898,-0.03644,0.494537,-0.961322
-0.413975,-0.306455,0.800388,0.810829,-0.385392,0.380051,0.679004,0.686822,-0.427617,0.319516,-0.034163,-0.34136,-0.009065,0.559728,-1.0
-0.17574,-0.739195,-0.358573,-0.153126,-0.245959,0.295996,0.912589,0.298752,-0.437101,0.614946,-0.014981,0.010766,0.033586,0.489977,-0.950356
0.66165,0.290733,0.629113,0.158108,-0.293715,-0.44045,0.831968,0.584213,-0.362776,-0.58419,0.16364,0.074216,-0.359049,-0.231728,-1.0
-0.928751,0.402398,0.166718,0.601069,0.190746,0.871772,0.637556,0.530048,0.080315,0.510623,-0.396936,-0.204944,0.408353,0.297414,-1.0
-0.614054,-0.03968,-0.409052,-0.854331,0.367642,0.318513,0.064115,0.347264,-0.041861,-0.083993,-0.893472,-0.246967,0.401197,0.152569,-1.0
-0.967633,-0.61334,-0.872464,0.529059,0.262874,-0.143629,0.752466,0.298929,0.549627,-0.33718,-0.180533,-0.150463,0.478243,0.180016,-1.0
0.468036,-0.466541,-0.982384,0.120549,0.617249,-0.581429,0.682056,0.474589,0.333198,-0.442626,-0.142218,0.072402,0.418261,-0.308789,-0.911669
-0.581322,-0.690401,0.971306,-0.18711,-0.167372,-0.347758,0.028463,0.002918,-0.003025,-0.022312,-0.688806,-0.506015,0.37308,0.336247,-0.949395
0.136586,-0.072292,-0.423969,0.156105,-0.825254,0.942201,0.505858,0.993659,-0.311536,0.273101,0.412612,-0.345964,-0.303296,0.400165,-1.0
0.036598,-0.901309,-0.003985,0.177626,0.572406,-0.893744,0.368953,0.84966,0.238829,-0.200385,-0.678212,0.071428,0.529342,-0.044239,-1.0
0.549165,-0.667604,0.527972,-0.97622,-0.953694,0.676369,0.344263,0.871597,-0.210469,0.12486,0.468319,-0.426174,-0.357517,0.225293,-1.0
0.250173,0.414659,-0.752214,-0.52902,0.092346,-0.799886,0.495397,0.454695,0.084224,-0.481893,0.102032,0.435897,-0.087232,-0.535889,-0.984931
0.620171,0.943562,0.03677,-0.414979,-0.617787,-0.587009,0.686381,0.43849,-0.38108,-0.323593,0.164306,0.274868,-0.330278,-0.354,-1.0
-0.469336,-0.582665,0.94744,-0.6775,0.729982,-0.501221,0.663641,0.976686,0.496062,-0.290559,-0.366288,-0.088445,0.492497,-0.005846,-0.972776
0.44466,0.438248,0.276862,-0.394618,-0.369125,0.817001,0.632546,0.506247,-0.143593,0.421394,0.28152,-0.089663,-0.402229,0.21009,-0.924122
-0.852829,-0.243506,-0.676291,0.115436,0.627542,0.102589,0.630523,0.221842,0.482329,0.125417,-0.268715,-0.068044,0.40813,0.055202,-1.0
-0.320998,-0.213052,-0.166802,0.830309,0.114497,-0.244805,0.398909,0.267812,0.095254,-0.353386,-0.54669,0.02775,0.493597,-0.019376,-1.0
-0.666068,0.044797,0.167659,0.937643,0.942954,0.555225,0.230532,0.807121,0.159739,0.162329,-0.733522,-0.134977,0.407043,0.162577,-0.992539
-0.615247,0.519276,0.59383,0.186735,0.832625,-0.883386,0.698554,0.752701,0.488123,-0.362185,-0.206114,0.216171,0.340083,-0.328558,-1.0
0.993165,-0.448042,-0.018299,0.745808,-0.340413,-0.564546,0.299442,0.356326,-0.184023,-0.196294,0.674631,0.039717,-0.467814,0.018801,-0.973421
0.715478,-0.195999,0.387959,0.284535,-0.709352,-0.109849,0.692597,0.90136,-0.55733,-0.094387,0.17541,-0.055173,-0.440097,0.054991,-0.961587
-0.695093,-0.557094,0.418001,-0.638172,-0.492593,0.194609,0.019648,0.49643,-0.027944,-0.03246,-0.303337,-1.0,0.124294,0.410876,-1.0
0.895838,-0.848958,0.914251,0.49988,0.01444,-0.475525,0.24141,0.768517,0.004807,-0.244397,0.661817,-0.294569,-0.511382,0.217781,-1.0
-0.849916,0.232818,-0.721123,0.298835,0.603247,-0.786439,0.754099,0.695368,0.35388,-0.515349,-0.224326,0.17337,0.439394,-0.260728,-0.987819
-0.233296,-0.246505,-0.17637,-0.896577,0.523692,0.190738,0.55511,0.762607,0.369653,0.194212,-0.419786,-0.317296,0.50874,0.228335,-0.987016
-0.517701,-0.557218,-0.157065,0.883719,-0.454357,-0.19377,0.357726,0.294963,-0.197877,-0.212816,-0.130993,-0.649837,0.067608,0.454389,-0.972672
0.861675,-0.352651,-0.021209,0.601876,0.102993,0.780407,0.963454,0.225693,0.060261,0.775356,0.048997,0.05482,-0.273887,0.336433,-1.0
-0.08764,0.98251,-0.855257,0.001081,-0.132419,0.094874,0.175407,0.2934,-0.131348,0.10472,0.076775,0.863475,-0.023429,-0.404578,-1.0
-0.334133,0.361842,-0.672117,0.031923,0.75317,0.989747,0.675217,0.346975,0.378964,0.412647,-0.31879,-0.071336,0.416482,0.220388,-1.0
0.450468,-0.203118,-0.647351,0.477481,-0.314922,-0.352375,0.038439,0.010324,-0.053055,-0.015876,0.866785,0.183843,-0.418764,-0.044213,-0.924049
-0.801533,0.751719,0.232925,-0.170628,0.683501,0.112346,0.768904,0.708765,0.543501,0.101941,-0.134254,0.137683,0.398445,-0.20668,-0.962906
-0.106303,-0.569749,-0.044614,-0.016476,0.547336,0.593784,0.294581,0.007198,0.115547,0.147315,-0.300079,-0.629723,0.229124,0.507463,-0.978541
-0.100225,-0.234133,-0.00149,0.417589,-0.928808,-0.575311,0.162427,0.912438,-0.160314,-0.027146,0.853628,0.343791,-0.452436,-0.189424,-1.0
-0.075698,-0.922244,-0.082735,-0.366209,0.289971,-0.569366,0.011339,0.824917,-0.055958,-0.048755,-0.663466,-0.766414,0.326652,0.324356,-0.982314
-0.965812,0.665663,-0.468757,-0.478595,0.850586,-0.101492,0.956371,0.846957,0.748518,-0.065789,0.019925,0.052757,0.428951,-0.167651,-0.916528
-0.136107,-0.136531,0.555338,-0.822276,-0.205862,-0.904284,0.550401,0.746954,-0.176272,-0.382982,0.104174,0.468615,0.015315,-0.531654,-1.0
-0.01708,0.247282,-0.3607,0.443848,0.766801,0.772319,0.344089,0.230662,0.208759,0.166575,-0.563997,-0.449714,0.465206,0.317443,-1.0
-0.670985,-0.983354,0.25398,0.627333,-0.213183,-0.440877,0.817988,0.669441,-0.25052,-0.613518,-0.086872,-0.180427,0.358993,0.430052,-1.0
-0.997944,0.280967,0.747578,0.278581,-0.229268,0.236809,0.130229,0.223883,-0.004848,0.06339,-0.891838,-0.000968,0.550867,-0.052983,-0.979108
0.006639,-0.215914,0.13012,-0.954712,0.449432,-0.94608,0.272348,0.302608,0.124373,-0.107385,-0.442846,0.498671,0.236325,-0.444236,-0.941747
-0.593886,-0.646811,-0.630379,0.697955,0.480093,0.497454,0.233282,0.692909,0.150145,0.205107,-0.51839,-0.571938,0.326861,0.389516,-0.956603
-0.035677,-0.584958,0.796726,-0.079921,0.137942,0.154205,0.661985,0.455297,0.381285,0.434776,-0.124213,-0.290746,0.122636,0.517483,-1.0
0.506097,-0.385439,0.35205,0.362588,-0.321929,-0.337988,0.700858,0.776254,-0.445481,-0.438986,0.295221,0.035887,-0.539371,0.073075,-0.965091
0.097879,-0.334197,0.690014,-0.758708,0.496039,-0.079016,0.594145,0.238902,0.50289,0.023815,-0.340273,-0.229692,0.406956,0.221074,-0.984283
-0.587252,0.122406,0.840053,0.458685,-0.142099,-0.66708,0.74006,0.407719,-0.11773,-0.5925,-0.147157,0.217251,0.203914,-0.463678,-1.0
-0.27221,0.216213,-0.577547,-0.37327,-0.474041,0.404766,0.201708,0.601792,-0.042153,0.10808,0.556609,-0.509406,-0.358687,0.321045,-1.0
-0.918741,0.014082,-0.3988,0.8124,0.137915,0.103261,0.003417,0.758504,0.041991,0.038638,-0.952857,-0.114382,0.652976,0.073753,-0.902598
0.593221,-0.251227,-0.100035,0.92334,-0.705737,0.202476,0.842881,0.968749,-0.672376,0.154586,0.074236,0.002055,-0.451512,0.048674,-1.0
-0.623865,0.080296,0.027141,-0.312319,0.209239,0.751766,0.375341,0.277175,0.08399,0.266615,-0.526122,-0.337044,0.415829,0.254847,-1.0
-0.958468,-0.668845,-0.284744,-0.091079,0.852188,-0.174415,0.17526,0.150021,0.116186,-0.017199,-0.772014,-0.255163,0.473733,0.198037,-1.0
-0.330356,0.554709,-0.097235,0.330739,-0.01869,-0.18494,0.376267,0.845639,-0.086446,-0.398419,-0.297249,0.565261,0.202754,-0.393916,-0.924539
-0.24516,-0.480632,-0.366703,0.132181,-0.715299,-0.737024,0.484775,0.397283,-0.208254,-0.294716,0.424745,0.170328,-0.514257,-0.178675,-1.0
0.853787,-0.124758,0.17855,0.153028,0.816694,-0.250712,0.323937,0.640147,0.187671,-0.02271,0.192736,0.701537,-0.189225,-0.564473,-1.0
0.363458,-0.465494,-0.999951,0.187557,0.994673,0.21194,0.784616,0.3541,0.63234,0.094567,-0.069542,-0.082875,0.443322,0.408465,-1.0
0.687552,-0.905053,-0.166966,0.160664,0.232358,0.992951,0.788748,0.555194,0.211167,0.640002,0.104227,-0.119843,-0.143914,0.501857,-1.0
-0.634583,0.355776,-0.35037,-0.580108,-0.867281,0.393239,0.147561,0.381843,-0.150734,0.09101,0.867987,-0.225943,-0.527261,0.070734,-0.892714
-0.18141,-0.601768,0.041988,-0.084686,0.822037,-0.9598,0.632691,0.012247,0.364194,-0.365317,-0.377698,0.171344,0.391016,-0.121423,-0.956417
-0.265066,0.680061,0.225739,-0.887765,-0.807016,-0.257607,0.052145,0.000765,-0.037504,0.015261,0.569983,0.825522,-0.315323,-0.459043,-0.996335
-0.115622,0.36926,-0.329433,-0.151634,-0.227718,-0.125099,0.360236,0.497145,-0.255641,-0.114595,0.104471,0.592779,-0.223987,-0.551111,-1.0
-0.716385,0.678478,-0.308196,-0.752044,0.223854,0.890146,0.235882,0.574496,0.071957,0.221958,-0.709059,-0.105611,0.556157,0.196627,-0.973227
0.537789,-0.10046,0.343969,0.395785,-0.202663,0.840851,0.445089,0.263606,-0.113112,0.378711,0.364683,-0.426443,-0.300426,0.286027,-0.960192
0.045701,-0.564036,-0.549921,-0.096319,-0.445669,-0.89938,0.635521,0.748064,-0.244128,-0.413901,0.179279,0.267652,-0.307454,-0.27068,-1.0
-0.827659,-0.02398,0.83332,-0.236934,-0.577206,0.724409,0.110767,0.259753,-0.069806,-0.01226,-0.325904,-0.840742,0.132955,0.466529,-0.983953
-0.621119,-0.31672,-0.488895,0.303411,-0.374039,0.517877,0.723473,0.044381,-0.373233,0.4509,-0.009635,-0.268213,0.127354,0.487261,-1.0
0.705563,0.655645,-0.918733,-0.571296,0.211258,-0.117868,0.25906,0.266552,0.196093,-0.183562,0.370082,0.651179,-0.272641,-0.435717,-0.978957
0.036649,-0.3366,0.029122,0.420816,-0.15653,-0.326071,0.526615,0.170117,-0.102207,-0.349245,0.504339,-0.050773,-0.459779,0.09839,-0.962258
-0.648681,-0.719939,0.451412,0.320245,-0.579019,-0.337859,0.344102,0.805671,-0.285472,-0.146297,-0.080716,-0.617824,0.077986,0.468231,-0.961734
0.998197,0.272363,-0.529173,-0.706423,0.300535,0.087295,0.951189,0.980363,0.714893,0.229922,0.069949,-0.0098,-0.529105,-0.097452,-0.995135
0.649334,-0.491708,-0.53714,-0.619781,-0.720676,-0.006171,0.643445,0.442155,-0.56566,-0.005326,0.451523,-0.03593,-0.434735,0.161138,-1.0
-0.212943,-0.606334,-0.441669,-0.664399,-0.915763,-0.137604,0.491077,0.137286,-0.359287,-0.076903,0.427074,-0.251677,-0.373946,0.302297,-0.964187
-0.875178,0.308039,-0.30924,0.593497,0.530435,-0.096663,0.041514,0.682985,-0.01356,0.028613,-0.924351,0.265564,0.477825,-0.067707,-1.0
-0.126569,0.361336,-0.789387,-0.178406,-0.663575,-0.580808,0.062457,0.444576,-0.049784,-0.047297,0.499297,0.80274,-0.345303,-0.388556,-1.0
-0.625437,-0.46362,-0.03611,0.121083,0.749908,-0.65135,0.339486,0.111312,0.182721,-0.231967,-0.643442,0.193679,0.467411,-0.109978,-0.97
-0.50783,-0.877545,0.38063,-0.60737,0.930825,-0.903441,0.254587,0.492562,0.0849,-0.156927,-0.748561,-0.036828,0.408658,0.021807,-0.991001
-0.511686,0.79317,-0.114608,0.254595,0.651378,0.736109,0.124041,0.812069,0.076962,0.133335,-0.910145,-0.014881,0.521298,-0.158221,-1.0
0.320072,-0.870157,0.373024,0.121991,-0.605783,-0.143133,0.315465,0.791991,-0.208403,-0.079262,0.643179,-0.333673,-0.382668,0.255851,-1.0
-0.671007,-0.360469,0.004607,0.186256,-0.770285,-0.311588,0.600741,0.113334,-0.503913,-0.183851,0.427914,-0.270755,-0.49322,0.319224,-0.937937
-0.606844,0.239717,0.739201,-0.642231,0.390046,-0.683504,0.832467,0.66565,0.39782,-0.662028,-0.19597,0.163338,0.33703,-0.283411,-0.987929
0.158143,-0.256962,0.850369,0.359716,0.536796,-0.92561,0.639452,0.460918,0.209741,-0.433428,-0.202406,0.377112,0.256303,-0.52427,-0.983641
-0.122449,0.757895,-0.053732,-0.002669,-0.057158,0.072725,0.661022,0.986757,-0.357674,0.518209,-0.132555,0.274499,0.078635,-0.518345,-0.97258
0.253381,0.902621,0.601678,-0.763712,-0.168275,0.864923,0.707589,0.530313,-0.099073,0.457304,0.363871,-0.01647,-0.462351,-0.118568,-1.0
-0.040999,0.443009,0.531848,0.026872,0.396357,0.855167,0.549612,0.748889,0.129278,0.439283,-0.322041,-0.340903,0.29123,0.418111,-1.0
-0.325339,0.085459,-0.288414,-0.945283,0.051688,0.197519,0.719363,0.273043,0.222738,0.461883,-0.304659,-0.058968,0.466568,0.168299,-1.0
-0.71623,-0.285813,0.686333,0.614284,-0.591129,0.948065,0.517518,0.313516,-0.275617,0.38465,0.021242,-0.41708,-0.021614,0.404442,-1.0
-0.056065,-0.641492,0.745873,-0.5581,0.494867,-0.604055,0.778854,0.086225,0.439557,-0.489703,-0.240731,-0.042926,0.506908,0.066021,-0.953206
0.103282,-0.032296,0.732645,0.148681,-0.359525,-0.397965,0.42427,0.386357,-0.158241,-0.24763,0.405014,0.397401,-0.406223,-0.321209,-0.935271
0.131963,-0.64713,0.945253,-0.08707,-0.997997,-0.933196,0.448768,0.049665,-0.265178,-0.173086,0.533859,0.05591,-0.458214,-0.111596,-0.982646
-0.319323,0.056982,0.442651,0.008317,-0.764162,0.341668,0.03223,0.171935,-0.116495,-0.070227,0.833675,-0.525241,-0.395714,0.274223,-1.0
-0.656415,-0.133886,-0.938237,-0.503344,0.798448,-0.250475,0.110844,0.747402,0.12761,-0.06245,-0.944989,0.163999,0.458175,-0.054819,-1.0
-0.199186,0.01079,-0.630825,-0.056164,0.386608,0.101733,0.857505,0.276387,0.724304,0.221176,-0.041823,-0.079978,0.52109,-0.022629,-1.0
0.191983,-0.060466,0.015494,0.038439,-0.834594,-0.54983,0.709697,0.513471,-0.471008,-0.295882,0.262298,0.041717,-0.49036,-0.172798,-0.999421
-0.212371,-0.462629,-0.109709,0.924333,-0.018247,-0.391681,0.315657,0.875123,0.051296,-0.227749,-0.596962,-0.193295,0.506181,0.219165,-1.0
0.274522,0.141284,-0.550884,0.082732,0.705371,-0.73722,0.257366,0.270052,0.063292,-0.147414,-0.252327,0.691163,0.197149,-0.467559,-0.986253
0.524699,-0.589569,-0.937784,-0.602585,0.244946,0.864755,0.572406,0.600404,0.012273,0.325145,0.070778,-0.468141,-0.097445,0.368571,-1.0
0.702294,0.38673,-0.828859,0.855519,0.298337,-0.55173,0.79746,0.708416,0.260887,-0.605398,0.043737,0.208582,-0.151764,-0.513437,-1.0
0.760321,0.191042,-0.146215,0.029403,0.144107,-0.954721,0.55483,0.319714,0.082487,-0.446426,0.238254,0.351374,-0.196145,-0.49051,-0.925279
-0.752612,-0.569603,-0.415416,-0.979691,0.495763,-0.378056,0.489553,0.810198,0.347803,-0.237848,-0.518179,-0.169033,0.522203,0.044878,-1.0
0.787956,0.958702,-0.823737,0.784288,0.058843,0.042142,0.77512,0.273684,0.543779,0.401419,0.126876,0.153825,-0.362398,-0.441776,-0.972605
0.21024,0.333911,-0.580485,-0.166166,0.954866,-0.144992,0.023607,0.552916,0.004841,0.020473,-0.782876,0.585172,0.410022,-0.225845,-1.0
-0.740993,-0.389641,0.062073,-0.913631,0.696489,-0.130394,0.845864,0.893814,0.670884,-0.130972,-0.155779,-0.082659,0.461849,0.079824,-0.958811
-0.850099,-0.571018,0.423658,-0.902537,-0.918014,-0.752765,0.976692,0.693711,-0.666843,-0.46969,0.101501,0.116712,-0.133924,-0.534826,-0.93226
0.813173,-0.762188,0.741258,0.910964,-0.901878,-0.610909,0.37105,0.759325,-0.275701,-0.184072,0.605877,-0.035592,-0.522535,0.095341,-1.0
-0.813279,-0.524706,0.913001,-0.504222,0.76413,-0.85572,0.604114,0.506046,0.378602,-0.374026,-0.38831,0.124524,0.504003,-0.111253,-1.0
-0.330017,0.487412,-0.802802,-0.268663,0.987722,0.580515,0.70538,0.594187,0.469017,0.198554,-0.353326,-0.025495,0.445663,0.001979,-0.993541
-0.575222,-0.154794,-0.319122,-0.691752,0.744697,-0.677825,0.746143,0.032629,0.444335,-0.422125,-0.27797,0.001033,0.399472,-0.140607,-0.927354
0.346143,-0.545387,-0.968369,0.618949,-0.944891,0.379435,0.587668,0.321244,-0.311732,0.185205,0.328686,-0.290837,-0.437566,0.269552,-0.998397
0.380815,0.846408,-0.218834,-0.679254,0.995762,-0.835067,0.814282,0.380941,0.469262,-0.42341,-0.066937,0.19674,0.191877,-0.468594,-1.0
-0.876275,-0.84793,0.029809,-0.294271,0.131375,-0.621153,0.693566,0.808853,-0.002481,-0.605574,-0.24812,-0.149047,0.468132,0.039108,-0.984253
-0.216562,-0.649114,-0.231483,0.430238,0.749893,-0.873761,0.74237,0.64657,0.393483,-0.499192,-0.215399,0.033286,0.492416,-0.077962,-0.955878
-0.583919,0.684226,0.025342,-0.053494,-0.610295,-0.375122,0.969276,0.025227,-0.706999,-0.416425,0.008453,0.048704,0.025714,-0.4731,-1.0
-0.044176,-0.022627,-0.157925,-0.209677,0.063999,0.242745,0.658314,0.939247,0.106825,0.57194,-0.065321,-0.276225,0.244694,0.441983,-1.0
0.444304,0.403982,0.39421,-0.849145,-0.022703,0.872195,0.357467,0.946298,-0.011465,0.318187,0.423642,-0.473228,-0.364617,0.352947,-1.0
-0.796975,0.784331,-0.730462,-0.550751,-0.541343,0.299515,0.137193,0.912488,-0.11779,-0.041671,-0.317132,0.714355,0.201922,-0.448016,-1.0
-0.495848,0.63394,0.485398,0.421143,-0.287016,-0.789042,0.333912,0.78216,-0.12756,-0.208031,-0.095007,0.733459,0.0295,-0.438153,-1.0
0.1433,-0.538194,-0.060313,0.927223,-0.827943,-0.334971,0.986858,0.165222,-0.728884,-0.328871,-0.053769,0.011803,-0.398857,0.062169,-1.0
0.94418,0.21169,-0.276297,-0.18958,-0.157654,0.034678,0.83469,0.010182,-0.594493,0.087847,0.127953,0.059094,-0.429013,-0.076868,-1.0
0.244507,-0.456837,0.746781,0.116549,0.33816,-0.726834,0.909859,0.18523,0.382361,-0.677648,-0.053602,0.105239,0.15494,-0.395471,-0.964187
0.652845,-0.573097,-0.72344,0.999319,0.933199,0.632697,0.349551,0.194568,0.221762,0.11636,-0.205865,-0.621557,0.11819,0.522383,-0.939874
-0.901015,-0.362515,-0.967139,-0.096329,-0.051301,-0.55337,0.124668,0.594779,0.07187,-0.081308,-0.826825,0.175597,0.405953,-0.181514,-0.96175
-0.471017,-0.510137,-0.098788,-0.49285,-0.28406,-0.841594,0.654241,0.391213,-0.102096,-0.498708,-0.189317,0.286896,0.261966,-0.46023,-1.0
0.758473,0.473221,0.650402,-0.033984,-0.250371,0.898976,0.874141,0.650209,-0.164888,0.656293,0.159172,-0.132382,-0.431482,0.168277,-1.0
0.921302,-0.905251,-0.762049,0.435308,0.782784,-0.154484,0.512528,0.163201,0.454555,-0.113392,0.083578,-0.410244,-0.122128,0.410967,-1.0
0.065409,0.241642,-0.327504,0.133151,-0.004019,0.038873,0.105271,0.345388,-0.059667,0.09011,0.333125,0.799644,-0.20683,-0.577624,-0.999149
-0.127331,-0.290387,-0.121179,-0.245821,0.827893,0.003257,0.486945,0.098431,0.428557,-0.03955,-0.496185,-0.117104,0.535009,0.232233,-0.950525
-0.697832,0.381453,0.616391,0.960849,-0.049565,0.453747,0.627578,0.018694,-0.106131,0.46835,-0.397606,0.04229,0.60349,0.112455,-0.974057
-0.660606,-0.794849,-0.011632,-0.280339,-0.612548,-0.86075,0.554262,0.455362,-0.229141,-0.432078,-0.340254,0.384192,0.31148,-0.318808,-0.939247
-0.069046,0.457501,0.038068,-0.979705,-0.863918,0.709415,0.518127,0.682053,-0.308005,0.244479,0.473788,-0.088082,-0.576244,0.076137,-0.979545
0.884025,-0.603972,0.085467,-0.823162,0.069867,0.043091,0.779101,0.424028,0.54911,0.363361,0.197478,-0.1171,-0.382809,0.32125,-1.0
-0.511618,0.551485,0.373091,-0.416989,-0.215297,0.28306,0.811254,0.278171,-0.378187,0.543514,-0.106624,0.15973,0.351278,-0.379979,-1.0
-0.513521,0.963665,-0.629795,0.523468,-0.319777,-0.846489,0.666634,0.25403,-0.251152,-0.486883,-0.089015,0.352641,0.061867,-0.580778,-0.964505
0.175834,-0.547619,0.520149,0.496537,-0.238942,-0.139911,0.801961,0.948885,-0.550212,-0.280336,0.180004,-0.099562,-0.29131,0.317525,-0.978957
-0.971846,-0.277992,-0.143568,-0.980655,-0.632905,-0.380408,0.084662,0.876408,0.000446,0.001973,-0.822551,0.27425,0.440346,-0.19716,-1.0
-0.212192,0.804426,0.866782,0.231047,-0.326516,-0.556522,0.030974,0.95423,-0.10493,-0.04932,0.125216,0.972838,0.011931,-0.498242,-0.997193
-0.356216,0.989051,-0.809823,0.006451,0.152747,0.844811,0.35081,0.667839,-0.00096,0.28049,-0.657412,0.24106,0.441695,-0.157774,-0.946273
-0.829572,0.953154,-0.229932,-0.755753,0.352727,0.250571,0.354252,0.074047,0.192571,0.056255,-0.599403,0.243072,0.470291,-0.255848,-0.980692
-0.57968,0.036532,0.705963,0.286431,-0.151244,0.528291,0.873666,0.274994,-0.174354,0.69515,-0.075923,-0.097472,0.371079,0.411669,-1.0
0.887647,0.455779,-0.609534,-0.638532,-0.300297,-0.301204,0.779439,0.158682,-0.363711,-0.516276,0.25546,0.157447,-0.340698,-0.288795,-1.0
-0.713926,0.476692,0.68709,0.689525,-0.78374,0.216289,0.873703,0.446473,-0.730429,0.26875,0.035017,0.059327,-0.096846,-0.551288,-1.0
-0.908309,-0.96277,-0.179127,0.241589,-0.805007,-0.324954,0.349239,0.660144,-0.338055,-0.166004,-0.086964,-0.692059,0.124595,0.408927,-0.965043
0.652106,-0.747327,0.696,0.517583,0.179901,0.384254,0.854357,0.23041,0.184526,0.705793,0.038307,-0.232486,-0.178321,0.545262,-1.0
-0.120626,0.418118,-0.430237,0.945011,0.589038,-0.490584,0.132513,0.534482,0.114975,-0.054395,-0.584368,0.710692,0.352623,-0.429072,-1.0
-0.259411,-0.483949,-0.317433,0.451737,-0.502376,-0.779988,0.359795,0.156266,-0.089974,-0.267599,0.454498,0.511953,-0.320547,-0.432772,-0.957986
0.676551,-0.029189,-0.965801,-0.747439,0.6635,-0.167552,0.237155,0.423983,0.107187,-0.107992,0.092269,0.748567,0.011175,-0.520839,-1.0
0.031453,-0.991866,-0.528726,0.57256,0.082765,-0.831529,0.130231,0.197474,-0.005506,-0.094472,-0.304742,-0.833527,0.123825,0.454239,-0.939551
-0.651871,-0.595438,0.133125,-0.014981,0.594137,0.000781,0.165,0.069175,0.201135,0.026126,-0.765663,-0.384888,0.469436,0.183348,-1.0
0.97103,0.922895,0.28833,0.280632,0.849156,-0.702916,0.026561,0.94794,-0.001793,0.016388,0.093832,0.966214,0.049937,-0.496816,-1.0
-0.263106,-0.021902,-0.919383,-0.975635,-0.930883,-0.422195,0.712808,0.668597,-0.475082,-0.272973,0.257268,0.139696,-0.50644,-0.25447,-0.984177
-0.522503,-0.508804,0.036881,0.626894,-0.413052,0.694234,0.390153,0.227897,-0.078561,0.282976,0.010817,-0.670547,0.032963,0.42595,-1.0
-0.678426,0.737101,-0.392578,0.931372,-0.499641,-0.777363,0.268282,0.730001,-0.207951,-0.208409,-0.086804,0.581807,0.124372,-0.466439,-0.942072
-0.413106,0.61381,0.624393,-0.339476,0.579187,-0.843855,0.099204,0.255591,0.014263,-0.112654,-0.541044,0.753176,0.287926,-0.343842,-1.0
0.666243,0.683676,0.74151,0.523992,0.517061,-0.637438,0.220912,0.8454,0.060424,-0.214648,0.049352,0.890695,-0.084229,-0.572186,-0.985855
-0.702298,0.62386,0.098423,0.74293,0.589541,0.561732,0.074222,0.165499,0.0994,0.048673,-0.892236,0.002223,0.444849,-0.000881,-0.979488
0.82109,-0.305363,0.043535,0.192455,-0.404468,0.271955,0.059708,0.32372,-0.017645,0.013782,0.813876,-0.397667,-0.417854,0.19078,-0.965878
0.855163,0.408531,-0.934255,-0.031667,-0.270043,0.53989,0.863971,0.90917,-0.398882,0.664343,0.066154,-0.011983,-0.42178,0.114266,-1.0
0.249435,0.524667,0.159428,0.957973,-0.483222,0.916691,0.348327,0.296923,-0.123717,0.238299,0.553115,-0.286751,-0.396654,0.19455,-0.938996
-0.645878,0.025454,0.425439,-0.741204,-0.572886,0.801773,0.404831,0.465971,-0.238942,0.226906,-0.102725,-0.548324,0.125718,0.521243,-0.847205
0.96276,-0.772896,-0.324011,0.326701,-0.188541,0.132406,0.594334,0.671305,-0.422788,0.1993,0.325133,-0.280829,-0.515211,0.250611,-0.936514
-0.965896,0.362127,-0.208337,0.87138,0.528556,0.933264,0.096365,0.280268,0.078132,0.096632,-0.82563,-0.32225,0.410606,0.144763,-1.0
0.046363,-0.961768,-0.051314,-0.337613,-0.91401,0.306413,0.683168,0.986834,-0.423873,0.209637,0.240762,-0.286853,-0.213297,0.335985,-1.0
0.538207,-0.38016,0.200995,-0.099454,-0.982074,-0.476946,0.156158,0.084331,-0.140646,-0.029679,0.881108,0.058119,-0.568848,0.015977,-1.0
-0.639155,-0.775966,-0.658588,-0.165366,0.339006,-0.801415,0.753665,0.293988,0.287192,-0.615817,-0.231006,0.013275,0.51263,-0.034031,-0.975663
0.285528,0.116302,-0.191617,-0.182492,0.197931,0.23241,0.771374,0.311046,0.462692,0.523648,0.136769,-0.126793,-0.332984,0.434444,-0.983411
-0.890629,-0.28291,0.845508,0.643889,0.665788,-0.924796,0.188206,0.242712,0.151033,-0.075543,-0.803743,0.278261,0.420018,-0.193451,-1.0
-0.132086,0.359685,-0.550103,0.051349,-0.547702,-0.867576,0.924621,0.890561,-0.369129,-0.559802,0.016866,0.114319,-0.127951,-0.509156,-0.9651
0.311055,0.011104,0.15898,0.404478,-0.983346,0.784299,0.376492,0.487286,-0.188213,0.167036,0.547218,-0.235485,-0.481911,0.26229,-0.963092
-0.448582,0.472251,0.068749,-0.033772,-0.695087,-0.202781,0.208975,0.493334,-0.15009,0.002239,0.27706,0.666496,-0.127327,-0.398932,-1.0
0.198148,-0.847849,0.909024,-0.67734,-0.25908,-0.687344,0.022228,0.047493,-0.042046,0.04499,0.856613,-0.380277,-0.469668,0.209651,-1.0
-0.591948,0.832715,0.583517,-0.334146,-0.87748,-0.761363,0.172626,0.597126,-0.087875,-0.080059,0.148639,0.915318,-0.028994,-0.52258,-0.976576
-0.841532,0.643037,-0.205136,0.028113,0.139223,0.23075,0.228142,0.844326,0.035243,0.155814,-0.691926,0.385623,0.444074,-0.159136,-1.0
-0.249437,-0.413184,-0.691752,0.50929,0.569299,0.746782,0.756675,0.720839,0.366398,0.48565,-0.119952,-0.125995,0.250311,0.475168,-1.0
-0.118001,-0.048927,-0.271773,0.063751,-0.614788,-0.542706,0.345473,0.579546,-0.176302,-0.172201,0.483373,0.506795,-0.339449,-0.463718,-1.0
-0.787513,-0.976884,-0.104899,0.649376,0.760263,-0.515052,0.563986,0.643004,0.341394,-0.299384,-0.344209,-0.148724,0.487749,0.174062,-0.990516
0.23719,0.827164,-0.526815,-0.22983,-0.191171,-0.283883,0.287613,0.458551,-0.12827,-0.263234,0.241247,0.689633,-0.244109,-0.491693,-1.0
-0.061185,0.043375,0.51393,-0.365806,-0.009375,0.928925,0.767146,0.717533,-0.005132,0.677239,-0.050815,-0.287468,0.116315,0.592459,-1.0
-0.13136,-0.348412,0.288865,0.819278,-0.978053,0.413333,0.964517,0.314584,-0.731786,0.33415,0.074699,-0.064384,-0.363669,0.348482,-0.973981
0.390831,-0.848511,-0.535462,0.425791,-0.59232,0.373232,0.955277,0.757564,-0.561767,0.407617,0.000602,-0.001961,-0.254246,0.496662,-0.952478
0.489713,0.461404,0.95709,0.951136,0.521296,0.141034,0.982817,0.827373,0.697399,0.123362,-0.041408,-0.007567,0.0248,-0.595901,-0.960467
0.101821,0.521287,0.813923,-0.711899,0.093399,0.334236,0.310062,0.319073,0.084643,0.20334,0.099698,0.69483,-0.010519,-0.555694,-0.961973
-0.592704,0.835616,-0.830859,0.025168,-0.718211,-0.404308,0.712302,0.644095,-0.482468,-0.268768,0.126893,0.257295,0.05488,-0.466562,-0.928945
-0.561271,0.592326,-0.118025,-0.960442,0.996871,0.92457,0.482849,0.662395,0.30321,0.325919,-0.538746,-0.073554,0.517041,0.116899,-1.0
-0.172309,-0.658955,-0.545026,0.035314,-0.447321,0.789357,0.772081,0.728342,-0.343293,0.513488,0.019536,-0.220055,-0.140115,0.495954,-0.964707
0.17021,-0.801092,0.003758,0.4668,0.131534,0.934511,0.840851,0.766283,0.09579,0.655251,-0.038704,-0.233768,-0.059039,0.6212,-1.0
-0.26496,0.276047,0.041816,-0.54159,-0.277375,-0.708649,0.519197,0.815419,-0.142391,-0.331371,0.017678,0.469751,0.075439,-0.429892,-1.0
-0.835169,-0.975913,0.880582,0.768458,-0.022022,-0.911415,0.94484,0.291944,-0.070189,-0.781811,-0.070856,-0.053284,0.51049,0.070283,-0.951388
0.581397,0.91541,0.461303,0.505765,-0.270611,-0.980167,0.214543,0.876848,-0.091306,-0.146849,0.371075,0.754199,-0.265092,-0.478847,-0.965988
0.428971,0.698619,0.795115,0.05193,0.985139,0.594549,0.991823,0.571439,0.68876,0.391233,-0.026333,-0.025873,0.568302,-0.036751,-1.0
0.193843,-0.568157,0.486139,0.525354,-0.054791,-0.903139,0.775175,0.587331,-0.031056,-0.718844,0.1212,0.210897,-0.234835,-0.48146,-0.9132
0.955937,-0.581962,0.270987,0.684401,0.619035,-0.729236,0.978592,0.397738,0.615809,-0.612996,0.00622,-0.022204,-0.466835,-0.226402,-1.0
0.395955,0.825857,0.385166,0.5701,-0.687431,0.934343,0.876943,0.940458,-0.380298,0.517845,0.223949,0.015499,-0.396869,0.013998,-0.998947
0.21165,0.777788,-0.520281,0.350899,0.633831,-0.086901,0.409919,0.726633,0.275825,-0.057637,-0.275267,0.587297,0.24538,-0.447072,-1.0
0.697243,0.960799,-0.3429,-0.800924,0.077111,0.077029,0.324202,0.416337,0.155699,0.177054,0.431178,0.574548,-0.235996,-0.431173,-1.0
-0.72012,0.832191,0.064503,-0.806789,-0.013886,0.302123,0.224064,0.21254,-0.035816,0.257839,-0.633356,0.387372,0.307575,-0.319934,-0.924286
-0.58347,-0.769912,0.049618,-0.500719,-0.0788,0.969207,0.834408,0.698172,-0.09075,0.663032,-0.069339,-0.212518,0.063626,0.511538,-0.96885
-0.733965,-0.570626,-0.10524,0.483775,0.029735,-0.302375,0.762598,0.765371,0.044361,-0.536253,-0.247976,-0.03583,0.459063,0.191058,-0.946029
0.233547,0.3762,0.532227,-0.371545,0.453384,-0.567543,0.723774,0.331199,0.289112,-0.5071,-0.112164,0.315169,0.051497,-0.582874,-1.0
-0.00587,-0.988247,0.154863,0.662041,-0.218587,0.902404,0.110261,0.775096,-0.056786,0.052281,0.090716,-0.917277,-0.000752,0.375967,-1.0
-0.209481,0.823007,0.882741,0.126511,0.480951,-0.934513,0.692782,0.354087,0.223953,-0.4293,-0.066852,0.342852,0.188785,-0.419495,-0.953443
0.76812,0.370012,0.628327,0.665606,-0.419179,-0.620121,0.804212,0.117535,-0.301579,-0.524555,0.111213,0.056416,-0.408503,-0.325744,-1.0
-0.373312,-0.597215,-0.384856,0.488541,-0.137138,-0.584829,0.581743,0.789202,-0.152175,-0.471055,-0.392667,0.022377,0.462648,-0.050246,-0.949932
-0.530504,-0.222303,0.391243,0.189906,-0.116944,-0.567548,0.208871,0.987545,-0.031124,-0.265533,-0.590579,0.654149,0.379924,-0.322248,-1.0
0.910675,0.020555,0.053386,-0.460929,-0.454448,0.579209,0.938719,0.162515,-0.50888,0.607891,0.056875,-0.038179,-0.469107,0.201833,-1.0
-0.339629,0.96187,-0.527478,0.72211,-0.706184,-0.969657,0.914141,0.06851,-0.455956,-0.607028,0.00455,0.100299,-0.08826,-0.480593,-1.0
0.955857,0.303201,0.868825,-0.372233,0.491568,-0.864885,0.877849,0.479914,0.331747,-0.604778,0.100255,0.09661,-0.191776,-0.51636,-0.944947
-0.537325,0.526417,0.56071,0.01737,-0.130054,0.639339,0.19225,0.097469,-0.028705,0.135157,-0.888389,-0.241864,0.48765,0.209344,-0.996264
0.95648,0.469035,-0.118319,0.772687,0.58541,0.04285,0.209025,0.365901,0.125035,0.02939,0.563383,0.609645,-0.294502,-0.383704,-1.0
-0.337626,-0.65566,-0.222335,-0.822532,0.972697,-0.638402,0.941174,0.170783,0.706617,-0.377474,-0.061053,-0.008416,0.433462,0.007698,-1.0
-0.765385,0.596023,0.272417,-0.936736,-0.03396,-0.938922,0.854239,0.838261,-0.018321,-0.715048,-0.109397,0.119536,0.142126,-0.52607,-0.964467
-0.979403,0.388511,-0.444773,0.760375,-0.513972,0.167484,0.036544,0.192673,-0.017961,0.045479,-0.860032,0.438688,0.424779,-0.184476,-0.990984
-0.416974,-0.374146,0.352111,0.973143,-0.995089,0.856139,0.305518,0.141358,-0.140657,0.126956,0.355515,-0.636373,-0.246265,0.444247,-0.899885
0.979994,-0.507331,-0.755301,-0.76001,-0.625657,-0.638108,0.060702,0.472367,-0.105378,-0.032633,0.987092,0.099327,-0.562138,-0.026872,-0.949568
-0.059874,-0.631229,-0.201906,-0.952706,-0.811405,0.565071,0.168861,0.03593,-0.089031,0.040764,0.459252,-0.633986,-0.235051,0.369347,-0.986858
0.261366,0.262474,-0.431414,0.489093,0.938352,-0.370829,0.739895,0.05835,0.45491,-0.272101,-0.226607,0.142423,0.348507,-0.282957,-0.93065
-0.308117,-0.340255,0.874144,0.374295,0.994232,0.850339,0.4111,0.576848,0.281424,0.159236,-0.441193,-0.404669,0.299008,0.255203,-1.0
0.924762,0.083327,0.283816,-0.856597,0.988518,-0.171707,0.871606,0.975179,0.734841,-0.126345,-0.062909,0.052784,0.020722,-0.496468,-0.941549
-0.650523,0.127571,0.725408,0.063141,-0.797501,-0.64723,0.527837,0.651888,-0.357963,-0.197829,0.01875,0.51348,-0.135782,-0.574595,-1.0
0.8868,-0.813889,0.030956,-0.276883,-0.912203,-0.524626,0.075628,0.471694,-0.046958,-0.073377,0.910044,-0.14179,-0.508356,0.070548,-1.0
-0.050288,0.632986,-0.251184,0.455613,-0.927405,-0.645923,0.049351,0.227983,-0.074846,-0.107662,0.586773,0.723545,-0.28304,-0.447786,-0.975502
-0.727638,-0.709086,0.800954,0.3124,0.591621,0.095853,0.031742,0.756301,0.046292,-0.008252,-0.831474,-0.492387,0.476185,0.295265,-1.0
-0.950735,0.750305,0.057228,0.848994,-0.134913,-0.662608,0.016153,0.414947,0.012281,-0.054639,-0.611002,0.905008,0.248082,-0.495179,-1.0
0.444622,0.983847,-0.546282,-0.697391,0.303315,-0.151661,0.012654,0.923032,0.04821,-0.031653,0.070072,0.989877,-0.079611,-0.546391,-0.966154
0.484543,0.879546,0.554644,0.004527,0.634049,0.722987,0.018364,0.197764,-0.018728,-0.002779,-0.67081,0.713797,0.332358,-0.326475,-1.0
0.075249,0.405573,-0.899755,-0.824624,0.771932,0.394347,0.424347,0.070878,0.288767,0.183833,-0.578546,0.001708,0.417259,-0.030803,-1.0
-0.229792,0.898969,-0.690712,-0.718481,-0.023679,0.568964,0.853046,0.756348,0.008518,0.78584,-0.046614,0.18368,0.192429,-0.467571,-0.995694
0.38433,-0.872858,-0.530434,0.178285,-0.08003,0.906617,0.461036,0.021957,-0.057894,0.28306,0.156411,-0.53797,-0.13989,0.428074,-0.943819
0.637589,0.334863,-0.223422,-0.044947,-0.348544,-0.555409,0.136043,0.137033,-0.05805,-0.046558,0.61859,0.544615,-0.359076,-0.388804,-1.0
-0.412833,-0.129411,0.252787,0.984903,-0.757295,0.127131,0.796631,0.734564,-0.543815,0.013713,0.252965,-0.064784,-0.44387,0.411015,-0.990204
-0.538897,-0.701172,-0.927784,0.739789,0.550237,0.540828,0.078961,0.832964,0.046292,0.018712,-0.48757,-0.750383,0.329092,0.37033,-0.957835
0.017616,0.184053,-0.892301,-0.94852,0.292503,-0.645127,0.961131,0.560625,0.282359,-0.649605,0.100648,0.028265,0.223904,-0.510579,-1.0
-0.49586,0.867131,-0.477641,0.526992,-0.408562,-0.13067,0.032518,0.634943,-0.07899,-0.058417,-0.019095,0.999955,0.037803,-0.402572,-0.967958
0.220388,0.038752,-0.77038,-0.883148,0.846295,-0.011931,0.55287,0.742532,0.42591,0.021895,-0.509548,0.047007,0.566312,-0.021835,-0.96712
0.717753,0.941631,0.411267,0.523971,0.011115,0.158984,0.298804,0.347756,0.022194,0.236532,0.476363,0.557271,-0.31578,-0.328559,-1.0
0.956081,-0.745674,0.472903,-0.665181,-0.49177,-0.902872,0.673008,0.32206,-0.137462,-0.511526,0.317363,0.158154,-0.514946,-0.019125,-0.920916
0.373904,0.694498,-0.705484,0.479491,0.178242,0.401496,0.805254,0.684517,0.325954,0.614978,0.134727,0.089155,-0.230055,-0.40955,-0.936043
-0.47073,0.301292,0.43903,-0.841143,-0.05816,0.945611,0.968523,0.110009,-0.063366,0.819154,-0.000935,-0.020699,0.311299,0.42431,-0.997647
0.869419,-0.977942,-0.256249,-0.540013,-0.714753,-0.132658,0.982625,0.994226,-0.804002,-0.156591,0.01351,0.046347,-0.464267,0.200428,-0.975462
0.812986,0.881948,-0.769337,0.446786,0.647424,-0.955097,0.528183,0.175599,0.189128,-0.225286,0.080434,0.450549,-0.001532,-0.53283,-0.921878
0.122306,-0.041496,0.336458,0.114189,0.83131,0.687539,0.608831,0.331957,0.286232,0.372386,-0.278429,-0.289858,0.351166,0.374003,-1.0
-0.866328,-0.372597,0.837794,0.765604,0.709802,-0.154756,0.473258,0.219609,0.275521,-0.073954,-0.537022,-0.153633,0.526989,0.087253,-1.0
0.497171,-0.703092,-0.238984,0.359272,0.630836,0.03602,0.886404,0.438058,0.743016,0.067224,-0.029352,-0.027052,0.163521,0.517045,-0.987818
0.518534,0.998386,-0.855442,0.04764,-0.39571,0.198027,0.121321,0.565591,-0.190752,0.013075,0.630046,0.551752,-0.323886,-0.273307,-1.0
0.366196,0.624736,0.504433,-0.298949,-0.974074,-0.905993,0.949562,0.18346,-0.508812,-0.486279,0.000624,0.043703,-0.352964,-0.395803,-1.0
0.927517,-0.260845,-0.569847,-0.750169,0.606988,-0.453972,0.682134,0.121768,0.350775,-0.268884,0.378561,0.126696,-0.437467,-0.197566,-0.966944
-0.90619,-0.448315,-0.998604,-0.398261,0.496419,0.83221,0.596254,0.825687,0.261955,0.372911,-0.291213,-0.302593,0.442633,0.414917,-1.0
0.987052,-0.32479,-0.217726,0.885649,-0.159461,0.146216,0.469509,0.900967,-0.279083,0.26291,0.585325,-0.125226,-0.566392,0.150792,-0.978515
-0.623216,-0.057206,-0.51867,-0.432222,0.328164,-0.183558,0.076369,0.318287,0.004851,0.032887,-0.913145,0.167296,0.497223,-0.209308,-0.959324
0.172803,0.845892,-0.72923,-0.778441,0.785607,-0.728543,0.699111,0.472976,0.369755,-0.38423,-0.141273,0.333024,0.209954,-0.497562,-0.930695
-0.489519,0.696855,0.357341,-0.178629,0.087218,-0.836121,0.307452,0.525933,-0.018223,-0.268943,-0.283011,0.683332,0.152117,-0.506022,-1.0
0.892531,0.448882,0.450688,0.727291,-0.204659,-0.976421,0.947027,0.136143,-0.113445,-0.693695,0.009078,0.111871,-0.238948,-0.374423,-1.0
0.671271,0.054991,-0.208748,-0.630283,-0.824645,0.065952,0.406284,0.126856,-0.307886,0.009063,0.612082,0.01569,-0.462649,0.09814,-0.978457
0.903271,-0.471964,0.632815,0.534986,0.015382,0.806955,0.800966,0.772774,-0.018984,0.593814,-0.019874,-0.120058,-0.2944,0.475237,-1.0
0.715635,0.607741,-0.360794,0.897731,0.229643,0.75071,0.361851,0.830772,0.049598,0.288896,0.641271,-0.250945,-0.547587,0.08603,-0.99791
-0.892144,-0.575532,-0.413175,-0.297516,-0.779196,-0.776556,0.255195,0.831443,-0.080599,-0.085626,-0.344726,0.574675,0.230117,-0.370699,-1.0
-0.975695,-0.202675,-0.357377,0.781554,-0.142538,-0.570555,0.495715,0.735116,-0.081688,-0.405541,-0.548661,0.215419,0.525009,-0.156309,-1.0
0.751667,-0.66207,0.208485,-0.640081,0.012711,-0.220894,0.088624,0.582337,0.021546,-0.074088,0.781937,-0.458982,-0.367387,0.191421,-1.0
-0.502463,-0.96688,0.71576,-0.317134,-0.074248,-0.689942,0.346433,0.951734,-0.052938,-0.308607,-0.559851,-0.375158,0.347256,0.228587,-0.947094
0.224186,-0.133815,-0.95596,-0.893049,-0.994001,0.124171,0.575342,0.232039,-0.569526,0.06807,0.463354,-0.034777,-0.558537,0.135449,-0.97576
-0.550307,-0.117198,-0.75424,-0.572599,0.514285,0.6462,0.654009,0.563129,0.274825,0.393213,-0.301719,-0.254219,0.347662,0.348047,-0.998998
0.502846,-0.09944,0.850858,0.962299,-0.318107,0.712689,0.197557,0.932199,-0.067807,0.167139,0.5585,-0.661547,-0.393009,0.353032,-1.0
0.119317,0.590424,-0.328043,-0.766264,-0.358908,0.693563,0.516176,0.909382,-0.255936,0.307877,0.446559,-0.051559,-0.514575,0.128994,-0.982059
-0.877261,0.821664,0.939128,0.828212,-0.441676,0.836105,0.89419,0.600453,-0.400253,0.664171,-0.09559,0.049774,0.517772,0.134883,-1.0
-0.803711,0.095154,-0.058826,-0.008214,-0.375413,-0.73224,0.402578,0.004356,-0.243677,-0.271386,-0.295314,0.575367,0.10866,-0.473627,-0.998804
-0.97459,0.747934,0.042619,-0.098144,0.338896,0.646858,0.446502,0.826175,0.083327,0.200546,-0.498879,0.137768,0.514273,-0.058418,-1.0
0.758841,-0.051006,-0.034103,-0.216694,0.152462,-0.523622,0.019671,0.227557,0.02596,0.045577,0.733999,0.662836,-0.382905,-0.371197,-1.0
-0.978333,0.681044,0.389376,0.767165,-0.884571,-0.2416,0.330625,0.231773,-0.229528,-0.066149,-0.057632,0.580254,0.05208,-0.529128,-1.0
-0.593855,-0.860893,-0.898225,0.435879,-0.147085,-0.663784,0.523391,0.864601,-0.142724,-0.406361,-0.410114,-0.14452,0.392737,0.198104,-1.0
-0.795875,0.470619,0.1119,0.916894,0.145475,-0.525541,0.644537,0.036685,0.104422,-0.496512,-0.25762,0.350113,0.40994,-0.389966,-0.999438
-0.679585,0.619547,0.571058,0.746752,-0.76617,0.114371,0.64162,0.919936,-0.559511,0.065443,0.052989,0.387616,-0.07381,-0.448945,-1.0
-0.694508,0.072437,-0.803743,0.85311,0.203399,-0.120047,0.876871,0.015996,0.52227,-0.379815,-0.134703,0.009028,0.538842,-0.195934,-0.991119
0.815483,0.695073,-0.707817,-0.63787,-0.853843,-0.420196,0.75684,0.010805,-0.571328,-0.218021,0.180941,0.017502,-0.441515,-0.261357,-1.0
0.076697,-0.147503,-0.977077,-0.644838,-0.034411,-0.715032,0.449554,0.537272,0.034046,-0.312846,0.120634,0.559442,-0.146184,-0.504827,-0.9907
0.988376,-0.528289,0.230175,0.42679,0.062219,0.221872,0.705318,0.270356,0.225638,0.51031,0.159586,-0.102446,-0.409429,0.300244,-1.0
-0.704953,-0.239856,0.257974,0.449485,-0.767027,0.341236,0.340718,0.636454,-0.277144,0.155362,0.034818,-0.62504,-0.134166,0.653858,-1.0
0.556401,-0.663302,0.855192,0.557873,-0.517468,0.880042,0.975835,0.902674,-0.440089,0.645296,-0.021139,-0.028113,-0.216491,0.397527,-1.0
-0.727048,0.0514,-0.441712,0.89355,0.605933,0.179988,0.982955,0.275912,0.856586,0.247631,-0.035124,-0.026419,0.408662,0.039018,-1.0
-0.74697,0.659679,0.128258,-0.488914,0.821349,-0.113074,0.189911,0.551158,0.142467,0.000199,-0.843994,0.337683,0.482046,-0.195897,-0.900121
0.015517,-0.936227,0.522966,0.409398,0.968341,-0.378887,0.367178,0.730156,0.270186,-0.113363,-0.527697,-0.34525,0.536164,0.237135,-0.99726
-0.849413,-0.322469,-0.613492,0.118369,0.671655,0.871521,0.019584,0.06609,-0.030423,0.005258,-0.731016,-0.584156,0.398865,0.298136,-1.0
0.502342,0.760896,-0.236717,-0.754077,-0.847541,0.278844,0.359945,0.812395,-0.28751,0.091806,0.606419,0.176671,-0.478229,-0.139628,-0.942148
-0.46593,-0.719427,-0.959576,0.824595,-0.493536,-0.124725,0.054939,0.828216,-0.071896,0.005317,0.010213,-0.996628,-0.048993,0.446386,-1.0
0.199269,0.819905,-0.864177,-0.416088,0.117598,0.469154,0.924134,0.98788,0.21267,0.753198,-0.038256,0.105736,-0.120142,-0.58423,-1.0
-0.114905,0.448129,0.356401,0.580322,-0.375545,-0.289512,0.711624,0.033945,-0.386041,-0.324615,0.097733,0.295383,-0.206319,-0.426283,-0.972007
-0.712776,-0.813054,-0.189601,-0.425316,0.562906,0.796972,0.057149,0.095202,0.012071,-0.100736,-0.637293,-0.75684,0.40783,0.37236,-1.0
0.710752,-0.165819,-0.23118,-0.067093,0.111024,-0.980682,0.995049,0.212823,0.07219,-0.7512,-0.023384,-0.091794,-0.217488,-0.424776,-1.0
-0.005124,0.648644,-0.250716,0.376537,0.962754,0.77156,0.846935,0.063914,0.506246,0.411459,-0.083598,-0.00669,0.453412,0.029929,-0.960728
0.764188,0.225102,0.47509,-0.609492,0.290333,0.635947,0.648465,0.446732,0.235275,0.426916,0.357365,-0.209213,-0.401484,0.320833,-0.970014
-0.916543,-0.503156,-0.999396,0.83122,-0.517655,0.369101,0.069925,0.032058,-0.115867,0.009279,-0.384359,-0.935655,0.192352,0.380591,-1.0
0.261174,-0.03514,-0.1815,0.171952,0.452182,-0.081647,0.765215,0.924122,0.654415,-0.136461,-0.31414,0.106088,0.418088,-0.146993,-1.0
-0.315538,0.164436,0.208193,0.556292,-0.685706,-0.900514,0.776051,0.895842,-0.366102,-0.577634,0.12009,0.107752,-0.101309,-0.352226,-1.0
-0.175514,-0.684103,0.917619,0.001773,0.390872,0.558377,0.487316,0.247764,0.204318,0.275404,-0.227972,-0.395158,0.281965,0.433421,-1.0
-0.275259,-0.587278,0.432204,0.670474,-0.712579,-0.932219,0.770517,0.366721,-0.351035,-0.558077,0.178612,0.164765,-0.435003,-0.297321,-0.955296
-0.174978,-0.800223,-0.329067,-0.375658,-0.012895,0.691753,0.710719,0.456454,0.073396,0.637073,0.082861,-0.40011,0.176925,0.466734,-0.977169
-0.341506,-0.496759,-0.904972,-0.322591,0.393481,-0.961655,0.736478,0.321311,0.16968,-0.472228,-0.243938,0.133514,0.434341,-0.250469,-1.0
-0.705457,0.069763,-0.837016,0.686957,0.626371,0.245605,0.914983,0.419005,0.663635,0.22821,-0.018287,0.043397,0.508462,0.10562,-0.907098
-0.293292,0.617862,-0.241349,-0.797581,-0.857409,0.685481,0.004556,0.252,0.016755,0.030204,1.0,-0.135639,-0.497475,-0.043603,-0.997489
0.577142,-0.261457,-0.947485,-0.717143,-0.585133,-0.52344,0.910566,0.671932,-0.564137,-0.52282,0.058613,-0.03678,-0.557241,-0.107753,-0.960804
-0.013641,0.480222,-0.287942,0.37555,-0.034668,-0.411191,0.226774,0.946193,-0.092206,-0.143143,-0.014559,0.788922,0.033988,-0.537666,-1.0
-0.946555,0.761967,-0.030144,0.650219,0.29856,0.912364,0.972456,0.189753,0.228922,0.72908,0.011265,0.026725,0.497004,0.158699,-0.969982
0.80532,-0.842881,-0.057276,0.013222,0.335684,-0.939259,0.299262,0.062394,-0.01125,-0.233372,0.55411,0.132069,-0.517486,-0.100359,-1.0
-0.188195,-0.095197,-0.197739,-0.968596,0.611958,0.344111,0.880564,0.503464,0.643383,0.43381,-0.167639,0.01715,0.403577,0.203773,-0.976884
0.5959,0.32926,-0.564396,0.321447,0.536825,0.664153,0.784436,0.869937,0.414683,0.442191,0.010251,-0.202525,-0.059257,0.52813,-1.0
-0.94445,-0.085646,0.730723,-0.706454,0.194823,0.180963,0.8289,0.718943,0.60299,0.398147,-0.122123,-0.015128,0.368695,0.119566,-0.979746
0.332871,-0.346911,-0.062844,-0.665172,-0.429571,-0.352558,0.404009,0.870984,-0.177546,-0.265999,0.598561,0.040281,-0.434322,0.000791,-0.940313
-0.484417,0.159266,-0.85145,-0.215204,0.280648,0.684983,0.748788,0.5847,0.203558,0.488903,-0.250452,-0.135053,0.487651,0.233897,-0.923651
0.011064,-0.977884,-0.740219,0.07716,-0.05095,0.079158,0.432249,0.26244,-0.176106,0.3143,0.099867,-0.458606,-0.03047,0.493042,-0.988587
0.627371,0.901341,0.398887,0.660161,-0.712179,0.182871,0.602595,0.49053,-0.492916,0.283062,0.348921,0.175899,-0.424173,-0.272205,-0.910754
-0.568751,-0.220662,0.462831,-0.194625,0.62298,0.483045,0.112932,0.680106,-0.00269,0.079833,-0.727261,-0.42902,0.521641,0.255104,-0.999317
-0.435936,-0.019607,-0.099072,-0.055026,0.988482,-0.608118,0.747463,0.405046,0.461156,-0.329995,-0.176456,0.088458,0.379558,-0.258309,-1.0
-0.649032,-0.094552,0.674149,-0.36354,0.857693,-0.246662,0.642011,0.875436,0.462587,-0.223388,-0.321538,0.000525,0.45137,-0.122224,-1.0
0.976326,-0.235531,0.015901,0.0832,0.936947,-0.056401,0.326846,0.040939,0.242201,-0.025089,0.150349,-0.755887,-0.074376,0.440097,-1.0
0.831404,0.742175,-0.396655,0.455057,0.34977,-0.369367,0.619255,0.137842,0.407545,-0.443689,0.091983,0.372178,-0.140556,-0.503321,-1.0
0.30989,0.578086,-0.241521,0.438799,-0.339017,-0.663578,0.343173,0.855502,-0.116224,-0.21655,0.323576,0.518105,-0.259978,-0.449762,-1.0
-0.618439,0.297832,0.051932,0.776741,-0.152859,0.956039,0.894148,0.170226,-0.051676,0.71156,-0.055037,-0.00338,0.355946,0.38087,-1.0
-0.054829,0.605703,-0.462968,-0.837136,-0.075416,0.139358,0.883236,0.697603,-0.332838,0.612143,0.047271,0.080889,-0.046413,-0.469017,-1.0
-0.187364,-0.926123,-0.646142,-0.805886,-0.262193,0.93395,0.655628,0.23516,-0.120332,0.529094,0.061991,-0.284676,-0.036342,0.546265,-0.891658
0.261589,0.713981,0.205843,0.325726,-0.867491,-0.68309,0.48,0.282193,-0.32366,-0.170203,0.261181,0.360499,-0.389103,-0.428316,-1.0
0.564615,-0.422437,-0.18551,-0.205348,0.966,-0.922119,0.249743,0.93304,0.130032,-0.099979,-0.390825,0.580486,0.245788,-0.354521,-1.0
-0.147463,-0.081812,0.550024,0.759505,-0.794982,-0.59153,0.358139,0.325215,-0.245582,-0.081752,0.49871,0.386231,-0.414895,-0.31744,-1.0
-0.820312,-0.262194,0.580159,0.123028,0.657514,-0.311295,0.239464,0.485184,0.18093,-0.072819,-0.77342,0.101929,0.472593,-0.090721,-0.971748
0.850872,0.029713,0.227788,-0.698367,0.251251,-0.217053,0.35652,0.050431,0.234764,-0.158953,0.579382,0.216378,-0.476029,-0.192179,-0.956782
-0.416652,-0.876015,0.962583,0.569734,0.855244,-0.142513,0.643005,0.714757,0.469922,-0.170354,-0.32084,-0.138635,0.379246,0.180747,-1.0
-0.091702,-0.149262,-0.705601,-0.431791,0.229158,-0.572997,0.249371,0.560797,0.050484,-0.296623,-0.465775,0.534622,0.265239,-0.478704,-1.0
0.306885,-0.514,0.902443,-0.601971,-0.639401,0.367808,0.936325,0.722314,-0.714663,0.334802,0.016603,-0.016063,-0.334254,0.411638,-1.0
0.953755,0.425371,-0.116843,-0.095895,0.663817,0.279684,0.288314,0.7231,0.229865,0.119439,0.767066,0.347881,-0.469308,-0.179185,-0.95858
0.760304,0.265967,-0.028556,0.292857,0.083131,0.664372,0.997806,0.193796,0.181829,0.877423,0.006917,-0.024209,-0.431809,0.204282,-1.0
0.013685,0.018495,0.627367,-0.615972,0.038441,-0.190849,0.627051,0.695499,0.057753,-0.510804,-0.022721,0.392421,0.066128,-0.530091,-0.993968
0.010069,0.59949,0.622651,0.411767,0.567608,0.757444,0.37424,0.791451,0.210066,0.324599,-0.509162,-0.138961,0.50016,0.163402,-1.0
-0.894813,0.654815,-0.322569,0.495638,-0.449652,0.530022,0.019378,0.202216,0.010587,0.088417,-0.986225,0.301321,0.517561,-0.173102,-1.0
-0.671895,0.989272,0.619155,-0.522685,0.776869,0.676486,0.470693,0.897948,0.269507,0.272555,-0.517094,0.200491,0.510322,-0.036749,-1.0
-0.963045,-0.21449,0.675604,-0.168323,-0.175218,-0.926451,0.902299,0.571198,-0.085616,-0.686572,-0.125157,0.081675,0.295391,-0.289892,-1.0
-0.62085,0.686462,-0.791492,-0.981409,-0.151993,0.590409,0.472148,0.881255,-0.07523,0.345656,-0.556396,0.07338,0.49741,-0.185376,-1.0
0.533469,-0.970739,0.720897,-0.920544,-0.423874,0.457042,0.263636,0.462567,-0.181552,0.107002,0.411795,-0.596768,-0.273137,0.401969,-1.0
-0.052187,0.745632,-0.830476,0.855113,-0.405714,0.461232,0.568615,0.599902,-0.275895,0.305237,0.425995,0.303994,-0.283099,-0.203667,-1.0
-0.711474,-0.368144,-0.155463,-0.334752,0.938295,0.152996,0.874762,0.970316,0.631917,0.155779,-0.14486,-0.083466,0.491158,0.114566,-0.97117
-0.618647,-0.041615,0.248769,-0.003839,0.504393,-0.583834,0.209011,0.585998,0.045607,-0.155361,-0.639192,0.469347,0.400851,-0.203696,-0.960612
-0.595658,-0.915974,-0.581283,-0.981997,-0.587503,-0.196846,0.93361,0.450222,-0.762926,-0.303071,-0.001631,-0.114256,-0.070124,0.57925,-0.952977
0.478059,0.490165,-0.342652,0.665202,-0.167569,-0.166795,0.612372,0.419035,-0.359692,-0.33059,0.280545,0.246852,-0.340361,-0.276788,-1.0
0.613377,0.090129,0.132126,-0.347715,-0.964026,-0.643824,0.124648,0.243943,-0.123961,-0.119953,0.7573,0.4613,-0.448309,-0.217995,-0.976054
-0.615581,-0.742421,-0.789576,-0.775624,0.152134,-0.353704,0.864268,0.342252,0.303549,-0.636451,-0.136177,-0.022409,0.483817,0.308173,-1.0
-0.797762,-0.221421,0.199563,-0.801734,-0.079113,0.611793,0.642037,0.943738,-0.126758,0.560119,-0.320279,-0.347597,0.451344,0.380786,-0.93648
-0.614336,-0.83486,-0.755534,0.294931,-0.303286,0.061432,0.9876,0.482659,-0.804973,0.242079,0.03216,-0.059005,0.231582,0.479939,-0.953496
-0.205035,0.526048,0.269709,-0.624227,0.77657,-0.207708,0.764269,0.73694,0.533847,-0.125083,-0.202265,0.177599,0.470595,-0.261417,-1.0
0.851535,-0.300137,0.471037,0.426985,0.261927,-0.004523,0.670653,0.26213,0.531068,-0.0087,0.351134,-0.111375,-0.412695,0.242665,-1.0
-0.216071,-0.899726,-0.689153,-0.537916,0.242065,0.098273,0.684256,0.775469,0.477425,0.318818,-0.099441,-0.234387,0.228933,0.512072,-0.97937
0.295688,0.815669,-0.125738,-0.309894,0.036513,-0.445565,0.795186,0.059316,0.061491,-0.737244,0.005546,0.168216,-0.088488,-0.545435,-1.0
-0.049264,-0.956525,-0.157868,0.750806,0.322046,0.04119,0.797403,0.864829,0.655645,0.150729,-0.144761,-0.209606,0.176839,0.457059,-0.915949
0.069531,0.912494,-0.932765,-0.926656,-0.937098,-0.863329,0.479779,0.503061,-0.340126,-0.249367,0.172306,0.423234,-0.23009,-0.448356,-1.0
-0.785346,-0.527805,0.781893,0.492463,-0.508079,0.216489,0.534697,0.417877,-0.379003,0.070261,-0.210079,-0.515731,0.231816,0.477589,-0.931219
0.686949,-0.692298,0.821727,-0.338923,-0.490339,-0.821682,0.895568,0.521591,-0.338608,-0.647514,0.097593,-0.058558,-0.517827,-0.055231,-0.924254
-0.126534,-0.748506,0.77054,0.11315,0.366257,-0.35371,0.4971,0.05531,0.302737,-0.238255,-0.389408,-0.231684,0.368389,0.270102,-1.0
-0.283174,0.59069,-0.23129,-0.780332,-0.603789,-0.837191,0.653897,0.214001,-0.276743,-0.42234,0.134596,0.386621,-0.121494,-0.436516,-1.0
0.852015,0.589447,0.859602,-0.012102,0.566353,0.211715,0.320315,0.792506,0.257398,0.094035,0.351441,0.470297,-0.346291,-0.347167,-1.0
-0.216244,-0.339747,0.886444,-0.486985,0.34821,0.78859,0.863347,0.886935,0.263499,0.66761,0.04327,-0.091424,0.179927,0.456396,-1.0
0.345033,0.816142,0.902945,-0.672491,0.464774,0.779835,0.513837,0.887087,0.21953,0.346819,-0.486047,0.120441,0.4884,-0.166797,-0.954447
0.172974,-0.737226,-0.953799,-0.339669,0.215572,-0.522666,0.19246,0.67691,0.082244,-0.23376,-0.133477,-0.818834,0.124706,0.439758,-1.0
-0.755787,-0.877621,-0.78233,-0.771118,-0.173152,0.84379,0.885653,0.4751,-0.135759,0.660452,-0.059484,-0.190687,0.218442,0.462581,-0.977428
-0.653072,-0.146847,-0.382845,0.402291,0.143006,0.240219,0.341995,0.516688,0.215534,0.274374,-0.628973,-0.237557,0.453541,0.262881,-1.0
0.056447,-0.75964,0.496006,-0.440728,-0.838758,-0.133693,0.900118,0.634663,-0.704929,-0.111971,0.090439,-0.001992,-0.444128,0.298165,-0.96446
0.047962,-0.268875,-0.776254,0.272709,-0.547445,0.47101,0.883052,0.763987,-0.483376,0.518282,0.04735,-0.02864,-0.370171,0.466593,-0.960946
-0.534011,0.344594,-0.56555,-0.302277,-0.216245,0.055008,0.56227,0.42843,-0.485066,0.134569,-0.298428,0.322271,0.323065,-0.320409,-0.990724
0.92101,0.57677,0.563224,-0.655822,0.706468,-0.262206,0.7754,0.988893,0.597131,-0.253742,0.015491,0.279133,-0.125602,-0.479376,-1.0
0.484708,-0.11628,-0.357791,0.181478,-0.470725,0.495196,0.125339,0.624142,-0.111134,0.096122,0.751094,-0.431618,-0.406026,0.344913,-0.904306
0.944165,-0.13883,0.124135,-0.650441,-0.109111,0.951508,0.301659,0.208015,-0.109884,0.180666,0.394965,-0.447569,-0.327175,0.420314,-0.969553
0.06181,0.778317,0.148333,-0.066615,0.180295,0.462817,0.321147,0.794813,0.094317,0.222245,-0.328978,0.745806,0.142397,-0.531606,-1.0
-0.181605,0.174043,-0.225494,0.446451,0.481225,0.480273,0.677721,0.634891,0.446924,0.351613,-0.297876,-0.130689,0.430404,0.311779,-0.996908
0.908178,0.605057,0.349671,-0.659353,-0.517998,-0.025496,0.248596,0.429196,-0.153828,0.005859,0.672727,0.29394,-0.447234,-0.199056,-0.956029
-0.867745,-0.822667,0.299207,-0.304247,0.843939,-0.150983,0.701115,0.679343,0.551688,-0.06522,-0.303629,-0.153707,0.422178,0.323659,-0.929905
-0.414693,0.387428,0.063182,0.418249,0.905922,-0.155547,0.43659,0.246406,0.355431,-0.162208,-0.531493,0.21308,0.488401,-0.198551,-0.953475
-0.807513,-0.599749,-0.312372,-0.186424,0.871953,-0.966726,0.390627,0.493268,0.20022,-0.240166,-0.594926,0.128869,0.428439,0.00501,-0.99053
0.700459,0.728928,0.303155,0.210632,0.017472,0.233029,0.408915,0.804837,0.055633,0.256545,0.547605,0.332024,-0.410812,-0.299384,-0.908663
0.697674,0.062816,0.913731,-0.187685,0.072094,-0.317552,0.831637,0.908103,0.051605,-0.613978,0.154513,0.13543,-0.433592,-0.256638,-0.984763
0.511213,-0.99909,-0.153223,0.184315,-0.641346,0.609817,0.30234,0.233575,-0.132536,0.105443,0.386957,-0.570727,-0.336279,0.446458,-0.963664
-0.639085,0.93427,-0.101156,0.22083,0.001469,-0.317713,0.947633,0.896184,0.024218,-0.73357,-0.03789,0.026318,0.217883,-0.486747,-1.0
-0.458978,-0.761486,0.293367,0.233138,0.830417,0.11332,0.226274,0.381209,0.13993,-0.07862,-0.670011,-0.459806,0.386635,0.25463,-1.0
-0.660964,0.999485,0.321423,-0.145031,-0.256196,0.933066,0.012485,0.185923,0.02384,-0.041463,-0.891518,0.127547,0.473358,-0.067927,-0.988476
-0.091045,-0.182091,0.643094,-0.570209,-0.181419,0.870258,0.522158,0.709412,-0.204698,0.355556,0.087067,-0.480506,-0.067393,0.479416,-0.982358
0.879395,-0.542378,0.186877,0.81537,0.615528,-0.663813,0.110988,0.092007,0.08007,-0.164649,0.829878,0.343748,-0.494574,-0.141025,-0.925401
-0.681592,0.563972,0.48861,0.130204,-0.505635,0.424078,0.678798,0.861353,-0.413474,0.336964,-0.167199,0.214406,0.454257,-0.379682,-0.985581
0.487681,0.504492,0.858228,-0.953857,-0.969153,-0.869376,0.016118,0.322401,-0.066268,-0.051082,0.71562,0.754062,-0.344157,-0.333638,-0.946182
-0.979809,-0.743512,-0.646526,-0.065155,0.227874,0.661314,0.735146,0.992,0.17638,0.572034,-0.234002,-0.089959,0.370481,0.395437,-0.970982
0.516036,0.274466,0.651274,0.646666,-0.396937,0.089321,0.023961,0.930474,-0.068578,0.022941,0.990418,0.264773,-0.510464,-0.069797,-0.958504
-0.170367,0.606048,-0.330164,0.445508,-0.855881,-0.190061,0.063601,0.832245,-0.019589,-0.002234,0.655343,0.723427,-0.436061,-0.36823,-1.0
0.728021,-0.165801,0.850437,-0.950491,0.332181,0.419163,0.107925,0.577906,0.039243,0.071282,0.536822,-0.744784,-0.216649,0.415209,-1.0
0.229981,0.513433,0.675116,0.276112,-0.920935,0.859901,0.138348,0.185251,-0.027722,0.057555,0.958014,-0.297387,-0.424812,0.112332,-0.947868
-0.290222,0.643922,-0.274579,-0.45081,-0.546496,0.109649,0.408649,0.39778,-0.307205,-0.007658,0.223567,0.584767,-0.243848,-0.355584,-0.967371
-0.282258,0.279869,0.07807,-0.937574,-0.327164,-0.044725,0.353388,0.045125,-0.285518,-0.16061,0.152459,0.715025,-0.095772,-0.544462,-0.921669
-0.478524,0.196251,-0.636585,0.236787,-0.204193,-0.309224,0.884843,0.134583,-0.358552,-0.59249,-0.060614,0.051386,0.206831,-0.457173,-0.936098
0.419234,0.030713,-0.039137,-0.721486,-0.781605,-0.20405,0.765373,0.920536,-0.613807,-0.159722,0.227767,0.110074,-0.53305,-0.0909,-0.960258
-0.318503,0.385097,0.340574,-0.312236,0.279144,0.816641,0.319844,0.003024,0.036106,0.271614,-0.613464,-0.415675,0.325093,0.323153,-1.0
-0.49,0.923678,-0.14639,-0.69326,0.36988,-0.128209,0.114545,0.049023,0.135921,0.093063,-0.559778,0.809821,0.312754,-0.417737,-1.0
-0.320225,0.412493,-0.51048,0.75045,-0.271534,0.399078,0.704011,0.733548,-0.340573,0.504267,-0.296928,0.024649,0.509513,-0.199677,-0.998614
-0.398596,0.474435,-0.477237,0.525561,-0.480551,-0.230245,0.491969,0.531306,-0.374241,-0.192411,0.094334,0.418535,0.007247,-0.431988,-0.985446
-0.108318,0.086464,0.848817,-0.97653,-0.230169,-0.726391,0.472676,0.010319,-0.099956,-0.408736,0.041555,0.552853,-0.118743,-0.397537,-1.0
-0.429907,0.225848,-0.286966,0.999457,-0.85306,-0.765705,0.754104,0.565039,-0.486353,-0.361924,0.032835,0.307885,-0.213743,-0.434181,-0.984319
-0.509738,0.391398,-0.397659,-0.36694,0.912066,-0.361789,0.58342,0.027879,0.477466,-0.250842,-0.372685,0.250544,0.39728,-0.308548,-0.880943
0.513148,-0.361484,0.675437,0.9782,-0.334925,0.35582,0.256305,0.286473,-0.108236,0.188671,0.563188,-0.487073,-0.301299,0.323351,-1.0
0.403035,0.80444,0.746006,0.65805,-0.698428,0.159496,0.306559,0.657339,-0.237021,0.141475,0.577236,0.303258,-0.418161,-0.176856,-0.98219
0.959152,-0.233654,0.993116,0.381199,0.143413,-0.324264,0.301787,0.976887,0.054244,-0.253093,0.725834,0.05877,-0.595803,-0.09846,-0.983299
-0.938733,-0.61853,-0.376377,0.540474,0.232312,-0.403653,0.767477,0.624243,0.263511,-0.516021,-0.265114,-0.012677,0.536129,0.091665,-0.94651
0.02017,-0.580327,0.790366,0.25633,0.6854,-0.426457,0.829331,0.923197,0.588003,-0.297411,-0.156982,-0.022615,0.466761,0.075531,-0.990733
0.736264,-0.077203,0.567872,-0.035503,0.550433,-0.113521,0.393618,0.391656,0.250614,-0.099905,0.624504,0.092725,-0.52339,-0.056785,-0.92884
0.856413,0.996684,-0.841521,0.203267,-0.589131,-0.834796,0.915109,0.94622,-0.394249,-0.564079,0.025414,-0.013424,-0.356564,-0.384732,-1.0
-0.564658,0.686852,0.74774,0.064536,-0.981319,0.216111,0.724573,0.225982,-0.583408,0.146984,0.246497,0.341393,-0.408443,-0.424425,-0.985996
-0.036734,-0.761214,0.652383,-0.513213,-0.27191,-0.683003,0.885236,0.140126,-0.312571,-0.613076,0.150474,-0.057703,-0.446581,0.129542,-1.0
-0.610167,0.108948,-0.981127,0.450506,0.311991,-0.988405,0.049132,0.832997,0.078772,-0.040381,-0.672533,0.774308,0.23618,-0.408047,-0.96049
-0.383427,-0.002621,0.742921,-0.357822,0.923542,-0.065783,0.569887,0.135794,0.505178,0.062155,-0.480772,0.0589,0.557165,-0.046641,-0.966673
-0.156627,0.114298,-0.045037,0.42949,0.911895,0.413683,0.578289,0.777291,0.418906,0.174608,-0.315013,-0.152234,0.494697,0.117512,-0.938098
-0.199964,-0.387474,-0.685345,0.519875,0.473775,0.757723,0.962092,0.342008,0.519653,0.62895,-0.048042,-0.10145,0.264163,0.408807,-0.963348
0.604957,-0.100305,0.745064,0.868848,-0.663885,-0.671784,0.187655,0.710816,-0.111868,-0.081769,0.755734,0.415466,-0.393389,-0.174658,-0.996918
-0.50156,-0.427575,0.756496,-0.686287,-0.412495,-0.182361,0.754015,0.32675,-0.518511,-0.272687,-0.047396,-0.154882,0.170465,0.442174,-1.0
-0.820372,-0.813152,0.986973,0.607759,-0.622033,-0.974148,0.756247,0.539485,-0.254688,-0.533922,-0.125766,0.090507,0.417815,-0.355428,-0.950618
0.256527,-0.700981,0.038311,0.65726,0.402989,0.57834,0.465181,0.550975,0.170107,0.295998,-0.044985,-0.518884,0.034921,0.52871,-0.90164
0.200375,-0.34954,0.547172,0.459235,-0.408122,0.76607,0.351874,0.540519,-0.091254,0.319959,0.317509,-0.532258,-0.236144,0.475426,-1.0
-0.689627,-0.946321,0.104564,-0.581759,-0.363678,0.481722,0.643816,0.985458,-0.29105,0.445074,-0.065483,-0.428266,0.111716,0.374602,-1.0
-0.698908,0.626666,0.574428,0.427999,0.434229,0.420952,0.184419,0.913881,0.181178,0.205159,-0.780495,0.124361,0.452883,-0.101659,-1.0
0.863191,-0.322323,-0.993533,-0.115436,0.283876,0.407031,0.091334,0.575781,0.033764,-0.030964,0.538391,-0.704982,-0.280587,0.439046,-1.0
-0.655004,-0.913483,0.329751,-0.359985,0.764504,0.57809,0.226405,0.050085,0.15889,0.069077,-0.620085,-0.572636,0.285722,0.50385,-1.0
-0.534162,-0.19003,-0.236839,0.141776,-0.234833,-0.482045,0.116545,0.383559,-0.043026,-0.009626,-0.58521,0.576981,0.424786,-0.374347,-0.969275
-0.302704,0.212678,-0.717876,-0.72135,-0.470212,0.678564,0.531868,0.049571,-0.240388,0.357025,0.209242,-0.406243,-0.175068,0.549266,-1.0
-0.915964,0.608772,-0.328839,0.396937,0.979128,-0.009015,0.06817,0.229552,0.084904,-0.072991,-0.877742,0.280598,0.470174,-0.204124,-0.926251
-0.971735,-0.733018,0.838449,-0.235852,-0.541508,0.047315,0.05737,0.956225,-0.013708,0.02383,-0.479068,-0.809501,0.23066,0.4753,-1.0
-0.512865,0.295756,-0.038139,0.636528,0.968487,-0.168272,0.510475,0.359781,0.335362,-0.102105,-0.44825,0.079357,0.448927,-0.114462,-0.966559
-0.298303,-0.744809,0.774177,-0.392029,-0.832687,0.217014,0.876375,0.46283,-0.679618,0.12493,0.09394,-0.137021,-0.253493,0.461696,-0.955406
0.040129,0.333644,0.766301,0.965097,-0.633425,0.322947,0.537313,0.323301,-0.320155,0.126672,0.488446,0.073287,-0.604964,-0.008427,-0.996215
0.777192,0.082118,0.134942,-0.154471,0.934597,0.485169,0.913392,0.096539,0.591586,0.329983,-0.012978,-0.085165,0.189584,0.478388,-1.0
-0.949595,-0.54771,-0.943669,-0.59001,-0.163629,0.370227,0.210816,0.998421,-0.102182,0.234437,-0.530805,-0.634358,0.214504,0.394836,-0.861008
0.31182,-0.009083,0.8607,0.85289,-0.615149,0.536205,0.736264,0.959866,-0.470804,0.370976,0.172507,-0.118805,-0.417284,0.304964,-0.916671
0.739084,-0.96246,0.958729,0.564197,0.57667,0.26164,0.309194,0.405058,0.265466,0.110501,0.054152,-0.629558,-0.063745,0.509798,-0.920176
-0.879353,0.042656,-0.556157,0.278373,-0.586767,-0.104093,0.62745,0.046856,-0.558071,-0.049966,-0.311645,0.19008,0.451062,-0.238966,-0.986514
0.777817,-0.115792,0.813046,0.28975,0.918746,-0.059408,0.359216,0.045727,0.268559,-0.054272,-0.575933,-0.261169,0.431276,0.133625,-1.0
-0.168682,0.906747,0.96748,-0.19547,0.993874,-0.080942,0.191737,0.14691,0.153828,0.001517,-0.602127,0.522723,0.284908,-0.272494,-0.961375
-0.066534,0.67628,-0.841219,0.060467,-0.005621,-0.094053,0.418167,0.869961,-0.00871,-0.301495,0.027842,0.503388,0.09913,-0.429319,-0.932659
0.208173,0.912904,0.317414,0.328638,0.403881,0.620353,0.616514,0.626011,0.322288,0.286093,-0.178987,0.284756,0.391872,-0.412665,-1.0
0.539534,0.068613,0.157084,-0.073856,0.703062,0.889078,0.882011,0.662172,0.325135,0.488894,-0.049841,-0.063425,0.152551,0.526675,-0.9656
0.744253,0.961877,0.906901,0.592853,-0.813782,0.853624,0.627789,0.246328,-0.303718,0.27501,0.363821,-0.039665,-0.517589,-0.103981,-0.985153
0.023591,-0.072824,0.402222,0.406792,-0.441787,-0.776398,0.227833,0.967301,-0.081989,-0.141694,0.432433,0.6759,-0.379752,-0.330875,-0.978917
-0.209713,-0.977357,0.202986,-0.350988,-0.040388,0.565617,0.945704,0.90253,-0.016584,0.783934,-0.039419,-0.018569,0.096027,0.449929,-0.908922
0.4887,-0.003025,-0.377382,-0.696623,0.329392,-0.25293,0.296356,0.975397,0.250698,-0.12425,0.401949,0.633534,-0.208183,-0.514552,-0.960039
0.961336,0.690471,-0.558204,-0.359718,0.440687,0.163838,0.450195,0.82687,0.269051,0.116026,0.415651,0.447537,-0.425216,-0.311959,-1.0
0.138898,-0.903516,0.596935,-0.185411,0.817347,-0.423475,0.094948,0.195125,0.065101,-0.031226,-0.721982,-0.499383,0.364895,0.164549,-0.945379
0.150508,-0.508352,-0.403272,0.99868,0.859235,0.911046,0.039215,0.998693,0.002649,-0.039086,-0.505497,-0.979095,0.27835,0.433494,-0.975044
0.299289,0.074015,0.241861,0.778116,-0.306287,-0.264855,0.158339,0.069432,-0.076275,-0.046113,0.73003,0.40979,-0.467796,-0.260538,-1.0
0.786373,-0.098015,-0.074852,0.706078,-0.648489,-0.701991,0.372774,0.506514,-0.242072,-0.212358,0.608698,0.227572,-0.431147,-0.180129,-1.0
0.541614,-0.429329,-0.194349,-0.911279,-0.744173,-0.536383,0.427563,0.136043,-0.28288,-0.128555,0.602637,0.007836,-0.511515,-0.016885,-0.924863
0.502172,0.301617,0.656589,0.873297,0.260524,0.522582,0.148176,0.935811,0.134548,0.028598,0.601779,-0.532727,-0.398945,0.342143,-0.963891
-0.471981,-0.794289,-0.119373,-0.43946,-0.024423,-0.24396,0.033851,0.883471,0.029133,0.062412,-0.655586,-0.767807,0.247709,0.428153,-1.0
-0.209843,-0.569076,0.36992,0.040044,-0.062603,0.029013,0.696695,0.426489,-0.551589,0.230124,-0.052072,-0.312478,0.120285,0.42631,-0.976538
-0.150068,0.250461,0.103796,0.786851,-0.369973,0.475396,0.46877,0.201564,-0.219135,0.349393,0.36054,-0.389147,-0.365153,0.361448,-0.916104
-0.70159,-0.775279,-0.047908,0.78234,0.276079,0.607726,0.994952,0.403624,0.353295,0.626363,0.049502,0.021334,0.302328,0.429766,-1.0
-0.314467,0.715879,0.624016,0.953603,-0.021848,-0.746854,0.526518,0.50642,-0.00017,-0.403585,-0.047066,0.474166,0.130509,-0.560366,-1.0
-0.252187,-0.342301,-0.794797,-0.648565,-0.715603,-0.48119,0.653043,0.190625,-0.400679,-0.278571,0.250019,0.055333,-0.543162,-0.118386,-0.986269
0.302063,0.604052,-0.46432,0.994575,0.207819,0.229336,0.90771,0.951566,0.475135,0.588926,0.012175,0.106024,-0.186016,-0.466339,-1.0
0.568122,0.528577,-0.743698,0.655677,0.054937,-0.843474,0.164136,0.658383,-0.039126,-0.181426,0.279131,0.805345,-0.169778,-0.483191,-1.0
-0.094935,-0.420466,0.419043,-0.068774,-0.405654,0.187581,0.759547,0.396298,-0.549333,0.266619,0.056529,-0.307521,-0.183557,0.442842,-0.973593
-0.181036,0.85091,-0.770526,0.816556,0.11121,0.695198,0.806394,0.638691,0.056868,0.611605,-0.170097,0.225645,0.551377,-0.296416,-1.0
0.2628,-0.766105,-0.734455,-0.254262,0.653866,0.863545,0.60136,0.1587,0.304159,0.335843,-0.100563,-0.376483,0.115383,0.433164,-0.963189
0.629369,-0.356204,0.735059,0.658151,-0.000707,0.211238,0.8913,0.540672,-0.073975,0.73114,0.048659,-0.056008,-0.373077,0.35975,-1.0
0.412402,0.613186,-0.044172,-0.996016,0.293335,0.737901,0.099881,0.298961,0.064314,0.059255,0.590114,-0.611617,-0.316173,0.426134,-0.958556
-0.046248,0.56427,-0.228576,0.796807,0.749027,-0.167833,0.626712,0.280446,0.455234,-0.100134,-0.343106,0.234849,0.39034,-0.366324,-1.0
0.919861,0.050495,0.232106,-0.148262,0.06242,0.784926,0.963439,0.679029,0.079519,0.84905,0.009505,-0.036919,-0.321973,0.310708,-1.0
-0.387772,-0.539543,0.081554,0.861083,0.362336,-0.009459,0.601117,0.713514,0.445289,-0.016894,-0.366133,-0.278695,0.432299,0.24822,-0.984352
-0.09587,-0.454568,0.967483,-0.576819,-0.918523,0.960694,0.626577,0.318215,-0.375679,0.283942,0.216955,-0.310627,-0.254653,0.447135,-1.0
0.181488,-0.79192,-0.636759,-0.496543,0.497995,0.363701,0.593259,0.052336,0.41446,0.285046,-0.101541,-0.386277,0.183096,0.477469,-1.0
0.63445,0.355594,0.331998,0.824753,0.704095,-0.218251,0.671753,0.336458,0.53447,-0.13696,-0.014931,0.334203,0.104901,-0.507939,-0.928016
0.806545,-0.619479,0.329204,-0.230831,-0.115979,-0.560755,0.994525,0.478165,-0.114545,-0.772068,0.061043,0.079336,-0.459486,0.0294,-1.0
0.67992,0.38086,0.687124,-0.421626,-0.541683,0.152006,0.84111,0.884376,-0.541682,0.134321,0.161876,0.102849,-0.454062,-0.020618,-1.0
-0.23536,0.926506,-0.747809,-0.538951,0.331198,-0.514871,0.836296,0.722953,0.258461,-0.660544,-0.167033,0.179088,0.263377,-0.479644,-1.0
-0.176442,-0.679935,0.229182,-0.048538,0.296178,-0.989639,0.122895,0.350447,0.010144,-0.077702,-0.776383,0.497615,0.456634,-0.262952,-1.0
-0.871662,-0.031476,-0.04544,0.010502,-0.991375,0.526062,0.38308,0.757581,-0.202533,0.055873,0.010375,-0.528509,-0.157951,0.465388,-1.0
-0.756739,0.968606,0.086145,-0.165954,0.914996,-0.885082,0.924482,0.623856,0.589114,-0.505973,-0.02475,0.082409,0.338913,-0.364229,-1.0
0.760743,0.487255,0.027087,0.670214,-0.596617,0.840251,0.711492,0.492184,-0.307739,0.411262,0.195061,-0.225917,-0.498302,0.251027,-1.0
0.512801,-0.954469,0.742785,0.704723,0.500701,-0.912003,0.358211,0.50615,0.159048,-0.229724,0.154063,-0.608948,-0.108376,0.476762,-1.0
-0.022979,-0.536295,0.533958,-0.929511,0.524757,0.276828,0.33094,0.616065,0.212699,0.140932,-0.444298,-0.59693,0.304849,0.386997,-1.0
0.975152,0.259493,0.472302,-0.03821,-0.764001,0.069414,0.483718,0.457532,-0.356558,0.048071,0.420977,0.058979,-0.560443,-0.00775,-1.0
-0.79324,-0.533553,-0.083812,0.251341,0.836296,0.181774,0.307563,0.812827,0.260096,0.054804,-0.601328,-0.209121,0.663535,0.21944,-0.944704
0.059228,0.252845,0.090266,0.570727,-0.450682,0.675331,0.69114,0.877611,-0.307321,0.448723,0.232341,-0.227365,-0.356785,0.291533,-1.0
-0.312997,0.21164,-0.269949,0.291806,0.859501,0.656888,0.888858,0.403234,0.60818,0.403327,-0.047898,-0.052961,0.488566,0.125054,-0.90804
-0.475256,0.259166,0.669863,0.367655,0.155993,-0.278703,0.040728,0.621619,0.013543,0.01405,-0.663166,0.644885,0.469122,-0.378007,-0.994313
-0.393583,0.131596,0.943579,-0.088736,0.795427,0.937592,0.783981,0.081967,0.436262,0.500444,-0.095581,-0.058186,0.413662,0.302502,-0.898907
-0.059807,0.292305,0.333498,-0.689268,-0.22018,0.952545,0.825795,0.04038,-0.099333,0.605432,0.01329,-0.125589,-0.123838,0.393795,-0.964995
0.420411,-0.01043,0.930801,0.487888,-0.072324,0.011498,0.404054,0.6963,-0.274752,0.022315,0.596258,0.050933,-0.534966,0.017385,-0.952952
0.877749,-0.371947,-0.457915,0.800933,-0.829368,0.421316,0.556181,0.84613,-0.453809,0.29086,0.315017,-0.247852,-0.410444,0.140386,-0.8972
0.004971,-0.494498,0.424049,0.595233,-0.469288,0.569297,0.857901,0.665372,-0.428832,0.516561,0.130692,-0.094233,-0.193488,0.439766,-1.0
0.748533,-0.683026,0.518234,-0.709807,-0.768208,0.544066,0.522455,0.322374,-0.26078,0.157937,0.377206,-0.298168,-0.380979,0.312622,-0.970288
-0.128342,-0.819472,-0.745178,0.542823,0.272194,0.285317,0.063422,0.430433,0.0495,0.113379,-0.29777,-0.909513,0.190113,0.414272,-0.993065
0.24894,0.443197,0.125695,0.424458,-0.655379,-0.417626,0.126146,0.117099,-0.092586,-0.000484,0.680982,0.655337,-0.394073,-0.357006,-1.0
-0.512513,-0.67016,0.437018,-0.92225,-0.434816,-0.469192,0.885882,0.096821,-0.584767,-0.42664,0.014095,-0.12775,0.097958,0.449419,-0.983227
-0.670699,0.325284,-0.865807,0.793324,-0.141089,-0.45152,0.328786,0.339202,0.002603,-0.182229,-0.494414,0.687328,0.343857,-0.397857,-1.0
-0.964904,-0.679751,0.802034,0.485224,-0.510114,-0.91201,0.363326,0.411423,-0.20086,-0.261506,-0.53893,0.240279,0.527532,-0.208511,-1.0
0.954045,-0.116219,-0.12386,-0.358013,-0.912342,-0.749157,0.887746,0.406664,-0.457213,-0.364596,0.130752,0.048562,-0.492947,-0.131069,-0.904588
0.652356,0.792297,0.127676,0.566221,-0.769397,0.294953,0.429844,0.211479,-0.324944,0.029758,0.5016,0.23344,-0.55733,-0.212283,-0.965949
0.529549,-0.266192,0.072396,0.344839,0.387796,0.7109,0.731933,0.767125,0.30309,0.556001,-0.053301,-0.168679,-0.068175,0.510394,-1.0
0.864159,0.155777,-0.385769,-0.149495,0.93666,-0.696267,0.301337,0.830599,0.198359,-0.132392,0.041062,0.736725,-0.042807,-0.440466,-1.0
0.580407,-0.053784,-0.345045,-0.758322,-0.551176,0.934668,0.972698,0.990763,-0.466078,0.750755,-0.035363,-0.033879,-0.410869,0.295223,-1.0
-0.733,-0.528875,-0.379174,0.540049,-0.394125,0.614332,0.761164,0.804926,-0.270712,0.548382,-0.025822,-0.19091,0.16339,0.446584,-0.988172
0.911915,-0.257612,-0.987901,-0.725577,-0.119197,-0.957735,0.759333,0.134419,-0.064769,-0.550197,0.224462,0.135781,-0.460742,-0.234335,-1.0
-0.803096,-0.829529,-0.776754,0.613892,0.353291,-0.770589,0.914324,0.899238,0.320021,-0.664926,-0.093427,0.009764,0.474994,-0.009268,-0.999087
-0.673011,-0.293009,0.629519,-0.329039,0.905146,0.700791,0.474224,0.932073,0.32108,0.280708,-0.462226,-0.254034,0.446688,0.328208,-0.93327
0.432809,0.13369,-0.891918,-0.520521,-0.574466,-0.222743,0.15882,0.208454,-0.112427,0.037919,0.814515,0.339934,-0.477897,-0.125378,-1.0
-0.503093,0.510705,-0.489518,-0.628793,0.136956,-0.940723,0.39665,0.342575,0.055373,-0.323928,-0.248359,0.498457,0.253087,-0.487651,-1.0
0.489805,-0.602716,0.171073,0.055153,-0.938393,-0.251952,0.614985,0.449791,-0.420385,-0.10882,0.398931,-0.187688,-0.440797,0.121892,-1.0
-0.045271,0.380137,-0.904498,0.632859,0.245485,0.24377,0.504846,0.999214,0.24844,0.218167,-0.487594,0.128903,0.451818,-0.186033,-1.0
0.404862,0.180984,-0.174246,-0.412208,0.648643,0.161716,0.493963,0.785639,0.296765,0.010547,-0.551422,0.031455,0.412089,-0.040679,-0.974325
-0.055864,0.013356,-0.196759,0.503495,0.681263,0.48878,0.594217,0.536402,0.424069,0.247857,-0.288052,-0.254761,0.448253,0.336002,-0.976592
0.356419,0.686891,0.484122,-0.389598,-0.130439,-0.631562,0.636722,0.360509,-0.215771,-0.426616,0.193947,0.337378,-0.105972,-0.523727,-0.930908
-0.314919,-0.702069,0.154854,0.95123,0.30613,-0.18121,0.976282,0.337248,0.614623,-0.368657,0.002763,0.022117,0.35597,0.23613,-0.959958
-0.607535,-0.719551,-0.511911,-0.940348,-0.108609,0.263008,0.760375,0.370727,-0.221527,0.569743,-0.138775,-0.293337,0.149065,0.536647,-1.0
-0.846161,-0.984144,-0.192377,0.309047,0.596718,-0.814916,0.839092,0.869438,0.415805,-0.503842,-0.093473,-0.05883,0.52496,0.0719,-0.999773
0.209518,-0.433732,0.302764,-0.579641,-0.054186,-0.658387,0.884386,0.24706,-0.08141,-0.699626,0.086272,0.147744,-0.346286,-0.47005,-0.894998
-0.229768,0.43031,0.866131,0.48589,0.571401,0.255696,0.908287,0.841687,0.621443,0.219012,-0.04252,-0.040737,0.497782,-0.04853,-0.873122
0.360621,-0.061518,-0.00797,0.357282,0.734092,-0.869563,0.129234,0.024654,0.086678,-0.046757,-0.377833,0.804317,0.204676,-0.375777,-0.974145
-0.801092,0.64562,-0.897677,0.08907,-0.506717,0.450678,0.837362,0.19805,-0.512889,0.512448,-0.147916,0.075582,0.414173,-0.343014,-0.94848
-0.442614,-0.047933,0.148875,0.851727,0.871666,0.291351,0.840258,0.08944,0.613157,0.292533,-0.142281,0.056391,0.427209,0.173779,-0.935339
0.537799,0.197657,0.230187,-0.120782,-0.639101,-0.139097,0.530264,0.475615,-0.396274,-0.050281,0.422742,0.128064,-0.437803,-0.07808,-1.0
0.932963,-0.919111,-0.977064,-0.263694,0.578325,-0.254796,0.629858,0.089866,0.504129,-0.234522,0.126943,-0.355439,-0.220731,0.423207,-1.0
-0.868643,0.400888,0.372246,-0.605858,-0.094797,-0.038558,0.645626,0.907629,-0.506587,-0.168315,-0.343562,0.230745,0.456992,-0.212793,-1.0
0.497792,-0.990716,-0.650792,-0.176923,0.357403,0.396551,0.544576,0.443102,0.230217,0.365082,-0.009724,-0.537279,-0.053165,0.457442,-1.0
-0.911312,0.41105,0.885501,0.838734,0.16026,-0.977174,0.31688,0.459166,0.099374,-0.267068,-0.434998,0.58404,0.262342,-0.430465,-1.0
-0.918777,-0.855462,-0.943495,-0.396938,-0.915255,0.987294,0.02027,0.434696,-0.049801,0.064936,-0.026957,-1.0,-0.123861,0.594878,-1.0
-0.321148,-0.082868,-0.457102,0.029307,-0.010393,-0.386524,0.373921,0.317302,-0.017695,-0.299949,-0.516304,0.382987,0.416265,-0.3539,-1.0
-0.290783,0.589887,0.213742,0.232987,-0.040812,-0.821161,0.748734,0.972741,-0.013602,-0.558987,0.065369,0.184256,0.083107,-0.517555,-1.0
-0.470918,-0.263456,0.609168,-0.622212,-0.071489,-0.848492,0.55521,0.513009,-0.047729,-0.437412,-0.23123,0.317119,0.243439,-0.404225,-1.0
0.027746,0.829762,-0.746795,0.836641,-0.712408,-0.837102,0.629083,0.351993,-0.33309,-0.314226,0.151115,0.257165,-0.225102,-0.461696,-1.0
-0.614482,0.503511,-0.970626,-0.308696,0.46346,0.519641,0.804398,0.204248,0.334585,0.518864,-0.161377,0.000748,0.487309,0.070073,-1.0
0.911029,0.604507,0.278885,-0.207672,0.080526,-0.220664,0.504202,0.656818,0.22807,-0.333058,0.350651,0.353732,-0.314575,-0.396309,-1.0
0.109739,0.268257,0.345673,0.319516,-0.139026,0.688103,0.738384,0.866306,-0.088334,0.56691,0.166646,-0.211906,-0.205044,0.431085,-1.0
0.809685,0.545782,-0.564282,0.790867,0.813675,-0.485818,0.942446,0.788179,0.562115,-0.356383,-0.028461,0.085819,0.056644,-0.531383,-1.0
-0.032103,-0.233784,0.812128,-0.248128,-0.967988,0.143261,0.964552,0.917657,-0.748494,0.195968,0.057553,-0.083485,-0.45186,0.224394,-0.94986
0.493413,-0.739076,0.991887,0.311715,-0.114808,-0.089223,0.537055,0.311642,-0.392787,-0.279504,0.273221,-0.36595,-0.413766,0.461362,-0.971268
-0.220393,0.981711,-0.12168,-0.544079,0.915758,0.222065,0.588212,0.527755,0.434574,0.123081,-0.344352,0.259796,0.398429,-0.261649,-1.0
0.248006,-0.845552,-0.573365,-0.830366,0.752186,-0.152622,0.98808,0.975742,0.831115,-0.13301,-0.036279,-0.023001,0.325683,0.331032,-0.992083
0.303316,-0.814902,0.251179,-0.99724,-0.915179,-0.761855,0.254057,0.641544,-0.164853,-0.16168,0.782446,0.047097,-0.516349,0.068169,-0.918863
-0.456391,-0.151966,0.109937,-0.128041,0.454331,0.045581,0.084007,0.00577,0.065965,-0.036913,-0.88779,-0.210216,0.380245,0.163199,-0.951217
0.551813,-0.313597,-0.441592,0.149766,0.131607,0.595494,0.398357,0.74796,0.044513,0.234508,0.247525,-0.495149,-0.134535,0.471724,-1.0
-0.565502,-0.961945,0.017765,0.778002,0.250594,0.538725,0.316048,0.230071,0.104056,0.236905,-0.329127,-0.711299,0.162672,0.404626,-1.0
0.394135,0.714988,0.30527,0.182213,-0.276936,-0.090624,0.306142,0.828942,-0.226869,-0.10156,0.45988,0.525389,-0.301207,-0.399805,-0.983848
0.498526,0.301929,-0.851604,0.014574,-0.530802,0.925651,0.973056,0.835651,-0.322431,0.641963,-0.036612,0.041276,-0.373113,0.277081,-1.0
-0.305074,-0.232265,-0.385751,0.303651,-0.278507,-0.921221,0.939069,0.361903,-0.121857,-0.748239,-0.071192,0.061499,-0.055763,-0.550017,-0.980833
0.359992,0.345413,-0.897258,-0.130815,-0.224158,-0.367611,0.683108,0.68763,-0.360172,-0.425602,0.1716,0.185217,-0.370197,-0.438595,-1.0
0.10577,-0.246707,-0.450035,0.007846,0.43718,0.846659,0.552058,0.221683,0.22565,0.387492,-0.093216,-0.445509,0.103114,0.472153,-1.0
0.349011,0.46391,0.596836,0.405903,0.550647,0.006475,0.055184,0.838574,0.092085,-0.040234,-0.333499,0.883101,0.224345,-0.457796,-1.0
0.208376,0.061208,-0.299889,0.39275,-0.684423,0.137307,0.461236,0.149876,-0.40701,0.0559,0.523962,0.018388,-0.442939,0.029691,-0.93857
0.97997,-0.732934,0.799637,-0.06033,-0.27459,-0.89318,0.432586,0.33345,-0.022033,-0.241674,0.569276,0.063892,-0.429192,-0.044077,-1.0
0.795966,0.617906,-0.659357,0.805523,0.611704,0.26405,0.275834,0.929138,0.115756,0.0164,0.320117,0.629409,-0.326653,-0.442829,-0.923218
0.676108,-0.322609,0.855173,0.952872,-0.093292,-0.206995,0.627979,0.882461,-0.168408,-0.49117,0.376372,-0.118453,-0.509072,-0.005132,-1.0
-0.162142,0.80653,-0.071834,0.746931,-0.138599,-0.393373,0.06704,0.795331,0.000961,-0.123614,-0.067326,0.896966,0.181819,-0.505933,-1.0
-0.902674,0.256864,0.096889,0.359306,0.343101,0.647817,0.191428,0.434313,0.047073,0.129671,-0.81964,-0.327282,0.500179,0.039377,-1.0
-0.011314,0.806238,-0.987964,0.247047,-0.679051,-0.29127,0.126839,0.163182,-0.041553,-0.090752,0.383947,0.739847,-0.226914,-0.346152,-0.993676
-0.446967,0.389245,0.649841,0.491202,-0.542944,-0.564361,0.293114,0.042563,-0.098832,-0.2121,0.151228,0.735859,0.045812,-0.500264,-1.0
0.011596,-0.993009,0.484098,0.390301,0.436627,-0.768109,0.974781,0.764236,0.434923,-0.703213,-0.012656,0.023015,0.465541,0.181795,-0.9527
-0.924771,-0.709075,-0.994409,-0.99741,0.572736,-0.216529,0.401787,0.572963,0.264099,-0.125335,-0.526687,-0.217205,0.536567,0.278014,-1.0
0.04119,0.764432,0.784904,-0.056388,0.147225,0.355382,0.080286,0.236692,0.040004,0.152641,-0.305867,0.891312,0.117883,-0.408498,-0.984957
0.240558,0.876299,-0.369678,0.272491,-0.819728,-0.856883,0.239501,0.00565,-0.133964,-0.101933,0.341179,0.653041,-0.207703,-0.44255,-1.0
0.055686,-0.845763,0.342804,0.137674,0.87538,-0.916294,0.127851,0.273556,0.09274,-0.096467,-0.851455,0.153357,0.511924,0.012115,-0.90487
-0.026901,-0.561054,0.43015,0.194333,-0.098069,-0.504476,0.168501,0.142014,-0.093142,-0.109176,0.756497,-0.559841,-0.458744,0.334676,-0.996504
-0.02187,-0.267023,-0.890981,0.357342,-0.954956,0.086321,0.202608,0.779438,-0.251279,0.063444,0.74974,-0.270678,-0.425388,0.114149,-1.0
0.538397,0.365963,-0.591601,0.112232,0.385147,0.880743,0.767521,0.916674,0.255756,0.592262,0.148008,-0.172064,-0.071151,0.530934,-0.99952
0.671407,0.16187,-0.086965,0.187093,0.067527,-0.51905,0.719686,0.185709,0.028255,-0.507313,0.133235,0.261971,-0.354326,-0.291289,-0.964101
0.162324,0.630402,-0.669857,0.466841,0.943948,-0.518674,0.201959,0.097855,0.141034,-0.166024,-0.472487,0.700239,0.364816,-0.377606,-0.945211
0.158289,0.630161,0.234759,0.901796,-0.59616,-0.395656,0.482802,0.282948,-0.317726,-0.259088,0.349349,0.402666,-0.336514,-0.434192,-0.958878
0.257351,0.152199,0.159834,-0.707615,0.022994,0.027665,0.358596,0.811368,0.266582,0.186451,0.576668,0.309515,-0.354215,-0.162461,-1.0
-0.502909,0.850943,0.835066,-0.020445,-0.795468,-0.462601,0.281704,0.532041,-0.244938,-0.074476,0.18044,0.733835,-0.147103,-0.470344,-0.997668
0.693891,0.022181,-0.265651,-0.547503,-0.50003,0.720006,0.421088,0.67126,-0.185279,0.176212,0.422539,-0.287197,-0.463785,0.280873,-0.975018
0.265695,-0.188718,-0.59195,0.501224,0.284832,-0.137121,0.215977,0.964572,0.114713,-0.010329,-0.30562,-0.757758,0.17841,0.521809,-1.0
-0.36689,-0.922136,0.212947,0.993221,-0.397576,0.912844,0.640953,0.718271,-0.240295,0.467635,-0.019148,-0.274166,-0.025878,0.479461,-1.0
-0.898497,0.185475,-0.10155,0.18757,0.993688,0.597928,0.836258,0.70412,0.573842,0.365676,-0.056532,-0.105017,0.532098,0.093674,-0.945286
0.202048,0.099215,-0.296279,0.224081,-0.734411,-0.697084,0.960016,0.765184,-0.619453,-0.494225,-0.003696,0.035917,-0.321073,-0.351669,-0.943415
0.861544,0.107913,-0.629492,0.814332,-0.582434,0.948188,0.564648,0.43332,-0.201385,0.3392,0.450321,-0.209691,-0.446831,0.253351,-1.0
0.183737,-0.99525,-0.223349,0.570763,-0.585477,-0.118132,0.898581,0.014445,-0.692349,-0.15437,0.041017,-0.103123,-0.374336,0.355114,-0.988907
-0.507916,-0.445699,-0.396679,0.223665,-0.919078,-0.617175,0.790833,0.151699,-0.523959,-0.345267,0.1043,0.071682,-0.412402,-0.151572,-1.0
0.925366,-0.275731,0.50198,-0.638994,0.720414,0.945646,0.832099,0.452918,0.461515,0.596209,0.01437,-0.134423,-0.01995,0.459713,-0.999902
0.321785,-0.005371,-0.026035,0.002989,-0.38906,-0.723594,0.131612,0.585115,-0.061981,-0.017365,0.658879,0.582417,-0.424889,-0.285887,-1.0
-0.53608,0.262315,-0.727508,-0.089937,0.899021,0.526971,0.770233,0.300023,0.51694,0.374852,-0.283317,-0.127374,0.457531,0.158091,-0.963971
0.585057,0.553613,0.086171,-0.54567,-0.184434,-0.426977,0.738042,0.981401,-0.150797,-0.567032,0.116639,0.207,-0.285314,-0.362635,-1.0
0.375819,0.866018,0.111665,0.989127,-0.80886,-0.888315,0.341171,0.328921,-0.20468,-0.211908,0.380935,0.525668,-0.257542,-0.347298,-0.958305
0.975241,-0.639618,-0.536711,0.604148,-0.596447,0.992569,0.487162,0.67723,-0.18489,0.347561,0.446108,-0.344186,-0.398576,0.322145,-1.0
-0.85084,-0.566273,-0.172112,-0.262834,0.514115,-0.949448,0.152569,0.112846,0.080374,-0.098525,-0.794225,0.167495,0.505231,-0.062817,-1.0
-0.970148,0.480855,-0.985972,-0.009413,0.993167,0.206943,0.37901,0.303377,0.298273,0.061138,-0.623641,0.122665,0.486474,-0.032301,-0.993481
-0.413914,0.922248,-0.879323,-0.611333,-0.475841,0.265121,0.355472,0.981222,-0.246826,0.208815,0.021171,0.656649,-0.093871,-0.506559,-1.0
0.711871,-0.460982,0.190751,-0.427968,0.303562,-0.195732,0.304609,0.521892,0.210809,-0.114735,0.588889,-0.318785,-0.380131,0.346143,-1.0
0.898994,-0.81925,0.970098,0.125934,0.208772,0.657393,0.448233,0.559126,0.03724,0.349509,0.28397,-0.478555,-0.192382,0.401267,-1.0
-0.477812,-0.85363,-0.338049,0.056718,0.378628,-0.072773,0.993863,0.964655,0.737254,-0.130501,-0.037217,0.019838,0.404415,0.315831,-0.968186
0.703284,-0.66873,0.56652,-0.246245,-0.422081,-0.689909,0.385039,0.273264,-0.270687,-0.23445,0.557172,-0.046852,-0.570658,0.056254,-0.982783
0.689746,-0.580408,0.437595,0.385654,-0.932945,-0.172778,0.964905,0.32111,-0.808398,-0.132646,0.03417,-0.040006,-0.567827,0.126862,-1.0
0.658617,0.204597,-0.334187,-0.788022,0.854436,0.967092,0.700456,0.355041,0.369396,0.400014,-0.130531,-0.35124,0.095709,0.458177,-0.996998
0.474276,0.479403,-0.787114,0.713407,0.368167,0.531233,0.132065,0.588652,0.078815,0.189424,0.824737,-0.355344,-0.374288,0.178872,-0.903955
0.549301,-0.444374,-0.252531,-0.9135,0.377919,0.224948,0.175548,0.590848,0.170277,0.101325,0.247879,-0.833623,-0.051161,0.57752,-1.0
-0.537299,-0.19919,-0.417136,0.563148,-0.631977,0.432886,0.905981,0.944091,-0.556188,0.402298,0.019614,-0.079699,-0.039967,0.513221,-0.94498
0.618101,-0.488262,0.198068,-0.145483,-0.581102,0.708946,0.331007,0.615962,-0.125157,0.217283,0.515947,-0.518348,-0.313725,0.351132,-0.982091
0.404483,-0.442239,-0.1017,-0.386988,-0.50445,0.157505,0.468268,0.928771,-0.222429,0.050588,0.334253,-0.354682,-0.405148,0.310899,-0.86536
-0.220432,0.964104,0.295915,0.575814,0.207633,-0.108015,0.234582,0.880287,0.216333,-0.149883,-0.241387,0.728914,0.204939,-0.514301,-1.0
0.081963,-0.563339,0.607401,-0.56631,-0.047084,0.138053,0.687232,0.129241,-0.13773,0.524969,0.14846,-0.38795,-0.157785,0.516542,-1.0
-0.396782,0.67032,-0.993385,0.580312,0.749916,0.247485,0.0456,0.349932,-0.034932,-0.047396,-0.998142,0.292839,0.494308,-0.164202,-1.0
-0.748544,-0.617998,0.495646,-0.740813,0.299032,0.835091,0.321868,0.655649,0.036945,0.24735,-0.412733,-0.5186,0.205857,0.443122,-0.965352
-0.706457,-0.93901,0.953306,-0.631586,-0.891254,-0.292279,0.446026,0.106696,-0.354583,-0.075099,0.131369,-0.544359,-0.075091,0.452291,-0.909113
0.278752,-0.544393,-0.319391,-0.651872,-0.541635,0.417096,0.63165,0.979458,-0.442774,0.270108,0.243041,-0.268466,-0.23747,0.420321,-0.962936
0.987973,0.521852,-0.612171,-0.758597,-0.530434,0.399851,0.780721,0.969937,-0.504633,0.387947,0.164813,-0.094111,-0.5339,0.020858,-0.976627
0.53395,0.134816,-0.801737,0.305134,-0.81398,-0.366673,0.813162,0.428548,-0.647426,-0.280951,0.192221,0.097632,-0.517526,-0.166153,-0.946459
0.587072,0.158943,-0.370776,-0.758142,0.538389,0.816197,0.619211,0.424498,0.207605,0.303266,0.00245,-0.329165,-0.030437,0.492788,-0.998351
-0.877539,-0.745097,0.611281,-0.940198,0.471363,0.530291,0.941561,0.78734,0.57107,0.591289,-0.09686,-0.100953,0.425742,0.374433,-0.957349
0.803611,-0.03044,0.642982,-0.489627,-0.387293,-0.941178,0.060287,0.438859,0.033604,-0.006051,0.751042,0.551672,-0.355382,-0.33245,-1.0
0.146069,0.635839,0.99297,0.01918,0.760275,-0.162145,0.927899,0.751783,0.641082,-0.214918,-0.060304,0.138084,0.268569,-0.397915,-1.0
-0.560967,-0.194321,-0.133451,0.56601,0.325815,-0.600816,0.891059,0.563351,0.400397,-0.672513,-0.057524,-0.038568,0.422144,-0.222883,-1.0
0.753731,0.321968,0.466477,0.264588,0.927815,-0.89073,0.107786,0.130445,0.095991,0.005067,-0.183327,0.874301,0.085561,-0.598642,-0.839761
-0.140767,0.890574,-0.468322,-0.725563,-0.395188,0.737574,0.072669,0.228746,0.027973,0.004094,0.71572,0.426055,-0.396431,-0.15392,-0.902249
0.423425,-0.805666,-0.659944,0.384176,0.113011,-0.735751,0.000701,0.632956,-0.000733,-0.01955,0.971427,-0.145316,-0.472421,0.063423,-0.955961
-0.819813,-0.635129,0.122576,-0.463891,-0.603444,-0.913425,0.736168,0.229002,-0.330199,-0.537865,-0.200223,0.217144,0.224466,-0.356457,-0.923712
0.600699,0.053563,0.397352,0.040114,0.361486,-0.066671,0.981739,0.670156,0.796798,-0.190576,-0.015308,0.037693,-0.373665,-0.187302,-1.0
0.500479,0.32112,0.734626,0.680269,0.735555,-0.955947,0.00961,0.529554,0.005598,-0.041265,-0.169506,0.920076,0.037948,-0.503411,-0.931541
0.83799,0.537171,0.46165,0.677352,-0.523486,-0.131055,0.222371,0.80395,-0.21093,-0.046243,0.649192,0.389671,-0.512886,-0.100525,-1.0
-0.939661,-0.578413,-0.548585,0.916167,0.682553,0.633226,0.954946,0.236496,0.541504,0.453705,0.024918,-0.086886,0.374263,0.230914,-0.951596
0.46311,0.849782,-0.76783,-0.431443,0.107493,-0.184158,0.938824,0.110212,0.334314,-0.602083,-0.000104,-0.001443,-0.138908,-0.417625,-1.0
0.83383,0.580352,0.981738,0.321884,0.316288,0.550164,0.480535,0.996613,0.190703,0.391405,0.460341,-0.008587,-0.518258,-0.074589,-0.955395
0.734047,-0.049331,-0.983346,0.012214,0.085601,0.466217,0.021303,0.632627,0.026447,-0.002865,0.742815,-0.562239,-0.294761,0.286088,-0.952903
-0.53387,-0.691745,0.379976,0.123819,-0.329799,-0.143409,0.692181,0.035904,-0.444932,-0.258881,-0.194221,-0.287015,0.173506,0.525745,-1.0
0.167268,0.671138,0.4777,0.831737,0.192612,-0.287135,0.514087,0.467143,0.19896,-0.322094,-0.017453,0.474325,0.070053,-0.513867,-1.0
0.992411,-0.139039,-0.051921,0.465533,0.587647,-0.402198,0.604747,0.844221,0.413171,-0.216775,0.438903,0.263597,-0.301562,-0.314541,-1.0
-0.881089,-0.037243,0.962969,0.424864,-0.681988,0.174722,0.836374,0.479514,-0.673195,0.160505,-0.095518,-0.133548,0.375218,0.484793,-0.957966
-0.165895,-0.017779,-0.196974,-0.878412,0.8058,-0.034847,0.961594,0.310186,0.75261,-0.026027,-0.002896,-0.035095,0.560692,-0.120609,-0.986292
0.870551,-0.608911,0.962816,-0.332584,0.794878,-0.615632,0.497894,0.46861,0.314016,-0.142135,0.460931,0.037498,-0.516735,-0.035843,-1.0
-0.446212,-0.796982,0.066569,-0.338721,-0.252289,-0.77111,0.025248,0.046209,0.059477,-0.022763,-0.99923,-0.127825,0.443059,0.027113,-1.0
0.385007,0.889091,-0.047114,0.641638,-0.4385,-0.015851,0.848287,0.740236,-0.618151,-0.00194,0.131481,0.12658,-0.337478,-0.36445,-1.0
0.762317,-0.640909,0.979241,-0.542422,-0.146906,0.753768,0.047053,0.49112,-0.023926,0.018807,0.617669,-0.862583,-0.266025,0.420946,-1.0
-0.678353,-0.518321,0.029981,-0.230021,-0.524828,-0.654607,0.837442,0.970912,-0.399595,-0.464809,-0.215673,0.067466,0.358446,-0.340803,-1.0
0.402432,0.932364,0.237899,-0.658876,-0.733109,-0.895214,0.524394,0.475128,-0.166056,-0.34164,0.239241,0.426522,-0.219743,-0.468403,-1.0
-0.986971,0.604957,0.150186,0.788996,-0.130489,-0.583682,0.488124,0.216053,-0.04813,-0.41998,-0.269909,0.360514,0.207759,-0.369157,-1.0
-0.512243,-0.326712,-0.513786,0.382338,0.922798,0.676384,0.916925,0.897279,0.552625,0.42138,-0.021415,0.045072,0.410739,0.321222,-0.928265
0.462059,-0.023505,-0.073761,0.391546,-0.301965,0.16319,0.43301,0.038858,-0.181767,0.174176,0.620503,-0.108547,-0.525428,0.114023,-0.903937
-0.287655,0.401965,-0.991566,-0.706424,0.214045,-0.322526,0.154211,0.569393,0.059557,-0.065336,-0.415661,0.740503,0.307628,-0.375289,-1.0
0.475283,0.33212,0.632883,-0.35339,0.759882,0.728575,0.826972,0.07284,0.521713,0.57018,-0.198448,0.025979,0.196147,0.35093,-1.0
0.568073,0.918559,-0.196345,-0.722951,-0.279843,-0.928664,0.806627,0.40614,-0.280774,-0.702877,0.119888,0.101986,-0.207075,-0.366396,-0.940292
-0.828225,-0.672121,0.026215,0.972343,-0.969374,-0.870164,0.246218,0.09391,-0.156609,-0.160108,0.477073,0.592634,-0.233599,-0.455323,-1.0
0.465623,-0.341237,-0.480341,0.826848,-0.432233,-0.392933,0.223693,0.045888,-0.151775,-0.138806,0.799318,0.010257,-0.539238,-0.019607,-1.0
0.188197,-0.628138,-0.727261,-0.139477,-0.8533,-0.896076,0.205535,0.569632,-0.167963,-0.06367,0.774565,0.183456,-0.461531,-0.164959,-0.978033
0.272967,-0.382898,0.616137,0.821323,0.694654,-0.074039,0.250154,0.353961,0.199201,0.008186,-0.617546,-0.386871,0.448062,0.313562,-0.941689
0.89997,-0.054501,-0.379626,0.848281,0.037379,0.718603,0.229084,0.201555,-0.048904,0.191125,0.589082,-0.509585,-0.347692,0.308183,-1.0
-0.196736,0.201384,0.588784,0.674509,-0.772609,0.452394,0.916923,0.020297,-0.606111,0.416762,0.142165,0.011066,-0.453021,0.202401,-1.0
-0.848016,0.93653,-0.801923,0.04015,-0.342951,0.744081,0.250286,0.830978,-0.107327,0.159623,-0.676098,0.22514,0.339131,-0.082698,-0.960043
0.133499,0.343667,0.973924,0.678643,-0.428787,0.515574,0.20634,0.715767,-0.153461,0.177387,0.703096,-0.225442,-0.46139,0.052646,-1.0
0.480192,0.784595,-0.645674,-0.412039,0.682247,-0.499433,0.166005,0.955441,0.019469,-0.127077,-0.20446,0.796505,0.088101,-0.474023,-0.958237
0.020324,-0.534598,0.62394,0.199907,0.853245,0.263872,0.191754,0.737379,0.199059,0.057026,-0.510148,-0.521802,0.350746,0.371099,-1.0
0.552434,-0.466929,0.304343,-0.88884,0.641451,-0.541559,0.539032,0.448531,0.25602,-0.299837,-0.40145,0.291787,0.45079,-0.379019,-1.0
-0.00228,-0.821941,-0.24618,-0.71313,0.135092,-0.522471,0.84805,0.406499,0.162099,-0.714308,-0.029621,-0.135773,0.125128,0.569868,-0.971711
0.926194,-0.096328,-0.209993,-0.163442,-0.857168,0.845935,0.687578,0.654379,-0.360259,0.380386,0.224186,-0.093405,-0.451497,0.379362,-0.944214
-0.841343,-0.695505,-0.431402,0.656209,-0.388676,-0.722838,0.490822,0.0798,-0.249721,-0.299532,-0.584737,0.038616,0.503111,-0.053914,-1.0
-0.196962,0.618416,-0.585307,0.463105,-0.824538,0.782815,0.53511,0.223985,-0.302576,0.389796,0.450966,-0.162829,-0.518613,0.134706,-1.0
-0.748574,-0.645874,-0.09662,0.194184,-0.794996,0.907016,0.390781,0.68415,-0.251215,0.226368,-0.012415,-0.618726,-0.057741,0.527608,-1.0
0.656457,-0.438407,0.291416,0.604521,0.102673,0.302083,0.927617,0.945259,0.323182,0.72899,0.021767,0.007663,-0.20173,0.331783,-1.0
0.052184,0.96354,0.978943,0.54625,-0.830643,-0.406414,0.693198,0.775791,-0.51971,-0.234301,0.182705,0.29224,-0.294738,-0.403439,-0.992695
-0.03937,-0.201924,-0.849302,0.759823,-0.207413,-0.165755,0.129308,0.386221,-0.108638,-0.09166,0.760734,-0.182496,-0.433176,0.179952,-1.0
-0.034653,-0.319761,0.002828,-0.239931,-0.72435,0.8179,0.652791,0.971002,-0.379039,0.364047,0.080005,-0.244876,-0.284845,0.492787,-0.976281
0.959682,-0.881586,0.273876,-0.600805,-0.85136,-0.24036,0.042652,0.764539,0.011609,0.026759,0.933723,-0.356907,-0.541815,0.111302,-1.0
0.772057,0.331913,0.045156,0.163317,0.285017,-0.782126,0.446715,0.239086,0.166289,-0.302376,0.238193,0.589445,-0.236324,-0.431183,-1.0
-0.332009,-0.840838,0.202985,-0.092514,0.796457,-0.607611,0.345474,0.900215,0.221263,-0.160525,-0.658416,-0.18334,0.515943,0.080009,-1.0
0.776058,-0.992561,-0.035473,0.415413,-0.106636,-0.182899,0.306605,0.923439,-0.161944,-0.205157,0.599918,-0.43353,-0.401301,0.354716,-1.0
0.954619,0.739521,0.235396,0.200893,0.336814,0.791971,0.112494,0.417877,0.033464,0.057496,0.869283,-0.162018,-0.521507,-0.013721,-1.0
-0.241946,-0.473422,0.869945,0.640784,0.563369,0.334298,0.307133,0.204261,0.210712,0.117605,-0.562547,-0.502577,0.273593,0.325112,-0.961932
-0.192411,-0.777943,-0.073412,-0.453236,-0.08082,-0.928897,0.739703,0.219483,-0.087002,-0.569234,-0.236854,0.127704,0.338118,-0.45634,-1.0
0.255157,-0.326978,0.331997,-0.216226,0.884823,-0.399751,0.500344,0.606193,0.359163,-0.130923,-0.492272,0.051019,0.496312,-0.059749,-1.0
0.51772,0.49368,-0.715858,-0.872221,0.33023,-0.672788,0.129878,0.823603,-0.006858,-0.162852,0.217651,0.873548,-0.044399,-0.57454,-1.0
-0.033686,0.599562,-0.967543,0.692948,0.385676,-0.072384,0.585673,0.380943,0.612632,-0.140563,-0.22455,0.272987,0.29333,-0.397662,-0.969512
-0.222348,0.671161,-0.126844,0.541869,-0.542647,0.300092,0.441635,0.482441,-0.335624,0.181804,0.406376,0.504539,-0.245243,-0.293687,-0.984985
-0.806473,0.618979,0.524617,-0.632016,-0.09925,-0.002684,0.678648,0.299799,-0.555575,-0.014133,-0.222798,0.181534,0.444279,-0.314334,-0.939159
-0.982114,-0.236893,0.411556,-0.258238,0.835448,-0.605616,0.377546,0.960707,0.255006,-0.226539,-0.639038,0.193212,0.520606,-0.01227,-1.0
-0.359998,0.161937,-0.028707,-0.994129,0.314044,-0.950467,0.340195,0.325378,0.137619,-0.316819,-0.415086,0.594421,0.279598,-0.435707,-1.0
0.171086,0.528488,-0.293208,0.667022,-0.540797,-0.542125,0.264513,0.409746,-0.130389,-0.144706,0.360867,0.590304,-0.303266,-0.367444,-1.0
-0.990214,0.589658,-0.526529,0.728806,-0.567141,0.131853,0.660437,0.875675,-0.473723,0.153774,-0.290156,0.301644,0.329242,-0.388512,-0.940272
0.022566,0.425842,0.85696,-0.161854,0.774391,-0.287617,0.822327,0.826014,0.586795,-0.20682,-0.178802,0.025763,0.350751,-0.23457,-1.0
-0.745744,-0.988435,-0.736733,-0.469137,-0.709145,-0.772192,0.113748,0.92859,-0.061994,-0.077128,-0.087865,-0.829229,0.122201,0.533696,-1.0
0.856519,-0.986102,0.441461,-0.638915,0.100355,0.940402,0.14134,0.454383,-0.004191,0.068728,0.35044,-0.693025,-0.114388,0.517501,-0.935246
-0.605972,0.907034,0.467033,0.113804,0.459721,0.424027,0.901671,0.771412,0.497456,0.459758,-0.001943,0.061092,0.468792,-0.161347,-0.950665
0.407969,0.450489,-0.215461,0.333092,-0.668158,0.389704,0.32425,0.972819,-0.202969,0.127432,0.588318,0.031685,-0.506963,-0.002158,-1.0
0.89764,0.795576,0.552636,0.031746,0.399753,-0.349432,0.349831,0.183929,0.220685,-0.165543,0.288597,0.653252,-0.250083,-0.459871,-0.994545
-0.709822,0.634786,-0.315697,0.269543,0.912981,0.500073,0.41917,0.852532,0.260119,0.15263,-0.654696,-0.042475,0.537924,-0.064006,-1.0
-0.862879,-0.398698,-0.400247,0.295301,0.301956,-0.208512,0.341238,0.736281,0.22332,-0.121412,-0.620395,-0.153097,0.533332,0.046251,-1.0
-0.078291,-0.437066,-0.752293,0.530132,-0.005656,0.078343,0.940699,0.286837,-0.054004,0.784871,-0.006102,-0.0711,0.0677,0.482626,-0.942518
0.800824,0.51643,0.898499,0.103421,0.714064,0.811511,0.46837,0.180771,0.205801,0.249048,0.084783,-0.549855,-0.108058,0.46135,-0.90182
0.67587,-0.698075,-0.194223,0.415771,-0.784529,-0.076158,0.528207,0.862189,-0.422263,-0.046369,0.47363,-0.278213,-0.450614,0.230463,-0.953871
0.233849,-0.647659,0.11037,0.78576,0.60862,-0.272945,0.329898,0.970659,0.176877,-0.125937,-0.424058,-0.488692,0.335759,0.468118,-0.94541
-0.488612,-0.179824,-0.646165,-0.6023,-0.627816,0.54041,0.447906,0.828582,-0.403736,0.248966,0.137015,-0.554635,-0.068048,0.50135,-0.910127
-0.405886,-0.69938,-0.282484,-0.98234,-0.169231,0.392325,0.887457,0.796474,-0.322722,0.665243,0.007413,-0.111254,0.197021,0.561006,-0.987458
-0.16226,0.387115,0.891953,-0.671592,0.950362,0.120206,0.476252,0.199608,0.284213,0.165343,-0.484216,0.101764,0.482274,0.011393,-0.939337
-0.758003,0.04672,-0.229113,0.718865,-0.030631,-0.380883,0.178671,0.543834,-0.029374,-0.117837,-0.732262,0.439722,0.406263,-0.276016,-1.0
-0.938966,-0.52704,-0.319156,-0.206008,0.336575,-0.795953,0.690017,0.282379,0.236323,-0.469244,-0.335701,0.04062,0.552317,-0.068822,-0.987712
-0.027393,0.920287,0.957989,-0.097862,0.806682,-0.38179,0.857893,0.880073,0.676507,-0.379647,-0.137335,0.164576,0.341916,-0.366341,-1.0
-0.694281,0.501981,-0.889523,0.204566,-0.07393,-0.831664,0.651674,0.877805,-0.023349,-0.585152,-0.163995,0.211148,0.290205,-0.463686,-0.978122
-0.533454,0.33022,-0.379585,-0.204871,0.048862,-0.046617,0.299363,0.658438,0.173217,-0.241345,-0.588418,0.321861,0.479552,-0.300867,-1.0
-0.521802,-0.816335,0.569377,0.120901,-0.874366,-0.024105,0.076051,0.048222,-0.087181,0.020478,0.363215,-0.801984,-0.231002,0.463592,-1.0
0.090069,-0.898113,-0.455972,0.901252,0.803072,0.70585,0.794491,0.16672,0.531335,0.295769,-0.053059,-0.207572,0.230589,0.521017,-1.0
0.899301,0.805405,0.873084,0.170288,0.461141,-0.078137,0.267755,0.213983,0.313251,-0.093573,0.364869,0.61696,-0.257732,-0.451004,-0.965736
-0.745064,-0.266585,0.583458,0.463131,0.31029,-0.940214,0.937266,0.885952,0.258968,-0.704116,-0.07234,-0.015883,0.462797,-0.26626,-0.981617
0.318726,0.227368,-0.46317,-0.860793,-0.345618,0.547815,0.718218,0.007854,-0.296201,0.485546,0.214562,-0.049081,-0.525894,0.236572,-0.955819
0.641759,-0.608159,0.228164,0.289445,-0.265378,-0.17263,0.88691,0.225035,-0.555981,-0.420082,0.032276,-0.173936,-0.441002,0.245318,-1.0
0.989824,0.650543,0.092411,0.997487,-0.86367,0.407292,0.364236,0.964302,-0.221302,0.086646,0.729466,0.022111,-0.605509,-0.034095,-0.932498
-0.075195,0.78184,0.08893,0.185085,0.69058,0.870291,0.849435,0.210402,0.373027,0.622578,-0.060339,0.066954,0.515779,0.129266,-1.0
0.954204,0.042834,0.840434,-0.690549,-0.323796,-0.078407,0.827076,0.800093,-0.662815,-0.263003,0.168237,0.028461,-0.5505,-0.017265,-1.0
0.94445,0.336284,-0.791988,0.292744,-0.644202,0.687787,0.080641,0.655538,-0.095349,-0.013056,0.938677,-0.193072,-0.448825,0.033646,-0.976919
0.772821,-0.911797,0.470994,-0.055148,0.120659,0.833133,0.11753,0.243751,0.038873,0.08691,0.352063,-0.80088,-0.170739,0.497019,-0.937152
-0.17978,-0.180451,-0.624689,-0.215289,0.067024,0.04909,0.392987,0.884409,0.327172,0.235579,-0.480536,-0.413675,0.276335,0.361227,-0.99125
0.517854,0.467711,0.059845,0.867138,-0.615698,-0.683198,0.099081,0.834732,0.010871,-0.014676,0.609777,0.678544,-0.45513,-0.269435,-1.0
0.714936,-0.728155,0.553392,-0.140493,0.419382,-0.550803,0.910299,0.631171,0.424357,-0.573613,0.07577,-0.106555,-0.399333,0.180037,-0.981318
0.814073,-0.042289,-0.849112,0.812672,-0.100027,-0.886362,0.286136,0.05853,-0.090239,-0.260533,0.514927,0.466536,-0.461316,-0.398125,-0.954597
-0.732038,-0.157106,-0.963019,-0.247421,-0.207224,-0.57953,0.982179,0.169421,-0.284947,-0.765164,-0.033791,0.031008,0.427968,-0.273514,-1.0
-0.830597,0.752731,-0.781511,-0.95383,-0.942816,-0.659506,0.936412,0.120048,-0.62687,-0.418157,-0.027204,0.108179,0.021616,-0.499489,-1.0
-0.937743,-0.141169,0.41574,0.13244,-0.463678,-0.790708,0.086015,0.803711,-0.042962,-0.042008,-0.428814,0.627578,0.226251,-0.369507,-0.968411
-0.906683,-0.556888,0.601019,-0.764318,0.543422,-0.060014,0.57024,0.462652,0.490895,-0.130039,-0.40702,-0.12277,0.493345,0.161695,-1.0
-0.218969,-0.656733,-0.034895,0.340742,0.999895,0.974103,0.466627,0.814,0.2403,0.30777,-0.282878,-0.453184,0.30777,0.478074,-0.927917
0.689267,0.1722,0.701433,-0.059888,-0.87838,0.163609,0.206012,0.694275,-0.18316,0.074465,0.81903,-0.02917,-0.565085,0.046534,-0.988299
0.136842,-0.184458,0.346567,0.604639,0.060446,0.750967,0.018428,0.426212,0.035807,-0.004812,0.160851,-1.0,0.070128,0.482602,-1.0
0.55156,-0.384059,0.735755,0.606595,-0.072153,-0.514816,0.191987,0.590045,-0.129938,-0.129914,0.808582,0.195763,-0.530987,-0.091234,-0.964632
-0.446587,0.129018,0.796962,-0.521935,-0.354724,0.887918,0.386238,0.893918,-0.070957,0.360079,-0.12577,-0.685434,0.064068,0.487631,-1.0
-0.869347,-0.537427,0.364105,0.963296,-0.633793,0.08485,0.506541,0.632426,-0.38997,0.019646,-0.104098,-0.357656,0.222319,0.461882,-0.979208
0.960913,-0.525688,0.651559,0.587412,-0.866792,0.165684,0.439728,0.217726,-0.31297,0.094151,0.502575,-0.197565,-0.446481,0.169422,-1.0
-0.939631,0.973775,-0.323104,0.371786,0.108466,0.235469,0.075926,0.7826,-0.040258,-0.088984,-0.727164,0.604034,0.381354,-0.263375,-0.983548
-0.919207,0.022913,0.807625,-0.845748,-0.873363,0.047763,0.932072,0.987147,-0.788567,0.007774,-0.128138,0.009197,0.51134,0.18711,-0.972304
0.98677,-0.216145,0.562747,0.085549,-0.145977,-0.294746,0.777717,0.217238,-0.260542,-0.569788,0.307376,-0.032876,-0.526483,0.061461,-0.948949
0.841922,0.740422,0.064885,-0.474745,-0.90041,0.605831,0.468939,0.6909,-0.388246,0.203579,0.621318,0.109616,-0.582773,-0.001341,-1.0
0.011843,0.954728,-0.234301,-0.326085,-0.088055,-0.597914,0.110368,0.511064,-0.030836,-0.130832,0.147562,0.866893,-0.09297,-0.502042,-1.0
-0.659284,-0.440431,0.340118,0.654269,0.216612,-0.025344,0.467507,0.163863,0.507441,-0.093607,-0.471984,-0.263204,0.52994,0.219439,-1.0
0.780681,-0.359129,-0.18724,-0.522121,0.24797,-0.209359,0.341396,0.758692,0.215935,-0.255359,0.600762,-0.213291,-0.546193,0.142978,-0.96937
-0.879557,0.743862,0.454878,0.73292,-0.130367,-0.076303,0.786664,0.648594,-0.534383,-0.275302,-0.254515,0.053679,0.321935,-0.354595,-1.0
-0.151162,0.586348,-0.71422,0.915579,0.418744,0.218601,0.895102,0.349961,0.719073,0.350471,-0.064562,0.023089,0.355266,-0.307637,-1.0
0.376317,0.315287,0.211874,0.328589,0.315714,-0.302502,0.300657,0.419507,0.117169,-0.22691,0.108248,0.651104,-0.065767,-0.500225,-0.994966
-0.575602,0.588985,0.706148,-0.434849,0.407893,0.467924,0.739356,0.753254,0.361605,0.504752,-0.323444,0.038794,0.480619,-0.090863,-1.0
0.511456,-0.012234,-0.510539,0.403689,-0.158363,-0.633396,0.419145,0.46884,-0.079969,-0.354172,0.536091,0.350445,-0.407941,-0.271344,-0.917875
0.034293,-0.245348,-0.160108,0.214122,0.577097,-0.454846,0.991571,0.246881,0.650496,-0.494994,-0.106711,0.036199,0.456691,-0.176006,-1.0
0.241658,0.387697,-0.499485,0.169923,0.971154,-0.161887,0.0825,0.701249,0.001216,-0.063965,-0.715343,0.49895,0.391373,-0.278296,-0.998813
-0.44009,-0.813462,-0.435326,-0.293738,0.204806,-0.532679,0.371605,0.717211,0.043446,-0.283173,-0.592626,-0.165041,0.398625,0.149216,-0.951153
-0.875571,-0.621265,-0.348889,-0.086464,0.766413,-0.670263,0.668721,0.648574,0.462224,-0.359539,-0.373388,0.044276,0.419181,-0.086542,-1.0
-0.591122,0.26739,-0.321313,0.924802,0.24491,0.862351,0.259536,0.362241,0.096549,0.125779,-0.612404,-0.485965,0.433802,0.269769,-1.0
0.76112,0.520895,0.118291,-0.817978,-0.903358,0.526954,0.942327,0.110106,-0.689765,0.369172,0.063775,0.041132,-0.532077,0.032575,-0.997465
0.887039,0.699784,0.265332,0.167768,0.650661,0.403852,0.684347,0.59911,0.422216,0.275984,0.212469,0.265069,-0.267815,-0.433012,-0.995128
-0.197599,0.300541,-0.202668,0.140077,-0.592427,-0.757736,0.760605,0.24613,-0.510942,-0.476538,0.091564,0.181168,-0.164778,-0.456144,-1.0
0.547837,0.702883,-0.608469,0.947566,-0.185985,0.753687,0.907872,0.398518,-0.178951,0.72748,0.038577,-0.069214,-0.536833,0.020027,-0.931526
-0.870339,0.965824,0.402362,-0.660026,0.578199,-0.573313,0.370963,0.192303,0.257586,-0.20717,-0.508664,0.495746,0.291307,-0.343096,-0.985715
-0.079612,0.014985,-0.82353,-0.304274,0.50744,0.917057,0.740663,0.515048,0.291747,0.383462,-0.16149,-0.165856,0.358175,0.380451,-0.974333
0.700253,0.588901,-0.592803,0.685689,0.979327,0.864418,0.192013,0.820142,0.019106,0.117611,-0.545121,-0.615897,0.302963,0.298347,-0.965119
0.242952,0.770032,0.438908,0.001037,0.518111,0.28249,0.996264,0.803749,0.739033,0.333038,-0.013628,0.057807,0.315034,-0.451537,-0.946279
-0.828668,-0.944311,-0.961723,-0.36903,-0.980596,0.896194,0.290687,0.678699,-0.241955,0.097579,0.037757,-0.770204,-0.080997,0.506289,-0.935384
-0.420022,-0.210422,-0.843089,-0.56372,0.950166,-0.319727,0.87566,0.755078,0.630468,-0.179522,-0.044048,0.031212,0.511294,-0.064931,-0.960284
0.85665,-0.863748,0.294536,-0.724762,0.339588,-0.199971,0.484996,0.635643,0.258491,-0.203149,0.373338,-0.447675,-0.338862,0.367672,-0.957819
-0.342994,-0.188027,-0.555623,0.706216,0.99648,0.683601,0.278045,0.969932,0.185192,0.138769,-0.637467,-0.359599,0.504262,0.43548,-0.943331
-0.334886,-0.340358,0.681459,-0.889532,-0.590264,-0.508185,0.490018,0.770056,-0.247736,-0.237524,0.346927,0.23813,-0.36554,-0.237305,-0.973464
-0.903456,0.584975,0.358799,0.544664,0.440628,0.891566,0.072316,0.613547,0.073073,0.14321,-0.905229,-0.205808,0.540715,0.085886,-0.867174
-0.865689,-0.933232,-0.114105,-0.460616,0.717717,0.442522,0.165603,0.776533,0.039914,0.197933,-0.693418,-0.46703,0.416259,0.323868,-0.972939
-0.023139,-0.851132,0.231831,0.210875,0.133605,0.565119,0.089139,0.604015,0.09971,0.042416,-0.042524,-0.83186,0.135881,0.44962,-1.0
-0.842943,-0.199553,-0.958262,0.402259,-0.923838,0.158688,0.276663,0.248118,-0.253319,0.041274,0.13426,-0.722724,-0.092954,0.474853,-1.0
-0.603541,-0.464142,0.988793,-0.667787,-0.895147,0.180502,0.790298,0.39757,-0.602372,0.001567,0.050962,-0.29726,-0.264715,0.430674,-0.983191
0.107842,-0.598739,-0.614847,0.572807,0.141358,0.31288,0.769812,0.918433,0.190611,0.685941,-0.068369,-0.239748,-0.05875,0.537699,-1.0
-0.303406,-0.457292,-0.919919,0.115091,0.886722,0.893287,0.450511,0.346732,0.235793,0.335467,-0.358666,-0.521313,0.298597,0.380258,-1.0
-0.902063,-0.814551,-0.985114,0.06469,0.720769,0.893145,0.115867,0.025501,0.069039,0.113085,-0.628018,-0.634536,0.343055,0.330566,-0.867474
-0.103303,-0.488015,-0.924462,0.913841,0.562679,-0.967127,0.221414,0.390749,0.085291,-0.235024,-0.608394,0.473666,0.393398,-0.282026,-1.0
0.781594,-0.891149,0.987542,-0.130812,-0.701978,0.020159,0.991775,0.571951,-0.769536,0.058932,0.010337,0.007193,-0.333196,0.274034,-0.969524
-0.476272,0.509641,0.046926,-0.75127,0.583396,-0.170288,0.618406,0.94658,0.438038,-0.051253,-0.228937,0.095787,0.308524,-0.282365,-0.992481
-0.914887,0.287184,-0.817039,-0.211026,0.626417,-0.122506,0.295023,0.593547,0.264539,-0.070685,-0.75176,0.214797,0.469249,-0.145672,-0.907652
0.348634,0.928933,-0.728974,0.788484,-0.316205,0.144763,0.83877,0.917411,-0.508417,0.225508,0.095846,0.159729,-0.224949,-0.335741,-0.990842
0.750134,-0.024369,0.467722,-0.163067,0.70037,0.1898,0.315647,0.50861,0.289113,0.06886,0.049894,-0.71988,-0.099508,0.502165,-1.0
-0.421012,0.148126,-0.783174,0.50319,-0.215868,0.180389,0.609693,0.727577,-0.437069,0.335251,-0.42301,-0.054788,0.424259,0.065449,-0.98064
-0.974294,-0.876611,0.337057,0.999087,-0.563453,0.691576,0.641623,0.649285,-0.310291,0.337004,-0.097175,-0.447407,0.133055,0.541157,-1.0
0.399873,0.817174,-0.113721,-0.741661,-0.395541,0.755603,0.4021,0.801939,-0.151533,0.242378,0.58174,0.025004,-0.483851,-0.097691,-1.0
-0.39696,-0.774164,-0.353924,0.241339,0.417832,-0.189501,0.373637,0.867754,0.22427,-0.03502,-0.569957,-0.458047,0.416892,0.280324,-0.992662
0.268469,-0.778114,0.225545,-0.994467,-0.31726,0.943712,0.841225,0.770215,-0.216942,0.626815,0.100024,-0.108985,-0.178949,0.467916,-1.0
-0.921683,-0.720848,-0.044605,0.489242,-0.086272,0.403616,0.669201,0.662946,-0.112965,0.473544,-0.153061,-0.271881,0.306386,0.408922,-0.954551
-0.02997,0.483703,0.839571,0.62996,0.589164,-0.631349,0.122938,0.419409,0.014253,-0.135595,-0.483343,0.766852,0.209088,-0.420326,-1.0
0.11274,0.781471,0.742806,0.920044,-0.720923,-0.113601,0.30096,0.391425,-0.226062,-0.019628,0.446663,0.612573,-0.398845,-0.405708,-1.0
-0.54147,0.874394,-0.034949,-0.104585,-0.761797,0.186061,0.693305,0.200242,-0.552157,0.131969,0.084993,0.318285,-0.090968,-0.4217,-0.997409
0.04211,0.180727,-0.726075,0.488891,0.252329,0.297947,0.694444,0.10091,0.29984,0.452657,-0.27049,-0.103829,0.506568,0.278515,-1.0
0.951732,0.191703,-0.420602,-0.530714,-0.565752,0.89812,0.905531,0.456901,-0.328773,0.611513,0.101726,-0.023587,-0.368478,0.252978,-0.96592
0.059866,-0.639613,0.697353,0.447263,0.458124,0.924642,0.961018,0.590439,0.333605,0.682265,-0.11472,-0.011618,0.074219,0.598112,-1.0
-0.661531,-0.484674,-0.691643,0.089289,-0.305304,-0.844036,0.199123,0.768882,-0.118163,-0.194094,-0.6073,0.514749,0.343408,-0.326709,-1.0
0.815775,-0.17752,-0.732459,0.655263,0.380336,-0.781656,0.231995,0.846605,0.022725,-0.22244,0.376371,0.567796,-0.190079,-0.460171,-1.0
-0.251935,-0.738547,-0.451376,-0.957207,0.383539,0.623414,0.943309,0.791018,0.49342,0.639764,-0.01714,-0.006222,0.269637,0.496744,-0.972534
-0.192727,0.716132,0.236145,0.327217,0.163476,-0.966561,0.403452,0.206795,0.085513,-0.411887,-0.139421,0.561871,0.08464,-0.499479,-0.963338
0.153193,-0.6263,-0.522392,-0.451159,0.192482,-0.820859,0.939419,0.650736,0.202596,-0.76396,-0.029086,0.001985,0.071194,-0.461473,-1.0
-0.610151,0.710705,0.623425,-0.698349,-0.911343,0.260317,0.260114,0.884218,-0.142566,-0.041695,0.366652,0.69516,-0.197486,-0.335389,-1.0
-0.940287,-0.878233,-0.433178,-0.796652,-0.766922,-0.832838,0.246249,0.011487,-0.135627,-0.158036,-0.775666,-0.228421,0.411126,0.10859,-0.949586
-0.864486,0.480849,0.133165,0.874866,0.266281,-0.176511,0.778464,0.527984,0.578216,-0.383045,-0.174977,0.061123,0.399063,-0.235455,-1.0
-0.520074,0.271294,0.621812,0.938093,-0.234003,0.046466,0.41906,0.877029,-0.324536,0.005195,-0.413047,0.318598,0.40325,-0.249836,-1.0
0.959326,-0.697581,0.356535,-0.933734,-0.232495,-0.910295,0.909857,0.504538,-0.173158,-0.703419,0.045021,0.090267,-0.526345,-0.103186,-0.944196
0.768551,0.253355,0.975585,-0.533288,-0.373982,-0.262984,0.860664,0.114198,-0.466205,-0.428986,0.064111,0.097306,-0.42188,-0.215304,-1.0
-0.219597,-0.118662,0.170784,0.831112,0.151745,-0.110615,0.168829,0.986086,0.120322,-0.052724,-0.910788,-0.102392,0.566427,-0.020328,-0.890761
0.843841,0.927297,-0.590595,0.673946,0.567384,0.938753,0.19114,0.477808,0.126185,0.090942,0.864816,-0.026032,-0.498363,0.041788,-1.0
0.502243,-0.606191,0.910285,0.713856,-0.25434,-0.570296,0.380799,0.316053,-0.171118,-0.28732,0.62529,-0.160013,-0.506793,0.069876,-1.0
0.470457,-0.337962,0.185797,0.111862,0.263126,0.547737,0.891956,0.95428,0.334744,0.626562,0.06355,-0.05171,-0.125988,0.467164,-1.0
0.868725,0.596879,-0.709932,-0.561041,-0.201469,-0.408332,0.300463,0.923431,-0.186201,-0.159625,0.501549,0.456306,-0.328626,-0.290991,-0.945937
-0.670346,0.654056,-0.756965,-0.049288,0.500747,0.366895,0.078062,0.916738,-0.041117,0.015069,-0.83475,0.225742,0.389633,-0.102551,-0.93101
-0.566771,0.772691,0.981716,-0.469461,-0.354373,-0.292357,0.392825,0.864676,-0.272194,-0.205118,-0.193502,0.631121,0.024873,-0.463227,-1.0
0.422054,-0.23882,0.244226,0.965357,0.956847,-0.09717,0.410256,0.680782,0.354801,-0.152904,-0.46975,-0.218486,0.425295,0.159735,-0.985727
-0.44123,0.760146,-0.525313,0.378216,0.338039,-0.640196,0.462879,0.047797,0.176091,-0.354399,-0.19637,0.482853,0.305949,-0.394417,-0.970707
-0.92856,-0.108288,0.618395,-0.215599,-0.124742,-0.501381,0.028819,0.108257,0.027209,-0.026104,-0.884971,0.452486,0.49549,-0.184364,-0.970618
0.907537,-0.526893,0.083748,-0.307454,0.694028,0.220523,0.082954,0.09016,0.096454,0.013384,0.170202,-0.908518,-0.105978,0.549247,-0.861699
0.664013,-0.696646,-0.841103,0.476445,0.613923,0.40954,0.825527,0.046158,0.557356,0.340326,0.041471,-0.200759,-0.008448,0.533694,-1.0
-0.350183,0.155437,-0.139469,-0.623107,-0.949846,-0.537083,0.342325,0.062834,-0.26847,-0.13024,0.371108,0.485708,-0.319646,-0.266857,-1.0
0.102555,-0.721418,0.798054,-0.043179,0.586599,0.978868,0.129896,0.923615,0.162773,0.104782,-0.258913,-0.85909,0.112573,0.463833,-0.997125
-0.566258,0.562042,-0.394014,-0.889442,-0.860993,-0.642519,0.497392,0.849714,-0.395287,-0.232601,0.198778,0.498073,-0.130101,-0.493554,-1.0
0.714284,0.660751,0.828066,0.28413,0.836805,0.956619,0.804831,0.64065,0.503354,0.482107,-0.006094,-0.178638,0.190642,0.434097,-1.0
0.706004,-0.593026,0.535841,0.147231,0.197028,0.438757,0.739631,0.180451,0.256994,0.642642,0.049149,-0.259777,-0.16337,0.392946,-0.962653
-0.714891,-0.590532,0.947822,0.913115,-0.100978,0.284863,0.563547,0.755267,-0.14423,0.47156,-0.339526,-0.39476,0.26617,0.325697,-0.990089
-0.808292,0.687484,0.019783,0.237247,-0.616055,0.154996,0.412628,0.112089,-0.306304,0.091252,-0.164552,0.577098,0.10943,-0.512381,-0.997137
-0.110453,0.546129,0.935358,-0.002042,0.834109,0.453505,0.606166,0.314908,0.413491,0.271448,-0.410493,-0.025869,0.497658,0.002185,-1.0
-0.842993,0.774616,-0.911909,-0.164851,0.620269,-0.707944,0.030808,0.810852,0.047502,-0.025531,-0.805174,0.740222,0.341798,-0.332516,-0.985736
0.746236,-0.906253,0.228669,-0.429401,0.343545,0.329104,0.29983,0.056971,0.161387,0.127603,0.285229,-0.71576,-0.105141,0.52851,-1.0
-0.525903,-0.055255,-0.727117,-0.541738,-0.812903,-0.09121,0.293082,0.825454,-0.211326,-0.009592,0.728321,0.1341,-0.453545,-0.018078,-0.881438
-0.599392,0.541746,0.082019,-0.102001,-0.204772,-0.159683,0.366715,0.111279,-0.218269,-0.215591,-0.280033,0.587676,0.250568,-0.476789,-0.985115
-0.86679,-0.781203,-0.185957,-0.865698,0.650265,0.809536,0.912512,0.565427,0.469373,0.618189,-0.043145,-0.148618,0.311084,0.360061,-0.94948
0.316456,-0.11387,-0.338331,0.821645,0.249819,0.940035,0.790223,0.340269,0.135881,0.555042,0.042797,-0.206,0.023264,0.453849,-1.0
0.98377,-0.709112,0.077222,-0.144642,-0.294593,0.095511,0.272359,0.072529,-0.218499,0.123328,0.597191,-0.395326,-0.47436,0.254601,-1.0
-0.723933,0.946346,-0.115148,0.219948,0.378316,-0.492329,0.470657,0.147748,0.190921,-0.253986,-0.30305,0.424959,0.328408,-0.3866,-0.848997
0.259264,0.310622,0.974452,0.739412,0.022472,0.861255,0.251881,0.595926,-0.020991,0.230612,0.308311,-0.728824,-0.25973,0.532601,-1.0
0.423672,0.186522,-0.270119,-0.52998,-0.305991,0.125685,0.906319,0.734486,-0.668156,0.255545,0.046592,-0.092531,-0.511258,-0.01211,-1.0
0.469661,0.782862,0.563027,0.569325,0.641229,0.336643,0.819043,0.567531,0.613097,0.278427,-0.057805,0.202686,0.14847,-0.503618,-0.921209
-0.114871,0.251973,-0.352713,0.122762,0.251865,-0.68366,0.090193,0.609959,0.071353,-0.072041,-0.425358,0.874258,0.107649,-0.527137,-1.0
-0.781729,0.666222,-0.982164,-0.945106,-0.119536,-0.586839,0.630432,0.764587,-0.087771,-0.564901,-0.104772,0.360775,0.325585,-0.379792,-1.0
-0.276713,0.303263,-0.260679,0.224611,0.809452,0.782066,0.569163,0.794258,0.346564,0.317643,-0.431,-0.175391,0.410622,0.230656,-1.0
0.44516,-0.766135,-0.388074,0.961523,0.720768,-0.640426,0.057303,0.869339,0.074831,-0.068833,-0.83555,-0.406687,0.458191,0.247863,-0.954711
-0.449276,-0.855917,-0.728068,-0.234789,-0.568359,0.755134,0.274105,0.044709,-0.255236,0.200047,-0.021741,-0.710299,-0.094261,0.553319,-0.98881
0.209722,-0.579594,0.278488,0.672742,0.647199,0.34546,0.489429,0.501463,0.377699,0.270736,-0.174223,-0.513639,0.200026,0.503928,-1.0
-0.907098,-0.723812,0.002045,0.933481,-0.78613,-0.737941,0.092229,0.817214,-0.066246,-0.071096,-0.859821,0.163415,0.477146,-0.001638,-0.988127
0.688322,-0.300951,-0.588302,0.072235,0.048564,-0.979912,0.713159,0.04992,0.032069,-0.600381,0.204739,0.255181,-0.38681,-0.398916,-0.886115
0.953388,0.327867,-0.251597,0.743579,0.302444,0.669161,0.68317,0.490434,0.18926,0.526505,0.317742,-0.172433,-0.38383,0.342491,-0.954726
0.268317,0.033607,-0.497965,0.761471,0.862573,0.143719,0.243071,0.024541,0.129651,0.067201,-0.795217,-0.04571,0.402817,0.083644,-1.0
0.850525,-0.830761,-0.616402,-0.067862,0.271632,0.638809,0.10157,0.486537,0.083854,0.072334,0.337949,-0.912872,-0.234404,0.485219,-1.0
-0.384343,-0.279716,0.820881,0.386466,0.281748,0.91788,0.827634,0.368093,0.152768,0.671354,-0.071878,-0.174179,0.131386,0.383801,-1.0
0.790829,-0.279808,0.893992,0.534253,-0.488053,-0.71175,0.485021,0.309614,-0.109438,-0.324555,0.417116,0.172339,-0.442736,-0.176605,-0.936269
0.069993,0.361464,-0.939052,0.71508,-0.846294,0.983991,0.636818,0.623297,-0.33267,0.393364,0.286464,-0.17437,-0.442497,0.315286,-0.989559
-0.761781,-0.51526,-0.03866,0.897058,-0.405516,0.0468,0.438459,0.329818,-0.369343,0.050749,-0.304636,-0.417997,0.312262,0.411793,-1.0
-0.540396,0.336711,-0.736338,0.945085,0.539249,-0.087413,0.011288,0.851184,-0.040659,0.018252,-0.944078,0.291195,0.412515,-0.233743,-0.940656
-0.016721,-0.582334,0.65089,0.417463,-0.346364,0.326932,0.457684,0.292972,-0.288063,0.267078,0.15096,-0.427598,-0.130358,0.493482,-0.989741
-0.969789,-0.636396,-0.318481,0.201827,-0.474249,0.916794,0.274414,0.601128,-0.039705,0.235716,-0.265714,-0.657201,0.218363,0.433078,-0.928287
-0.269121,0.325053,0.66161,-0.619362,0.615173,0.365046,0.746939,0.905166,0.555231,0.316041,-0.302493,-0.055498,0.50462,-0.017183,-0.944987
-0.578213,0.600147,-0.256883,-0.974665,0.566525,-0.553509,0.19832,0.096122,0.131881,-0.121405,-0.540971,0.503781,0.35482,-0.396783,-0.938059
-0.664682,-0.505851,0.79363,0.787539,0.938631,-0.307467,0.949743,0.596951,0.641678,-0.197749,-0.084004,0.015294,0.490793,0.170521,-1.0
-0.306291,0.697631,-0.655254,0.176616,-0.666165,-0.973997,0.139704,0.033705,-0.163251,-0.143575,0.187309,0.846114,-0.117518,-0.504666,-0.964271
0.898816,-0.297812,0.594616,0.008835,0.403547,0.421631,0.926255,0.155875,0.483502,0.597596,0.049186,0.027923,-0.287679,0.31207,-1.0
0.089474,0.619213,-0.080686,0.255779,-0.655468,0.506405,0.072516,0.753208,-0.017712,0.08117,0.918609,0.153275,-0.459186,-0.156458,-1.0
0.114219,-0.862905,-0.735925,-0.11734,-0.73538,0.521242,0.646257,0.75983,-0.427825,0.221649,0.265314,-0.195148,-0.264317,0.500569,-0.970521
-0.582102,0.903707,-0.561383,-0.948288,0.840204,0.642365,0.299688,0.699581,0.210681,0.136825,-0.712669,0.083564,0.509399,-0.077264,-1.0
-0.12288,0.119352,0.270789,0.755862,-0.26076,-0.970453,0.244586,0.316237,0.031634,-0.272475,0.061474,0.779526,-0.131612,-0.466527,-0.985497
0.014454,0.796963,-0.172186,0.704732,-0.53303,0.828179,0.563714,0.824921,-0.219912,0.369619,0.387274,-0.043647,-0.533378,0.011055,-0.989255
0.490078,-0.409616,-0.265298,0.516719,-0.059678,-0.647656,0.335081,0.997368,0.002535,-0.210838,0.558667,0.334049,-0.549629,-0.177938,-0.97557
-0.971405,-0.448366,0.815984,-0.246406,-0.676608,-0.231854,0.457731,0.794604,-0.399175,-0.107545,-0.490284,-0.312956,0.466919,0.271076,-1.0
0.641872,-0.099434,0.804845,-0.166995,0.380158,0.229719,0.871197,0.789991,0.564948,0.336525,0.070303,-0.097977,-0.280915,0.369076,-1.0
-0.865961,-0.220589,-0.817188,0.795747,0.690148,-0.005205,0.993502,0.671399,0.859952,-0.008304,-0.1195,0.025427,0.535775,-0.016094,-1.0
-0.753692,0.636345,-0.766584,-0.261043,-0.526565,0.498703,0.483891,0.400292,-0.284809,0.295058,-0.382349,0.197595,0.433639,-0.213709,-1.0
-0.055785,0.152209,-0.570179,-0.917944,-0.522492,-0.374765,0.71522,0.108173,-0.41707,-0.305801,0.234666,0.241876,-0.264135,-0.391549,-0.992443
-0.72184,0.616103,-0.491633,0.734131,0.742276,0.809583,0.299134,0.826919,0.172609,0.156511,-0.664435,-0.180919,0.485786,0.13101,-1.0
-0.381563,-0.597706,0.571919,0.219288,0.075205,-0.932635,0.55194,0.83184,-0.037407,-0.481495,-0.342012,0.28982,0.531054,-0.337817,-0.972545
-0.348737,-0.707976,0.860719,0.53975,-0.75266,-0.693079,0.695496,0.82286,-0.488472,-0.380453,0.377138,-0.102561,-0.50185,0.011638,-0.980536
-0.280226,-0.457325,-0.168081,-0.798867,0.993392,0.670046,0.451728,0.994791,0.315102,0.182524,-0.351987,-0.270117,0.511372,0.402109,-0.974288
0.061788,0.630537,0.483289,-0.525145,0.658146,0.071333,0.032839,0.676555,0.07389,-0.017453,-0.715513,0.642318,0.325809,-0.365623,-0.929641
0.843872,-0.178534,0.652516,-0.01128,0.551279,-0.055768,0.159115,0.350595,0.101678,-0.001122,0.703959,-0.329438,-0.489343,0.230994,-1.0
0.154045,-0.931125,-0.520558,0.117386,-0.901127,-0.493256,0.33995,0.421924,-0.211714,-0.149681,0.606994,-0.215153,-0.459708,0.232265,-0.994471
-0.218359,-0.558058,-0.233103,-0.96409,0.060337,-0.432196,0.558682,0.987296,0.025438,-0.390464,-0.415789,-0.106928,0.377031,0.251072,-0.948323
-0.373623,0.13535,0.039291,0.72964,0.648291,0.705946,0.182305,0.820836,0.133555,0.028769,-0.701482,-0.427298,0.440293,0.186539,-0.999055
0.770818,0.640731,-0.724149,0.464464,-0.488499,-0.623309,0.897319,0.783111,-0.420638,-0.587134,0.075244,-0.035254,-0.373241,-0.31516,-0.921589
-0.213763,0.681112,0.306481,0.230792,-0.286701,-0.570213,0.813622,0.646188,-0.303911,-0.599367,0.066356,0.227137,-0.007543,-0.436857,-0.91433
0.061292,-0.822095,-0.254222,-0.006949,0.154647,0.340058,0.327488,0.464535,0.079961,0.239035,0.025533,-0.691039,0.113967,0.435813,-0.971969
0.723729,0.066458,0.681547,-0.493729,0.198266,-0.673412,0.253095,0.934817,0.086805,-0.306878,0.43358,0.597031,-0.285393,-0.376142,-1.0
0.618434,0.359366,-0.735122,-0.663556,-0.136591,0.735526,0.359305,0.853567,-0.073626,0.315559,0.553247,-0.290931,-0.435311,0.234951,-1.0
0.484839,0.271421,-0.710036,0.827243,-0.343265,0.98922,0.727857,0.840833,-0.184958,0.494451,0.210219,-0.1093,-0.35764,0.35568,-0.933222
-0.159682,-0.380722,0.874347,-0.011278,0.704262,0.800387,0.669606,0.674251,0.342333,0.40276,-0.274189,-0.238019,0.29223,0.396606,-1.0
0.571298,0.224367,0.934343,-0.863259,0.913964,-0.252812,0.371637,0.930537,0.243868,-0.088257,-0.334803,0.431045,0.271192,-0.500364,-0.978483
-0.211128,-0.194708,0.119323,-0.815721,0.413377,0.95009,0.617403,0.329515,0.172828,0.45603,-0.316007,-0.296293,0.225637,0.404198,-1.0
0.432723,0.25618,0.052909,-0.571068,-0.520784,-0.494645,0.563911,0.609419,-0.279944,-0.365297,0.398288,0.248891,-0.397103,-0.335606,-0.947199
0.372711,-0.714439,0.387263,-0.977283,0.220625,0.705055,0.337958,0.21826,0.148802,0.184805,0.109877,-0.660792,-0.109217,0.569722,-1.0
0.715097,-0.883076,0.743843,0.836639,-0.367405,0.867941,0.708305,0.41936,-0.268767,0.53187,0.208278,-0.223243,-0.24722,0.375081,-1.0
0.820849,0.318668,0.420626,0.581974,0.428585,-0.324524,0.401807,0.799238,0.215497,-0.147572,0.233634,0.484168,-0.228078,-0.372007,-1.0
-0.906937,0.329047,-0.816449,0.840143,-0.810588,0.637305,0.418824,0.346611,-0.254367,0.170451,-0.214194,-0.501801,0.106292,0.504327,-0.941703
0.522121,-0.176498,0.875475,0.512449,-0.118768,-0.016899,0.242338,0.639379,-0.236027,-0.037836,0.71631,-0.173265,-0.413577,0.109982,-1.0
-0.098136,-0.568197,0.096355,0.015878,0.128106,0.480914,0.296848,0.978816,0.094419,0.317134,-0.18905,-0.665274,-0.004882,0.458403,-1.0
0.914865,-0.460562,-0.784235,0.128806,0.927933,0.895785,0.659231,0.806208,0.431504,0.298188,0.06297,-0.379061,0.072645,0.566535,-0.972535
0.410119,0.996924,-0.442568,-0.705963,0.55321,-0.966481,0.503484,0.982373,0.178734,-0.373896,-0.150519,0.530218,0.08689,-0.494722,-0.920785
-0.746694,0.859517,-0.657803,-0.934163,-0.975508,-0.416001,0.136824,0.665036,-0.118048,-0.082738,0.189782,0.809078,-0.07698,-0.491356,-1.0
0.215677,0.165955,-0.408137,0.472423,-0.177512,-0.113736,0.452661,0.763841,-0.381679,-0.179745,0.533692,0.353678,-0.423094,-0.362296,-1.0
-0.578071,0.974439,0.859499,0.252362,-0.360891,-0.171941,0.785662,0.090456,-0.521733,-0.153969,-0.081281,0.189033,0.154642,-0.442288,-1.0
-0.21481,0.917684,-0.675395,0.137381,-0.340311,-0.755874,0.622765,0.058015,-0.2032,-0.399034,0.098103,0.295967,0.016648,-0.484759,-1.0
0.91283,0.806635,-0.625401,0.498306,-0.674261,-0.496247,0.260393,0.237559,-0.187333,-0.138867,0.452298,0.421364,-0.300816,-0.368174,-0.981532
-0.327116,-0.952023,0.972173,0.199179,0.306386,0.192466,0.851594,0.584263,0.659368,0.388883,-0.1061,-0.160047,0.234722,0.386758,-0.907926
0.746312,-0.999377,-0.565832,-0.500183,0.40385,-0.056742,0.764153,0.637396,0.637349,-0.061531,0.090541,-0.250517,-0.129168,0.369451,-1.0
-0.567315,0.98899,-0.678411,0.610225,0.840052,-0.627742,0.086256,0.499647,0.082372,-0.098179,-0.589399,0.61666,0.26286,-0.441344,-0.916309
-0.072208,-0.472541,-0.464959,-0.305873,0.305592,-0.878875,0.655533,0.639978,0.125021,-0.454903,-0.191764,0.196816,0.332889,-0.363679,-1.0
-0.602008,-0.009358,0.092343,0.210612,0.832634,-0.697251,0.111732,0.520565,0.02849,-0.076991,-0.787002,0.408276,0.428956,-0.249723,-0.99303
-0.98392,0.554538,0.080036,-0.083421,-0.783655,0.966865,0.560557,0.12663,-0.254909,0.293514,-0.226081,-0.394061,0.21602,0.426657,-0.967687
-0.714477,0.254307,-0.909005,0.043278,0.290027,-0.694997,0.891504,0.746783,0.283732,-0.621005,-0.050893,0.104611,0.39323,-0.353853,-0.99064
-0.578742,-0.397261,0.626341,0.268029,-0.540689,0.847158,0.324358,0.852465,-0.092082,0.194285,0.018025,-0.574289,6.1e-05,0.497803,-1.0
-0.290762,0.917218,0.917367,0.853728,0.424015,-0.848652,0.035612,0.888763,-0.002799,-0.084609,-0.361868,0.863011,0.136947,-0.382854,-1.0
0.81092,0.607166,0.58173,-0.671706,-0.794598,-0.758792,0.076263,0.2395,-0.041874,0.009321,0.641524,0.652943,-0.323461,-0.337127,-0.997694
0.740906,-0.355003,-0.431604,-0.154005,0.474701,-0.923603,0.04553,0.147657,-0.083869,-0.151483,0.366862,0.850678,-0.238244,-0.473836,-0.991702
-0.616936,0.746013,0.873734,-0.167218,0.769309,0.958269,0.793366,0.979817,0.440073,0.492003,-0.290503,-0.033284,0.507553,0.166006,-0.961285
0.576213,-0.053674,0.509871,-0.018566,0.60318,-0.96166,0.588332,0.049044,0.261651,-0.357506,-0.024191,0.474488,0.018928,-0.460061,-0.988854
0.970488,0.643338,-0.600349,0.481975,-0.743948,-0.472003,0.074658,0.795351,-0.067343,-0.127045,0.776936,0.525828,-0.484493,-0.218058,-0.988276
-0.633541,0.723978,-0.263775,0.912565,-0.99114,0.766743,0.01336,0.262554,0.033988,-0.026509,0.934797,-0.115496,-0.591579,0.0596,-1.0
-0.302692,-0.647884,0.12364,-0.738984,-0.287585,0.579546,0.369238,0.412124,-0.199658,0.274434,0.03581,-0.55351,0.019112,0.513594,-0.975971
-0.003875,0.932753,0.229533,0.294228,-0.155655,-0.786674,0.322106,0.727171,-0.038037,-0.262133,0.094399,0.707139,-0.080495,-0.557738,-1.0
-0.016916,-0.327627,0.724173,0.265022,0.37121,0.290053,0.769044,0.260459,0.500833,0.488212,-0.116563,-0.200252,0.311391,0.462849,-1.0
-0.316525,0.975561,-0.002478,0.999374,-0.885886,-0.420018,0.015357,0.416451,-0.075237,-0.003213,0.265565,1.0,-0.194584,-0.541276,-0.983239
-0.414872,-0.780755,-0.50255,0.732584,-0.736994,0.052109,0.305653,0.661654,-0.235876,0.038502,0.250488,-0.686393,-0.063916,0.444688,-1.0
0.924304,-0.042304,-0.325743,-0.603811,-0.176051,0.813182,0.488137,0.033695,-0.063118,0.37184,0.391675,-0.331247,-0.453925,0.258566,-1.0
-0.848605,0.628889,0.27606,0.458426,-0.070662,0.445856,0.461759,0.628228,-0.150299,0.335842,-0.539272,0.10205,0.537777,-0.114406,-1.0
0.693155,-0.565913,0.280969,0.848163,-0.786132,-0.158599,0.878635,0.9798,-0.715738,-0.167495,0.072886,-0.084129,-0.516926,0.089971,-0.92339
0.744326,0.278598,-0.696604,-0.830729,0.470993,-0.734795,0.485507,0.288508,0.156055,-0.276344,0.116268,0.479977,-0.103686,-0.455133,-1.0
0.603035,-0.364031,-0.2354,0.659439,-0.534927,0.90676,0.253811,0.213154,-0.185567,0.165492,0.43728,-0.607533,-0.20239,0.401169,-0.997195
-0.246961,-0.471115,0.105705,0.039952,0.342019,-0.85633,0.633023,0.428601,0.146101,-0.453823,-0.323328,0.218464,0.386646,-0.321388,-0.910467
-0.919824,-0.920255,0.402308,0.424327,0.810011,0.438922,0.345881,0.275987,0.248489,0.165923,-0.507574,-0.410677,0.315569,0.177549,-0.987268
-0.518655,-0.476736,0.170736,0.697484,-0.813861,-0.128968,0.685312,0.36421,-0.571515,-0.137638,0.112254,-0.241246,-0.411324,0.342116,-0.972383
0.220794,-0.20721,-0.113268,-0.840246,0.799341,0.256914,0.567612,0.738398,0.464506,0.131039,-0.30235,-0.264008,0.456326,0.375943,-1.0
-0.820565,0.684747,0.484191,-0.645026,-0.626401,-0.862913,0.672752,0.499289,-0.271964,-0.428946,-0.086976,0.302052,0.05694,-0.463934,-0.936358
0.018755,0.214845,-0.248942,0.048852,0.009223,0.184819,0.013676,0.107163,-0.046215,-0.055089,0.293657,0.947319,-0.137814,-0.428979,-0.926707
-0.150291,0.1367,0.994442,0.843472,0.59537,0.016451,0.712435,0.566984,0.514729,0.075458,-0.220755,0.136522,0.511563,-0.125526,-0.856888
-0.300147,-0.789244,-0.785677,-0.253044,0.886766,-0.408068,0.817417,0.674655,0.630444,-0.357162,-0.09426,-0.052887,0.49213,0.105325,-0.943589
-0.444525,-0.011417,-0.798382,-0.304174,0.085879,-0.742998,0.963956,0.077145,0.143777,-0.742844,-0.175045,-0.046809,0.268287,-0.386651,-1.0
0.863306,0.67855,-0.726061,0.168528,0.2298,-0.489732,0.794401,0.118771,0.269594,-0.550687,0.130727,0.309241,-0.301698,-0.514089,-1.0
0.434716,0.139228,0.769636,0.22939,0.917883,0.149753,0.247428,0.680934,0.190459,0.037009,-0.76249,0.00256,0.468541,-0.011667,-0.901297
0.669344,-0.419611,-0.449231,-0.100777,-0.973819,0.827659,0.645072,0.294497,-0.458428,0.317859,0.337919,-0.284066,-0.36311,0.298732,-0.991739
0.427281,0.060939,-0.911782,0.683451,0.694502,-0.135315,0.252889,0.869057,0.322707,-0.024753,-0.625664,0.458455,0.404426,-0.287321,-0.985162
-0.8654,-0.812448,0.395603,0.867831,-0.234846,0.594237,0.09097,0.996465,-0.030883,0.052444,-0.343187,-0.824386,0.225457,0.3831,-0.974999
0.605553,-0.015023,0.427598,0.777441,0.28773,0.878071,0.419538,0.330176,0.048489,0.299058,0.112471,-0.532858,-0.202812,0.472327,-1.0
0.038465,-0.186188,0.219691,-0.649931,0.058459,-0.689838,0.45343,0.220746,0.020955,-0.293972,0.086913,0.551364,-0.039445,-0.456937,-0.89014
-0.798169,-0.755232,-0.999871,-0.509069,-0.302514,-0.824993,0.205385,0.342349,-0.093668,-0.083395,-0.765626,0.077908,0.60583,-0.098773,-0.913759
-0.34691,-0.038022,0.416411,-0.227484,-0.388532,-0.150526,0.410368,0.432581,-0.368142,-0.160363,0.155163,0.507894,-0.214463,-0.443552,-1.0
0.686975,0.07661,0.296398,-0.169318,0.586694,-0.887502,0.8089,0.1818,0.34744,-0.611162,-0.046233,0.182849,-0.060786,-0.478589,-1.0
0.862927,0.928168,0.611879,0.499344,0.875528,0.448513,0.661955,0.858909,0.525556,0.215238,-0.055041,0.330105,0.041758,-0.447038,-1.0
0.392193,-0.867249,0.050156,0.012362,-0.980504,0.670292,0.405559,0.540274,-0.290448,0.197877,0.391219,-0.452602,-0.301549,0.42677,-0.87548
0.461725,-0.154504,0.375034,0.714544,0.367734,0.863844,0.98618,0.660643,0.184468,0.655297,0.029869,-0.065531,-0.052969,0.551624,-0.97643
0.538873,0.377745,0.1373,0.216722,-0.785449,-0.611166,0.022413,0.018501,-0.037928,0.012885,0.691894,0.561087,-0.280946,-0.300092,-0.984992
0.434007,0.667554,-0.388773,0.442188,0.374375,-0.465971,0.32468,0.357867,0.111687,-0.20648,0.071539,0.685509,-0.101635,-0.467152,-0.928114
0.631774,0.19274,-0.366478,0.361839,0.382028,0.759599,0.685807,0.986917,0.364747,0.544479,0.125399,-0.305068,-0.18258,0.410922,-1.0
-0.385188,0.085194,-0.475687,0.970965,-0.654161,-0.480978,0.878328,0.240954,-0.578207,-0.361112,0.060934,0.011613,-0.155867,-0.500155,-1.0
0.816193,0.077797,-0.150482,0.945336,-0.126904,-0.844816,0.199585,0.582445,-0.089798,-0.174334,0.606884,0.600999,-0.437488,-0.397153,-0.9365
0.104327,0.601301,-0.080918,0.514546,-0.642748,0.696197,0.766465,0.801599,-0.432707,0.453221,0.205527,0.008026,-0.597817,0.111793,-0.993743
-0.875838,-0.19158,0.518288,-0.491797,0.66743,0.334528,0.906833,0.021575,0.656651,0.353984,0.023931,-0.005149,0.501868,0.133593,-1.0
0.195855,-0.140375,0.1018,0.503921,0.656886,-0.356428,0.10083,0.130726,0.111751,-0.006885,-0.802686,0.399574,0.440516,-0.14645,-1.0
0.017044,-0.449406,0.107826,0.024487,-0.436546,0.158383,0.547484,0.670017,-0.408085,0.203087,0.233548,-0.449654,-0.33126,0.30983,-1.0
0.50809,0.481011,-0.319275,-0.696723,-0.905959,0.12786,0.535559,0.354487,-0.366596,0.066121,0.44358,0.112778,-0.482322,-0.145857,-1.0
-0.259537,-0.007031,0.934636,0.058374,0.089472,0.607738,0.501836,0.852636,0.035767,0.411241,-0.345708,-0.502915,0.3288,0.426088,-1.0
0.55022,0.640972,-0.031942,0.571242,-0.362141,0.985875,0.805458,0.621716,-0.264911,0.679131,0.211424,-0.137771,-0.419319,0.237143,-1.0
0.819998,-0.321945,-0.896044,0.541874,0.935964,0.779954,0.127279,0.240747,0.122517,0.14366,-0.076159,-0.867577,0.019479,0.438155,-1.0
0.607884,-0.77289,0.668703,-0.211449,0.930739,0.998471,0.878161,0.109318,0.526394,0.553073,-0.014876,-0.13923,0.042856,0.471711,-1.0
-0.304714,-0.982464,-0.394415,-0.02027,0.88107,0.924655,0.216201,0.672565,0.196229,0.149289,-0.356563,-0.597969,0.22961,0.443463,-1.0
-0.436864,0.694865,0.140522,0.260802,0.576994,-0.833229,0.970755,0.524483,0.453364,-0.632945,0.05828,0.085009,0.342748,-0.497725,-0.949066
-0.07893,-0.992601,0.627396,-0.897847,0.453331,0.975029,0.098876,0.8833,0.013991,0.1653,-0.084164,-0.879237,0.113147,0.560372,-0.993895
0.384243,-0.11375,0.615902,-0.270677,-0.953167,0.627981,0.545881,0.284551,-0.366433,0.220087,0.418921,-0.196409,-0.460991,0.161182,-1.0
-0.25407,-0.588237,0.452434,0.842026,0.783207,-0.142135,0.817414,0.403932,0.589201,-0.024981,-0.086309,-0.153892,0.438466,0.225678,-1.0
-0.601477,0.70341,0.282339,0.399031,-0.006239,-0.321931,0.368916,0.00962,0.028885,-0.439491,-0.29023,0.497469,0.232758,-0.340076,-0.943813
-0.558834,0.006564,0.886301,-0.447931,0.539598,0.631974,0.114561,0.618461,0.085534,0.04891,-0.71722,-0.375381,0.496743,0.293,-1.0
-0.612603,0.953531,0.171652,0.682416,0.144457,-0.249021,0.471189,0.263699,0.209661,-0.358125,-0.274799,0.48681,0.257977,-0.395744,-0.873896
-0.864869,-0.899162,-0.072353,0.465744,0.924984,-0.438437,0.49997,0.186743,0.346685,-0.201455,-0.380293,-0.123184,0.427497,0.094017,-0.975701
-0.656316,0.76192,-0.847886,0.66037,-0.655487,0.186246,0.664179,0.985625,-0.404728,0.207118,-0.116649,0.294019,0.039669,-0.495397,-0.948529
-0.082658,-0.819046,0.318886,-0.339922,-0.536395,-0.776633,0.725253,0.217428,-0.406661,-0.624051,0.324418,-0.120106,-0.475126,0.139383,-0.959965
0.58255,-0.467302,0.194364,0.019605,-0.356076,-0.103283,0.672278,0.780831,-0.549873,-0.032034,0.270406,-0.168822,-0.505878,0.219839,-0.959488
-0.798141,0.034724,-0.505215,-0.066417,0.737227,0.674243,0.694735,0.293336,0.305829,0.365019,-0.230167,-0.013476,0.53,0.274556,-0.900347
0.724916,-0.46236,-0.045146,-0.576079,0.001214,-0.468979,0.009471,0.554263,0.017901,0.067055,1.0,-0.06463,-0.489066,0.031579,-0.988736
-0.541939,0.324488,-0.458399,0.260798,0.83506,0.400745,0.218551,0.36029,0.150557,0.110713,-0.819757,-0.111281,0.530347,0.034169,-0.986648
-0.017089,0.973481,-0.369565,-0.450577,-0.859914,-0.377336,0.503954,0.071946,-0.284256,-0.133963,0.247756,0.344734,-0.354115,-0.395249,-1.0
-0.988191,-0.509001,0.393935,-0.458709,0.472027,0.471676,0.459837,0.898566,0.209115,0.260212,-0.422389,-0.308929,0.441609,0.351919,-1.0
0.859078,-0.313719,-0.226528,0.004215,0.708135,-0.395184,0.064026,0.481152,0.098495,-0.006949,0.797916,0.503919,-0.408652,-0.178282,-1.0
0.818175,-0.692379,-0.711234,-0.833266,0.517096,0.297273,0.182304,0.349486,0.115574,0.066714,0.160207,-0.793037,-0.163195,0.404209,-1.0
0.70205,-0.835951,-0.384147,0.78864,-0.937837,-0.269192,0.10797,0.502219,-0.099594,0.005903,0.83024,-0.245856,-0.454124,0.161891,-0.961497
-0.127268,-0.945395,-0.472777,0.751953,0.762414,0.492798,0.281551,0.326377,0.314888,0.174659,-0.394035,-0.52375,0.301998,0.366369,-1.0
0.612745,-0.277328,-0.134699,-0.160008,0.889358,0.926759,0.916402,0.71427,0.456478,0.537546,-0.076236,-0.062828,0.02958,0.534507,-1.0
-0.862921,0.208255,0.609106,0.7202,0.704464,0.330136,0.779581,0.18437,0.577236,0.307435,-0.203299,-0.038421,0.601561,0.167741,-0.974286
0.028558,-0.003164,0.098829,-0.346944,0.435942,0.030246,0.807533,0.401885,0.580886,-0.028761,-0.248684,0.073804,0.518731,0.107706,-0.986633
0.208936,0.349357,-0.303648,-0.916272,0.573648,0.420794,0.965603,0.046461,0.525892,0.442113,-0.011588,-0.070408,0.522747,0.045653,-0.983533
-0.954879,-0.407013,-0.363745,0.108994,-0.536674,-0.997906,0.570387,0.43262,-0.198309,-0.343691,-0.275638,0.301474,0.267929,-0.455005,-1.0
-0.943012,-0.9182,0.487193,-0.642033,0.961132,-0.077002,0.317877,0.492325,0.231865,0.008841,-0.662174,-0.225251,0.433983,0.2116,-0.978925
0.269132,-0.624906,-0.297612,0.289917,-0.445365,0.68658,0.855843,0.898745,-0.293271,0.601546,0.104704,-0.143737,-0.304488,0.485843,-0.963202
-0.712225,0.281993,0.593821,-0.441754,0.051728,-0.600822,0.555086,0.119966,0.033197,-0.567313,-0.312522,0.42066,0.345883,-0.367894,-1.0
-0.726257,-0.972484,0.975854,0.384676,0.591749,-0.532541,0.472325,0.773164,0.350421,-0.214443,-0.520195,-0.193281,0.472134,0.207125,-1.0
-0.748044,0.750739,-0.374034,-0.337162,-0.820858,-0.50497,0.470392,0.995343,-0.25852,-0.181973,0.070871,0.55768,-0.05715,-0.427651,-1.0
-0.521539,-0.646164,0.657507,-0.829054,-0.618386,-0.10668,0.727902,0.017979,-0.595872,-0.135,0.061273,-0.217661,-0.055862,0.446779,-1.0
-0.000509,-0.115222,-0.519505,-0.001214,0.958025,-0.935095,0.740321,0.507961,0.415877,-0.3907,-0.205068,0.178749,0.388581,-0.267494,-1.0
0.99,-0.614882,0.185844,0.241644,-0.033669,0.996524,0.831895,0.728222,-0.05795,0.696183,0.057317,-0.134642,-0.266787,0.456919,-0.956012
-0.641006,0.384675,-0.296711,-0.486008,-0.681863,-0.3535,0.129224,0.666591,-0.258513,-0.12058,0.048005,0.852167,0.05984,-0.522103,-0.958777
-0.776538,-0.889437,0.401782,0.555316,-0.640713,-0.735823,0.201727,0.855093,-0.051737,-0.1654,-0.477219,-0.510257,0.24325,0.365191,-1.0
0.405765,0.403987,-0.68391,-0.424309,-0.526668,0.029379,0.627441,0.967034,-0.491024,0.069063,0.390069,0.143214,-0.473174,-0.207955,-0.958501
-0.05987,-0.126213,0.909578,0.470681,0.703424,-0.402257,0.84683,0.258472,0.694323,-0.390647,-0.082962,0.085718,0.502146,-0.210511,-0.954193
0.692441,0.128265,0.811881,0.538665,0.589343,0.757677,0.260427,0.943021,0.180789,0.11972,0.075077,-0.760348,-0.03512,0.47284,-0.976458
0.256214,-0.610236,-0.17872,0.532286,-0.637428,-0.67067,0.371381,0.219243,-0.178469,-0.239341,0.588552,0.062937,-0.51533,-0.135604,-1.0
0.275336,0.614992,-0.804937,-0.223158,-0.471929,0.664288,0.101522,0.199671,-0.088639,0.106753,0.922264,-0.112233,-0.48322,0.065574,-0.984728
0.122809,0.099558,-0.742342,-0.83187,0.100757,-0.136483,0.89535,0.319842,0.424993,-0.488504,-0.004329,0.121953,-0.028409,-0.46261,-1.0
0.664502,-0.768714,-0.690847,0.362611,0.705322,-0.145106,0.658497,0.8447,0.450172,-0.101771,-0.026815,-0.399355,0.092768,0.482415,-0.961308
0.604549,0.405811,0.343535,-0.439323,0.130969,-0.95944,0.63856,0.342765,0.088975,-0.465088,0.107476,0.405971,-0.157667,-0.442559,-1.0
0.377355,-0.511712,-0.605168,0.58314,0.54067,0.657915,0.071986,0.847761,0.126128,0.048027,-0.159524,-0.982758,0.047582,0.448021,-0.949486
-0.071342,-0.330153,0.757489,0.186994,0.696563,0.493585,0.795343,0.580976,0.578521,0.445009,-0.178451,-0.195179,0.378291,0.474238,-1.0
-0.498006,0.823115,-0.916549,0.592022,0.564459,0.114702,0.935521,0.972432,0.779969,0.219615,-0.017162,0.019412,0.423592,-0.313732,-0.931058
-0.497418,-0.493618,-0.998283,0.479341,-0.71975,0.961736,0.17335,0.224071,-0.182387,0.149337,0.085569,-0.871053,-0.128179,0.549511,-1.0
0.066358,-0.52504,0.386006,0.616925,-0.127186,-0.045613,0.233847,0.220024,-0.219951,-0.063899,0.285572,-0.73898,-0.240768,0.47689,-1.0
0.731912,0.208644,0.090061,-0.164611,-0.668289,0.20816,0.569659,0.802362,-0.353903,0.152286,0.360829,-0.094515,-0.443805,0.098687,-1.0
0.300249,0.711099,0.70372,-0.074161,0.257217,0.259105,0.523298,0.261236,0.253275,0.360758,-0.057177,0.536174,-0.123888,-0.479436,-1.0
0.756175,-0.415422,0.336469,-0.290375,-0.346632,-0.248531,0.277689,0.381776,-0.238363,-0.120693,0.643961,-0.139672,-0.470962,0.118588,-1.0
-0.386969,-0.930762,0.999942,0.330009,-0.233564,0.038074,0.17422,0.546119,-0.166864,-0.019041,-0.12403,-0.794004,0.135557,0.461325,-0.934184
0.569457,0.112448,-0.364249,-0.4495,0.460514,0.507167,0.832905,0.962687,0.429,0.460498,0.115631,-0.161583,-0.115778,0.439992,-1.0
-0.980449,-0.064549,0.050132,-0.75762,-0.288991,0.38096,0.776644,0.322171,-0.407455,0.528897,-0.148114,-0.125046,0.463461,0.315773,-1.0
-0.253905,-0.731597,0.135086,0.6812,-0.851746,0.817402,0.290393,0.06019,-0.223687,0.153133,0.309793,-0.655771,-0.188679,0.425021,-1.0
-0.360461,0.23005,-0.101083,0.159504,0.737494,-0.302523,0.863351,0.697572,0.658937,-0.240007,-0.078518,0.080011,0.449495,-0.276096,-0.993422
-0.009084,0.177144,-0.454381,-0.94099,0.374817,0.413142,0.720727,0.860955,0.422267,0.456101,-0.205008,-0.154611,0.410281,0.232971,-1.0
0.109079,-0.656395,0.477357,-0.952957,0.202383,0.61556,0.718124,0.912211,0.102829,0.582861,-0.032838,-0.34966,0.011146,0.345261,-1.0
0.910023,-0.706983,0.892807,-0.938157,-0.7888,-0.088315,0.338838,0.082568,-0.255981,0.036554,0.575584,-0.202259,-0.433106,0.142736,-1.0
-0.968308,0.335468,0.605003,0.374344,0.961746,0.457437,0.05521,0.890003,0.000435,0.063008,-0.937171,-0.101206,0.417852,-0.009758,-1.0
-0.098149,-0.698,-0.183884,0.965733,-0.465817,0.977672,0.955721,0.463847,-0.380866,0.596148,-0.02856,-0.009703,-0.139413,0.443255,-0.972866
0.13993,-0.731748,0.733532,-0.037001,-0.669079,0.949765,0.056661,0.34139,-0.015589,-0.003641,0.363809,-0.896733,-0.20041,0.589432,-0.963722
-0.76706,0.213339,-0.201444,0.791805,0.275146,-0.293414,0.360953,0.044956,0.270451,-0.244262,-0.559662,0.287503,0.450001,-0.23749,-1.0
-0.094153,-0.1504,0.46136,0.861946,0.31953,-0.871564,0.507227,0.729106,0.182484,-0.461417,-0.186927,0.406302,0.170145,-0.42435,-1.0
-0.157297,0.515047,-0.047874,0.363563,-0.626092,0.112977,0.368612,0.870194,-0.3757,-0.008548,0.481583,0.367039,-0.309042,-0.3422,-0.965116
0.099823,0.123644,-0.159691,0.85614,-0.832179,-0.747098,0.633462,0.340509,-0.365104,-0.270514,0.34014,0.213218,-0.262764,-0.384308,-0.975997
0.358235,0.116659,-0.095415,0.236947,0.712486,0.907389,0.045867,0.63742,0.03957,0.063743,-0.430237,-0.83186,0.198628,0.495494,-1.0
0.00183,0.230193,0.7144,-0.371213,0.300368,-0.414217,0.712748,0.015034,0.332349,-0.402961,-0.10576,0.313268,0.196049,-0.382782,-0.995234
-0.441935,-0.939926,-0.50585,0.996165,0.019549,0.897357,0.679512,0.921706,0.051344,0.518375,0.002262,-0.277046,0.120858,0.427173,-1.0
-0.103582,0.673127,0.629551,-0.75498,-0.357785,-0.144612,0.011546,0.336346,0.080687,0.031915,0.317028,0.919444,-0.154344,-0.508026,-0.953586
0.421593,0.503978,-0.675775,-0.180375,-0.454181,0.09383,0.539424,0.228569,-0.362779,0.088273,0.388514,0.196688,-0.479272,-0.240495,-0.92877
-0.774602,-0.485163,-0.818824,0.243426,-0.724377,-0.667454,0.778883,0.231789,-0.374794,-0.416066,-0.070777,0.231273,0.085309,-0.520948,-0.964745
0.179408,-0.467888,0.337429,-0.189957,0.303469,0.087415,0.890043,0.961624,0.693954,0.187773,-0.0799,-0.066332,0.078248,0.490206,-1.0
-0.183517,-0.749944,0.382338,0.51223,-0.633793,0.439047,0.207804,0.258065,-0.113105,0.073205,0.285761,-0.773638,-0.133149,0.421299,-0.997892
-0.164353,-0.43781,-0.347332,-0.364161,0.425171,0.49504,0.220402,0.211649,0.141207,0.18583,-0.380995,-0.730243,0.317565,0.326228,-1.0
-0.68392,0.730283,0.322996,-0.209661,-0.315048,0.42234,0.167502,0.855277,-0.061571,0.177679,-0.598259,0.558054,0.376316,-0.376859,-1.0
0.527815,0.844109,-0.318152,0.810417,-0.274406,-0.742078,0.702755,0.446684,-0.16302,-0.578976,0.030104,0.264029,-0.337081,-0.438306,-0.931657
0.202109,0.633382,0.080997,-0.366671,-0.609903,-0.349218,0.698487,0.392418,-0.448641,-0.20883,0.157891,0.232518,-0.334756,-0.328515,-0.947845
-0.254992,0.754159,-0.96747,0.012019,-0.68338,-0.032644,0.337772,0.382305,-0.198929,-0.050424,0.357226,0.635136,-0.231713,-0.439975,-0.989923
-0.247961,0.007408,0.557242,-0.957944,-0.599674,0.993242,0.28515,0.496661,-0.042562,0.156846,0.177942,-0.640034,-0.12078,0.483198,-1.0
-0.976066,0.924296,-0.046665,-0.280422,-0.247834,0.743443,0.483922,0.402736,-0.18102,0.260641,-0.435239,0.157379,0.459293,-0.035788,-0.949499
0.083154,0.129554,-0.766003,0.595418,0.970804,-0.648485,0.868516,0.064855,0.529528,-0.36485,-0.074905,0.081997,0.453825,-0.329261,-0.997943
-0.646194,-0.0012,0.973502,-0.452865,0.950669,-0.994787,0.791046,0.620893,0.433299,-0.462808,-0.112322,0.139525,0.465666,-0.25222,-1.0
0.640216,-0.095329,0.137793,-0.519839,0.80992,0.83356,0.154738,0.373722,0.122592,0.022134,-0.087924,-0.914757,0.073037,0.382532,-1.0
-0.149792,0.385273,-0.709218,-0.24855,-0.091669,0.028326,0.495298,0.888266,-0.367438,0.051165,-0.02974,0.542003,0.103635,-0.563641,-0.95497
-0.797298,-0.895298,0.594805,0.237169,-0.751634,-0.545974,0.732867,0.951755,-0.364909,-0.406363,-0.144809,-0.273509,0.093295,0.526082,-1.0
0.17809,-0.474263,-0.438391,0.048794,-0.030162,-0.887213,0.525175,0.12895,0.023105,-0.360853,0.188715,0.415228,-0.241234,-0.422511,-1.0
0.754673,-0.475575,-0.055342,0.436536,0.500475,0.92423,0.510621,0.565874,0.112145,0.383198,0.178086,-0.49293,-0.108042,0.515264,-1.0
-0.854395,0.354183,0.303013,0.298631,0.819834,0.369394,0.118088,0.011233,0.062248,0.045435,-0.826259,-0.017144,0.494501,0.002121,-1.0
0.153181,0.496276,0.54646,0.372225,0.35865,0.750351,0.43238,0.412852,0.180322,0.337157,-0.289364,-0.378523,0.339408,0.409964,-0.929744
-0.336991,0.375915,-0.756316,0.155543,0.660267,-0.550968,0.308801,0.39039,0.15074,-0.226169,-0.511429,0.556734,0.32929,-0.355658,-1.0
-0.32393,-0.350737,0.340112,0.683793,-0.941452,-0.082004,0.090376,0.363211,-0.092523,-0.018796,0.827583,-0.348345,-0.43679,0.266135,-1.0
0.717443,-0.556342,-0.02246,-0.321384,-0.530565,-0.559601,0.315597,0.084802,-0.145289,-0.196524,0.823366,0.005071,-0.383733,-0.054096,-1.0
0.752054,-0.582267,-0.203747,0.313358,0.099849,-0.264872,0.100122,0.194707,0.079198,-0.07371,0.791233,-0.45488,-0.417816,0.123234,-1.0
-0.291983,0.023703,-0.023138,0.277671,0.918359,0.225369,0.749524,0.943935,0.557422,0.119515,-0.1966,-0.001083,0.51584,0.058535,-1.0
0.713619,-0.726789,-0.436935,-0.290541,-0.224964,0.72034,0.206947,0.389083,-0.045259,0.230634,0.470077,-0.69073,-0.312574,0.369656,-1.0
0.794146,0.711443,0.940951,-0.875047,0.195448,-0.417439,0.1467,0.787501,0.106481,-0.089437,0.368958,0.745412,-0.180661,-0.479547,-0.898826
-0.931067,0.518984,0.62346,-0.865147,0.456628,0.290312,0.452073,0.713074,0.336613,0.221983,-0.625105,0.090965,0.477222,-0.131058,-1.0
-0.570078,0.013907,0.980788,0.088298,0.069692,0.727574,0.083642,0.431386,0.052431,-0.023341,-0.552101,-0.647016,0.284647,0.396456,-0.988672
0.448986,-0.862949,0.978451,0.464063,-0.831413,0.052245,0.680097,0.569244,-0.559913,0.01153,0.33373,-0.249996,-0.429829,0.328113,-1.0
0.124936,-0.145187,-0.235891,0.44934,0.214654,-0.28963,0.877309,0.016874,0.450882,-0.567746,-0.131897,0.138863,0.233067,-0.419033,-1.0
-0.962849,-0.559009,-0.157328,0.602771,0.590431,-0.331468,0.833558,0.60351,0.522193,-0.211233,-0.178673,0.052026,0.446921,0.017925,-1.0
-0.21235,-0.419544,0.215371,-0.088452,-0.724318,0.504705,0.405196,0.191528,-0.309079,0.214917,0.318059,-0.5733,-0.273702,0.407745,-1.0
-0.559053,0.318417,-0.306187,0.92787,-0.07777,-0.660138,0.692024,0.133941,-0.084166,-0.499351,-0.086512,0.302822,0.209547,-0.4027,-1.0
0.601581,0.215985,0.966992,-0.393406,-0.035406,0.933484,0.63127,0.111147,-0.031345,0.488785,0.222717,-0.342354,-0.381568,0.314261,-0.981161
0.011384,-0.961473,0.747613,-0.914647,-0.627338,-0.993982,0.934224,0.117949,-0.359307,-0.57773,0.081898,0.008015,-0.497447,-0.026672,-1.0
0.986573,-0.733472,0.442557,0.297118,-0.606197,0.604923,0.210035,0.835753,-0.053761,0.068337,0.701445,-0.455956,-0.4378,0.247358,-0.977643
0.539995,0.034115,0.471753,-0.669797,-0.032012,-0.98946,0.135469,0.826707,-0.073516,-0.183316,0.443389,0.78572,-0.263741,-0.47875,-1.0
0.115675,-0.053627,0.793805,0.831838,0.777497,-0.643183,0.925478,0.638012,0.502236,-0.494351,-0.12753,-0.016151,0.366857,-0.354439,-0.885484
0.30642,0.026842,-0.02551,-0.131285,0.728256,-0.640955,0.098951,0.714766,0.017492,-0.101001,-0.537174,0.739238,0.258237,-0.419721,-1.0
0.197122,-0.224704,0.224104,-0.082821,-0.686422,0.447019,0.588052,0.665079,-0.364905,0.243477,0.357922,-0.266062,-0.431,0.36108,-1.0
-0.670995,0.089852,0.801186,0.388682,-0.641985,-0.441266,0.678773,0.876817,-0.343216,-0.280765,-0.057782,0.334389,-0.02047,-0.488824,-0.958384
-0.682277,-0.072005,-0.48986,0.341651,0.263034,0.85079,0.889585,0.661886,0.120623,0.588464,-0.131262,-0.060935,0.287512,0.382757,-0.979496
-0.176781,0.706554,0.686864,0.657903,0.221321,0.053123,0.375608,0.052795,0.201208,0.09861,-0.299128,0.60105,0.281053,-0.455752,-0.952851
-0.909521,-0.133247,0.073955,0.016919,-0.35151,0.185442,0.484091,0.918347,-0.36169,0.178698,-0.345042,-0.30677,0.433453,0.234203,-1.0
-0.077779,0.649557,-0.455299,-0.929982,0.803991,-0.43062,0.743626,0.118653,0.587102,-0.234299,-0.176287,0.273508,0.383995,-0.405944,-0.952885
0.980807,0.746684,0.043408,0.13049,-0.342129,0.762702,0.833114,0.763169,-0.247101,0.63904,0.230863,0.089218,-0.510456,-0.093722,-0.993889
-0.856837,-0.999568,-0.449487,0.826803,-0.852788,-0.886663,0.90091,0.890786,-0.486578,-0.40379,-0.012914,-0.124832,-0.102969,0.506744,-0.951449
0.061828,-0.785823,-0.188764,-0.397288,0.284018,-0.521681,0.857813,0.711446,0.321623,-0.647442,-0.092487,-0.147911,0.320247,0.449351,-0.996264
0.36738,0.495761,-0.395617,0.353495,-0.091911,0.563797,0.372082,0.581881,0.002666,0.359603,0.632662,-0.087218,-0.519467,0.165701,-1.0
0.377597,0.077808,-0.816506,-0.725441,0.920992,0.995207,0.221729,0.252744,0.066589,0.100533,-0.421492,-0.704566,0.184667,0.509795,-1.0
0.603292,-0.939033,0.484722,-0.201187,-0.238396,0.369494,0.658646,0.053884,-0.290487,0.492515,0.234224,-0.318978,-0.268761,0.357308,-1.0
-0.66782,-0.318321,0.059346,-0.565066,-0.363247,-0.337419,0.687628,0.991369,-0.409516,-0.302776,-0.257518,0.07987,0.386809,-0.044927,-1.0
-0.431863,-0.157359,0.454261,-0.335731,-0.786459,0.53302,0.931051,0.433315,-0.726199,0.487297,0.05526,-0.144394,-0.238917,0.487639,-0.967626
0.724314,-0.256593,0.494332,-0.013941,-0.459126,-0.645312,0.454443,0.200724,-0.190564,-0.281422,0.495769,0.20966,-0.447775,-0.255341,-1.0
-0.443163,-0.856999,0.289941,-0.664262,-0.068986,-0.737146,0.573069,0.915865,-0.11514,-0.419705,-0.396884,-0.173611,0.529082,0.252044,-1.0
-0.474069,0.568122,0.991669,-0.796234,-0.324543,0.845595,0.874665,0.805973,-0.226859,0.648363,-0.107302,-0.11133,0.178506,0.469691,-0.98528
-0.9733,-0.450306,0.376555,-0.717009,-0.721386,0.349338,0.294963,0.010494,-0.144346,0.053371,-0.31123,-0.67375,0.220918,0.418631,-0.972024
0.56057,-0.233622,-0.995546,-0.85446,0.648541,0.290543,0.87935,0.531568,0.640308,0.191963,-0.011816,-0.16676,0.084697,0.540767,-1.0
0.093957,-0.896257,-0.982994,-0.720015,-0.78099,-0.136907,0.495368,0.835082,-0.439553,-0.038692,0.350416,-0.291912,-0.237638,0.26164,-1.0
0.981792,0.093848,-0.657616,-0.977476,-0.95011,0.621313,0.049218,0.19226,-0.106412,0.049515,0.944817,-0.216587,-0.504788,0.225607,-0.986941
-0.450177,0.953401,-0.70938,-0.954878,-0.034576,-0.888375,0.507114,0.975852,-0.033644,-0.365685,-0.113986,0.435308,0.180554,-0.574005,-1.0
-0.00971,0.726177,0.269744,0.464349,0.07181,-0.307269,0.649962,0.0195,0.109348,-0.473223,-0.038244,0.418774,0.052486,-0.505441,-1.0
-0.079832,-0.300282,0.965156,-0.659735,0.829744,-0.449113,0.907008,0.139337,0.682921,-0.348591,-0.041178,0.048431,0.516608,-0.065565,-1.0
0.251353,-0.088808,0.24224,0.340161,-0.754106,-0.026722,0.445377,0.884213,-0.295437,0.043752,0.580181,0.028745,-0.438632,0.117666,-1.0
-0.714816,-0.550462,0.586095,-0.355673,-0.965403,0.227517,0.421119,0.401628,-0.396754,0.077565,0.209279,-0.505755,-0.210816,0.481966,-1.0
0.179947,0.176193,-0.410735,-0.297061,0.474975,0.196273,0.618053,0.234568,0.399759,0.146153,-0.26458,-0.043512,0.549747,0.032288,-0.957386
0.649935,0.109803,-0.538649,0.339614,0.462728,0.75496,0.433104,0.535395,0.255427,0.314913,0.094723,-0.614176,-0.128526,0.485961,-1.0
0.008056,-0.734995,-0.045187,0.568637,-0.723623,0.738482,0.758406,0.715368,-0.387262,0.445349,0.090313,-0.217751,-0.204377,0.369324,-0.974963
-0.602015,0.066644,0.939896,0.821796,0.93197,-0.316292,0.320693,0.289936,0.15513,-0.122951,-0.704538,0.11313,0.479008,-0.170906,-0.940817
0.664192,0.003885,0.667743,0.870781,-0.434443,-0.485644,0.600398,0.939911,-0.320115,-0.355777,0.271281,0.172039,-0.469349,-0.206475,-0.954889
-0.065692,0.489074,0.915544,-0.5206,-0.22446,0.311841,0.503314,0.617095,-0.110599,0.222446,0.32966,0.396598,-0.352499,-0.430312,-0.972805
-0.120091,0.707037,0.70406,-0.127559,0.228319,0.867825,0.954583,0.252154,0.256591,0.762777,0.054097,-0.023901,0.46778,0.276093,-0.955341
0.103482,-0.973693,-0.377327,-0.077321,0.477582,0.140071,0.416922,0.405486,0.283742,0.063128,-0.115907,-0.598276,0.13488,0.430178,-0.994026
-0.916271,0.757915,0.781306,-0.339027,-0.101859,0.690651,0.837459,0.752229,-0.058751,0.739984,-0.182648,0.066296,0.472035,-0.109683,-0.982938
-0.93032,0.68727,-0.962446,-0.20851,0.022136,0.866648,0.383996,0.867002,0.042556,0.323224,-0.574496,-0.068934,0.555766,0.134689,-0.952752
-0.853411,-0.094581,-0.589147,0.887092,0.393699,0.987078,0.993186,0.802059,0.28213,0.678183,-0.056445,-0.034598,0.397444,0.261338,-0.957378
-0.490543,-0.527224,-0.119347,0.857315,0.072069,0.440354,0.294781,0.419776,0.057166,0.285864,-0.329266,-0.628566,0.246661,0.533911,-0.971617
0.199747,-0.675656,0.203348,0.847887,0.132842,-0.484502,0.091801,0.034381,0.059078,-0.051584,0.255744,-0.957909,-0.222264,0.44026,-1.0
-0.055342,0.51468,0.513919,-0.890329,-0.020996,-0.490413,0.007814,0.888569,-0.100572,0.005454,-0.058598,0.938208,-0.012081,-0.475228,-0.958582
0.706681,-0.872075,-0.932799,0.808122,0.707149,0.34426,0.55878,0.091053,0.395013,0.238552,-0.008443,-0.448076,0.003379,0.504491,-0.935783
0.557737,-0.865109,-0.996202,0.372731,0.02164,0.051506,0.896019,0.672341,0.298054,0.724044,-0.031101,-0.036757,-0.166086,0.425727,-1.0
-0.28766,-0.937047,-0.535375,-0.158369,0.359403,0.925257,0.078734,0.942924,0.108803,0.097688,-0.32522,-0.825196,0.143238,0.453084,-0.959606
0.030436,0.684135,-0.05482,-0.812366,0.115302,-0.650418,0.29642,0.717352,0.047005,-0.252608,-0.002788,0.701152,-0.057893,-0.556078,-1.0
-0.54586,0.049204,-0.044441,-0.089172,-0.394879,-0.554637,0.851165,0.086243,-0.411372,-0.575263,0.003132,0.251345,0.049601,-0.346531,-1.0
-0.39026,0.902537,0.277927,-0.34475,0.355626,0.250046,0.669159,0.138343,0.440858,0.346628,-0.27477,0.140137,0.388258,-0.33436,-0.978596
-0.94408,0.924483,-0.31911,-0.501273,-0.512526,-0.900908,0.770244,0.058931,-0.136993,-0.569244,-0.049395,0.264754,0.033349,-0.507097,-1.0
-0.022594,0.498893,-0.941099,0.742896,-0.565534,0.965116,0.758295,0.932492,-0.396888,0.461994,0.16784,-0.079035,-0.404068,0.328108,-0.931155
-0.939287,-0.205718,0.298887,-0.023229,-0.036089,0.841625,0.986495,0.912745,-0.020451,0.835506,-0.07501,0.008552,0.4422,0.452499,-1.0
0.578214,0.341926,-0.489485,0.346681,0.85707,-0.299579,0.748748,0.410935,0.563961,-0.228166,-0.082535,0.223704,0.23304,-0.421138,-0.952494
0.332328,-0.199368,0.073094,0.060832,-0.708601,-0.509077,0.309021,0.717532,-0.17749,-0.135874,0.699065,0.213949,-0.49193,-0.032504,-1.0
0.719165,0.042236,-0.333913,0.12849,0.559125,0.075436,0.166936,0.665312,0.173873,0.021585,0.766717,-0.203527,-0.440379,0.096045,-0.979497
0.629268,-0.111195,-0.939902,0.731271,-0.21768,0.309569,0.993255,0.058261,-0.355309,0.5985,-0.020669,0.030251,-0.392231,0.265422,-1.0
0.031596,-0.364535,0.335031,0.720924,-0.021808,-0.113429,0.358413,0.568119,-0.014081,-0.33029,0.091118,-0.631121,-0.137861,0.490355,-0.982464
-0.26069,-0.459669,-0.199393,-0.516825,-0.499264,0.858797,0.522808,0.612359,-0.170665,0.312142,0.02618,-0.404482,-0.159198,0.510807,-1.0
0.900515,0.551096,0.493043,-0.47996,0.32272,-0.738292,0.368475,0.993455,0.051324,-0.2211,0.187724,0.632621,-0.212633,-0.453679,-0.957178
0.773131,0.976231,-0.974854,-0.946573,-0.955267,-0.433266,0.755018,0.831459,-0.500958,-0.258674,0.21698,0.180369,-0.384378,-0.28022,-0.997069
0.876572,0.863575,0.759121,-0.826388,-0.019297,0.527654,0.406724,0.983618,0.015726,0.31095,0.581007,0.206901,-0.464234,-0.192046,-0.979467
0.734139,-0.299504,-0.562974,-0.173633,-0.845561,0.388921,0.188122,0.885643,-0.134773,0.005227,0.736738,-0.41246,-0.463732,0.109665,-0.982854
0.080537,0.940027,-0.973399,-0.695141,-0.770783,0.235132,0.541443,0.070735,-0.43385,0.113596,0.353699,0.319269,-0.456711,-0.464946,-0.942638
-0.84081,-0.569942,-0.770966,0.35969,0.553794,-0.029622,0.022087,0.432701,0.0777,0.091726,-0.971714,-0.39009,0.529184,0.196106,-0.996314
-0.174472,0.446113,0.877868,-0.424826,0.198583,0.985392,0.239715,0.158589,-0.021421,0.199224,-0.429612,-0.592852,0.307154,0.438728,-0.992203
-0.737469,0.873448,0.418205,0.538206,0.165287,0.958208,0.377785,0.678518,0.081367,0.395094,-0.606653,-0.022722,0.529626,0.123717,-0.966289
-0.932629,0.234574,0.865263,0.08386,-0.734201,0.155572,0.596973,0.299374,-0.419798,0.069549,-0.299466,0.159691,0.451919,-0.168877,-0.978339
0.788205,-0.105555,-0.815474,0.655757,-0.998392,-0.098873,0.268963,0.509548,-0.197595,-0.066425,0.672377,0.07197,-0.596759,0.067978,-1.0
0.871941,-0.224815,0.405472,-0.64141,0.307336,-0.551258,0.278555,0.158744,0.104448,-0.193178,0.644264,0.365034,-0.414758,-0.185178,-1.0
0.258451,0.800112,0.130474,-0.420765,-0.608822,-0.165378,0.164581,0.086973,-0.132857,-0.058754,0.57986,0.681192,-0.339407,-0.347602,-0.960295
-0.017764,0.98628,-0.814118,-0.96264,-0.592296,-0.924774,0.666268,0.143659,-0.274878,-0.489158,0.072389,0.402828,-0.127376,-0.440072,-1.0
-0.933328,-0.745387,0.938225,-0.535043,-0.427925,-0.065508,0.852343,0.182558,-0.691396,-0.08643,-0.008238,-0.101931,0.314395,0.461231,-1.0
0.045449,-0.364756,-0.293283,0.644643,0.86425,0.278603,0.559724,0.704646,0.498248,0.066696,-0.364719,-0.2922,0.478087,0.228469,-1.0
0.322421,0.286972,-0.666919,0.92421,0.828387,0.749834,0.619651,0.432622,0.358436,0.341615,-0.306292,-0.152957,0.361051,0.285326,-1.0
-0.250231,-0.863904,-0.128917,-0.576546,0.689605,-0.439399,0.868212,0.015625,0.633018,-0.344424,-0.140409,-0.017165,0.436443,0.266712,-1.0
-0.337054,-0.973262,-0.475006,-0.084586,0.642775,0.021652,0.698326,0.072417,0.572499,0.022027,-0.232684,-0.262186,0.425159,0.321586,-0.967446
-0.776195,-0.847779,-0.254274,0.316091,-0.766839,0.087407,0.412233,0.31028,-0.292262,0.044897,-0.076764,-0.646758,0.082356,0.53769,-0.996879
0.224218,-0.283962,-0.67169,0.455925,0.750298,0.485161,0.939401,0.152292,0.719947,0.380619,0.025965,-0.075282,0.278141,0.463006,-1.0
-0.330561,0.936762,0.251997,-0.267708,0.716041,-0.059047,0.367501,0.086392,0.311748,-0.006655,-0.371217,0.434469,0.258286,-0.30101,-1.0
0.245079,-0.611365,0.032151,0.828231,0.555686,0.278036,0.854712,0.200285,0.609292,0.419356,-0.045995,-0.06434,0.146192,0.434642,-1.0
0.924464,-0.407691,0.296675,0.942017,-0.635235,-0.018397,0.440161,0.015377,-0.388282,-0.00617,0.633108,-0.205975,-0.45419,0.1458,-0.942665
-0.918089,0.645902,0.79483,0.458843,-0.793937,0.622201,0.645874,0.004263,-0.483701,0.367177,-0.405066,0.051881,0.474716,-0.149295,-0.985087
0.400042,0.714049,-0.102449,-0.579248,-0.545368,0.972912,0.599455,0.695249,-0.260602,0.453566,0.354633,-0.048613,-0.407858,0.148874,-0.993038
-0.255674,-0.129217,-0.400298,-0.16608,0.690055,0.536868,0.718036,0.807619,0.496614,0.392629,-0.332358,-0.151436,0.417003,0.259712,-1.0
0.475543,0.182311,0.244458,0.881122,-0.371427,-0.410379,0.408333,0.531759,-0.153688,-0.296525,0.476618,0.293592,-0.377323,-0.231199,-0.974835
0.337514,-0.040878,-0.504902,0.820447,-0.94889,-0.844644,0.419944,0.826085,-0.316462,-0.177153,0.565094,0.377479,-0.446748,-0.148185,-1.0
-0.22305,-0.232149,0.206147,0.014745,0.18648,-0.15058,0.297752,0.5556,0.165266,-0.107544,-0.644261,-0.132673,0.495067,0.187944,-0.995502
-0.37008,0.090367,0.366743,-0.941558,0.558475,-0.160609,0.769129,0.714025,0.566121,-0.131305,-0.257621,0.055,0.436578,-0.101922,-0.935769
0.761943,0.095411,-0.323651,0.116078,-0.55327,-0.65911,0.699723,0.485648,-0.299015,-0.409585,0.295094,0.091782,-0.335707,-0.110604,-0.976195
0.604176,-0.765877,0.293115,0.466643,-0.368599,0.890632,0.955294,0.745874,-0.358136,0.656676,-0.004257,-0.04291,-0.200706,0.450444,-0.918192
-0.828595,0.215143,-0.522735,-0.327995,0.965433,0.345158,0.494117,0.348364,0.402165,0.115429,-0.55408,0.038314,0.612443,0.080324,-0.939146
0.757289,-0.613653,0.457407,0.738588,0.302945,0.391558,0.314846,0.110058,0.214477,0.086636,0.224157,-0.617133,-0.249292,0.458207,-1.0
-0.657101,0.981112,0.830852,-0.106566,-0.694048,-0.698581,0.792862,0.331808,-0.428694,-0.396116,-0.023092,0.171917,-0.041982,-0.511352,-0.996162
0.63448,0.116636,-0.976584,-0.618392,-0.053539,0.915923,0.793427,0.556415,-0.034937,0.703837,0.110462,-0.163998,-0.218237,0.449517,-0.933741
-0.031973,0.821668,-0.759093,-0.046771,-0.14393,-0.060141,0.771014,0.227186,-0.581025,-0.273429,-0.026782,0.286072,-0.004157,-0.503564,-1.0
0.070638,0.048317,0.264712,0.434778,-0.907601,0.668889,0.133039,0.339509,-0.049165,0.12573,0.644273,-0.441154,-0.405259,0.338257,-1.0
0.390527,0.474713,-0.474522,0.051914,-0.751454,0.322912,0.214067,0.200879,-0.146606,0.126129,0.771314,0.052256,-0.472856,-0.081802,-0.965269
0.712166,0.228351,0.836012,0.535215,0.398292,0.284175,0.708302,0.282413,0.430966,0.318863,0.309314,-0.037792,-0.492213,0.051722,-0.979249
0.306063,-0.803054,-0.41569,-0.28258,0.738305,0.856337,0.606897,0.94735,0.316974,0.429244,-0.056073,-0.397396,0.165887,0.464577,-0.983239
-0.150542,-0.59807,0.799985,0.430595,-0.139123,-0.404523,0.228376,0.592378,-0.138766,-0.249246,-0.07254,-0.729431,0.040164,0.60395,-0.981668
0.538432,0.569706,-0.564042,0.777503,-0.620635,0.758422,0.772022,0.753115,-0.39105,0.464977,0.302156,-0.098292,-0.433967,0.141532,-0.967052
-0.48368,0.570214,-0.188018,-0.166956,-0.178438,-0.382976,0.46543,0.019242,-0.118528,-0.22869,-0.181153,0.461205,0.140282,-0.382829,-0.945778
0.265066,0.320412,0.015797,-0.317503,-0.373086,-0.245511,0.850367,0.766993,-0.58061,-0.406582,0.082007,0.044803,-0.371063,-0.39903,-1.0
-0.618301,0.864079,0.623551,-0.947774,0.226005,-0.38704,0.240863,0.16424,0.095897,-0.236228,-0.351685,0.654744,0.247498,-0.345447,-1.0
0.67548,-0.29813,-0.334188,-0.277482,-0.319128,-0.10326,0.491096,0.772756,-0.37268,-0.174297,0.579609,-0.134231,-0.49715,0.090402,-1.0
-0.073895,0.357814,-0.579239,0.78368,0.319775,-0.736689,0.28182,0.348312,0.161858,-0.080936,-0.31143,0.651749,0.203686,-0.46934,-0.983498
-0.380277,0.367444,-0.054992,0.777113,-0.723479,0.191542,0.05892,0.551035,-0.012773,-0.026502,0.868392,0.371426,-0.454474,-0.180814,-0.882608
-0.69941,0.345489,0.838685,-0.368519,-0.8076,-0.628255,0.311838,0.20674,-0.268426,-0.094282,0.121673,0.613843,-0.157746,-0.528775,-1.0
0.999882,-0.100863,0.672273,0.343595,0.23252,0.005487,0.944612,0.912494,0.687272,0.053982,0.026091,0.034,-0.490945,-0.002919,-0.954823
0.587162,-0.902967,-0.203108,-0.594531,-0.448927,-0.988037,0.430176,0.921783,-0.148718,-0.253855,0.583075,0.058504,-0.545843,-0.109288,-1.0
-0.849863,-0.236037,-0.094269,-0.926164,-0.287531,0.425431,0.603083,0.14559,-0.348845,0.41813,-0.243305,-0.339252,0.366216,0.438533,-1.0
0.595835,-0.316979,0.951548,0.343634,-0.772014,-0.42734,0.913358,0.295789,-0.607596,-0.308157,0.054751,0.013031,-0.478475,-0.01128,-1.0
-0.84711,0.771879,0.632219,-0.015091,-0.480934,0.058002,0.537946,0.392602,-0.387693,0.143283,-0.166789,0.3973,0.152634,-0.421044,-1.0
0.787743,-0.530587,0.581129,0.439449,-0.550806,-0.155911,0.700906,0.503318,-0.576796,-0.153767,0.363956,0.013617,-0.405591,0.117953,-1.0
-0.702907,0.848895,-0.71996,0.865678,-0.10992,-0.679267,0.680504,0.541171,-0.032912,-0.572847,-0.086652,0.327608,0.20166,-0.532495,-1.0
0.863741,0.676931,-0.389049,-0.045667,0.89541,-0.997947,0.078264,0.41636,0.005984,8e-06,-0.064098,0.944143,-0.028901,-0.485048,-0.94778
-0.114905,-0.416067,-0.119123,0.765579,-0.660183,-0.118001,0.596115,0.096869,-0.422107,-0.141267,0.318644,-0.081404,-0.433648,0.23261,-1.0
0.74302,0.220802,-0.886593,0.984144,-0.079275,0.587069,0.1892,0.57458,0.017303,0.217383,0.667401,-0.322317,-0.351268,0.214549,-1.0
-0.974332,0.078502,-0.942473,0.183767,0.397904,0.355228,0.315411,0.695439,0.151722,0.144527,-0.660515,-0.167626,0.445323,0.034317,-1.0
0.141588,0.095697,-0.469636,-0.055355,-0.541891,-0.020427,0.995451,0.287249,-0.741694,-0.057541,0.078821,-0.009819,-0.532011,-0.109106,-1.0
0.527628,-0.092303,-0.587435,0.275933,0.893721,-0.137976,0.665174,0.961754,0.543708,-0.132305,-0.296622,-0.031241,0.413512,-0.130989,-1.0
-0.495825,0.204069,-0.943634,-0.908423,-0.55578,-0.691646,0.868542,0.12146,-0.452465,-0.575369,0.095272,0.196362,-0.031658,-0.576512,-1.0
0.938019,0.920827,0.72068,0.802621,0.812141,0.458894,0.749616,0.041128,0.628438,0.304655,0.017216,0.330646,-0.056975,-0.435956,-1.0
0.34568,-0.490714,0.585033,0.96906,-0.295464,-0.477265,0.244992,0.537289,-0.117727,-0.204699,0.823024,-0.000369,-0.429501,0.032618,-1.0
-0.102862,0.307211,0.645999,0.177331,0.208339,0.971663,0.062632,0.175216,0.014894,0.101059,-0.394719,-0.829251,0.245955,0.409643,-0.973685
-0.350199,0.73348,0.108577,0.907456,-0.403784,-0.094719,0.714237,0.282246,-0.610333,-0.108749,0.071177,0.176115,0.011251,-0.532851,-0.947067
-0.454552,-0.48309,0.606771,0.857262,0.143853,-0.068692,0.874728,0.111936,0.604421,-0.324343,-0.058399,-0.075378,0.36704,0.262276,-1.0
0.298882,0.98721,0.617669,0.223079,0.423551,-0.455383,0.129317,0.998715,0.1263,-0.129485,-0.165176,0.837738,0.111771,-0.504439,-1.0
0.737252,0.49338,0.437662,-0.785451,-0.743329,-0.51377,0.307634,0.501006,-0.278944,-0.150299,0.64413,0.370313,-0.325048,-0.201738,-0.949881
0.851808,0.693472,0.078191,0.898304,0.326348,0.350507,0.530538,0.699623,0.313454,0.396838,0.390234,0.286904,-0.486511,-0.286192,-0.924184
0.962602,0.051714,0.924974,0.033522,-0.778531,0.301094,0.847159,0.904634,-0.630735,0.291459,0.046476,0.030532,-0.482556,0.038536,-0.982267
0.396291,-0.100958,-0.5298,-0.694225,-0.566346,0.458706,0.536767,0.965988,-0.291854,0.253426,0.454464,-0.12307,-0.476673,0.199815,-1.0
0.838559,0.040484,0.179278,-0.800151,-0.520569,0.012556,0.820172,0.682393,-0.690159,-0.01344,0.207414,0.039238,-0.457728,-0.095902,-1.0
0.487144,0.268201,-0.669,-0.938089,-0.045641,-0.620179,0.401845,0.057753,-0.023614,-0.341512,0.352623,0.597264,-0.180708,-0.483358,-1.0
-0.519375,-0.707691,0.787057,-0.658209,-0.571088,-0.094506,0.935478,0.234806,-0.725888,-0.231999,0.102579,-0.00216,-0.027223,0.470752,-1.0
-0.492919,0.530714,0.949121,-0.163459,-0.006466,0.992244,0.706046,0.738553,-0.04509,0.592331,-0.201897,-0.155537,0.362059,0.27552,-0.998044
-0.51425,0.77023,0.144167,-0.858372,-0.437121,-0.699289,0.95786,0.996961,-0.44079,-0.642967,-0.028035,0.123069,0.059872,-0.48011,-1.0
0.619928,-0.051233,-0.461466,0.470239,-0.920969,0.881399,0.124325,0.808192,0.001084,0.001602,0.738328,-0.532153,-0.448249,0.173297,-0.985649
-0.545435,0.611162,-0.057798,-0.696845,-0.055541,0.167162,0.744083,0.961485,-0.286386,0.563018,-0.198485,0.072682,0.372918,-0.327786,-1.0
0.785475,0.968931,-0.801985,-0.052344,0.996895,0.545106,0.304741,0.724759,0.167171,0.170786,-0.292633,0.715011,0.308777,-0.386948,-1.0
-0.394705,0.71026,0.64583,0.004532,-0.740313,0.412402,0.656292,0.76895,-0.475541,0.342912,0.305345,0.24091,-0.35308,-0.28192,-0.970566
-0.261345,0.402337,0.555342,-0.446558,0.122442,0.68304,0.014574,0.449618,0.023389,-0.019366,-0.805838,-0.510833,0.438622,0.266012,-1.0
-0.022777,-0.875332,-0.702131,-0.641757,0.076586,0.563897,0.509863,0.39325,0.023059,0.412683,-0.05123,-0.415258,0.084933,0.550944,-1.0
-0.56827,-0.411588,0.391996,0.166476,-0.898891,0.914597,0.926801,0.288512,-0.503108,0.460993,0.021119,-0.143414,-0.083875,0.536728,-1.0
-0.735323,-0.076466,-0.8795,0.130698,-0.851342,0.495371,0.1636,0.997505,-0.080093,0.031252,0.100837,-0.831566,-0.047623,0.538202,-0.911831
0.468256,-0.233503,-0.798987,0.774138,-0.117734,-0.674451,0.414186,0.951715,-0.067079,-0.348886,0.469457,0.383718,-0.410288,-0.319765,-0.981351
0.438459,0.046542,0.019967,0.145264,-0.304195,-0.509769,0.532591,0.0761,-0.226146,-0.284285,0.414606,0.317065,-0.464684,-0.271514,-1.0
0.048927,0.308276,0.22201,-0.224718,-0.199323,0.877482,0.101951,0.373425,0.012547,0.162268,0.321535,-0.780221,-0.175802,0.551099,-0.980901
-0.953268,-0.649765,-0.330431,0.036146,0.970058,-0.657237,0.28446,0.320275,0.13068,-0.202487,-0.661806,0.036382,0.528505,-0.101068,-1.0
-0.910191,-0.770056,-0.767631,0.4215,-0.030314,0.069602,0.667653,0.413039,-0.179293,0.521619,-0.359726,-0.232619,0.254624,0.458968,-1.0
-0.654352,0.007101,0.457441,-0.134901,-0.168983,0.589829,0.759473,0.833441,-0.043988,0.622658,-0.119797,-0.112974,0.239995,0.426528,-0.983074
-0.084587,0.114708,0.350064,-0.022375,-0.932168,0.037833,0.054991,0.244866,-0.04451,-0.015354,0.865001,0.121874,-0.516117,-0.029089,-0.990546
-0.079768,-0.541472,0.108556,-0.510651,-0.687377,-0.681914,0.200786,0.382314,-0.105584,-0.14779,0.801274,0.155711,-0.512385,-0.174013,-0.941698
-0.80177,-0.726891,0.030591,-0.374349,-0.200108,-0.221227,0.703811,0.673556,-0.360105,-0.409377,-0.24995,-0.173662,0.445457,0.35698,-1.0
-0.323497,-0.380576,-0.822876,-0.559926,0.356124,0.060514,0.190406,0.074262,0.160166,0.071325,-0.672101,-0.515913,0.334783,0.280096,-0.96411
-0.100704,0.527219,-0.107341,-0.737112,-0.927642,-0.208561,0.742022,0.529945,-0.589823,-0.036454,0.213414,0.232039,-0.412566,-0.319056,-0.999042
0.745971,0.061139,-0.525719,-0.259741,-0.882056,0.398458,0.251655,0.742752,-0.127444,0.059648,0.773874,-0.082163,-0.573168,0.074564,-1.0
-0.606557,-0.205273,-0.210236,-0.331038,0.436908,0.539403,0.419687,0.89157,0.149045,0.239593,-0.368713,-0.27557,0.400405,0.24276,-1.0
-0.097539,0.173464,-0.759842,-0.956672,-0.732991,-0.709722,0.197575,0.26965,-0.137576,-0.07411,0.451616,0.532198,-0.443451,-0.328993,-1.0
0.690996,0.214552,0.55998,-0.680111,-0.458418,0.080792,0.625876,0.227289,-0.539705,0.064038,0.381693,0.111217,-0.444636,-0.080431,-0.927739
-0.891465,0.681765,-0.143105,0.19151,-0.802033,-0.700122,0.902074,0.731152,-0.53357,-0.442651,-0.036154,0.065545,0.049294,-0.493478,-0.977746
0.428266,0.945381,0.793255,0.436608,0.436199,-0.231501,0.977508,0.591355,0.645602,-0.388025,-0.033219,0.082129,0.029984,-0.46706,-0.9857
-0.703621,-0.132231,-0.361226,0.487969,-0.363055,0.324513,0.143882,0.577944,-0.09129,0.119262,-0.429388,-0.689143,0.320214,0.419527,-1.0
0.061257,0.484333,-0.216861,-0.143535,0.618245,-0.260795,0.053532,0.867442,-0.016705,0.031653,-0.502455,0.863324,0.224872,-0.375652,-1.0
-0.949617,0.284347,-0.303787,-0.827838,-0.796316,-0.168549,0.310827,0.487516,-0.234806,-0.010448,-0.136257,0.620137,0.146189,-0.561728,-1.0
0.916836,0.273167,0.49363,-0.272094,-0.312317,-0.041723,0.858023,0.62036,-0.678256,-0.031882,0.175352,0.032384,-0.492803,-0.026041,-0.952078
-0.01706,0.875965,0.586389,-0.014544,-0.870566,0.68453,0.834153,0.87516,-0.598181,0.492705,0.136832,-0.005854,-0.463648,-0.125101,-0.989866
-0.458997,0.50131,0.747016,-0.791677,-0.072349,-0.395802,0.029605,0.250464,0.081879,0.010608,-0.41356,0.965408,0.216599,-0.420564,-0.989848
-0.069697,-0.311693,-0.072311,0.227836,0.083651,-0.811811,0.953976,0.995854,0.055907,-0.871804,0.010959,-0.016961,0.175611,-0.460505,-1.0
-0.611169,0.440246,0.322053,0.726297,0.87779,-0.302157,0.436766,0.578088,0.351376,-0.125789,-0.466983,0.261071,0.509923,-0.143891,-1.0
-0.298769,-0.584583,-0.403087,0.0269,0.475864,-0.788917,0.771013,0.208014,0.374831,-0.510192,-0.207573,0.050004,0.5134,-0.093051,-1.0
0.888017,0.013381,-0.190075,-0.601944,0.369957,-0.46225,0.461022,0.390756,0.126262,-0.197573,0.377505,0.387132,-0.325452,-0.374297,-1.0
0.116527,0.717887,-0.187786,-0.884324,-0.493101,-0.983159,0.651704,0.739461,-0.23652,-0.507653,0.132178,0.284423,-0.190916,-0.494976,-1.0
-0.569368,0.037609,-0.822709,-0.606398,-0.668554,0.521785,0.156255,0.551076,-0.051999,0.106199,0.213156,-0.773455,-0.134125,0.4774,-0.964134
0.709373,0.642641,-0.191979,0.482405,-0.866332,0.249338,0.732374,0.569278,-0.553375,0.147976,0.231943,0.091473,-0.543954,-0.19955,-1.0
0.449198,-0.086955,-0.375873,0.895246,-0.9497,0.768777,0.168576,0.861204,-0.165712,0.023557,0.609273,-0.517052,-0.426918,0.318708,-0.971013
-0.984136,-0.849017,0.638554,0.910198,0.985875,0.08643,0.09861,0.692048,0.046061,0.087792,-0.862892,-0.346972,0.417289,0.276951,-0.946398
0.533175,0.597585,0.260971,-0.471468,0.674494,-0.37339,0.176342,0.086988,0.218125,-0.046394,-0.014575,0.837076,0.129272,-0.530743,-0.939683
-0.650727,0.384337,0.927864,-0.760095,-0.388335,0.138783,0.584707,0.209926,-0.402381,0.153845,-0.323318,0.340578,0.383412,-0.394607,-0.963089
-0.39656,0.856429,0.296439,-0.164836,-0.720512,0.972772,0.186281,0.349069,-0.018127,0.125497,0.838047,-0.281423,-0.457469,0.240809,-1.0
0.219545,0.635467,0.54241,-0.911845,0.960526,-0.794208,0.482651,0.965226,0.251464,-0.282308,-0.216761,0.406348,0.259226,-0.475444,-1.0
0.514948,-0.948551,0.858751,0.938968,-0.207507,0.617854,0.266578,0.283726,-0.042644,0.148481,0.321754,-0.693803,-0.238143,0.455945,-1.0
-0.78203,0.907122,-0.467676,-0.742325,-0.82849,-0.512407,0.021882,0.625728,-0.05076,-0.008363,0.032233,0.916491,-0.036113,-0.568908,-1.0
0.294619,-0.996403,-0.057052,0.400759,-0.223313,0.467108,0.702529,0.503894,-0.267086,0.575689,0.148137,-0.223251,-0.162195,0.426956,-1.0
0.042729,0.18961,-0.054882,-0.673354,-0.496294,0.460324,0.537284,0.018628,-0.35066,0.371146,0.396018,-0.16601,-0.430201,0.220312,-1.0
-0.14805,0.821286,0.496847,-0.07504,-0.271736,-0.167316,0.238547,0.185535,-0.180141,-0.075985,0.028057,0.745311,-0.013025,-0.443713,-0.962022
0.90551,-0.759873,-0.448035,0.156091,0.829825,0.472411,0.260546,0.835683,0.202745,0.093779,0.08514,-0.731645,-0.00012,0.490425,-0.998806
-0.683264,-0.777415,0.825093,0.99413,0.442843,0.091605,0.781033,0.869052,0.656902,0.082586,-0.172979,-0.18947,0.369703,0.361088,-1.0
-0.848367,0.332004,0.112494,-0.222886,-0.999186,0.514939,0.251876,0.296768,-0.081912,0.094046,0.449521,-0.576568,-0.36212,0.348369,-0.963799
0.48904,-0.734614,0.616272,-0.057561,0.302542,0.602472,0.735569,0.462789,0.254264,0.533378,0.023973,-0.287855,-0.018877,0.492262,-1.0
-0.524241,-0.757141,0.648708,0.536069,-0.184088,-0.192218,0.807921,0.74755,-0.521295,-0.501887,-0.133446,-0.18346,0.167337,0.458802,-1.0
0.883734,-0.673751,0.131577,0.915087,-0.528523,-0.16232,0.475568,0.033324,-0.38162,-0.088194,0.440887,-0.218696,-0.500213,0.200588,-1.0
0.742879,-0.241495,-0.850743,-0.444852,-0.285393,0.093435,0.195625,0.054524,-0.122737,0.041299,0.738862,-0.250552,-0.463393,0.159515,-0.967656
-0.012331,0.743412,0.76229,-0.640399,0.457792,0.173468,0.854999,0.426849,0.617751,0.192461,-0.035536,0.072224,0.289522,-0.426592,-1.0
0.661027,0.732065,0.986461,-0.056582,-0.267104,0.140329,0.911242,0.548753,-0.598315,0.328871,0.055319,0.038612,-0.367505,-0.283677,-1.0
-0.427171,-0.281407,0.991378,-0.65552,0.030817,0.593794,0.367608,0.730293,0.04065,0.2485,-0.242404,-0.545234,0.186967,0.484889,-1.0
0.456691,0.842119,-0.786754,0.165019,-0.119005,0.924213,0.126134,0.618047,-0.070187,0.061987,0.912523,-0.11594,-0.469049,0.034768,-1.0
0.519206,0.366113,0.304472,0.784951,0.467359,-0.411559,0.382875,0.690492,0.305899,-0.23365,0.080801,0.5736,0.011589,-0.549177,-0.947892
0.863482,0.572224,-0.033147,0.187457,-0.773247,0.500426,0.402652,0.717385,-0.332731,0.217301,0.604281,-0.012243,-0.516721,-0.011958,-1.0
0.778698,-0.127978,0.568032,0.435144,-0.660921,0.491551,0.602864,0.523712,-0.423197,0.249611,0.470688,-0.163689,-0.438204,0.132499,-0.994672
0.026333,0.331928,-0.980438,0.163649,-0.705954,-0.876111,0.648537,0.183387,-0.251596,-0.45803,0.133287,0.252313,-0.231764,-0.451412,-1.0
-0.732767,-0.540988,-0.229464,-0.160278,0.95406,-0.330947,0.555999,0.955323,0.470376,-0.164039,-0.490939,-0.096455,0.477972,0.102942,-0.99794
-0.914104,0.740001,0.769226,0.054649,0.318984,0.18997,0.554173,0.819665,0.377651,0.24914,-0.432238,0.148849,0.434819,-0.184324,-1.0
-0.345185,0.291198,0.569936,-0.420015,-0.099711,-0.767099,0.375705,0.474778,-0.058933,-0.271031,-0.136595,0.542167,0.121915,-0.5501,-1.0
-0.051439,0.724166,0.093168,-0.772416,-0.311765,-0.413548,0.190542,0.573761,-0.07506,-0.098578,0.183438,0.719916,-0.081408,-0.444162,-0.927615
-0.46878,-0.759772,-0.715359,0.418478,-0.711399,-0.103069,0.446601,0.771891,-0.385485,0.041523,0.17438,-0.583045,-0.162784,0.389452,-0.974331
0.394864,-0.291544,-0.263759,-0.314483,0.517261,0.624112,0.251285,0.292285,0.203547,0.11674,-0.097351,-0.718034,0.002827,0.415769,-0.941623
0.537911,-0.025078,0.212615,0.403022,0.028007,-0.187813,0.069495,0.585239,0.080751,-0.07306,0.861747,0.314918,-0.432849,-0.129059,-1.0
-0.470186,0.337948,0.470226,-0.795749,-0.446644,0.486314,0.756002,0.862099,-0.373917,0.509075,-0.109839,-0.32562,-0.001131,0.53387,-0.967019
0.795296,-0.073924,0.138372,-0.98035,-0.604633,0.820526,0.603303,0.946767,-0.229966,0.291311,0.316406,-0.354723,-0.460238,0.346336,-1.0
0.974901,0.681755,0.482429,-0.184886,-0.677842,0.946514,0.957648,0.794884,-0.439396,0.588462,0.005021,0.009388,-0.466585,0.038102,-1.0
0.2051,-0.817978,0.881725,-0.564849,0.863905,0.792889,0.433093,0.890961,0.144061,0.207449,-0.30571,-0.54549,0.265753,0.551986,-1.0
0.7747,-0.722105,-0.592081,0.3442,-0.406797,0.633484,0.64143,0.181934,-0.152518,0.424305,0.225334,-0.23409,-0.288705,0.388704,-1.0
-0.831917,0.70583,-0.795037,-0.519198,-0.348873,-0.351605,0.521927,0.227668,-0.32726,-0.310103,-0.140579,0.471837,0.175936,-0.352422,-0.945736
0.886963,0.508156,-0.861741,0.04023,0.893806,0.625158,0.062948,0.52408,0.067463,0.045083,-0.09209,-0.903317,0.018742,0.480864,-0.956792
0.648183,0.472362,0.623018,-0.115915,-0.496736,-0.897988,0.761586,0.996397,-0.356414,-0.459593,0.171012,0.180531,-0.367137,-0.423763,-0.953438
-0.254581,-0.546843,0.506362,-0.015644,0.840459,-0.375071,0.098029,0.680924,0.095881,0.023498,-0.936335,-0.065917,0.544383,0.057561,-0.967899
0.573564,-0.312497,-0.482638,-0.745035,-0.162094,-0.907719,0.464781,0.376101,-0.059997,-0.412511,0.471245,0.385391,-0.292179,-0.302339,-1.0
-0.120248,0.646384,0.729717,0.78879,-0.537229,-0.824756,0.154125,0.928589,-0.105455,-0.172792,0.229411,0.819667,-0.188163,-0.52639,-1.0
-0.468198,-0.65427,-0.427181,0.150958,0.339235,0.409445,0.113507,0.05692,0.08408,0.044952,-0.572642,-0.77553,0.278061,0.362476,-0.989209
-0.254405,-0.125226,0.933764,0.048139,-0.010271,0.694266,0.586738,0.084168,-0.06495,0.431955,-0.13297,-0.471302,0.141657,0.452647,-0.91408
0.430827,-0.5497,-0.498212,-0.028352,0.458429,0.752348,0.730892,0.791222,0.297037,0.494851,0.071639,-0.352608,-0.032404,0.434996,-0.915633
0.605443,0.814333,-0.808629,0.910102,-0.838556,-0.212757,0.427418,0.516453,-0.336382,-0.160486,0.505617,0.391971,-0.335606,-0.164228,-0.960083
-0.643539,-0.736024,0.472109,-0.973397,-0.631445,-0.813214,0.385123,0.483236,-0.210451,-0.332054,-0.167396,0.608921,0.089747,-0.561646,-1.0
-0.972145,-0.988541,0.111146,0.556498,-0.214897,-0.660531,0.623596,0.771914,-0.078137,-0.457963,-0.355407,-0.135845,0.499264,0.226077,-1.0
-0.564778,0.796007,0.316543,0.039036,0.99985,-0.984449,0.925135,0.802092,0.470878,-0.560109,-0.004339,0.101277,0.302301,-0.368858,-0.918994
-0.767887,-0.636615,0.686241,0.718148,0.962846,0.69022,0.177961,0.948528,0.110434,0.039197,-0.636285,-0.457331,0.379655,0.255701,-0.975372
-0.384147,-0.528809,-0.580613,-0.764093,0.784379,-0.093564,0.923116,0.137885,0.746889,-0.173187,-0.114779,0.046152,0.38233,0.132472,-0.977012
-0.699686,-0.469149,-0.685343,0.914889,-0.268314,-0.936963,0.539655,0.462983,-0.11106,-0.421551,-0.269617,0.340303,0.325372,-0.340753,-1.0
0.168938,0.985726,0.976208,0.041778,-0.305462,-0.61276,0.120121,0.725999,0.013335,-0.022724,0.322142,0.773971,-0.122077,-0.433725,-1.0
0.668337,0.583671,0.689999,-0.949496,-0.848514,0.842811,0.482843,0.728912,-0.315801,0.334649,0.425587,-0.148316,-0.558046,0.054808,-0.946713
0.435658,0.086667,0.371935,0.97588,0.344599,-0.377239,0.577211,0.731762,0.323725,-0.355431,0.122414,0.384809,-0.117569,-0.474942,-0.993215
0.114209,-0.387931,-0.660502,0.282701,-0.043014,-0.612417,0.963657,0.318899,-0.024198,-0.832859,0.039723,0.076602,-0.24112,-0.419333,-1.0
-0.105214,-0.947342,0.684553,-0.044403,-0.703074,0.7407,0.240845,0.211251,-0.159465,0.17935,0.228871,-0.743485,-0.141738,0.473968,-1.0
-0.944417,0.923144,0.190239,0.069209,0.366664,-0.806802,0.272527,0.714713,0.1453,-0.209387,-0.488631,0.609193,0.219353,-0.455743,-0.911721
-0.463617,-0.289827,0.625793,-0.69362,0.566281,-0.294056,0.762166,0.040733,0.52966,-0.312423,-0.246104,-0.026802,0.525481,-0.017955,-1.0
0.52,-0.511035,0.391491,0.278199,0.684076,-0.015732,0.266475,0.694935,0.202242,-0.030985,-0.201717,-0.60141,0.201206,0.373602,-0.993606
0.409722,0.329496,0.378452,0.956708,0.651011,0.02662,0.306937,0.588596,0.160798,0.033319,-0.469351,0.583741,0.289319,-0.412861,-0.977391
-0.120199,0.534099,0.616235,0.733435,-0.183491,-0.310603,0.725333,0.582253,-0.286741,-0.431421,-0.027953,0.210271,-0.059318,-0.43886,-0.986765
-0.964187,-0.054297,0.361691,0.246481,0.202504,0.83563,0.093672,0.254626,0.028875,0.195785,-0.763718,-0.624047,0.352208,0.359544,-1.0
-0.608077,0.250164,-0.294342,-0.554664,-0.765969,0.351175,0.210209,0.499658,-0.147576,0.035752,0.718303,-0.509749,-0.493782,0.26307,-0.972185
0.946159,0.465716,0.435135,-0.960368,-0.706677,-0.702486,0.628,0.880755,-0.34841,-0.234125,0.329378,0.242652,-0.404505,-0.258797,-0.964183
-0.280646,0.416955,0.212764,0.506196,-0.325305,0.392997,0.758781,0.887261,-0.477735,0.459961,0.292427,0.103383,-0.376682,-0.244293,-1.0
0.643627,0.103513,-0.609513,0.333949,0.393379,-0.310871,0.193053,0.843889,0.124513,-0.193046,0.423619,0.630837,-0.156093,-0.392615,-1.0
-0.365831,-0.330797,0.120769,0.930575,-0.872811,-0.082034,0.436073,0.379678,-0.400821,-0.001138,0.460638,-0.285804,-0.422716,0.173433,-1.0
-0.011436,-0.337573,-0.547209,-0.831981,-0.945482,-0.146462,0.213757,0.896964,-0.214019,-0.113223,0.852828,-0.179649,-0.479143,0.114442,-1.0
-0.757234,-0.654184,-0.719656,-0.048341,0.888946,-0.888798,0.400445,0.553357,0.190164,-0.250746,-0.599497,0.111507,0.5554,-0.113116,-0.95456
-0.049539,0.262202,0.740917,-0.768279,-0.744303,-0.126519,0.268919,0.564283,-0.156324,-0.101401,0.608892,0.33409,-0.444903,-0.253386,-0.959085
0.841603,-0.265176,-0.414241,0.160054,-0.550535,-0.899438,0.892247,0.594376,-0.292522,-0.545112,0.10729,0.017368,-0.436999,-0.192153,-0.976133
0.619125,0.017065,0.42069,0.48921,-0.178974,0.463568,0.240664,0.427888,-0.031647,0.240836,0.568612,-0.314973,-0.459215,0.244794,-1.0
0.787572,0.582415,-0.804098,-0.868122,-0.372601,-0.615156,0.37652,0.239736,-0.083551,-0.142392,0.432049,0.523936,-0.37479,-0.346368,-0.895175
0.388385,0.149616,-0.508968,0.8991,-0.552478,0.089873,0.2692,0.02761,-0.189577,0.037969,0.824173,-0.037776,-0.44488,-0.019803,-0.894803
0.212934,-0.203657,-0.972172,0.377577,-0.249541,-0.395475,0.780175,0.407665,-0.358895,-0.59071,0.209488,0.089938,-0.524325,-0.276469,-1.0
-0.92739,-0.537566,0.598599,0.288426,0.319997,0.194624,0.837243,0.914662,0.646323,0.481944,-0.119252,-0.027388,0.392355,0.232319,-0.999467
0.071162,-0.064903,-0.588405,-0.330353,0.37779,-0.376984,0.515406,0.644298,0.260407,-0.26699,-0.253349,0.365654,0.266197,-0.352356,-1.0
0.604852,0.775866,0.501178,-0.192158,-0.358632,-0.17651,0.499866,0.265897,-0.418581,-0.229391,0.266935,0.365849,-0.227964,-0.412394,-1.0
0.067663,0.879101,-0.259856,-0.298267,0.070952,-0.836989,0.761872,0.772872,0.108121,-0.527923,0.00656,0.280487,0.020158,-0.469159,-1.0
0.150901,-0.689432,0.637095,0.75963,-0.22762,-0.670464,0.342726,0.933,-0.121221,-0.300236,0.687819,-0.031512,-0.54365,0.058316,-1.0
-0.550584,-0.452301,0.195654,0.266623,0.30561,-0.88763,0.90231,0.099889,0.277568,-0.75987,-0.124563,0.093848,0.429222,-0.24824,-0.993703
-0.070038,0.993677,0.442772,0.984254,-0.507031,-0.093458,0.90316,0.60603,-0.734704,-0.133628,0.012568,0.170443,-0.131502,-0.425761,-1.0
-0.254806,0.01093,-0.087274,-0.868951,0.208373,0.226166,0.408732,0.593182,0.236503,0.121842,-0.520414,-0.122713,0.463152,0.183658,-0.933072
-0.643817,0.313827,-0.655406,-0.377785,-0.902051,-0.461763,0.664809,0.641674,-0.547011,-0.273811,0.085708,0.38674,-0.134072,-0.510575,-0.970494
0.991376,0.805276,0.705688,-0.808259,-0.604072,-0.023335,0.78507,0.502122,-0.660888,-0.008991,0.151058,0.076683,-0.488267,-0.121159,-1.0
0.268782,-0.350826,-0.315852,0.3613,-0.367596,0.25079,0.405486,0.657673,-0.274389,0.360894,0.428538,-0.352926,-0.381327,0.43612,-0.952543
-0.136896,-0.129288,0.108627,0.190362,-0.755297,0.802688,0.712054,0.683875,-0.368427,0.411548,0.185019,-0.264674,-0.252866,0.364212,-1.0
0.273955,0.361083,-0.190406,0.182979,-0.669507,-0.705153,0.769336,0.159831,-0.459288,-0.460518,0.12444,0.22208,-0.302934,-0.339026,-0.97085
-0.235578,0.441079,-0.134616,0.903096,-0.829069,-0.685296,0.120786,0.20445,-0.13813,-0.046677,0.429687,0.757675,-0.250143,-0.448915,-1.0
-0.196369,-0.339218,0.048197,-0.579222,0.38717,-0.951626,0.658233,0.10566,0.184391,-0.509678,-0.185112,0.231993,0.3432,-0.403727,-0.956272
0.904073,-0.307712,0.438001,-0.347995,0.270506,0.347148,0.763865,0.516186,0.403879,0.474793,0.193533,-0.16638,-0.285607,0.292918,-0.996995
-0.006008,0.487333,-0.937827,-0.640036,0.642794,0.283795,0.301563,0.040153,0.177497,0.08672,-0.634164,0.31519,0.391184,-0.085866,-1.0
0.620616,0.131257,-0.274876,0.001671,0.278741,0.283192,0.345604,0.230165,0.226348,0.159215,0.624807,-0.267524,-0.455003,0.09066,-0.99365
-0.518405,-0.252464,-0.801901,-0.104254,-0.651558,-0.509293,0.718394,0.524874,-0.497446,-0.401654,0.048041,0.121096,-0.259261,-0.490054,-0.976563
0.289867,0.459089,-0.917541,0.342576,-0.665574,0.383043,0.645159,0.743371,-0.462015,0.282559,0.446466,-0.033203,-0.456241,-0.097495,-0.970913
0.880098,0.879133,0.468008,0.467489,-0.229626,-0.371337,0.735862,0.417213,-0.289281,-0.43525,0.195036,0.144212,-0.260468,-0.378323,-1.0
-0.718595,-0.591625,0.139146,-0.004643,-0.720104,-0.614583,0.736213,0.649468,-0.459054,-0.333228,0.001512,0.224057,-0.028234,-0.493648,-1.0
0.612301,0.405673,-0.220952,0.896477,-0.275631,0.950841,0.079114,0.321175,0.026651,0.067582,0.806392,-0.494835,-0.478401,0.233064,-1.0
0.114629,0.068474,-0.50621,0.821037,-0.920647,0.229917,0.697305,0.66195,-0.578435,0.198793,0.241789,-0.018037,-0.526042,0.127318,-1.0
0.576573,-0.14515,-0.244188,-0.677633,0.82471,-0.854263,0.62797,0.541346,0.27278,-0.395937,-0.188607,0.343988,0.14385,-0.453823,-0.999397
0.999293,-0.784429,0.343516,0.481451,-0.953965,-0.423863,0.24428,0.207927,-0.199341,-0.010774,0.714503,-0.074682,-0.548083,0.145405,-1.0
-0.302357,-0.694535,-0.553544,0.43548,-0.320585,-0.285927,0.166698,0.899993,-0.162622,-0.100211,0.098236,-0.774764,0.023956,0.481812,-0.919988
-0.50683,-0.532481,-0.429628,0.284972,-0.166019,0.729899,0.970333,0.597211,-0.186,0.859611,-0.001814,-0.093316,0.133175,0.446161,-1.0
-0.761986,-0.289965,0.246444,0.975645,0.707969,-0.662703,0.157258,0.907809,0.175497,-0.147473,-0.802378,0.153575,0.457141,-0.147893,-1.0
0.227965,0.989668,-0.59448,-0.959421,0.362751,0.885168,0.458216,0.17755,0.118456,0.404022,-0.525757,0.323136,0.410507,-0.327716,-0.957468
0.980994,0.81423,0.664329,-0.776978,-0.965187,-0.918534,0.401991,0.799856,-0.267564,-0.208809,0.489939,0.487227,-0.321819,-0.30535,-0.979712
-0.578659,-0.53621,-0.977484,0.180298,0.259871,-0.965933,0.725606,0.105921,0.185555,-0.556861,-0.165868,0.130825,0.382145,-0.190424,-0.976591
0.365576,0.56517,0.204547,0.341641,-0.14381,-0.882264,0.084594,0.59851,-0.038886,-0.103788,0.227316,0.947889,-0.128484,-0.460833,-0.979247
-0.297455,-0.56001,0.752463,0.84174,0.217591,-0.194281,0.120672,0.198907,0.07575,-0.120346,-0.705268,-0.567491,0.338042,0.235846,-1.0
0.877737,0.376268,-0.525753,-0.140958,-0.850614,-0.850301,0.867946,0.746501,-0.55163,-0.441385,0.126174,0.199361,-0.46663,-0.274625,-0.96642
-0.728256,-0.123225,0.796022,0.055098,-0.390389,-0.583938,0.347052,0.815287,-0.170015,-0.244006,-0.335922,0.500346,0.252511,-0.377737,-1.0
0.273013,-0.652348,-0.322861,0.562563,-0.121025,0.888498,0.263544,0.048245,-0.039779,0.175796,0.065696,-0.66789,-0.117759,0.49363,-1.0
0.447389,0.322605,-0.542484,-0.112339,0.868465,-0.371939,0.386889,0.647558,0.29566,-0.230145,-0.377577,0.585513,0.21415,-0.466561,-0.977573
-0.292825,-0.928893,-0.9653,0.320385,-0.234849,0.919907,0.517761,0.645746,-0.051374,0.386699,-0.027365,-0.476586,0.151609,0.438815,-0.970003
0.327668,-0.304491,-0.167443,0.356383,-0.14905,0.361486,0.039147,0.201563,-0.006846,0.037143,0.55698,-0.704412,-0.314371,0.324829,-0.907813
0.320893,0.051411,-0.234602,0.091954,0.311797,-0.463189,0.863337,0.43209,0.41075,-0.572077,0.034864,0.104244,-0.081447,-0.445431,-1.0
0.123171,-0.5308,0.73554,0.897515,0.406393,0.377713,0.210207,0.983182,0.18102,0.085036,-0.223894,-0.762225,0.191317,0.457366,-1.0
-0.262809,-0.413602,0.410465,-0.80162,0.770273,-0.374245,0.821909,0.288891,0.498304,-0.300582,-0.201435,-0.089207,0.469916,-0.009264,-1.0
0.808625,0.825218,0.832575,-0.623649,0.425181,-0.361346,0.579327,0.629649,0.320892,-0.201555,0.158177,0.431494,-0.203808,-0.523471,-1.0
-0.637225,0.959964,0.353528,-0.899782,0.050557,-0.817488,0.988682,0.982687,0.08938,-0.805116,-0.055876,-0.029766,0.171822,-0.506775,-1.0
0.790303,-0.292643,0.840223,0.258632,-0.681173,-0.411274,0.321969,0.468957,-0.227898,-0.121147,0.70145,0.058896,-0.552968,-0.012607,-1.0
0.027232,-0.386006,0.180781,-0.777497,-0.763273,0.184091,0.075339,0.135647,-0.085251,0.08344,0.719029,-0.517491,-0.441655,0.192238,-1.0
0.623955,-0.135772,-0.644674,0.237094,-0.116278,0.797591,0.567349,0.527938,-0.069438,0.461725,0.302384,-0.313362,-0.310292,0.48824,-0.96593
0.896707,0.914816,-0.923552,-0.029261,-0.099388,0.464203,0.682281,0.572813,-0.112355,0.554194,0.240453,0.078873,-0.505821,-0.248045,-1.0
0.538019,0.254323,0.497214,-0.949193,0.092486,0.857487,0.368079,0.757259,-0.008196,0.235518,0.460077,-0.404296,-0.246368,0.405215,-1.0
0.531057,0.241811,-0.997441,-0.385067,-0.831827,-0.852243,0.111458,0.746403,-0.046202,-0.004663,0.618431,0.499114,-0.365643,-0.356517,-0.997278
-0.43985,0.135602,0.135964,-0.332093,-0.330085,0.62587,0.861078,0.828582,-0.344139,0.691921,-0.034883,-0.189523,0.063176,0.374844,-1.0
0.489449,0.002462,-0.420012,0.262319,-0.992235,0.670332,0.889047,0.922174,-0.585073,0.393017,0.153382,-0.118668,-0.357899,0.135315,-0.959555
-0.443262,0.932591,-0.083197,-0.400873,0.553557,0.993121,0.468591,0.88503,0.212766,0.307293,-0.488374,-0.014923,0.472813,0.114721,-0.918315
0.559229,-0.424208,0.751381,0.430962,0.567667,0.080228,0.577097,0.656192,0.403642,0.04712,-0.084326,-0.467652,-0.05289,0.464283,-1.0
-0.114474,0.647117,0.125983,0.45544,0.026153,0.328606,0.906959,0.514713,0.037756,0.668258,-0.022163,0.13191,0.317246,-0.463991,-1.0
0.058156,-0.433708,0.226639,0.092292,0.293502,0.158988,0.075097,0.438388,-0.006563,0.110443,-0.346007,-0.783104,0.146776,0.512006,-0.960192
0.528799,0.610398,0.151974,-0.419047,-0.945279,-0.187256,0.546846,0.303695,-0.460029,-0.066698,0.395117,0.214679,-0.427998,-0.310026,-0.872109
0.602272,-0.745948,-0.997323,0.81495,0.178926,0.062337,0.797305,0.269189,0.550302,0.305636,0.118521,-0.222252,-0.200032,0.415674,-1.0
-0.816492,-0.793886,-0.042447,-0.681803,-0.000444,0.238967,0.566963,0.621062,-0.007493,0.503743,-0.320797,-0.32921,0.356947,0.37281,-0.990904
0.32603,-0.209227,0.375055,-0.055274,-0.970993,-0.752353,0.14049,0.608909,-0.074434,-0.060829,0.851841,0.370444,-0.44197,-0.234443,-0.973188
0.988131,-0.159259,-0.77043,-0.124248,-0.287675,-0.28167,0.597157,0.715507,-0.342775,-0.309791,0.387802,-0.019569,-0.505298,-0.061331,-0.929002
-0.501549,0.62461,0.049144,0.213373,-0.029275,-0.169117,0.527768,0.758159,-0.020896,-0.362914,-0.205989,0.335576,0.334823,-0.456436,-0.990499
-0.742821,-0.8964,-0.751563,0.192959,0.451452,-0.481412,0.893473,0.109858,0.414973,-0.546008,-0.126859,-0.024727,0.403513,0.248843,-0.988003
0.223578,-0.01609,0.106948,-0.685353,-0.981541,0.795212,0.042971,0.82537,-0.027716,0.045947,0.826135,-0.494831,-0.394068,0.301437,-1.0
0.014674,-0.216648,0.347551,-0.214791,0.758219,-0.847796,0.402678,0.513934,0.18465,-0.289948,-0.513252,0.418305,0.456794,-0.252563,-0.990916
0.744136,-0.35409,-0.197545,0.341514,0.190044,-0.910905,0.005698,0.990182,-0.023762,0.012469,0.66993,0.803882,-0.228302,-0.375223,-0.985866
-0.960147,-0.138112,0.231903,-0.544577,0.378529,-0.474952,0.292141,0.316415,0.202242,-0.133328,-0.625455,0.1747,0.58306,-0.098756,-1.0
-0.937094,0.020363,0.117199,-0.6519,-0.902979,-0.026381,0.374682,0.704289,-0.396328,-0.01658,-0.278118,0.522584,0.333574,-0.363214,-0.933082
0.769914,0.535897,-0.688929,-0.337696,0.138741,-0.125476,0.895565,0.564427,0.561907,-0.485329,0.112701,0.113878,-0.411307,-0.382869,-0.979179
-0.655334,0.739534,-0.982987,0.804499,-0.465687,-0.227257,0.526819,0.080012,-0.363303,-0.113341,-0.208527,0.467266,-0.000913,-0.523143,-0.95706
-0.59955,0.397127,-0.17634,-0.306477,-0.527406,-0.250523,0.494789,0.330741,-0.345638,-0.169478,0.029298,0.452753,0.066998,-0.472438,-1.0
0.516117,0.12834,-0.363063,0.257314,-0.696779,0.318931,0.993854,0.529184,-0.679782,0.365918,-0.007915,-0.040951,-0.416345,0.115572,-0.98518
-0.656324,-0.848804,-0.268745,0.089303,0.663125,-0.247855,0.143642,0.102768,0.079905,-0.019479,-0.862195,-0.444282,0.486884,0.16147,-0.946041
-0.437678,-0.678365,0.399893,-0.491905,-0.865312,0.616414,0.97713,0.979181,-0.593585,0.472695,-0.007857,0.040302,-0.104448,0.472577,-1.0
-0.290017,-0.65346,0.41349,0.202133,0.550234,-0.138569,0.612037,0.005361,0.429399,-0.056698,-0.359768,-0.213943,0.449856,0.251026,-0.937977
0.208219,-0.431429,0.049864,0.566688,0.313899,-0.356975,0.286744,0.914117,0.169723,-0.193548,-0.668429,-0.367359,0.42492,0.259861,-1.0
-0.589664,-0.496027,0.4216,-0.902024,-0.952493,0.45638,0.298944,0.83278,-0.24545,0.150912,0.265596,-0.712432,-0.139164,0.499061,-1.0
0.134867,0.086166,-0.390317,-0.010805,0.222291,0.564733,0.55688,0.270561,0.165963,0.421149,-0.081919,-0.378002,0.151764,0.507297,-1.0
-0.93939,-0.414897,-0.566076,0.501221,-0.742888,0.999499,0.845036,0.234531,-0.421625,0.575913,-0.018724,-0.153679,0.086049,0.518835,-1.0
0.43162,-0.324527,-0.574625,-0.516411,0.724215,0.928414,0.355466,0.430151,0.135788,0.192544,-0.137753,-0.681027,0.032146,0.488134,-1.0
-0.954179,0.119477,-0.053906,-0.179512,-0.127539,0.046246,0.059439,0.801191,-0.095884,0.041644,-1.0,0.128845,0.494296,-0.116558,-1.0
-0.827069,0.774631,-0.970612,0.517223,-0.528523,0.567361,0.668188,0.498928,-0.461079,0.388463,-0.258499,0.185424,0.33267,-0.304457,-0.99449
-0.448214,0.04902,-0.136753,0.347652,0.059716,0.581894,0.108865,0.514356,-0.054239,0.037803,-0.588758,-0.628522,0.26693,0.47332,-0.958235
-0.405679,0.838901,-0.959927,0.632693,-0.412244,0.250111,0.565161,0.188131,-0.455403,0.296786,-0.0335,0.497508,-0.034972,-0.462825,-0.979541
-0.537207,0.137545,0.730835,-0.537837,-0.948173,-0.56251,0.547608,0.383205,-0.39758,-0.186897,0.142077,0.386127,-0.247409,-0.443991,-0.973162
0.066821,0.972364,0.584443,-0.669332,0.758395,-0.114814,0.270047,0.218927,0.250744,0.009743,-0.385855,0.724977,0.228531,-0.400997,-0.934184
0.934498,-0.294397,-0.843374,-0.055113,-0.664054,0.422125,0.409402,0.451123,-0.292772,0.198547,0.490455,-0.19626,-0.484757,0.267041,-1.0
-0.897869,0.197342,-0.656544,0.102841,0.435454,0.204199,0.97681,0.07827,0.761153,0.336985,-0.075033,0.01675,0.549035,0.075379,-0.964981
-0.819025,-0.699766,-0.384549,-0.406776,-0.281697,0.880999,0.453127,0.469873,-0.107883,0.257083,-0.176173,-0.563688,0.13808,0.422628,-1.0
0.892839,0.092236,-0.181496,-0.770784,0.597249,0.090712,0.450542,0.202914,0.320114,0.013043,0.512071,0.039916,-0.476747,0.136437,-1.0
-0.668523,0.548934,-0.348859,0.063968,0.739849,0.866311,0.122151,0.34365,0.075283,0.137464,-0.884251,-0.204599,0.580095,0.026502,-1.0
0.611648,0.294393,0.402335,0.919211,-0.861485,0.368768,0.567205,0.161635,-0.434088,0.152045,0.476484,0.029324,-0.426571,-0.015799,-1.0
0.873922,0.971697,0.448574,0.211639,0.85767,-0.813303,0.388261,0.182654,0.209747,-0.103468,0.004496,0.633404,0.025004,-0.607998,-1.0
0.642259,-0.802529,0.270306,-0.4824,0.005834,0.561918,0.899674,0.013874,0.054705,0.659948,-0.006799,0.001003,-0.195105,0.522398,-1.0
0.586666,-0.182189,-0.046445,0.085741,0.203339,-0.321507,0.816667,0.857847,0.287289,-0.609075,0.114388,0.063625,-0.540589,-0.1359,-0.98107
0.479002,-0.669257,-0.123054,-0.601393,-0.582579,-0.268012,0.895067,0.751223,-0.62152,-0.326398,0.084776,-0.0844,-0.49329,0.17498,-1.0
-0.302375,0.390463,0.888746,0.007635,0.303937,-0.640756,0.072422,0.447095,0.045558,-0.086875,-0.467791,0.778885,0.255656,-0.524836,-0.988325
-0.496351,-0.538676,-0.080408,0.048715,-0.134502,-0.764485,0.366932,0.338298,-0.132547,-0.387444,-0.581222,0.347761,0.438471,-0.224658,-0.932829
0.109386,-0.404754,-0.871971,-0.715169,0.989171,0.444991,0.321266,0.588258,0.275589,0.065103,-0.438724,-0.541386,0.309266,0.432415,-0.996405
-0.4009,0.157181,0.728519,0.108522,0.360829,-0.343857,0.049026,0.827661,-0.026807,-0.077024,-0.824716,0.461812,0.476456,-0.240722,-1.0
0.596793,0.1532,0.473826,0.003088,-0.366595,0.657496,0.885013,0.721606,-0.333496,0.529848,0.21799,-0.055564,-0.35793,0.286299,-0.884959
0.813906,0.83847,-0.684979,0.194658,-0.644162,0.322614,0.223466,0.399136,-0.173426,0.114399,0.675193,0.263316,-0.436417,-0.16502,-0.958503
0.886225,-0.84254,-0.938144,0.60585,0.960536,0.721479,0.181229,0.956422,0.16851,0.146655,-0.070671,-0.812791,-0.025149,0.460961,-0.958873
0.64171,0.997814,-0.373097,-0.94091,0.735803,-0.893314,0.570042,0.562269,0.182134,-0.338518,-0.079518,0.471572,-0.025128,-0.446423,-1.0
0.248679,-0.132793,-0.539505,0.975566,0.365252,-0.42962,0.433541,0.391524,0.246985,-0.223543,-0.180423,0.519076,0.280452,-0.45086,-1.0
-0.942299,0.995411,0.112203,0.314685,-0.735957,-0.186627,0.397198,0.911749,-0.339142,0.007256,-0.09044,0.605969,0.077497,-0.61383,-0.913217
0.928993,0.105736,0.439543,-0.035631,-0.385823,-0.752322,0.60927,0.194234,-0.085796,-0.397881,0.330627,0.250809,-0.452783,-0.243987,-0.917113
-0.547668,-0.518182,0.236233,-0.903777,-0.004864,0.919142,0.028149,0.124673,0.04323,0.035666,-0.282029,-0.904438,0.181948,0.527499,-0.960053
-0.984415,-0.494675,-0.246975,-0.432962,0.94327,0.163204,0.185339,0.269501,0.11758,0.009247,-0.825578,-0.212282,0.447283,0.128077,-0.986832
0.671427,-0.832636,-0.956013,0.56299,-0.68082,-0.629699,0.419893,0.004499,-0.259583,-0.242525,0.564713,-0.042014,-0.470563,0.132901,-1.0
0.850998,-0.896152,0.585246,0.534221,-0.960378,-0.23553,0.798936,0.395423,-0.618162,-0.17237,0.19826,-0.072297,-0.456935,0.180025,-1.0
0.56299,-0.985572,-0.002948,0.790543,-0.703521,0.899444,0.410872,0.271861,-0.114487,0.189103,0.385139,-0.50599,-0.25183,0.417408,-0.990859
0.625138,0.857939,0.907133,-0.803486,0.434158,-0.732139,0.943755,0.223327,0.350632,-0.674276,-0.037657,0.086418,-0.177578,-0.529608,-0.961627
-0.384013,-0.595923,-0.135177,-0.837849,-0.326824,0.412057,0.177271,0.129419,-0.048965,0.143666,0.017792,-0.879143,0.056216,0.572786,-0.945838
0.355248,0.492796,-0.943892,-0.734065,0.221565,-0.438515,0.625896,0.250732,0.270081,-0.414474,0.093572,0.362097,-0.072841,-0.50685,-0.893717
-0.863452,-0.743785,0.273802,-0.275408,0.010882,0.317976,0.685256,0.198538,-0.004044,0.556412,-0.220733,-0.233718,0.306471,0.409705,-1.0
0.297853,-0.152658,-0.803701,0.578188,-0.924283,-0.11978,0.95617,0.568134,-0.704958,-0.084388,0.095233,0.112725,-0.449645,0.058703,-0.971888
0.130052,-0.675949,-0.917359,-0.499947,0.491801,-0.03934,0.473203,0.677104,0.40452,-0.018526,-0.257802,-0.482322,0.26373,0.443711,-0.937381
-3.7e-05,0.036916,0.271267,0.499768,0.634672,0.978324,0.286513,0.335382,0.275905,0.139008,-0.442144,-0.54466,0.379712,0.355254,-1.0
0.254694,0.306272,-0.962422,0.098542,-0.750387,-0.341231,0.01978,0.226683,-0.048848,0.034187,0.748027,0.642846,-0.388268,-0.288032,-0.8908
-0.179919,-0.426623,-0.816011,-0.26633,-0.458756,0.395127,0.583137,0.357018,-0.234013,0.320595,0.165091,-0.419908,-0.138497,0.496988,-0.963833
0.018882,-0.737606,-0.197057,-0.529927,-0.076233,0.076487,0.82805,0.2283,-0.445216,0.501096,0.104217,-0.157683,-0.057003,0.41317,-1.0
0.839606,0.396095,-0.498408,-0.420868,0.220867,-0.845531,0.663445,0.722844,0.190055,-0.573168,0.050498,0.240034,-0.182331,-0.491733,-0.976902
0.547673,0.601566,0.335168,-0.065739,0.125901,0.318194,0.237062,0.566762,0.137075,0.181192,0.70975,0.435537,-0.388884,-0.298846,-0.985251
-0.158205,-0.423511,0.877569,0.078195,-0.098048,0.801284,0.845705,0.009026,-0.097738,0.671893,0.063494,-0.102764,0.006473,0.490799,-0.947909
-0.803582,0.448201,-0.278785,-0.938157,0.553382,0.677723,0.289272,0.669604,0.220169,0.198393,-0.77694,-0.151582,0.551949,0.079904,-1.0
0.317539,-0.485627,0.794812,-0.882505,-0.391461,-0.332268,0.841539,0.116604,-0.510563,-0.438087,0.104457,-0.088513,-0.507403,0.122408,-1.0
-0.039058,-0.260779,-0.156326,0.99275,-0.820816,0.941716,0.448934,0.834828,-0.25357,0.180722,0.296028,-0.495461,-0.274078,0.37973,-1.0
0.412076,-0.033444,0.714887,0.585611,0.324247,0.00394,0.041027,0.635205,0.068068,-0.095731,0.801975,-0.461215,-0.475649,0.127499,-0.900551
0.989582,0.591718,0.548451,0.812208,-0.024967,0.945676,0.979337,0.455908,-0.076069,0.822209,0.018455,-0.064652,-0.59016,0.204721,-0.995008
-0.032453,0.758838,0.538981,-0.76303,-0.984042,0.133386,0.504638,0.309329,-0.435658,0.032753,0.367642,0.233455,-0.402714,-0.254779,-0.915712
-0.904392,-0.127657,-0.567883,0.929826,-0.593841,-0.689028,0.83934,0.011359,-0.356138,-0.431827,-0.024959,0.101724,0.280894,-0.443177,-1.0
0.385279,-0.534055,-0.591337,0.03723,-0.440733,-0.744189,0.391322,0.819467,-0.151774,-0.262716,0.589858,0.133948,-0.556251,-0.158479,-1.0
-0.330323,0.120907,-0.907373,-0.842062,0.315319,0.471034,0.65223,0.504491,0.250722,0.474348,-0.309099,-0.178934,0.456929,0.192569,-1.0
-0.866375,-0.699186,0.496451,0.739049,-0.528344,0.407535,0.405091,0.182669,-0.287017,0.242254,-0.222086,-0.546203,0.199072,0.471886,-1.0
0.338436,0.848118,-0.985312,0.410354,-0.143375,0.055861,0.959534,0.385684,-0.719371,0.278014,-0.039599,0.120888,-0.349098,-0.436822,-0.997467
-0.362981,0.520744,0.165835,-0.873633,0.867865,-0.378583,0.770692,0.850235,0.660965,-0.27337,-0.162921,0.115249,0.381256,-0.292302,-1.0
-0.862697,0.598305,-0.550487,-0.562086,0.009029,0.867851,0.753421,0.962331,0.030128,0.649776,-0.26163,-0.103132,0.514639,0.18569,-0.964405
-0.028336,0.369153,-0.23054,0.745036,-0.026559,-0.789953,0.115409,0.549995,-0.035097,-0.201101,-0.101522,0.847583,0.008884,-0.450995,-0.959547
-0.837619,-0.920814,-0.867198,0.144104,-0.364105,0.723856,0.900426,0.564394,-0.438687,0.652796,-0.00864,-0.035193,0.24477,0.4977,-1.0
-0.381415,-0.923845,-0.389454,-0.37424,-0.992683,-0.996577,0.530686,0.794335,-0.354876,-0.286293,0.432885,0.057171,-0.515229,0.042859,-0.981664
0.465657,0.485447,-0.110628,0.050809,0.067664,0.894619,0.237823,0.356955,0.086402,0.182261,0.613183,-0.493535,-0.389641,0.314299,-0.983781
-0.069929,-0.056904,-0.810366,-0.267683,0.390921,-0.565035,0.841094,0.30968,0.388349,-0.54089,-0.160408,0.211239,0.34365,-0.334391,-0.987101
0.263932,0.083134,0.530053,-0.744399,-0.689299,-0.312895,0.417869,0.553078,-0.26887,-0.296532,0.397962,0.207172,-0.419599,-0.080566,-1.0
-0.879931,-0.928366,-0.635557,0.017212,0.895921,-0.235541,0.144916,0.105158,0.041715,-0.039117,-0.876637,-0.297763,0.580623,0.206991,-1.0
-0.984761,0.203885,0.784583,0.873832,0.672041,0.44333,0.686588,0.094131,0.433053,0.277556,-0.290594,-0.039342,0.484025,0.084922,-0.97677
-0.963029,-0.053936,-0.894858,-0.866202,0.139002,-0.396319,0.06227,0.81787,-0.059708,-0.008974,-0.870921,0.223862,0.422798,-0.180839,-0.886776
0.736233,-0.857035,0.607925,0.897635,-0.062217,-0.782534,0.068528,0.759901,0.000711,-0.116987,0.897439,-0.109415,-0.506905,0.068836,-1.0
0.724073,0.219964,0.327071,0.727147,0.265414,-0.8386,0.16035,0.603333,-0.040502,-0.131107,0.337791,0.804697,-0.231641,-0.410706,-0.96625
0.326237,-0.56602,-0.40869,-0.073999,-0.244431,-0.694921,0.830164,0.740628,-0.176127,-0.630454,0.134382,0.075554,-0.474232,-0.054946,-1.0
0.795597,-0.789008,0.954083,-0.555522,0.628066,-0.720808,0.042188,0.290683,0.065923,0.008807,0.83131,-0.35669,-0.497369,0.180694,-0.948046
-0.398416,-0.516484,0.116721,0.506459,-0.075788,-0.16662,0.310574,0.820704,-0.058112,-0.209883,-0.485855,-0.503456,0.336785,0.398528,-0.934388
0.291699,-0.639617,-0.957532,0.770343,-0.559791,0.049182,0.624259,0.667487,-0.506405,-0.011445,0.243765,-0.210667,-0.476739,0.286768,-1.0
-0.118788,0.237162,-0.585545,0.750773,0.707433,-0.969841,0.867137,0.276099,0.4528,-0.604373,-0.026297,0.018337,0.276822,-0.374589,-1.0
-0.586366,-0.605252,-0.942192,0.533167,-0.586582,0.769527,0.235293,0.706909,-0.076684,0.137716,0.112031,-0.681745,0.037905,0.54807,-0.878854
0.815039,0.909329,0.825803,0.27009,-0.346809,0.337447,0.465381,0.806832,-0.270029,0.256589,0.485911,0.310113,-0.471894,-0.143096,-1.0
-0.436355,-0.997058,0.017125,0.546173,-0.386478,0.691164,0.586272,0.727446,-0.207502,0.371281,-0.130995,-0.352362,-0.021185,0.553265,-0.993755
-0.331602,0.64414,-0.517743,-0.81079,-0.649377,0.695054,0.263687,0.047496,-0.177479,0.145529,0.783361,-0.126671,-0.437152,0.053985,-0.974251
-0.443845,-0.194951,-0.576106,-0.892066,-0.996755,-0.65362,0.709393,0.62752,-0.520874,-0.274473,0.167084,0.145221,-0.346476,-0.222531,-0.985874
-0.150123,0.79494,-0.525088,0.417291,-0.966451,-0.120298,0.727973,0.200702,-0.524031,-0.133295,0.205835,0.190373,-0.370939,-0.399827,-1.0
-0.816949,0.024179,-0.241943,-0.831445,0.886122,-0.770804,0.01863,0.07848,0.115979,0.000424,-0.901706,0.479707,0.476275,-0.313344,-1.0
-0.498591,-0.587482,-0.386029,-0.743556,-0.777474,0.518797,0.922605,0.415245,-0.584871,0.424465,0.030702,-0.150297,-0.123243,0.549469,-0.999423
0.815067,-0.85106,-0.370632,0.107371,0.48522,0.009757,0.777051,0.404579,0.50665,-0.048491,-0.036897,-0.148689,-0.193947,0.382555,-0.903902
-0.987858,-0.460764,-0.777972,-0.970006,-0.440017,0.947784,0.893249,0.24589,-0.224609,0.756632,-0.025905,-0.043849,0.155503,0.52086,-1.0
-0.491469,0.546559,0.292125,0.58177,-0.414655,-0.524141,0.038879,0.326143,-0.033141,0.02321,-0.024419,0.972534,0.129909,-0.540462,-0.933901
-0.733381,-0.84502,-0.542046,0.916841,-0.646001,-0.781365,0.149758,0.639733,-0.100986,0.020571,-0.741881,-0.502075,0.430647,0.261496,-0.98334
-0.819443,-0.716625,-0.852747,-0.853922,0.057824,-0.728663,0.782427,0.801621,0.081024,-0.639007,-0.210429,0.016753,0.486474,0.004384,-0.999891
-0.466448,-0.47656,0.633724,-0.213147,0.824163,0.379482,0.728537,0.105339,0.449038,0.245417,-0.31064,-0.20293,0.454696,0.199462,-1.0
-0.246544,0.730326,-0.398871,0.467156,0.446244,0.618173,0.230888,0.675912,0.1465,0.069229,-0.773403,0.111327,0.456256,-0.057983,-0.942916
-0.239435,0.665447,0.569165,-0.619782,0.124699,0.943467,0.313075,0.391635,0.005674,0.145968,-0.537923,-0.345474,0.411153,0.278848,-1.0
0.629833,-0.636905,-0.726666,0.934483,-0.760452,-0.267997,0.603492,0.047599,-0.481496,-0.173007,0.386294,-0.118686,-0.467932,0.099531,-0.999049
-0.291175,-0.932983,0.718921,-0.443442,-0.408585,-0.577926,0.098519,0.969222,-0.021935,-0.042615,0.189282,-0.79093,-0.174582,0.51134,-1.0
-0.582614,-0.664753,-0.804952,0.548773,-0.515202,-0.289196,0.438576,0.168536,-0.331034,-0.208576,-0.084978,-0.543647,0.079388,0.508557,-0.980064
-0.707852,-0.297786,0.058187,0.967227,-0.80992,0.673091,0.100361,0.934338,-0.125474,-0.01689,0.130789,-0.898218,-0.042279,0.471969,-1.0
0.364795,0.968232,-0.876495,-0.113022,-0.11109,0.312491,0.78461,0.442177,-0.180895,0.616375,0.092836,0.260442,-0.329311,-0.428212,-0.947843
0.163254,-0.806976,-0.284672,0.233319,0.811694,-0.401054,0.57856,0.333022,0.363696,-0.156655,-0.293535,-0.283167,0.385308,0.312759,-1.0
-0.319847,0.293494,0.558409,0.884067,-0.486113,-0.960752,0.99258,0.332544,-0.420599,-0.677439,-0.014621,-0.071153,-0.073736,-0.426834,-0.933353
-0.191113,-0.52844,-0.880044,0.651208,-0.932629,-0.529246,0.665576,0.365,-0.475244,-0.30569,0.402118,0.005643,-0.500321,-0.059299,-1.0
-0.04644,0.814167,-0.683713,-0.439559,-0.885709,0.328722,0.111366,0.357181,-0.087929,0.100102,0.882446,0.435517,-0.54441,-0.329275,-0.972811
-0.172766,-0.587184,-0.138336,-0.115994,0.756164,-0.15814,0.404662,0.023246,0.460586,-0.050744,-0.543015,-0.237702,0.425228,0.183173,-1.0
0.298715,-0.110968,-0.158074,-0.282542,-0.524991,-0.055582,0.049358,0.046203,-0.073221,0.025473,0.927218,-0.006296,-0.459051,0.059766,-1.0
-0.636402,0.767559,-0.848832,0.644886,0.27393,0.007461,0.892616,0.944119,0.646754,0.065603,-0.103399,-0.018726,0.275834,-0.333885,-1.0
-0.259881,0.730883,0.477887,-0.443502,0.613748,-0.824795,0.518485,0.038382,0.254018,-0.275942,-0.280202,0.447079,0.260014,-0.429137,-1.0
0.447966,-0.333433,-0.253228,-0.072431,0.694317,-0.88848,0.017619,0.670203,0.024107,-0.018515,-0.398121,0.950992,0.240308,-0.41756,-1.0
-0.891164,-0.355409,-0.120213,0.158238,0.052882,0.323017,0.500296,0.069614,0.087312,0.381878,-0.357084,-0.376938,0.392362,0.297062,-0.981245
-0.355384,0.596576,-0.623064,0.122751,0.027104,-0.996119,0.053447,0.717571,0.031254,-0.009907,-0.2516,0.912236,0.086755,-0.485719,-1.0
-0.261126,-0.249673,-0.326174,-0.199724,-0.606573,-0.978904,0.286682,0.582118,-0.099375,-0.213225,0.391602,0.590268,-0.311644,-0.458481,-1.0
-0.315795,-0.782299,0.022436,0.445923,-0.549363,-0.403717,0.914758,0.26941,-0.562555,-0.407223,0.015629,-0.091561,-0.208154,0.460688,-0.890188
-0.782379,0.344658,0.384545,-0.52834,0.182616,0.848675,0.368019,0.072357,0.099657,0.283766,-0.513594,-0.29893,0.378344,0.221033,-1.0
0.796686,-0.712339,0.883606,0.74043,-0.918918,-0.769319,0.264065,0.967136,-0.18767,-0.159982,0.670749,-0.062296,-0.449058,-0.023576,-0.988017
-0.653668,-0.118782,0.065556,0.249069,0.55151,0.529533,0.157402,0.04346,-0.02699,-0.00976,-0.76585,-0.379376,0.389776,0.184638,-0.940159
-0.991186,0.928819,0.683196,0.842819,0.859163,-0.007148,0.306975,0.168055,0.246093,0.018463,-0.569306,0.265514,0.428807,-0.163409,-0.920918
-0.577623,-0.141795,0.383178,-0.960996,-0.483315,0.293335,0.510915,0.78679,-0.436209,0.188592,-0.0556,-0.474257,0.163442,0.448403,-1.0
-0.78019,-0.273404,-0.229167,0.836203,0.538573,-0.657356,0.690996,0.284021,0.340669,-0.405923,-0.297984,0.019474,0.532075,-0.210029,-0.983432
0.32836,-0.799661,0.165149,0.445628,0.123749,-0.13284,0.190197,0.405988,0.115837,-0.212081,0.200407,-0.71864,-0.201515,0.451269,-1.0
-0.195271,-0.689404,0.605654,-0.833421,0.240025,0.198954,0.917928,0.157596,0.520065,0.419532,-0.001081,-0.07701,0.185841,0.480123,-0.995124
0.634021,-0.027608,-0.513217,-0.186798,-0.741722,0.084047,0.181089,0.822309,-0.132641,0.020429,0.815009,-0.134255,-0.53085,0.055449,-0.913399
0.81591,-0.323318,-0.680668,-0.585089,0.638588,0.521,0.370805,0.048208,0.189781,0.168575,0.120326,-0.581734,-0.133451,0.460447,-1.0
0.794726,-0.721352,-0.820468,0.73634,0.562002,-0.903639,0.450667,0.689306,0.236356,-0.375712,0.406005,0.323589,-0.378152,-0.21907,-0.98846
0.347988,-0.840795,0.636305,-0.624718,0.377042,0.993541,0.25102,0.651769,0.054119,0.231273,-0.054375,-0.863966,-0.042949,0.525515,-1.0
0.708667,-0.39112,0.683142,-0.801504,0.03538,0.529799,0.673523,0.728885,0.053377,0.506644,0.197798,-0.216267,-0.307903,0.35536,-1.0
0.565083,0.982316,0.775292,-0.419594,0.065649,-0.626401,0.545917,0.522877,0.0431,-0.463562,0.109771,0.4432,-0.189368,-0.466101,-1.0
-0.05386,-0.751645,-0.924266,-0.872735,-0.756142,-0.931229,0.52561,0.438141,-0.271792,-0.35096,0.427893,0.16458,-0.455675,-0.093554,-1.0
0.303156,-0.176665,-0.936027,0.356638,-0.322018,-0.595038,0.35283,0.628566,-0.118614,-0.31137,0.481909,0.430461,-0.511193,-0.279487,-1.0
0.42385,0.01473,-0.770061,-0.590262,0.417214,-0.59726,0.889008,0.690177,0.473532,-0.62178,-0.016949,0.16621,-0.084245,-0.455924,-1.0
-0.527437,0.31727,-0.679881,-0.314191,-0.011694,-0.778484,0.215181,0.646514,-0.065618,-0.176414,-0.31912,0.732731,0.242619,-0.47736,-1.0
-0.406742,-0.954508,0.464811,-0.495943,0.681616,-0.431895,0.545558,0.813689,0.49361,-0.263272,-0.39939,-0.151579,0.44087,0.247925,-1.0
-0.304475,0.107431,-0.775194,0.012711,-0.447487,-0.81886,0.800178,0.62858,-0.420975,-0.580918,0.044631,0.27381,-0.03132,-0.438686,-0.945046
0.644983,0.77751,-0.879122,0.120656,0.726279,0.081346,0.424289,0.687846,0.341573,0.065965,-0.026095,0.583187,0.045333,-0.489438,-0.95012
0.325506,0.197219,-0.217906,-0.286393,0.686137,-0.714427,0.409929,0.272297,0.217721,-0.167047,-0.226255,0.606306,0.189338,-0.527828,-1.0
-0.085103,-0.958127,0.233411,0.540712,-0.339142,0.834194,0.961835,0.435266,-0.293822,0.744388,-0.017041,-0.006221,-0.023609,0.442951,-0.995275
0.985663,-0.320974,0.753101,-0.923424,0.155287,-0.596302,0.815306,0.670344,0.107253,-0.577162,0.142713,0.087943,-0.561936,-0.090039,-0.919586
0.079091,-0.028753,-0.109031,-0.937915,-0.88075,-0.885089,0.415206,0.639115,-0.175248,-0.140192,0.443392,0.357798,-0.367502,-0.314375,-0.991884
0.648667,0.359114,-0.168994,0.393916,0.132209,-0.031188,0.457932,0.559375,0.399038,-0.000188,0.456763,0.320047,-0.378589,-0.369033,-1.0
-0.855754,-0.413686,0.394985,-0.563859,-0.98455,0.070878,0.440481,0.912296,-0.310043,0.01981,0.215983,-0.513986,-0.067199,0.555887,-1.0
-0.935182,0.418852,0.691753,-0.873873,-0.559628,0.482871,0.33418,0.248872,-0.298982,0.199645,-0.637799,-0.045544,0.474833,0.081157,-0.990131
-0.657285,0.148279,-0.740799,-0.5125,0.333261,0.522137,0.627053,0.638517,0.357371,0.473315,-0.372118,-0.078953,0.428378,0.17463,-1.0
0.037603,-0.160551,-0.497381,0.437872,-0.533157,-0.751793,0.713351,0.014105,-0.404148,-0.459502,0.111949,0.219907,-0.381072,-0.411501,-1.0
0.15197,-0.76939,0.47732,0.755294,-0.181725,0.652147,0.614741,0.331075,-0.137177,0.556071,0.080762,-0.454713,-0.068725,0.545967,-0.913981
0.962888,-0.387024,0.514569,0.900854,-0.927994,0.119716,0.194929,0.861891,-0.148644,0.024234,0.8283,-0.16704,-0.499513,0.16004,-1.0
0.618395,0.924265,0.435301,-0.590955,0.716436,-0.354953,0.916281,0.310898,0.715739,-0.33415,0.030983,0.124435,0.017936,-0.475013,-1.0
-0.880174,-0.747779,0.870748,0.718183,-0.26487,0.648217,0.846435,0.440974,-0.222023,0.654828,-0.106425,-0.153988,0.315056,0.516065,-1.0
0.694428,0.252588,0.78078,-0.539381,-0.967792,-0.597368,0.482439,0.271267,-0.29886,-0.133487,0.523027,0.264018,-0.531559,-0.125334,-0.980134
0.491044,0.5975,-0.937941,-0.990022,0.544518,-0.291542,0.218728,0.216743,0.144451,-0.104647,-0.027616,0.76508,0.040512,-0.458474,-0.922656
0.464401,-0.754053,-0.562833,-0.359473,0.402188,-0.903506,0.116325,0.446663,0.017178,0.005392,0.375445,0.746553,-0.295733,-0.478788,-0.867308
-0.454239,-0.390099,0.171236,0.077496,-0.723749,0.62274,0.672419,0.535317,-0.325461,0.348697,0.000975,-0.295993,-0.051014,0.464581,-0.919484
0.098167,0.581745,-0.31657,-0.767127,-0.858022,0.616125,0.177723,0.25669,-0.140629,0.142312,0.768612,-0.098119,-0.513295,0.015816,-1.0
-0.572004,-0.411625,-0.9757,-0.813962,0.677543,-0.099987,0.483901,0.48052,0.432233,-0.060975,-0.521199,-0.186653,0.550027,0.127856,-0.942899
0.276045,-0.410623,0.162038,-0.551542,0.984117,0.922218,0.269373,0.152872,0.143592,0.174007,-0.321433,-0.710355,0.194614,0.509764,-1.0
0.783968,-0.365285,0.176147,0.977597,-0.198235,0.521304,0.586199,0.031484,-0.143748,0.493424,0.37537,-0.294749,-0.395421,0.360747,-1.0
0.952168,-0.316821,-0.1739,-0.141703,-0.20807,-0.356616,0.198757,0.182738,-0.120065,-0.162521,0.769716,0.044215,-0.587671,0.105144,-1.0
-0.675639,0.050666,0.393419,0.325978,0.898895,0.755032,0.790091,0.458826,0.518768,0.346352,-0.168523,-0.074637,0.488657,0.145997,-0.913303
0.459698,-0.350762,0.517212,0.950392,-0.456275,-0.059109,0.139914,0.952905,-0.115252,0.020565,0.802259,-0.237393,-0.469303,0.171616,-0.940693
-0.337822,0.712664,-0.494758,-0.2281,0.215543,0.809612,0.622997,0.547205,0.007522,0.491728,-0.344382,-0.050512,0.482155,0.19655,-1.0
-0.373165,0.062397,0.327784,0.303422,-0.695791,0.79139,0.735984,0.210796,-0.416592,0.456353,0.099239,-0.277143,-0.278783,0.460247,-0.949134
-0.059934,-0.79525,0.024077,-0.438649,-0.883007,-0.267361,0.268952,0.96709,-0.36589,-0.070684,0.590665,-0.344093,-0.442225,0.357527,-0.998927
-0.200886,0.987495,-0.915136,-0.649878,0.700797,0.800787,0.984122,0.677126,0.49676,0.550191,0.078278,-0.017671,0.526378,-0.114127,-1.0
0.396302,-0.744855,-0.309657,0.355515,-0.284113,0.958213,0.276078,0.884841,-0.024499,0.185927,0.337909,-0.611527,-0.153336,0.351765,-0.988922
-0.943522,0.899852,-0.163544,-0.006882,-0.47824,-0.91561,0.120127,0.531159,-0.035691,0.058246,-0.225538,0.929836,0.131508,-0.523635,-1.0
0.635643,-0.362658,0.847045,0.265059,-0.432076,-0.963485,0.7316,0.410057,-0.239241,-0.48739,0.306848,0.08042,-0.400872,-0.244829,-0.988317
-0.938948,-0.501246,-0.381686,-0.266376,-0.905709,0.491397,0.443148,0.338434,-0.3164,0.180644,0.018097,-0.533229,0.055043,0.482283,-0.989529
-0.757094,0.010194,-0.798284,-0.217098,0.372315,-0.688682,0.465238,0.306806,0.209586,-0.400721,-0.402796,0.244147,0.519676,-0.391104,-1.0
0.376501,-0.540047,-0.514924,0.013901,-0.796229,0.818844,0.424799,0.916436,-0.158206,0.205557,0.328131,-0.427819,-0.254834,0.367785,-0.866076
-0.735408,0.575774,0.856598,-0.696948,0.450236,0.897916,0.219468,0.671702,0.158397,0.082371,-0.782773,-0.225708,0.417729,0.139835,-1.0
-0.51991,0.983483,0.941738,0.072333,0.845039,0.2449,0.475244,0.337837,0.303273,0.134596,-0.412697,0.230132,0.423895,-0.207377,-1.0
-0.402382,0.543616,0.034136,-0.337218,-0.291382,-0.752179,0.874345,0.834159,-0.260778,-0.672089,0.055114,0.151097,0.079429,-0.546833,-1.0
0.286985,-0.254197,0.821602,-0.578163,0.194075,-0.001242,0.20188,0.63342,0.180442,-0.022474,0.283595,-0.690925,-0.273342,0.478011,-1.0
0.305012,0.760486,0.142656,-0.789014,-0.027821,0.72451,0.335618,0.039628,-0.012577,0.221914,0.666002,0.179719,-0.453277,0.075857,-1.0
0.879891,0.945165,0.211196,-0.574791,-0.293834,-0.923174,0.155024,0.645955,-0.008255,-0.184194,0.520915,0.684446,-0.265209,-0.432446,-0.915227
-0.78186,0.750077,0.920027,0.933379,-0.327026,-0.529923,0.011975,0.075507,-0.036896,-0.043654,-0.351163,0.985247,0.288425,-0.406428,-0.974082
0.115813,0.646009,0.180892,-0.638497,0.041385,0.413974,0.653123,0.033875,0.078157,0.536319,0.087188,0.355592,-0.077906,-0.486183,-1.0
-0.976214,-0.986482,0.224048,0.23847,0.527228,-0.305676,0.858313,0.704488,0.611638,-0.319845,-0.157627,-0.019407,0.446134,0.180016,-0.987231
0.967873,-0.213692,0.635666,0.113665,0.095159,-0.401831,0.267729,0.791262,0.02257,-0.273794,0.751377,0.127119,-0.469691,-0.028246,-1.0
0.575422,0.607021,-0.369028,0.9675,0.772364,0.187243,0.360175,0.861327,0.294024,0.028933,-0.319983,0.534417,0.287906,-0.418048,-1.0
-0.755246,0.71696,-0.648751,0.648268,-0.874069,-0.738013,0.319211,0.61293,-0.246916,-0.132828,0.117073,0.70271,-0.058898,-0.501709,-1.0
-0.235711,0.858872,-0.108117,0.512426,0.185868,0.866198,0.284642,0.639213,0.013692,0.190139,-0.687572,-0.075625,0.5059,-0.031566,-0.983643
0.30301,0.761437,0.948967,0.213214,-0.398823,0.900163,0.328715,0.591633,-0.127723,0.16292,0.66278,-0.142331,-0.529889,0.067384,-1.0
0.164587,-0.553121,-0.615809,-0.451157,-0.834824,-0.950225,0.372407,0.20462,-0.168614,-0.227152,0.590077,0.176813,-0.520691,-0.203757,-1.0
-0.741667,0.082846,0.09858,-0.13751,-0.241763,-0.40679,0.692778,0.363848,-0.309379,-0.397493,-0.211407,0.096552,0.323839,-0.368654,-0.993303
-0.495816,0.412047,0.765973,0.141585,-0.520821,-0.241548,0.004114,0.286651,-0.058481,0.037736,0.079868,0.935306,0.02058,-0.523113,-0.98115
0.02702,-0.395481,-0.365524,0.335847,0.798537,-0.193411,0.19638,0.935748,0.1573,-0.080601,-0.807154,-0.266317,0.416435,0.144576,-0.996293
0.933206,0.750811,-0.029145,0.221393,-0.527988,0.059593,0.757093,0.02059,-0.564576,0.100487,0.319863,0.107788,-0.42861,-0.144502,-1.0
-0.686014,-0.641948,0.037649,0.910604,-0.91159,0.820485,0.729377,0.216217,-0.485868,0.431078,0.026953,-0.300497,-0.155357,0.503955,-1.0
0.786967,0.944882,0.909117,-0.54191,-0.311658,0.083349,0.7706,0.769496,-0.513895,0.160771,0.118027,0.19959,-0.512252,-0.384824,-0.975046
-0.775953,-0.508987,-0.8075,0.354777,-0.566578,-0.846503,0.777999,0.190161,-0.340432,-0.478697,-0.095349,0.285964,0.332981,-0.521846,-0.990537
-0.409688,0.791698,-0.987659,-0.928537,0.941042,0.533966,0.105443,0.547952,0.037771,0.065253,-0.874108,0.210157,0.494372,-0.025464,-0.887882
0.300805,0.849321,-0.581244,-0.12991,0.335025,0.520374,0.629281,0.143575,0.281915,0.370554,-0.010433,0.372547,0.045145,-0.516595,-0.951614
-0.945571,0.854853,0.898723,0.97603,0.559526,0.238168,0.365822,0.40392,0.3117,0.175494,-0.61293,0.254011,0.450269,-0.27862,-0.963389
-0.582178,0.580451,0.046946,0.21165,-0.976786,-0.999907,0.089048,0.134983,-0.096637,-0.043228,0.234635,0.853073,-0.111077,-0.480295,-1.0
0.637946,-0.524696,0.634099,0.327897,-0.346597,-0.379436,0.267073,0.697577,-0.15494,-0.14678,0.830388,-0.113465,-0.550518,0.050601,-0.982781
0.456448,0.77675,0.779556,-0.780197,-0.056757,0.20856,0.467765,0.33217,-0.052915,0.374492,0.377056,0.352776,-0.269626,-0.354863,-0.974309
0.365833,0.943475,-0.121494,0.829756,0.11405,-0.198268,0.813609,0.99826,0.371413,-0.540325,0.06156,0.178237,-0.104826,-0.41188,-0.941796
-0.505564,0.37411,0.761818,0.372548,0.849894,-0.831612,0.660405,0.177321,0.379245,-0.222822,-0.199548,0.191976,0.284859,-0.310242,-0.987135
-0.746531,-0.836812,-0.726438,0.366334,-0.460435,0.602347,0.310338,0.857107,-0.121848,0.125374,-0.117968,-0.654511,0.057604,0.518056,-1.0
-0.187001,-0.946988,-0.782838,0.943198,0.691937,-0.792899,0.914727,0.443984,0.495715,-0.595128,-0.029778,-0.076223,0.485632,0.128605,-1.0
-0.064011,-0.264154,-0.319823,0.978114,0.813344,0.822882,0.450267,0.432095,0.246855,0.346477,-0.282517,-0.484486,0.354626,0.388944,-1.0
-0.849311,0.393634,-0.658199,0.624381,-0.937248,-0.015238,0.285239,0.497748,-0.245414,0.044487,0.14652,0.811024,-0.075284,-0.485071,-0.942203
-0.084069,0.320753,-0.502011,-0.831891,-0.106885,0.955309,0.738833,0.259109,-0.022438,0.65042,-0.006514,-0.277985,-0.084823,0.53061,-1.0
0.592871,0.544634,-0.234659,-0.472888,0.548479,-0.100077,0.728909,0.736123,0.57431,-0.054249,-0.096641,0.251337,-0.092637,-0.605771,-1.0
0.114004,0.563987,0.225398,0.042304,-0.646173,0.437015,0.345796,0.270317,-0.245211,0.122362,0.627087,0.159135,-0.574221,-0.109277,-1.0
0.766516,0.741147,-0.746018,0.500905,-0.14564,0.581992,0.039567,0.693691,0.053835,-0.00216,0.847841,0.196295,-0.502248,-0.074971,-0.950914
-0.546382,0.806468,-0.01353,-0.018789,0.726499,0.389703,0.484641,0.191048,0.213952,0.138135,-0.489337,0.132708,0.427162,-0.136258,-0.941474
-0.108291,-0.269508,0.543475,-0.450772,-0.454494,-0.265542,0.680535,0.311019,-0.42798,-0.219476,0.352349,0.093795,-0.57356,0.127305,-0.939885
-0.797656,-0.567581,-0.77213,0.56397,-0.531226,0.947501,0.664858,0.967713,-0.195204,0.479711,-0.081349,-0.246873,0.005208,0.636749,-0.988217
-0.222794,0.100734,0.715671,0.765273,-0.349311,0.058033,0.538571,0.194388,-0.364272,0.021217,0.3904,0.181803,-0.476962,-0.223643,-0.987646
0.889984,0.641715,-0.678423,-0.929303,-0.004384,-0.943434,0.610487,0.289588,-0.037534,-0.545985,0.250995,0.280848,-0.264799,-0.492762,-0.933613
0.841271,-0.966526,-0.294661,-0.124471,-0.089399,0.431224,0.107787,0.166048,-0.0347,0.064631,0.484608,-0.80563,-0.31706,0.464386,-0.924755
-0.537245,-0.146897,-0.830993,0.581414,-0.26211,0.691657,0.476018,0.030883,-0.109064,0.403524,-0.23337,-0.496803,0.088169,0.524035,-1.0
0.009944,-0.853273,0.540404,-0.963695,-0.854799,-0.998214,0.697447,0.882016,-0.354431,-0.376898,0.322324,0.137177,-0.587424,-0.114686,-1.0
0.847054,-0.891246,0.807271,0.186339,0.562637,0.606041,0.188678,0.871394,0.117411,0.118733,0.171604,-0.837873,-0.135207,0.452198,-1.0
-0.188993,-0.712191,-0.071962,-0.495153,-0.904483,-0.953591,0.946133,0.901476,-0.511532,-0.561309,0.046448,0.011681,-0.484892,-0.135859,-0.986864
0.824152,0.960672,0.612485,0.90376,-0.204074,0.091779,0.051259,0.268863,-0.124844,0.087842,0.781913,0.618493,-0.431591,-0.299938,-1.0
0.088141,0.598803,0.162496,0.782234,-0.262348,0.206276,0.518665,0.067953,-0.334964,0.304776,0.291532,0.399033,-0.314049,-0.32984,-0.903734
-0.051932,-0.737129,0.027822,-0.387814,0.148813,-0.401105,0.284808,0.859022,0.113765,-0.118892,-0.313023,-0.562542,0.182184,0.505287,-0.9808
0.198438,0.875099,0.752248,0.858394,-0.177583,-0.442553,0.64633,0.434634,-0.11134,-0.449115,0.095906,0.358341,-0.1284,-0.463437,-1.0
-0.856031,-0.378467,-0.618903,0.783608,-0.410181,-0.822526,0.232053,0.962427,-0.151156,-0.28699,-0.624535,0.562727,0.266166,-0.350531,-1.0
-0.170546,0.051822,0.45095,0.799451,-0.521408,0.512086,0.976321,0.404817,-0.609035,0.559261,0.043666,0.031127,-0.246217,0.258153,-0.986189
-0.34383,0.46513,-0.484659,0.696616,-0.124854,-0.762386,0.980088,0.738841,-0.142352,-0.729311,-0.00421,0.073401,0.115948,-0.399202,-1.0
0.866711,-0.205507,-0.129688,-0.894317,0.301183,-0.218736,0.034623,0.398339,0.061243,-0.075697,0.900212,-0.028122,-0.578125,-0.024916,-0.871448
-0.725692,0.0331,-0.614525,0.733157,0.929211,-0.685987,0.673852,0.897551,0.425556,-0.349174,-0.369504,0.024135,0.430964,-0.217821,-0.877873
0.972155,0.618808,-0.721014,0.080846,0.735292,-0.839737,0.867503,0.583686,0.412586,-0.54642,0.004737,0.192193,-0.074273,-0.467586,-1.0
0.057086,0.245639,-0.39225,-0.493056,-0.809095,-0.608962,0.873477,0.681702,-0.561609,-0.372493,0.138743,0.116485,-0.383495,-0.268549,-0.942918
-0.52254,0.432765,-0.256612,0.845393,-0.684201,-0.567738,0.149544,0.002604,-0.061868,-0.040648,0.105396,0.72709,-0.023715,-0.513249,-0.871776
0.305372,-0.08416,-0.797188,0.25593,0.004042,0.305666,0.499713,0.03263,-0.021964,0.347427,0.311785,-0.352501,-0.247952,0.425537,-1.0
0.582076,0.847182,0.866264,-0.094251,0.025006,0.339961,0.422627,0.100026,-0.049347,0.353253,0.478507,0.368995,-0.321827,-0.251535,-0.983013
-0.543463,-0.034777,-0.537907,-0.596373,-0.196743,-0.606843,0.080595,0.358321,-0.069466,-0.116746,-0.602697,0.839373,0.160323,-0.424906,-1.0
0.020098,-0.719092,-0.223649,0.358235,-0.093667,0.091619,0.451221,0.906288,-0.217145,0.34089,0.170688,-0.593561,-0.129807,0.533199,-0.971875
0.095937,0.689553,-0.640216,0.679469,-0.559286,0.548663,0.041833,0.800022,-0.069419,0.059445,0.966273,0.260202,-0.534446,-0.059482,-1.0
-0.673987,-0.583147,0.478438,0.011882,0.297366,0.740071,0.041648,0.3543,0.073307,0.034239,-0.5976,-0.734127,0.29939,0.364315,-0.984824
0.161642,-0.480447,0.25133,0.557945,0.189918,0.570163,0.468136,0.218806,0.030736,0.292418,-0.034438,-0.609312,0.009371,0.440019,-0.924632
0.989256,0.384214,0.31148,0.037406,-0.868649,0.741244,0.621765,0.548411,-0.392527,0.41631,0.373532,-0.123434,-0.503087,0.103432,-0.982963
0.958923,-0.700718,0.512493,0.589,0.68346,0.143602,0.032603,0.297052,-0.022279,0.044722,0.40207,-0.876001,-0.080971,0.409123,-1.0
-0.288953,-0.814438,0.588178,-0.627204,0.771826,-0.747886,0.219619,0.348452,0.176002,-0.200409,-0.863446,-0.153773,0.657013,-0.010045,-0.974393
-0.103704,-0.331686,0.944366,0.815221,-0.557271,-0.003374,0.27054,0.269911,-0.249805,0.043379,0.538149,-0.395672,-0.414796,0.333365,-1.0
-0.540343,-0.028272,-0.847418,-0.636101,-0.715419,0.77458,0.296438,0.339124,-0.065094,0.18714,0.141126,-0.751121,-0.025786,0.49694,-1.0
0.320777,-0.477298,0.212846,0.303505,0.918003,-0.256709,0.3683,0.086763,0.222062,-0.047792,-0.612304,-0.067283,0.358213,0.129584,-0.931235
0.272735,0.403124,0.371361,-0.882209,-0.569987,0.661551,0.377345,0.605586,-0.246487,0.223652,0.578029,-0.265013,-0.491469,0.17952,-1.0
-0.308146,0.039992,0.753991,-0.763067,-0.212309,0.20913,0.675142,0.14892,-0.35404,0.400534,-0.071326,-0.292611,0.2772,0.456822,-1.0
0.763794,0.223404,0.113947,0.517486,-0.097944,0.495926,0.067325,0.043465,0.006084,0.06422,0.930782,-0.349543,-0.465202,0.1644,-0.938268
-0.212463,-0.027409,-0.524089,-0.070942,-0.654673,0.019605,0.167318,0.6836,-0.2211,-0.035748,0.88231,-0.108221,-0.470788,0.071937,-0.924473
-0.88224,-0.257493,0.217795,-0.215942,-0.680266,-0.547943,0.352992,0.15972,-0.184232,-0.170525,-0.321635,0.506733,0.313987,-0.40661,-1.0
0.925631,0.950045,0.993714,0.187433,-0.754636,0.296558,0.853757,0.058758,-0.617006,0.288565,0.189,-0.03751,-0.54182,-0.106943,-0.955076
0.51531,0.8992,-0.212644,-0.233054,0.749292,-0.159855,0.830182,0.030399,0.66268,-0.189507,0.056597,0.05962,-0.000553,-0.539958,-1.0
0.84072,-0.462764,-0.369897,-0.862238,0.930159,0.155881,0.683163,0.108303,0.602452,0.187093,0.064176,-0.278139,0.052992,0.450405,-1.0
-0.456493,-0.999857,0.860208,-0.350582,-0.726714,-0.235037,0.062388,0.588147,-0.066863,-0.049465,0.264687,-0.908939,-0.103097,0.420369,-0.963256
-0.846563,-0.573482,0.610953,0.359659,0.349724,-0.06013,0.313756,0.980449,0.177077,-0.006524,-0.601839,-0.224374,0.40431,0.143965,-1.0
-0.516954,0.145764,0.428285,-0.4549,0.365308,-0.640618,0.076326,0.87391,0.045145,-0.031455,-0.713241,0.635398,0.399378,-0.279425,-0.95742
-0.495716,0.907971,-0.603336,-0.126475,0.8087,0.20886,0.048611,0.347075,0.092002,0.035561,-0.900424,0.449885,0.418932,-0.098286,-1.0
0.960252,0.227681,-0.180965,0.791942,-0.353634,-0.065921,0.990017,0.31808,-0.804736,-0.071755,-0.046502,-0.063645,-0.530377,-0.082569,-0.895373
-0.221481,0.75185,0.520617,0.207241,0.779844,-0.290407,0.207648,0.795381,0.213106,-0.084938,-0.582641,0.519501,0.370045,-0.365763,-0.957418
-0.60456,0.552788,-0.168232,0.506458,0.465422,0.663571,0.410854,0.0014,0.199016,0.221719,-0.612788,-0.014079,0.527176,0.087684,-1.0
0.789481,0.499536,-0.449551,-0.426436,0.136342,0.738794,0.948935,0.917686,0.073052,0.674351,0.082717,0.041999,-0.466135,0.181463,-1.0
0.005182,0.582013,0.631199,-0.418332,0.072685,0.485099,0.412133,0.171371,0.05069,0.262133,-0.349551,0.540765,0.224699,-0.418891,-0.924219
-0.426854,0.903184,0.781579,0.391968,0.410061,0.686833,0.414203,0.478465,0.159851,0.321671,-0.680553,0.162827,0.485624,-0.166362,-0.950807
0.294713,0.774027,-0.263392,-0.402441,-0.458891,-0.819551,0.571063,0.567614,-0.167996,-0.374337,0.195843,0.301954,-0.275864,-0.50866,-0.964099
0.354758,-0.48132,0.029996,0.037066,-0.669125,-0.51043,0.350669,0.252592,-0.318012,-0.184963,0.571263,0.050887,-0.518539,0.000104,-1.0
-0.749845,-0.108998,-0.893665,0.59767,0.35247,0.924057,0.031931,0.636023,-0.050525,0.050068,-0.609802,-0.617521,0.406113,0.273288,-1.0
0.660374,0.866148,-0.413862,-0.184325,-0.806384,-0.167282,0.070172,0.629628,-0.121316,-0.00487,0.782729,0.524257,-0.412761,-0.264004,-1.0
-0.8836,0.121075,-0.56388,-0.158539,0.355622,0.829895,0.813587,0.716432,0.260208,0.562733,-0.141904,-0.127572,0.345025,0.25527,-1.0
-0.55813,-0.251689,0.549148,0.404586,-0.259409,-0.348093,0.749206,0.288907,-0.348747,-0.499653,-0.168107,0.141431,0.488171,-0.167149,-1.0
0.882952,0.899594,-0.705439,-0.64627,0.62401,0.276668,0.028969,0.987034,0.029237,-0.057265,0.360537,0.829578,-0.235575,-0.434424,-1.0
0.774264,0.271605,-0.53825,0.538829,0.962252,0.118267,0.856367,0.591104,0.659355,0.117889,-0.162519,0.110991,0.400509,-0.31717,-0.930872
0.479072,0.360164,0.836862,0.893129,-0.957034,0.922005,0.133879,0.410943,-0.02846,0.048204,0.792931,-0.249034,-0.454905,0.228535,-0.98052
-0.816017,-0.939206,0.517823,-0.076671,-0.652994,-0.58342,0.623396,0.16374,-0.38282,-0.368692,-0.238022,-0.329096,0.189547,0.438668,-1.0
0.414132,-0.69011,-0.622895,0.597042,0.497615,-0.789738,0.196297,0.76925,0.094772,-0.138311,-0.516159,0.656609,0.411941,-0.32056,-0.983301
0.06885,0.190695,0.612664,-0.844071,-0.86953,-0.480054,0.790792,0.411841,-0.562897,-0.349328,0.263693,0.153606,-0.439112,-0.306198,-1.0
-0.39664,0.357107,-0.415741,0.477793,0.898256,0.68802,0.788027,0.159052,0.500951,0.397348,-0.186722,-0.106075,0.439315,0.088016,-0.986301
-0.832168,-0.907608,-0.733272,-0.809229,0.82292,0.268295,0.895961,0.05971,0.69505,0.13792,-0.093299,-0.102663,0.377159,0.241811,-0.987024
0.720431,-0.012264,0.668079,-0.401575,0.813687,-0.865278,0.102911,0.484354,0.086373,-0.092205,-0.199286,0.922439,0.069806,-0.57944,-1.0
0.634694,0.418014,-0.909309,0.262954,0.141423,0.999781,0.362068,0.773332,-0.003941,0.273289,0.394321,-0.617748,-0.325381,0.410562,-0.999149
0.759548,-0.862875,-0.13449,-0.863696,-0.327903,0.173232,0.08628,0.75145,-0.027484,0.045974,0.714839,-0.690072,-0.408446,0.344543,-1.0
0.305804,0.222296,-0.670055,-0.486844,-0.605613,0.704888,0.236705,0.757336,-0.102678,0.112306,0.679323,-0.353955,-0.376907,0.178453,-0.994776
-0.944162,0.181323,-0.103068,0.859039,0.40806,0.601335,0.645455,0.967389,0.308314,0.39016,-0.318937,-0.044615,0.501264,0.220033,-0.952355
-0.300175,0.13147,0.535714,0.211491,0.402629,-0.660589,0.400669,0.375018,0.215401,-0.327706,-0.392256,0.4353,0.262046,-0.302718,-1.0
0.203824,-0.972469,-0.345418,-0.679299,0.574589,-0.594093,0.801504,0.598395,0.381312,-0.437276,-0.147032,-0.047942,0.36656,0.45603,-0.994867
0.398205,-0.211296,0.890476,-0.872136,0.287365,0.065697,0.830928,0.949246,0.658952,0.062563,0.021834,-0.141235,-0.142326,0.580444,-0.98719
0.190704,0.383139,0.755154,0.935176,0.362505,-0.984024,0.35979,0.202469,0.063348,-0.244322,-0.047566,0.610509,0.104982,-0.487863,-0.99084
0.012508,-0.308592,-0.899511,-0.385493,0.260113,0.427773,0.069643,0.662452,-0.023362,0.067918,-0.254078,-0.979883,0.168042,0.371773,-0.990374
0.675158,-0.012104,-0.541264,0.014555,-0.449071,-0.030937,0.705459,0.37807,-0.588574,0.017335,0.308765,-0.015139,-0.539232,-0.05622,-0.952361
0.523022,-0.509509,-0.7231,-0.83374,-0.753812,0.826846,0.180245,0.027065,-0.090343,0.058945,0.534899,-0.556767,-0.328786,0.371254,-1.0
-0.006055,-0.189795,-0.274829,0.454169,-0.329564,-0.074345,0.135773,0.835706,-0.168695,0.046464,0.756131,-0.248665,-0.424201,0.175226,-1.0
0.784778,-0.942895,-0.615678,0.058017,0.947159,-0.328229,0.562624,0.530418,0.443056,-0.14267,-0.050368,-0.410246,0.157815,0.408282,-1.0
0.022059,-0.205862,-0.478747,-0.676476,-0.77131,0.985133,0.920141,0.105565,-0.483836,0.551254,0.059469,-0.025857,-0.268462,0.485246,-1.0
-0.440023,-0.54741,-0.18164,-0.64228,0.643316,-0.216055,0.979503,0.309285,0.752754,-0.251999,-0.021708,-0.125458,0.463671,0.157863,-1.0
0.76482,-0.704656,0.787048,0.661185,-0.046538,-0.813693,0.637431,0.321126,-0.044754,-0.570385,0.335859,-0.02671,-0.491181,-0.073622,-1.0
0.071997,0.596351,-0.246836,0.526112,-0.390778,0.541643,0.440375,0.984962,-0.23225,0.261989,0.59615,0.062652,-0.520376,-0.090531,-1.0
-0.130431,0.124382,-0.480628,0.162252,-0.967749,-0.653065,0.803312,0.760139,-0.520367,-0.386041,0.139481,0.16945,-0.416801,-0.296591,-0.95627
-0.363444,0.501037,0.047931,-0.947902,-0.890083,0.058714,0.210551,0.238949,-0.124936,0.024542,0.720504,0.437337,-0.434215,-0.267053,-0.940804
0.149963,-0.059607,0.35904,0.021707,-0.496646,-0.568327,0.816079,0.686905,-0.383441,-0.481422,0.016543,0.138535,-0.431126,-0.33352,-1.0
-0.870325,-0.748697,-0.436144,0.752937,0.953158,-0.793274,0.952775,0.316628,0.549309,-0.504694,-0.035813,-0.068804,0.454222,0.04984,-1.0
-0.005565,-0.051491,-0.81815,-0.004124,-0.011391,-0.409995,0.049371,0.806358,-0.099805,0.036503,-0.029847,0.91156,0.022692,-0.529791,-0.933583
0.126229,-0.717087,0.317064,-0.701386,-0.42998,0.442873,0.76354,0.679518,-0.446459,0.53441,0.159207,-0.121467,-0.139573,0.375239,-1.0
-0.58401,-0.36695,-0.11645,-0.335355,0.19681,-0.464078,0.438292,0.254039,0.135493,-0.317309,-0.515163,0.105855,0.536435,-0.104439,-0.849216
0.70474,0.260923,-0.213312,-0.272481,-0.947881,0.666921,0.084338,0.139808,-0.03607,0.017498,0.979471,-0.230467,-0.487507,0.136107,-1.0
-0.810505,-0.543244,-0.521872,0.806237,0.735906,-0.837904,0.8004,0.343385,0.40613,-0.538241,-0.224806,0.024721,0.40707,-0.098823,-1.0
-0.263158,0.767998,-0.394527,-0.461763,-0.279577,0.99394,0.672328,0.450558,-0.151126,0.538315,0.087932,-0.395148,0.029276,0.457986,-1.0
0.269712,-0.455835,-0.728215,0.284642,0.81286,-0.682654,0.269058,0.031535,0.088356,-0.148956,-0.686033,0.29883,0.379108,-0.259375,-0.920489
0.938663,0.85556,0.69244,-0.03919,-0.741998,-0.664921,0.512293,0.351861,-0.313334,-0.260695,0.362372,0.350783,-0.368036,-0.372768,-1.0
-0.588831,0.264066,-0.467157,0.888508,0.216624,-0.941696,0.324581,0.827916,0.178385,-0.343242,-0.386726,0.567251,0.25977,-0.441151,-1.0
-0.416175,0.509758,-0.485429,-0.082324,-0.593153,-0.851247,0.0723,0.014385,-0.086423,-0.013187,0.062352,0.884189,-0.103264,-0.55519,-0.984376
0.091795,-0.847758,-0.832733,0.205769,0.918836,-0.88005,0.246659,0.182092,0.091013,-0.075007,-0.751065,0.009747,0.467308,-0.000835,-1.0
-0.450186,0.107039,0.887526,0.090483,-0.3691,0.144287,0.015076,0.908399,-0.036263,-0.077526,-0.826054,-0.341036,0.409517,0.250656,-0.966043
0.081898,0.685059,0.690066,-0.33672,-0.217658,-0.84252,0.856563,0.846437,-0.184281,-0.70116,0.03368,0.085991,-0.071879,-0.518922,-1.0
-0.236124,-0.16783,-0.688662,0.974785,0.200841,-0.470331,0.901146,0.026277,0.284466,-0.649672,0.002112,0.060129,0.416551,-0.324114,-0.921815
-0.861742,-0.825063,0.108436,-0.617001,0.899231,-0.830302,0.289114,0.487441,0.178628,-0.164697,-0.661357,0.059429,0.512391,0.060121,-0.951543
0.552445,-0.466125,0.422462,-0.40434,-0.286858,-0.366451,0.497655,0.05581,-0.244945,-0.30262,0.555832,-0.050925,-0.461244,0.054213,-0.954906
0.426448,-0.076612,0.893232,-0.68756,0.370738,0.381982,0.213323,0.145276,0.09477,0.171234,0.050209,-0.773511,-0.141048,0.510314,-0.906716
0.833861,0.519762,0.186714,-0.733123,-0.915927,0.143598,0.02913,0.879206,-0.081985,0.022481,0.915495,0.303031,-0.461209,-0.046788,-1.0
0.777772,-0.657228,0.734508,-0.012831,0.655625,0.24789,0.940786,0.698939,0.673153,0.137168,-0.05219,-0.110697,-0.169382,0.486272,-0.935455
0.005529,-0.37841,0.024583,-0.624371,-0.875893,0.224582,0.61198,0.290685,-0.484748,0.138305,0.28381,-0.200517,-0.430817,0.31242,-0.963335
-0.197315,0.434589,-0.315926,0.950914,-0.550395,0.935783,0.06464,0.901723,0.04906,0.051817,0.572916,-0.815843,-0.249779,0.427966,-0.954374
-0.256342,-0.591275,-0.348824,0.890906,0.683728,-0.802387,0.010487,0.605678,0.036314,0.057004,-0.911653,0.259114,0.580599,-0.109251,-1.0
-0.115943,0.199914,0.631299,-0.188386,-0.830609,-0.061148,0.403944,0.583899,-0.341303,0.100143,0.566466,0.228667,-0.490387,-0.321834,-1.0
-0.629701,-0.25217,-0.863633,-0.924218,-0.834207,-0.017946,0.344913,0.327486,-0.167222,-0.036094,0.419773,-0.54093,-0.309153,0.315749,-0.942195
0.219026,0.010847,0.522358,-0.214791,-0.480702,-0.031333,0.774099,0.979118,-0.581335,-0.03361,0.220268,-0.002839,-0.478747,-0.079,-1.0
0.604984,0.475648,0.893923,0.117828,0.197829,0.974091,0.895442,0.434723,0.059526,0.74107,0.109308,-0.026013,-0.353478,0.378193,-0.933816
-0.052462,0.535777,0.186528,-0.922958,-0.250724,-0.852365,0.134499,0.559394,-0.002877,-0.09972,0.073195,0.825227,-0.052685,-0.465186,-0.979421
-0.688524,-0.390417,-0.60109,-0.722603,-0.414024,-0.006308,0.786038,0.302853,-0.588531,-0.082853,-0.136419,-0.160469,0.222227,0.534912,-1.0
0.501891,0.341688,-0.407236,-0.671724,0.346734,-0.842159,0.562905,0.204085,0.217061,-0.454577,0.073713,0.434319,-0.125861,-0.463248,-0.955567
-0.080698,0.15036,0.889108,-0.203197,0.791991,-0.502832,0.801619,0.754266,0.489065,-0.373094,-0.090615,0.145516,0.376542,-0.302012,-1.0
0.455191,-0.334643,0.171063,-0.951285,0.110958,-0.533063,0.51474,0.448978,0.094347,-0.428821,0.39835,0.193283,-0.466839,-0.180811,-1.0
0.140012,-0.625908,0.937459,-0.144251,-0.730444,0.906398,0.933621,0.720715,-0.443372,0.629308,-0.044106,-0.032523,-0.207577,0.458763,-1.0
0.097206,-0.315342,0.075442,0.809447,-0.243837,0.306744,0.727598,0.18096,-0.364784,0.365881,0.107999,-0.312979,-0.222382,0.445596,-1.0
0.621593,0.241529,-0.523733,-0.017768,0.20616,-0.407093,0.382347,0.286919,0.088074,-0.271383,0.373153,0.463994,-0.251297,-0.412829,-0.925074
-0.479989,0.659798,0.214464,0.080434,0.706795,-0.068967,0.017423,0.656785,0.043843,-0.001025,-0.817866,0.45374,0.428269,-0.228224,-0.959779
0.39684,-0.617292,-0.542018,-0.377535,-0.502906,0.34084,0.228665,0.77511,-0.201211,0.167335,0.511083,-0.546778,-0.322591,0.258129,-0.993192
-0.709306,0.800257,0.416239,0.986412,0.311418,-0.403572,0.669994,0.243162,0.286745,-0.337695,-0.215743,0.2492,0.325768,-0.386463,-0.975569
-0.606189,-0.72932,0.041318,-0.715351,-0.361846,0.091488,0.941323,0.516068,-0.655177,0.206299,0.088029,0.020142,0.107247,0.516789,-0.887515
-0.472821,0.196868,-0.338417,0.506754,-0.820346,0.572148,0.506503,0.650206,-0.372992,0.172094,0.339597,-0.388957,-0.287232,0.355675,-0.898353
-0.422296,-0.609626,0.680328,-0.213872,0.832226,-0.419967,0.225611,0.683937,0.272599,-0.050634,-0.8057,-0.156717,0.471107,0.019109,-1.0
-0.982009,-0.812224,-0.100462,-0.463641,0.508515,-0.29993,0.723785,0.059068,0.578995,-0.30225,-0.323097,-0.081698,0.500218,0.201065,-1.0
-0.918359,-0.048506,-0.166959,0.142694,-0.446328,0.810322,0.522102,0.475656,-0.111346,0.357925,-0.208304,-0.350106,0.242732,0.427138,-0.899392
0.817627,0.319887,-0.790276,-0.502227,0.787405,-0.073581,0.306309,0.09839,0.176258,0.036319,0.013937,0.645218,-0.045707,-0.539042,-0.99051
0.608124,0.237615,-0.800596,0.156209,0.219314,0.516664,0.472135,0.141211,0.152453,0.31266,0.433983,-0.246439,-0.285833,0.392944,-1.0
0.371083,0.201051,0.487272,0.80655,0.001108,0.738526,0.132775,0.29607,0.050429,0.144656,0.487193,-0.691585,-0.23973,0.446506,-0.982675
0.196735,0.542578,0.634703,-0.844983,-0.514551,-0.218801,0.333558,0.438672,-0.312692,-0.105468,0.435739,0.51714,-0.294162,-0.321906,-1.0
-0.454266,-0.382746,-0.988902,-0.441462,-0.414081,-0.2543,0.691656,0.430521,-0.421247,-0.339364,-0.163057,-0.264833,0.191262,0.540233,-0.973795
-0.77786,0.845904,-0.577089,-0.056922,0.660999,0.914046,0.811702,0.159401,0.440441,0.529262,-0.207899,0.057498,0.552145,0.0113,-0.876323
-0.677482,-0.614655,-0.837448,-0.141763,-0.123904,0.214233,0.481769,0.221102,-0.194998,0.359217,-0.248373,-0.439197,0.277958,0.478228,-0.957487
0.607991,-0.01405,0.708774,-0.988341,-0.226459,-0.911158,0.552763,0.982206,-0.034009,-0.461663,0.271372,0.297871,-0.314603,-0.397891,-1.0
-0.051271,-0.045001,-0.452195,-0.91857,-0.819299,0.726368,0.026065,0.814764,-0.022775,0.001304,0.627512,-0.733944,-0.373368,0.343268,-1.0
0.922899,-0.96513,0.296414,0.992326,-0.511384,-0.999054,0.140267,0.022421,-0.103112,-0.048632,0.900926,0.032653,-0.490952,0.02507,-0.944448
-0.335181,-0.83591,-0.383223,0.512646,-0.727781,-0.755748,0.618587,0.755941,-0.324252,-0.325422,0.407429,-0.147571,-0.387236,0.052947,-1.0
-0.060678,0.743073,-0.794655,0.859717,0.184109,0.07856,0.919365,0.678308,0.659987,0.28732,-0.100284,0.069275,0.166147,-0.393883,-0.978947
-0.76116,-0.054936,-0.1976,0.856485,-0.484576,0.217075,0.809067,0.920937,-0.543319,0.173871,-0.141258,-0.193871,0.353389,0.359563,-1.0
-0.583329,0.334578,0.080568,-0.145077,0.962856,0.546929,0.448459,0.206693,0.273999,0.12982,-0.450669,-0.078318,0.523921,0.116459,-0.987283
0.417235,-0.711938,-0.064829,-0.92398,0.493424,0.19529,0.298146,0.426028,0.147856,0.104722,-0.059639,-0.655616,0.033744,0.489855,-0.992159
-0.479333,0.755309,0.311892,-0.663345,-0.434112,0.877586,0.619208,0.654226,-0.248627,0.422456,-0.11093,-0.328977,0.187216,0.442075,-0.935692
-0.626233,-0.872358,0.68759,0.182741,0.364987,0.51347,0.69549,0.256272,0.348667,0.390008,-0.220296,-0.197664,0.332083,0.347926,-1.0
0.72695,-0.789783,0.573143,-0.414768,-0.873825,-0.329538,0.356076,0.370416,-0.339397,-0.075848,0.631125,-0.228304,-0.559173,0.120401,-0.945586
-0.357598,0.9738,-0.795934,-0.495678,0.713794,-0.55448,0.163476,0.160387,0.179812,-0.080879,-0.449228,0.687457,0.223957,-0.487611,-0.993853
0.383608,-0.628905,0.52882,0.173866,-0.246194,0.331522,0.323121,0.531629,-0.174343,0.157307,0.442209,-0.595927,-0.310261,0.433735,-0.97185
-0.396577,0.419566,0.516463,0.226753,0.263736,0.217645,0.349291,0.227111,0.183743,0.148156,-0.584015,0.151753,0.459769,-0.133336,-1.0
-0.333455,-0.135715,-0.912677,-0.153531,0.325409,0.585287,0.185312,0.374385,0.051455,0.076055,-0.558586,-0.658863,0.351478,0.385099,-0.984049
0.097183,0.822957,0.680783,-0.088523,0.101275,0.289607,0.771831,0.513665,0.206713,0.569557,-0.031621,0.347075,-0.055079,-0.524327,-1.0
0.938261,-0.094586,-0.747094,0.258848,0.678254,-0.696505,0.265368,0.400255,0.169627,-0.205703,0.223936,0.635255,-0.234714,-0.448004,-1.0
0.505146,-0.347551,-0.263774,-0.187439,0.762742,0.99386,0.359357,0.366245,0.239242,0.17027,-0.176536,-0.611064,0.075517,0.446813,-0.981799
-0.98269,-0.550923,-0.25937,-0.66568,0.565435,-0.834592,0.044989,0.569852,0.074243,-0.050687,-1.0,0.159213,0.559823,-0.078794,-0.991135
0.620999,0.711218,-0.214022,0.775281,-0.085852,0.958483,0.182636,0.797081,0.02326,0.20037,0.703149,-0.173007,-0.458151,0.24434,-0.991981
-0.358063,0.922223,0.315591,-0.102944,-0.494569,0.246027,0.326035,0.000595,-0.138816,0.041739,0.161912,0.611413,-0.160327,-0.465318,-1.0
-0.809088,-0.463366,0.20926,-0.393614,0.061318,-0.725962,0.566174,0.444262,0.032654,-0.455021,-0.417332,0.049334,0.500677,-0.195245,-1.0
0.176713,-0.540223,-0.187997,-0.44792,0.776297,0.094039,0.937182,0.373287,0.786424,0.085574,-0.024957,-0.086975,0.35485,0.423737,-0.943092
-0.866307,0.802639,0.547307,-0.395941,0.957557,0.277802,0.904791,0.829585,0.757378,0.207289,-0.02119,-0.038487,0.469819,-0.163816,-0.91109
0.894124,0.842981,-0.256086,0.472199,0.024698,-0.773228,0.502027,0.326936,0.005948,-0.391953,0.215576,0.366115,-0.2647,-0.457573,-0.992308
0.668605,-0.522019,-0.29603,0.272134,0.40128,0.934219,0.809878,0.188931,0.229335,0.671579,0.030103,-0.240476,-0.164989,0.502584,-1.0
-0.831131,-0.170684,0.947022,0.845968,-0.339713,0.001931,0.50783,0.641855,-0.39681,0.032946,-0.458617,-0.242587,0.392378,0.163911,-1.0
-0.174299,0.46494,0.911506,0.406949,-0.505437,0.398744,0.276897,0.189412,-0.151757,0.106822,0.721348,0.232571,-0.492731,-0.153986,-1.0
0.347268,0.253063,-0.366994,0.36582,0.230551,-0.701998,0.525707,0.842313,0.066475,-0.42941,0.07432,0.453954,-0.031884,-0.511242,-1.0
-0.156789,-0.56368,-0.744716,0.722703,0.464478,0.491662,0.63957,0.288795,0.367079,0.270217,-0.124441,-0.310694,0.206718,0.419462,-0.92542
-0.381779,0.349496,0.396743,0.917473,0.503969,0.440098,0.347572,0.908172,0.186498,0.070846,-0.649526,-0.101261,0.557428,0.078915,-1.0
-0.171123,-0.858894,-0.270966,0.8529,-0.214307,-0.073342,0.466631,0.71252,-0.361822,-0.079413,0.028012,-0.40983,-0.081803,0.528096,-0.991339
0.927355,-0.960378,-0.205368,0.638636,0.174233,-0.22411,0.347309,0.213225,0.164,-0.239581,0.481045,-0.381883,-0.339861,0.251303,-0.864582
-0.32392,-0.66407,0.072799,0.2853,-0.271371,-0.151787,0.795585,0.44731,-0.544258,-0.3133,-0.036046,-0.254556,-0.000165,0.48361,-1.0
-0.857691,-0.632328,0.076753,0.440049,0.695399,-0.033239,0.082288,0.842091,0.019663,0.016867,-0.787446,-0.364135,0.511493,0.194595,-0.980336
0.740471,-0.615477,-0.108745,0.703891,-0.186268,0.917884,0.395357,0.846315,-0.048886,0.366125,0.291469,-0.488074,-0.180334,0.425757,-1.0
0.885109,-0.503607,0.697971,-0.911249,-0.174954,0.218396,0.077524,0.642396,-0.033207,0.075868,0.778313,-0.539545,-0.515106,0.291856,-0.943472
0.202838,0.021994,-0.427972,0.414792,0.291246,0.955799,0.276501,0.419751,0.076304,0.202887,-0.09852,-0.721198,0.109272,0.460047,-0.997948
-0.913696,0.148047,-0.048426,0.946996,-0.384948,0.910365,0.390419,0.446677,-0.13865,0.317285,-0.395427,-0.506554,0.296358,0.444933,-0.988928
-0.532154,0.573429,0.436165,0.776652,-0.246695,0.638862,0.501835,0.862407,-0.152883,0.334001,-0.555195,-0.113246,0.544894,0.124119,-1.0
-0.585917,-0.599825,0.580138,0.234691,-0.720243,0.039881,0.925728,0.663121,-0.774588,0.024936,-0.071491,-0.13817,-0.178604,0.494489,-1.0
-0.0402,0.158934,-0.971114,0.148778,0.900744,-0.634816,0.092203,0.026588,0.063176,-0.074327,-0.646431,0.614785,0.488168,-0.212746,-1.0
0.406909,-0.835988,-0.87247,-0.668564,-0.883961,-0.697601,0.434799,0.736794,-0.326303,-0.259951,0.580244,-0.09957,-0.533266,0.107312,-1.0
0.967395,-0.215079,-0.855345,-0.586099,0.63035,0.566249,0.483923,0.863318,0.379309,0.265202,0.218253,-0.415322,-0.261237,0.512965,-1.0
-0.181504,0.739872,-0.789537,-0.682782,0.925062,-0.995827,0.390118,0.785264,0.186823,-0.247793,-0.341773,0.536678,0.258657,-0.411496,-0.996709
-0.909575,-0.440637,-0.155163,-0.164077,-0.508034,-0.061549,0.578222,0.504152,-0.418162,-0.041932,-0.332836,-0.341588,0.328659,0.392146,-0.926048
-0.425183,0.786165,0.909386,0.019563,-0.290294,0.998306,0.879229,0.126399,-0.204765,0.682767,-0.041477,-0.160333,0.271602,0.345051,-1.0
0.353451,0.515849,0.615191,0.9333,0.736258,-0.075725,0.974806,0.839411,0.821553,-0.00634,0.037622,-0.073897,0.317056,-0.415297,-0.996386
0.403485,-0.37786,-0.716676,-0.191845,-0.066634,-0.348639,0.701836,0.804139,-0.030887,-0.547135,0.28855,0.036783,-0.495663,0.031358,-0.996962
0.297955,-0.583081,0.142935,-0.238332,-0.63521,-0.618823,0.798643,0.852813,-0.476301,-0.389782,0.087347,0.050317,-0.576982,-0.010841,-1.0
-0.160774,-0.861508,-0.417531,0.378401,-0.725536,-0.000155,0.236568,0.718241,-0.135973,-0.034222,0.45281,-0.567887,-0.286948,0.391707,-0.970301
-0.012719,0.487178,0.742548,-0.016865,0.749706,-0.797828,0.620938,0.940087,0.37822,-0.42696,-0.172929,0.3209,0.234693,-0.447211,-0.898728
-0.923858,0.645921,0.460348,-0.672705,0.83268,-0.679754,0.222419,0.869468,0.080134,-0.230582,-0.614496,0.43972,0.388464,-0.340325,-1.0
0.205354,0.944066,0.636856,-0.613682,0.764567,-0.4111,0.381826,0.651164,0.300514,-0.245308,-0.228871,0.600216,0.227375,-0.509903,-0.997746
0.921192,-0.29833,0.544133,-0.404788,0.978843,0.00817,0.719855,0.720784,0.542234,-0.006775,-0.061102,-0.199201,0.113608,0.357242,-0.965362
0.400379,0.801519,-0.723747,0.422191,-0.788103,-0.407024,0.641321,0.555996,-0.416843,-0.209338,0.292521,0.213941,-0.385207,-0.305842,-1.0
-0.502565,-0.811933,-0.30377,-0.580611,-0.678505,0.029632,0.331729,0.445702,-0.246395,0.003049,0.123885,-0.559561,-0.071065,0.464681,-0.950001
-0.920251,-0.226995,0.580161,0.959074,0.933548,0.475006,0.884645,0.117175,0.66419,0.329781,-0.077817,-0.01078,0.441106,0.129904,-0.857183
0.960054,-0.203404,-0.351099,0.343053,-0.177759,-0.126711,0.705982,0.005645,-0.482615,-0.335199,0.249594,-0.01733,-0.505223,0.032556,-1.0
0.425763,0.4676,-0.545207,-0.492109,-0.410773,-0.526433,0.304739,0.82034,-0.166806,-0.260628,0.527362,0.43775,-0.300608,-0.403225,-0.96085
0.158601,0.067813,0.507326,0.104553,0.852322,-0.289017,0.287873,0.265646,0.167672,-0.017231,-0.628838,0.340724,0.551588,-0.239822,-0.949214
-0.222292,-0.766189,-0.302085,0.2419,-0.519388,0.18954,0.739548,0.706626,-0.510902,0.209546,0.084113,-0.245815,-0.162458,0.407712,-0.97445
0.7367,0.471778,0.767031,-0.115954,-0.09874,-0.631383,0.065301,0.458536,-0.054318,-0.038893,0.579208,0.693183,-0.275924,-0.348009,-0.990047
0.05837,0.33156,-0.694616,0.052271,-0.666916,0.287524,0.505658,0.729936,-0.412579,0.172053,0.470626,0.082732,-0.425366,-0.093914,-0.997661
0.955243,0.979989,0.978751,-0.05417,-0.58485,0.771761,0.371372,0.226634,-0.245246,0.245569,0.593227,0.024061,-0.496471,0.017311,-0.986011
-0.315063,0.484222,-0.768994,0.860105,-0.088786,-0.293988,0.138068,0.013152,-0.053649,-0.144176,-0.210774,0.858711,0.142392,-0.450371,-1.0
-0.120903,0.423303,-0.459654,0.48106,0.990004,0.970647,0.267705,0.871769,0.129169,0.182176,-0.636416,-0.336191,0.38663,0.210458,-0.995415
-0.616761,0.252147,-0.611755,-0.442505,-0.601148,0.824972,0.224622,0.812246,-0.079852,0.108021,-0.006552,-0.75252,-0.052142,0.566469,-0.982553
0.665257,0.581805,0.744059,-0.940317,0.805975,0.584625,0.76823,0.63974,0.426086,0.295233,-0.193701,-0.001601,0.444887,0.078899,-1.0
-0.475937,0.900657,-0.951986,-0.282229,-0.963015,0.784566,0.659479,0.701172,-0.511002,0.390878,0.264185,0.081718,-0.492322,-0.039116,-0.990151
-0.63998,0.105199,0.164895,-0.235803,-0.17826,0.95536,0.811236,0.750707,-0.139382,0.654903,-0.145374,-0.177579,0.246121,0.464478,-1.0
0.010582,-0.50269,0.217716,-0.868069,-0.987857,0.005796,0.094463,0.577104,-0.112497,-0.096688,0.798799,-0.408799,-0.50809,0.179808,-0.921505
0.130209,-0.016041,-0.217608,0.530338,-0.278034,0.558795,0.708268,0.932885,-0.405292,0.451064,0.186433,-0.227105,-0.299226,0.458766,-1.0
0.634121,0.058973,0.899878,-0.955457,-0.880307,0.555656,0.729974,0.6897,-0.578854,0.311408,0.209841,-0.179018,-0.442936,0.155432,-0.910548
-0.165814,-0.752228,0.193996,0.927084,0.961797,-0.462551,0.997218,0.90004,0.658535,-0.283956,-0.06655,-0.009534,0.448109,0.072842,-1.0
0.769073,-0.109829,0.77237,0.927943,0.088719,0.980922,0.645034,0.481158,0.07071,0.489677,0.209254,-0.3077,-0.181039,0.465471,-0.940026
0.308378,-0.732037,0.646036,0.684167,-0.976938,0.016158,0.232296,0.954277,-0.170129,-0.001737,0.659806,-0.35881,-0.432429,0.281942,-1.0
0.73905,-0.1434,-0.921459,-0.027897,0.863206,0.318131,0.179614,0.205163,0.176354,0.092903,-0.182797,-0.82874,-0.005145,0.469799,-1.0
0.064882,0.430783,-0.818489,-0.981178,-0.849781,0.653001,0.602968,0.459524,-0.314418,0.319934,0.230633,-0.072733,-0.426844,0.100173,-1.0
-0.087493,0.498497,-0.446237,-0.824256,0.139799,-0.089976,0.883035,0.305399,0.508282,-0.419765,-0.071688,0.085679,0.101074,-0.445291,-1.0
0.174759,0.813943,0.124153,0.52164,-0.82466,0.850504,0.799289,0.282109,-0.44203,0.497737,0.214476,-0.029118,-0.533152,0.007502,-1.0
0.36168,-0.122811,-0.813676,-0.268762,-0.646234,-0.785211,0.037753,0.001714,0.045325,0.012952,0.940745,0.534409,-0.399827,-0.257572,-1.0
-0.697016,-0.332376,-0.951726,-0.414011,-0.242831,0.519877,0.500737,0.215257,-0.143997,0.401925,-0.309258,-0.392043,0.208392,0.448416,-0.921636
-0.695244,0.602218,0.310225,0.673562,-0.00973,-0.30465,0.664176,0.863389,-0.024786,-0.580309,-0.191367,0.223083,0.345914,-0.410915,-1.0
-0.64561,-0.210932,0.558933,0.074693,-0.968531,0.147651,0.892861,0.022165,-0.686851,0.148368,0.056559,-0.154623,-0.339983,0.397006,-0.965456
-0.924103,0.931389,0.663394,0.249829,-0.23595,-0.768115,0.806215,0.217378,-0.165341,-0.604179,-0.08819,0.155213,0.158333,-0.406304,-0.912384
0.570489,0.908474,-0.733132,0.535349,-0.93444,0.11832,0.761924,0.732731,-0.54949,0.091685,0.249934,0.197275,-0.401741,-0.171055,-1.0
-0.914423,-0.837464,0.054805,-0.774117,0.757528,0.815843,0.848166,0.598813,0.503219,0.506628,-0.048089,0.000516,0.320883,0.331805,-0.952086
0.830532,-0.80016,-0.524782,0.114153,-0.189681,-0.81823,0.220064,0.216605,-0.136082,-0.121326,0.845951,0.104122,-0.529568,-0.075102,-1.0
0.838568,0.718036,0.097383,0.729753,-0.000551,0.300975,0.941502,0.182779,-0.02831,0.758702,-0.026367,0.037883,-0.468504,-0.280653,-0.901104
0.81206,0.28632,-0.617832,0.327155,0.599943,0.642037,0.019256,0.428476,-0.080689,-0.016766,0.534547,-0.780866,-0.246531,0.448157,-1.0
-0.102923,-0.215082,0.086261,-0.640034,0.937188,0.734909,0.114995,0.557505,0.017532,0.100066,-0.631424,-0.560459,0.460579,0.27291,-1.0
-0.250083,-0.025278,-0.289746,-0.822646,0.515697,0.087185,0.657327,0.372693,0.477197,0.092788,-0.314359,0.041674,0.499012,0.115482,-0.962371
-0.97449,0.116525,0.518772,-0.458878,0.899132,0.601241,0.360707,0.832767,0.287624,0.097545,-0.643608,-0.303039,0.478642,0.042234,-0.967279
-0.228523,0.482591,0.55607,0.987308,-0.744932,-0.857824,0.354026,0.680144,-0.222319,-0.25108,0.218948,0.658427,-0.156774,-0.554685,-1.0
-0.199682,0.701184,-0.401514,0.066552,0.572843,-0.612709,0.79655,0.934994,0.482563,-0.466627,-0.019529,0.146904,0.29775,-0.409874,-0.947489
-0.039657,-0.976695,0.221204,0.765534,-0.312982,0.85183,0.336941,0.076562,-0.034371,0.257234,0.10127,-0.641773,-0.106325,0.437215,-0.962447
0.167889,0.877723,0.904594,-0.914322,0.014566,-0.313448,0.652079,0.795916,0.044867,-0.6575,0.054288,0.384033,-0.094579,-0.499801,-1.0
0.211617,0.191253,0.180102,-0.101199,-0.031051,-0.996243,0.566841,0.610413,0.014776,-0.489115,0.09416,0.560656,-0.060475,-0.513171,-0.948477
-0.884823,0.054862,-0.570971,0.731913,0.907713,-0.281275,0.150244,0.035575,0.171161,0.048574,-0.829273,0.207818,0.496041,-0.148408,-1.0
-0.572268,-0.682701,0.594689,-0.639823,0.315083,-0.005866,0.775206,0.29301,0.694221,0.069676,-0.223164,-0.201992,0.515323,0.312989,-1.0
-0.35765,0.764229,0.409932,0.988667,0.493604,0.736403,0.48733,0.219388,0.297337,0.267763,-0.550632,-0.014222,0.482783,-0.056758,-0.948234
0.891985,0.302324,0.074883,0.181863,-0.180653,-0.828323,0.667639,0.123416,-0.170981,-0.570483,0.320061,0.2694,-0.382384,-0.353951,-0.968656
-0.716077,-0.500108,0.268379,-0.618254,-0.877129,0.935532,0.882948,0.792943,-0.563073,0.522454,0.031932,-0.069333,0.060966,0.493068,-1.0
-0.322454,0.052297,-0.478488,-0.632917,-0.184625,-0.489879,0.92589,0.174671,-0.249489,-0.776403,-0.00527,0.036975,0.129336,-0.483369,-0.966448
-0.796398,0.428649,0.69616,0.027219,0.964357,0.589307,0.172255,0.071095,0.125713,-0.002285,-0.793986,-0.035603,0.410008,0.100537,-0.980036
-0.340488,-0.0768,-0.926769,0.781164,-0.927864,0.909236,0.25295,0.846297,-0.11602,0.132163,0.389731,-0.547783,-0.186878,0.459043,-1.0
-0.100612,-0.280378,0.2198,0.319243,-0.110777,0.342533,0.74656,0.584767,-0.223281,0.512375,-0.006728,-0.214886,-0.004893,0.514604,-0.980297
0.192849,-0.364685,0.216286,0.58118,0.737346,-0.774461,0.985698,0.312606,0.548238,-0.622677,-0.053706,0.012285,0.40719,-0.394389,-0.997086
-0.165467,-0.933424,-0.139328,0.173255,-0.151335,-0.384764,0.569514,0.208397,-0.164045,-0.352203,-0.041092,-0.441079,0.004227,0.484148,-1.0
-0.080939,-0.89322,0.225317,0.146051,-0.674534,0.806664,0.004728,0.840685,0.002836,0.017825,0.299978,-0.936362,-0.149504,0.37451,-1.0
0.553367,-0.319498,-0.582796,0.668241,-0.931533,0.239302,0.870778,0.813274,-0.68107,0.170324,0.119837,-0.076653,-0.502282,0.12852,-1.0
-0.646656,0.957747,0.390532,0.230735,0.376555,0.223588,0.883654,0.298193,0.587641,0.309883,-0.128392,0.053334,0.363146,-0.34029,-1.0
-0.417892,0.373382,0.403964,-0.32851,-0.548612,0.698452,0.133632,0.699115,-0.045674,0.149559,0.26978,-0.914722,-0.177694,0.490809,-1.0
0.620832,0.315465,-0.967926,0.630164,-0.997073,0.030271,0.845457,0.127376,-0.724708,-0.059889,0.079468,0.10273,-0.493814,-0.076213,-0.995931
0.169734,0.471589,-0.213582,0.296886,0.869944,-0.746047,0.835046,0.643487,0.489387,-0.386584,-0.075104,0.082657,0.157921,-0.498446,-0.976202
0.374473,-0.374261,0.148265,-0.760736,-0.09277,-0.219095,0.289913,0.267874,-0.084165,-0.158762,0.69271,-0.266049,-0.493977,0.207333,-1.0
0.606525,-0.364229,0.549299,0.957046,-0.704994,-0.464408,0.885879,0.176783,-0.645023,-0.292091,0.044141,0.051264,-0.545552,-0.027301,-1.0
-0.335422,0.818132,-0.329302,0.28167,0.046566,-0.745861,0.192273,0.609152,0.067449,-0.209783,-0.29058,0.730553,0.071583,-0.497008,-1.0
0.835316,-0.867888,-0.859085,0.046408,0.397391,0.142692,0.417008,0.741979,0.331479,0.135732,0.189351,-0.503047,-0.267695,0.429751,-0.933483
-0.19846,0.28939,-0.24854,-0.631431,0.077474,-0.304603,0.691054,0.934819,0.131968,-0.510211,-0.159568,0.193394,0.216883,-0.443237,-1.0
-0.36276,-0.030475,-0.89452,-0.367614,0.032123,-0.191789,0.825802,0.901534,0.122059,-0.687418,-0.078471,0.052633,0.484655,-0.207647,-1.0
0.931744,-0.938489,-0.0427,0.05326,-0.208269,0.236947,0.541106,0.322229,-0.311541,0.438336,0.335323,-0.291637,-0.294871,0.364618,-1.0
0.709624,0.89781,-0.8083,0.12325,-0.570749,-0.737019,0.454553,0.132507,-0.354461,-0.303006,0.393077,0.284076,-0.328104,-0.386238,-1.0
0.274323,0.831164,0.585374,0.252351,0.568161,0.771887,0.403672,0.708187,0.222308,0.264186,-0.579761,0.223532,0.454112,-0.042094,-0.957686
-0.885319,-0.785492,-0.99524,0.812892,-0.179345,-0.066812,0.826617,0.514127,-0.663802,-0.211743,-0.081007,-0.073304,0.372234,0.33374,-1.0
-0.26618,0.267828,-0.255502,0.260157,-0.407771,-0.955592,0.031737,0.853824,0.087652,-0.014229,0.131709,1.0,-0.17499,-0.433621,-1.0
-0.705573,-0.340249,0.874909,-0.392599,0.867041,-0.245959,0.546102,0.594675,0.396049,-0.100132,-0.431546,0.005189,0.39821,0.023838,-0.938669
-0.892358,0.695454,0.129535,-0.737982,0.336445,0.470327,0.032013,0.052095,0.037851,0.027226,-0.97863,0.181835,0.488544,-0.122344,-1.0
-0.039499,0.884662,0.466536,0.475905,0.583984,0.140072,0.790652,0.061755,0.646366,0.14787,-0.169631,0.241437,0.372047,-0.351361,-1.0
0.712729,0.536383,-0.491555,0.429778,0.991316,0.36016,0.415322,0.870004,0.327936,0.164596,-0.537702,0.393695,0.427128,-0.277085,-0.966683
-0.83069,0.543494,0.676403,0.223307,-0.599665,0.803116,0.724212,0.164841,-0.363526,0.493191,-0.155027,-0.232799,0.304273,0.379349,-0.959711
-0.223208,-0.599563,0.306439,-0.122017,-0.105939,0.490371,0.839404,0.149891,-0.168924,0.606172,-0.060422,-0.075654,-0.014066,0.530803,-0.988734
0.959807,0.847031,-0.814945,-0.619117,0.076831,-0.220616,0.162277,0.216935,0.026751,-0.1975,0.43561,0.682451,-0.304151,-0.460175,-1.0
0.816782,-0.800157,-0.249348,0.388116,-0.669957,0.450673,0.689714,0.319417,-0.498123,0.277883,0.195775,-0.248755,-0.390874,0.289934,-0.995237
0.27417,-0.068226,-0.739294,0.805313,-0.287521,0.665958,0.127917,0.936721,-0.063189,0.111106,0.544902,-0.757683,-0.193297,0.389358,-0.967443
0.946791,0.931292,0.005466,0.176106,0.178621,-0.509752,0.373849,0.801802,0.090801,-0.289999,0.294632,0.461861,-0.268462,-0.478413,-0.950536
0.307959,0.184002,0.092572,0.006638,-0.681024,-0.719463,0.871501,0.99519,-0.537221,-0.52357,0.071638,0.06493,-0.416752,-0.322392,-0.998194
-0.427314,-0.785182,-0.288022,0.994542,0.986418,-0.887945,0.488147,0.846478,0.326714,-0.206398,-0.43757,0.045497,0.426744,-0.071779,-1.0
-0.560765,0.59208,0.313985,-0.518361,-0.761708,0.240864,0.362379,0.33722,-0.29079,0.073502,0.30318,0.571759,-0.344177,-0.40654,-1.0
0.974982,-0.069526,0.424022,-0.403812,0.72136,0.95045,0.551649,0.280505,0.273179,0.282118,0.13943,-0.396767,-0.134169,0.431241,-0.981228
0.322141,-0.60564,-0.604874,0.991616,-0.999886,0.168789,0.54608,0.678492,-0.391808,0.057066,0.407783,-0.253967,-0.55224,0.327991,-0.999217
-0.249382,-0.207364,-0.542712,-0.35066,0.099489,-0.842214,0.953563,0.041187,0.108926,-0.774337,-0.037898,0.028975,0.270645,-0.470289,-0.953091
0.369589,0.51325,-0.379865,0.860736,-0.22819,-0.033225,0.563481,0.392809,-0.512023,-0.083431,0.303948,0.191725,-0.373663,-0.384138,-0.956274
-0.653976,0.417611,0.900345,-0.766112,-0.852063,0.141004,0.785427,0.326042,-0.628939,0.124852,0.210587,0.158922,-0.34212,-0.458586,-1.0
0.72739,0.750926,-0.790992,0.886733,-0.343832,-0.911912,0.571702,0.92775,-0.149122,-0.438419,0.142703,0.406522,-0.219204,-0.465109,-0.890324
0.459274,-0.944903,0.287002,-0.170103,-0.554276,-0.805442,0.7389,0.639689,-0.241621,-0.399397,0.360576,0.016358,-0.562725,-0.000991,-1.0
0.726661,-0.813822,0.811608,0.160295,0.885698,0.449854,0.747815,0.70405,0.539667,0.323981,-0.031295,-0.302843,0.017673,0.495188,-0.948287
-0.090238,-0.273012,0.604795,0.154052,0.294478,-0.472868,0.456547,0.065198,0.204928,-0.274884,-0.369977,0.216458,0.577168,-0.199072,-0.982054
0.265314,0.730513,-0.104779,0.285234,-0.349869,0.560278,0.862302,0.859908,-0.424169,0.532443,0.092745,0.003639,-0.404874,-0.048691,-0.933065
-0.535773,-0.180763,0.595653,-0.301216,-0.360694,-0.909278,0.372724,0.048196,-0.15738,-0.238344,-0.099974,0.579431,0.147462,-0.519144,-0.985172
-0.320769,-0.302261,0.808295,0.432525,0.061308,-0.791389,0.070462,0.056495,-0.009338,-0.008818,-0.507767,0.76296,0.292144,-0.395665,-0.928294
-0.132863,-0.96236,-0.638912,0.241003,0.643247,-0.453929,0.800395,0.944851,0.503965,-0.323109,-0.14191,-0.08739,0.39047,0.289361,-0.971225
0.64424,-0.609313,0.216346,-0.595965,0.237865,-0.290707,0.943444,0.707643,0.468509,-0.615551,0.036648,0.036828,-0.435562,0.390561,-0.958606
0.02134,0.498955,0.294237,0.503315,-0.050116,-0.516596,0.477979,0.299632,-0.012759,-0.392383,0.025528,0.535174,0.006771,-0.527318,-0.951909
0.20721,-0.244524,-0.687769,-0.244504,0.068238,0.179812,0.201569,0.043586,0.100948,0.114028,0.233106,-0.690374,-0.073704,0.5589,-1.0
-0.972262,-0.574582,0.952125,-0.858418,-0.752238,0.920052,0.642354,0.421671,-0.392364,0.407983,-0.054505,-0.332578,0.118135,0.436003,-0.984525
0.091605,0.592494,-0.286837,0.653506,-0.294053,0.530459,0.712734,0.71272,-0.289457,0.533284,0.276189,0.129611,-0.499568,-0.044528,-0.957234
-0.025615,0.940713,-0.951275,0.948805,-0.575346,0.094958,0.209492,0.333765,-0.237676,-0.011368,0.382459,0.674436,-0.284383,-0.447719,-0.995537
-0.433671,-0.633226,0.197252,0.539899,-0.33669,-0.595352,0.958725,0.622433,-0.341374,-0.633136,-0.053871,-0.030487,0.492252,0.18847,-1.0
0.628811,-0.715482,-0.463217,0.594348,0.172401,-0.998683,0.504104,0.833357,-0.011026,-0.369194,0.335593,0.306081,-0.498703,-0.372465,-1.0
-0.503413,0.024732,0.178095,-0.74488,-0.608023,0.675485,0.823176,0.956437,-0.38527,0.469337,0.018792,-0.072275,-0.078797,0.569346,-0.954526
0.270223,-0.289824,0.342685,-0.399948,0.898972,-0.161955,0.119254,0.254304,0.074484,0.060325,-0.983672,-0.082427,0.488795,0.060143,-1.0
-0.050795,0.333998,-0.000155,-0.599807,-0.663631,-0.650188,0.777629,0.691708,-0.482229,-0.482159,0.162266,0.227198,-0.326359,-0.416386,-1.0
-0.584635,0.569688,-0.594665,0.569447,0.917016,-0.541557,0.726939,0.800287,0.525628,-0.388203,-0.18252,0.121145,0.37762,-0.393488,-0.9291
0.895471,-0.758423,-0.824632,0.191907,-0.753281,0.219289,0.311473,0.563268,-0.217386,0.050871,0.637442,-0.347928,-0.458434,0.249408,-1.0
-0.314387,-0.446345,-0.460057,-0.792461,-0.341092,-0.92004,0.420439,0.603643,-0.205651,-0.374252,0.040593,0.546001,0.042379,-0.506281,-1.0
0.421854,0.553401,-0.817675,0.705466,-0.91272,-0.060062,0.436213,0.744634,-0.295092,0.007235,0.504733,0.218328,-0.519774,-0.184138,-0.99226
-0.073769,-0.736931,-0.076772,-0.810602,-0.724322,-0.496976,0.181982,0.445079,-0.195696,0.039027,0.811969,-0.295545,-0.490258,0.256646,-1.0
-0.410595,-0.262138,-0.99294,0.855476,0.457205,-0.071684,0.061664,0.009014,0.050452,-0.034681,-0.928282,-0.195161,0.453884,0.086216,-1.0
0.190422,-0.87628,-0.323237,-0.959073,-0.904426,-0.645357,0.649114,0.320268,-0.476023,-0.324973,0.376336,-0.13828,-0.495643,0.114023,-1.0
-0.379181,0.537171,0.900354,0.773625,-0.42735,0.563014,0.830876,0.045231,-0.391082,0.552557,0.242532,-0.099248,-0.450859,0.232327,-1.0
-0.659339,0.858971,0.390254,0.013036,-0.691472,-0.763237,0.161249,0.501471,-0.122276,-0.139302,0.003787,0.831094,-0.03637,-0.595196,-0.979792
-0.714185,-0.081827,-0.441082,-0.403016,0.708425,0.738888,0.418485,0.894526,0.214415,0.190558,-0.542143,-0.299216,0.445116,0.146731,-1.0
0.453344,0.244143,0.547159,-0.714147,0.995823,-0.451109,0.542995,0.366741,0.368569,-0.135647,-0.316321,0.372967,0.263315,-0.390353,-1.0
-0.780404,0.126265,0.828051,0.798452,0.100496,-0.670617,0.241458,0.289402,0.027915,-0.110871,-0.527346,0.505609,0.44797,-0.340504,-1.0
0.068098,8.5e-05,0.854874,-0.426473,-0.251685,0.88703,0.885221,0.808205,-0.104956,0.518217,-0.042675,-0.116777,-0.216129,0.468409,-1.0
-0.786183,0.15772,-0.554605,-0.622684,-0.066787,0.19255,0.840237,0.74645,-0.16583,0.596237,-0.160268,0.030626,0.545664,0.044804,-0.948777
0.255078,-0.937658,-0.989647,-0.133284,-0.853001,0.588774,0.960184,0.594135,-0.584843,0.416443,0.051086,-0.050106,-0.260458,0.406191,-0.98915
0.611825,-0.131331,-0.541434,-0.12769,-0.723442,-0.576974,0.702642,0.626837,-0.483493,-0.312593,0.230736,0.058547,-0.490369,-0.189542,-1.0
0.952778,0.936277,0.277745,-0.887522,-0.685543,0.718443,0.224628,0.132148,-0.185342,0.171313,0.801993,0.071891,-0.452736,-0.03283,-1.0
-0.398274,-0.221305,-0.722811,-0.999615,0.039286,-0.656614,0.521867,0.901621,0.082,-0.461839,-0.305485,0.37505,0.444535,-0.328814,-1.0
0.624247,0.308942,-0.727516,-0.470607,0.838964,0.629213,0.661394,0.429214,0.400637,0.30612,-0.188306,-0.345135,0.312354,0.396922,-0.981766
0.652404,0.29318,0.022698,0.122491,-0.954148,-0.501613,0.280646,0.53908,-0.188135,-0.234794,0.620661,0.36319,-0.468274,-0.202419,-1.0
-0.508408,0.800227,-0.82307,-0.748806,0.523537,0.74271,0.953466,0.808213,0.475951,0.733607,-0.026646,0.030429,0.561479,-0.099047,-1.0
0.725865,0.825543,0.822686,0.956658,-0.088543,0.500949,0.482698,0.544255,-0.079362,0.353156,0.461072,0.208616,-0.524147,-0.173889,-0.944864
0.97461,0.302124,-0.06718,0.688265,0.656029,0.790974,0.02428,0.615623,0.027132,0.002613,0.673465,-0.856983,-0.309106,0.434079,-0.945202
0.04502,0.145156,0.864063,0.578369,-0.147127,0.917451,0.290395,0.968832,-0.080113,0.250193,0.21387,-0.66558,-0.165948,0.585556,-1.0
-0.301832,0.585629,0.070347,-0.6741,-0.253642,0.416034,0.054677,0.702977,-0.110844,0.107622,-0.294274,0.897031,0.081469,-0.538851,-0.958876
-0.199457,-0.833964,-0.39626,0.424091,-0.733772,0.775091,0.734434,0.327304,-0.444945,0.363666,0.115451,-0.250856,-0.1652,0.472712,-0.935647
0.358729,-0.530989,-0.935934,0.308416,-0.788806,-0.860073,0.135233,0.885975,0.059344,-0.15405,0.932488,0.185923,-0.517487,-0.127735,-1.0
0.736599,0.302321,-0.781464,0.509726,-0.650354,-0.274093,0.661569,0.193428,-0.51786,-0.281797,0.269934,0.135725,-0.472773,-0.209431,-1.0
0.691202,0.413638,0.48189,-0.57891,-0.576267,0.984059,0.925543,0.898405,-0.493542,0.501598,0.065662,0.004721,-0.538642,0.185902,-0.959897
-0.03094,-0.6719,-0.853468,0.365455,0.849141,0.039312,0.676084,0.116062,0.534668,-0.010503,-0.249148,-0.15654,0.353696,0.395269,-0.966398
-0.2904,0.600001,0.278005,0.21197,0.305662,-0.269589,0.190584,0.339302,0.039675,-0.214211,-0.435251,0.68195,0.282964,-0.330478,-0.918044
0.824085,0.261406,-0.916939,-0.492516,0.158261,-0.180253,0.75847,0.095147,0.406898,-0.460348,0.222891,0.062926,-0.368783,-0.371233,-1.0
-0.312309,0.58729,-0.858406,0.717522,0.329509,-0.8475,0.402629,0.693724,0.174277,-0.304487,-0.198979,0.631015,0.277853,-0.33705,-0.97776
0.639481,0.126291,-0.790385,-0.973268,-0.738822,0.272575,0.497583,0.97353,-0.434586,0.132565,0.50897,-0.056795,-0.477867,0.116674,-1.0
0.134794,0.944566,0.045504,0.751695,0.556006,-0.311679,0.727514,0.770394,0.503721,-0.258451,-0.05546,0.269422,0.096173,-0.462737,-1.0
0.334177,-0.87241,-0.981781,0.200577,-0.553143,0.173136,0.034568,0.840864,-0.064118,-0.006973,0.524412,-0.765362,-0.316629,0.367568,-0.989088
0.978214,-0.192893,-0.088787,-0.229724,-0.093708,0.813669,0.325935,0.052319,-0.035538,0.253951,0.431456,-0.555493,-0.306592,0.348476,-0.901229
-0.004462,0.880606,0.303142,0.580908,0.443805,-0.525951,0.499456,0.383878,0.24253,-0.262514,-0.158296,0.560101,0.175272,-0.480625,-0.985654
0.138937,-0.015956,-0.38785,0.126451,-0.508795,-0.160015,0.191509,0.072109,-0.179034,-0.084549,0.805862,0.179866,-0.459717,-0.101356,-0.972218
-0.304697,0.761091,-0.449138,0.387591,-0.072049,-0.81025,0.134887,0.233016,-0.04288,-0.084913,-0.155347,0.911456,0.117901,-0.494043,-1.0
0.583413,-0.079739,0.879898,-0.560134,-0.857905,0.006912,0.951442,0.143602,-0.764998,0.055816,0.031588,0.001639,-0.571738,-0.045328,-1.0
0.727462,0.463062,0.032913,-0.699527,0.311434,-0.632769,0.137621,0.637912,0.038126,-0.130188,0.365695,0.79412,-0.19404,-0.508989,-0.942036
0.671711,-0.626207,-0.230202,0.63737,-0.652177,0.644153,0.083788,0.616247,-0.068828,0.119384,0.654565,-0.582444,-0.258625,0.365344,-0.975547
-0.475,0.184973,0.743546,0.801194,0.951085,-0.329827,0.74718,0.973177,0.567574,-0.14394,-0.231941,0.15109,0.482709,-0.14259,-0.980662
-0.891095,0.114575,0.704893,-0.19886,0.053301,0.85587,0.758603,0.333968,0.046738,0.710929,-0.223194,-0.119846,0.433856,0.28231,-0.95896
-0.294332,-0.188961,-0.385847,0.744678,0.391163,0.411355,0.109316,0.057493,0.101312,0.074136,-0.619764,-0.607617,0.277984,0.360193,-1.0
0.742676,-0.596006,-0.174813,-0.942331,-0.238088,0.841638,0.640293,0.744941,-0.11751,0.432687,0.311725,-0.215422,-0.249789,0.412232,-0.952793
0.288108,0.296161,-0.357005,0.262807,-0.98931,0.182256,0.867203,0.793502,-0.663813,0.198318,0.17763,0.088438,-0.515585,-0.074983,-0.982411
0.423252,-0.324782,0.407164,-0.726527,0.769613,0.702433,0.342818,0.362872,0.282956,0.24407,-0.207351,-0.526112,0.096971,0.507569,-0.96416
0.262277,0.346697,-0.543008,0.135331,0.28324,-0.701053,0.360143,0.264109,0.149205,-0.209528,0.049226,0.614561,0.016482,-0.571216,-1.0
-0.787598,0.765494,-0.285169,-0.607779,-0.373183,-0.249028,0.536194,0.079432,-0.354752,-0.1525,-0.106534,0.419251,0.195612,-0.416288,-0.961997
-0.090711,0.958902,-0.974243,-0.509049,0.772657,0.128511,0.075791,0.848777,0.035352,-0.011119,-0.641815,0.686526,0.417993,-0.392658,-1.0
-0.331017,0.270061,-0.148287,0.05634,-0.021389,-0.996623,0.154708,0.260568,-0.002278,-0.085061,-0.116223,0.855914,0.116557,-0.492478,-1.0
0.629935,0.506162,-0.960206,0.089691,-0.724158,-0.450858,0.294409,0.064781,-0.207837,-0.129977,0.576409,0.347016,-0.420678,-0.285223,-1.0
0.699339,-0.748728,-0.913326,-0.971301,0.050744,-0.43984,0.348918,0.093087,0.032998,-0.189545,0.584134,-0.203926,-0.495108,0.227793,-0.999507
0.577997,-0.667256,-0.363053,-0.16458,-0.479432,-0.508864,0.747798,0.018969,-0.332904,-0.420185,0.262613,0.058218,-0.495473,0.172238,-0.993242
0.932461,0.19996,-0.198382,-0.866991,-0.67915,0.815351,0.172184,0.077331,-0.063256,0.125191,0.725778,-0.32654,-0.432335,0.148823,-0.964073
-0.627877,-0.347639,-0.982226,-0.010196,0.472176,-0.077639,0.777959,0.568753,0.595498,-0.095633,-0.230396,0.012151,0.498448,0.19723,-1.0
-0.313621,0.702447,0.766369,-0.283402,0.215883,-0.374315,0.038952,0.263669,0.032794,-0.050364,-0.337392,0.79053,0.238249,-0.426366,-0.975252
0.628604,0.860131,-0.454168,-0.588225,0.175037,0.485135,0.27053,0.73588,0.051002,0.133829,0.519907,0.508363,-0.351424,-0.338802,-1.0
0.385265,0.761536,0.055813,0.181777,-0.397165,-0.805746,0.24748,0.982279,-0.110475,-0.213092,0.258057,0.66897,-0.22162,-0.421053,-0.945221
-0.334767,-0.384504,0.670613,-0.5661,-0.350329,-0.268287,0.425698,0.280344,-0.228972,-0.228229,0.243356,-0.570544,-0.039787,0.495269,-0.974021
-0.689049,0.307417,-0.252441,0.537589,0.154626,0.437277,0.966554,0.683384,0.233657,0.704618,0.001514,-0.030912,0.607221,0.081798,-1.0
0.661599,-0.78223,0.94611,0.720789,0.680735,-0.837608,0.822713,0.067282,0.452084,-0.451422,-0.081902,0.273853,0.126105,-0.361926,-1.0
0.049133,-0.877052,0.047049,-0.946127,0.469627,0.48071,0.28184,0.211076,0.154138,0.163933,-0.244368,-0.773157,0.139947,0.550158,-0.910982
-0.250225,0.030307,-0.02613,-0.719156,-0.823458,0.343342,0.082757,0.750839,-0.15847,-0.054407,0.761013,-0.414021,-0.38699,0.218024,-1.0
0.93872,0.717298,-0.129063,-0.452161,0.361406,-0.705002,0.479032,0.457423,0.226178,-0.360122,0.204418,0.488149,-0.188234,-0.429436,-1.0
0.123573,-0.010946,-0.376642,0.43573,0.990126,-0.228694,0.852526,0.929677,0.653786,-0.143987,-0.128568,-0.016386,0.479781,-0.13973,-1.0
-0.329892,0.519942,0.59816,-0.420522,0.297433,0.015029,0.256907,0.841582,0.21084,-0.042558,-0.526419,0.431206,0.379758,-0.293702,-1.0
0.932225,0.691297,-0.467783,-0.167034,0.709899,0.530404,0.398078,0.939298,0.205223,0.242381,0.442879,0.288817,-0.40764,-0.300471,-1.0
-0.5692,-0.972261,0.968455,-0.597177,0.667173,-0.314291,0.970572,0.531626,0.693078,-0.307449,-0.022727,-0.010257,0.477115,0.210441,-0.966171
-0.170815,0.091452,0.34285,-0.940984,0.728297,-0.183876,0.076278,0.186899,0.079205,-0.022847,-0.864907,0.172904,0.562737,-0.105435,-1.0
0.038918,-0.87154,-0.749136,-0.066676,-0.744701,0.069756,0.209886,0.643803,-0.146374,-0.052032,0.500229,-0.687183,-0.292648,0.352577,-1.0
0.547687,0.621108,-0.821458,-0.524658,0.268419,-0.406665,0.114231,0.349133,0.044826,-0.119175,0.219409,0.905643,-0.163478,-0.511832,-0.896243
0.983052,0.421522,-0.512579,0.308833,-0.171178,-0.557917,0.194321,0.874261,-0.076915,-0.120636,0.621611,0.623137,-0.373928,-0.311928,-0.980181
-0.033939,0.754273,0.136478,-0.806234,-0.340646,-0.305333,0.447467,0.77715,-0.226672,-0.236057,0.137679,0.514153,-0.094548,-0.468854,-1.0
-0.813561,-0.813999,0.009221,0.051441,0.653648,0.305073,0.171343,0.423937,0.111857,-0.021206,-0.635278,-0.560817,0.380163,0.308321,-1.0
-0.282031,-0.408378,0.337173,-0.35137,-0.405314,0.322348,0.858873,0.393831,-0.570127,0.42483,0.012082,-0.129963,-0.10144,0.393552,-1.0
-0.066233,-0.425371,0.452522,0.827984,-0.981879,-0.348985,0.163675,0.479201,-0.155095,-0.035295,0.903884,-0.03559,-0.533148,0.048077,-0.974625
0.400915,-0.997579,-0.658872,0.612691,-0.49373,-0.662908,0.586845,0.746446,-0.301298,-0.453994,0.446857,-0.165072,-0.432372,0.270113,-0.971448
0.234894,-0.500779,-0.533628,0.350903,-0.726254,-0.269489,0.014173,0.709422,-0.008179,-0.015035,0.956884,-0.288159,-0.519739,0.093921,-0.961111
-0.9318,-0.701071,0.10004,-0.566519,-0.353298,-0.836982,0.551155,0.834101,-0.268681,-0.359137,-0.417723,0.099191,0.473333,-0.125123,-1.0
0.037519,0.327351,-0.535845,0.979429,0.055484,0.442536,0.677058,0.068267,0.065008,0.517025,-0.129062,-0.332695,0.121578,0.475439,-0.946428
-0.170912,-0.707883,0.49194,-0.763445,0.413573,0.472827,0.833431,0.989174,0.47378,0.560469,-0.029147,-0.065704,0.237675,0.421035,-1.0
-0.168155,-0.613296,-0.985617,-0.141222,-0.762389,-0.915474,0.318328,0.225639,-0.244501,-0.25652,0.550991,0.185461,-0.399341,-0.230074,-1.0
0.515329,0.518486,0.528703,0.953071,0.420635,0.50126,0.51401,0.796614,0.266554,0.288595,0.421607,0.157775,-0.507395,-0.078027,-0.964457
0.013234,-0.860722,-0.578364,0.474207,0.346666,-0.883997,0.535917,0.680117,0.126279,-0.471012,-0.521717,0.192908,0.445407,-0.091374,-1.0
-0.711972,0.913703,0.051101,0.527707,-0.565171,0.054059,0.867198,0.163331,-0.73404,0.108943,-0.132519,0.10547,0.101823,-0.44822,-0.9051
0.834071,0.50699,0.897361,0.445021,-0.154341,-0.76555,0.320498,0.737162,-0.078133,-0.326215,0.379626,0.513523,-0.284664,-0.320005,-0.982505
-0.668736,0.046384,0.267455,0.771461,0.224502,-0.052842,0.272606,0.97744,0.275878,-0.005106,-0.686485,0.087848,0.468627,-0.096089,-1.0
-0.144744,0.74332,0.143083,0.092092,-0.829893,0.520299,0.353659,0.287844,-0.212203,0.183448,0.643332,0.23015,-0.494881,-0.290619,-0.992582
0.476009,0.03889,-0.072393,0.734052,-0.205002,-0.886499,0.623235,0.75713,-0.077593,-0.546632,0.199146,0.323632,-0.27309,-0.400209,-1.0
0.717451,-0.684521,-0.881622,-0.035814,-0.717238,-0.311231,0.74631,0.426411,-0.492477,-0.364048,0.233115,-0.063698,-0.567588,0.07958,-0.892227
-0.389064,0.128695,0.128068,-0.569649,0.230276,0.79176,0.280985,0.334043,0.052998,0.257746,-0.566062,-0.472395,0.327606,0.421345,-0.906982
-0.184225,0.562646,0.183608,-0.158753,-0.111924,0.726329,0.526806,0.237684,-0.107006,0.439527,-0.23015,-0.37028,0.258139,0.423418,-1.0
-0.079375,-0.004921,-0.814706,-0.8167,0.055462,-0.720931,0.395941,0.196294,0.024952,-0.262436,-0.021081,0.610696,0.026241,-0.406239,-1.0
0.001454,0.516037,-0.861458,0.972168,0.856946,-0.653886,0.283379,0.481475,0.183007,-0.117819,-0.363498,0.623439,0.266261,-0.44453,-0.964458
0.372304,-0.477525,0.365,0.076963,0.523609,0.255889,0.370739,0.53136,0.30702,0.129213,-0.127244,-0.586674,0.092551,0.407445,-0.961571
0.272559,-0.29842,-0.065528,0.794461,0.209633,-0.343913,0.890344,0.045245,0.340953,-0.618914,0.083897,0.04893,-0.350215,-0.267916,-0.937282
0.610795,0.140025,-0.83387,-0.235022,0.287215,-0.489268,0.164397,0.050287,0.079974,-0.184882,0.434122,0.7892,-0.220457,-0.432741,-1.0
-0.317574,0.013689,0.424302,-0.366188,0.92719,0.620252,0.548718,0.021643,0.41707,0.223056,-0.360018,-0.138831,0.433936,0.133908,-0.978333
0.011529,0.129712,-0.604098,-0.523411,-0.276837,-0.836465,0.420871,0.124485,0.003765,-0.300362,0.134534,0.517037,-0.248346,-0.480277,-1.0
-0.097577,-0.180927,0.457267,-0.934989,0.264772,-0.194132,0.918432,0.653001,0.603275,-0.46397,-0.092289,-0.081589,0.491757,-0.096157,-1.0
-0.128426,0.664666,-0.546357,0.025691,-0.775708,0.104498,0.696924,0.362457,-0.625941,0.138963,0.282376,0.190855,-0.345447,-0.248518,-1.0
0.085098,0.233639,0.532943,-0.433791,0.301139,0.128442,0.538064,0.880693,0.452527,0.207065,-0.451017,0.196767,0.567938,-0.249661,-0.991772
-0.296001,-0.929884,-0.686452,0.225284,-0.266672,-0.939344,0.451916,0.354102,-0.026337,-0.33204,-0.418534,0.122118,0.485184,-0.187397,-0.972187
0.145414,0.517444,-0.57531,0.318582,0.474506,-0.974669,0.480012,0.4116,0.19883,-0.286278,-0.100059,0.561269,0.042906,-0.454952,-1.0
0.371659,-0.413904,-0.914405,0.401212,0.961778,0.462576,0.877861,0.688126,0.692622,0.24552,-0.083361,-0.084604,0.183675,0.326811,-1.0
0.626998,0.071305,0.561779,0.036471,0.405148,-0.629207,0.166603,0.465324,0.023056,-0.070573,0.140519,0.819439,-0.08225,-0.496133,-0.977528
0.42385,-0.629096,0.150899,-0.829855,0.807177,-0.870206,0.331478,0.599369,0.064423,-0.22506,-0.602608,0.397521,0.442758,-0.20435,-1.0
0.40509,-0.186509,-0.081773,-0.73661,0.670176,-0.715625,0.724197,0.999752,0.363644,-0.417737,-0.156872,0.225897,0.120602,-0.395253,-1.0
-0.920359,-0.065139,0.521735,-0.226253,0.024139,0.149496,0.856643,0.654973,0.102562,0.612299,-0.142278,-0.083909,0.550613,0.087715,-0.998366
-0.891748,-0.658862,0.420368,0.266838,0.398543,0.434284,0.899826,0.476493,0.529723,0.601864,-0.073499,-0.027671,0.472822,0.387829,-0.987654
0.307243,-0.647814,0.470272,-0.342477,0.323439,0.211076,0.489537,0.011539,0.379276,0.112979,-0.090213,-0.589495,0.070861,0.591146,-1.0
-0.373572,-0.149546,0.313213,-0.824793,-0.8621,0.468125,0.97331,0.496379,-0.745891,0.340582,0.058243,0.132468,-0.309153,0.44552,-1.0
0.368237,-0.871552,-0.388546,0.315043,0.554478,-0.467393,0.18829,0.857021,0.103155,-0.127229,-0.356275,-0.702597,0.143708,0.523223,-1.0
0.840672,-0.911896,0.783723,-0.14494,0.130081,0.412103,0.818289,0.263405,0.122969,0.62188,0.068346,-0.192997,-0.270505,0.425424,-0.899844
0.810582,-0.110195,-0.672905,0.970429,-0.762136,-0.762961,0.005596,0.062018,-0.009299,0.115254,0.902542,0.370758,-0.402062,-0.172084,-1.0
0.725827,-0.079495,-0.054087,-0.454346,0.351792,0.586737,0.967868,0.484886,0.387461,0.669561,0.06468,-0.032643,-0.318004,0.398427,-1.0
0.867458,-0.680316,0.124648,0.134169,0.274488,0.345525,0.699569,0.289584,0.364867,0.436147,0.170327,-0.284638,-0.298337,0.436183,-0.975513
0.467114,-0.545833,-0.090675,0.446903,0.302621,0.485863,0.753833,0.843831,0.356173,0.492761,0.19468,-0.294785,-0.164326,0.449359,-0.931676
0.200538,0.091455,0.566602,0.393828,0.393234,-0.846901,0.06988,0.535128,0.00164,-0.037874,-0.192225,0.978348,0.191543,-0.464305,-1.0
0.581458,-0.57987,-0.576099,0.246028,-0.127659,-0.195315,0.486805,0.986598,-0.224203,-0.311713,0.608302,-0.258781,-0.491262,0.308135,-0.963723
0.122456,-0.481106,0.69611,-0.608497,0.575095,-0.961015,0.576067,0.057174,0.174143,-0.377348,-0.334745,0.262085,0.383964,-0.422345,-0.93655
0.20559,0.62544,-0.935302,-0.362053,0.072277,-0.776794,0.907081,0.636227,0.071241,-0.745519,0.024088,0.081095,-0.06184,-0.399206,-1.0
0.453264,0.183709,0.466738,-0.620793,-0.766135,0.654389,0.909003,0.793495,-0.519645,0.491758,0.052497,-0.056375,-0.45161,0.208501,-1.0
0.42372,0.351555,-0.776798,0.001761,-0.041103,0.170779,0.154321,0.111503,-0.078009,-0.004875,0.815166,0.34083,-0.523362,-0.151083,-0.913143
0.678973,-0.988297,0.519724,-0.861752,0.212611,0.275499,0.531793,0.644696,0.351585,0.305182,0.096579,-0.470199,-0.216175,0.512133,-0.990173
-0.997382,-0.562582,-0.498505,-0.727808,0.23455,0.136751,0.342661,0.021577,0.304203,0.230445,-0.585708,-0.326461,0.460528,0.313505,-0.915479
-0.977763,0.24518,-0.956483,0.471438,0.030217,-0.65457,0.240971,0.043803,0.052937,-0.209126,-0.629394,0.403348,0.423237,-0.399504,-1.0
0.581807,0.401659,-0.082988,0.593771,-0.453701,-0.191453,0.068777,0.635502,-0.155245,0.015493,0.815796,0.544403,-0.292733,-0.229473,-1.0
-0.670511,-0.051961,-0.533894,-0.221077,-0.669822,0.393588,0.803208,0.771002,-0.528321,0.348193,0.090192,-0.203694,0.087469,0.514042,-1.0
0.154599,0.018,0.820091,-0.436203,0.739998,0.376768,0.358498,0.22107,0.337453,0.176321,-0.490287,-0.318423,0.466785,0.331344,-1.0
0.008028,0.391419,0.331184,-0.844625,0.478819,0.038068,0.564583,0.794765,0.502203,-0.060421,-0.398419,0.271486,0.349594,-0.41527,-0.99113
0.228861,-0.954945,-0.454185,0.800613,-0.832616,0.021169,0.496423,0.552141,-0.36058,0.00314,0.339032,-0.245216,-0.318189,0.284999,-0.977647
0.610657,0.876547,0.474204,-0.032454,-0.112404,-0.444125,0.028212,0.814065,-0.123072,0.054643,0.489573,0.963188,-0.200573,-0.374809,-0.956818
-0.479843,0.722565,0.356952,0.416744,-0.308383,0.524655,0.492706,0.229027,-0.166,0.292241,-0.247997,0.3207,0.306896,-0.337817,-0.969172
0.583684,0.630551,-0.647097,0.794329,-0.267569,0.455105,0.182029,0.058495,-0.032603,0.147645,0.784391,0.221108,-0.479349,-0.114979,-1.0
-0.714239,-0.093181,-0.001268,-0.899781,0.328408,0.609922,0.08437,0.977333,0.067324,-0.003969,-0.815715,-0.481411,0.505141,0.329217,-0.997242
0.164633,0.638854,0.030917,-0.986303,-0.579306,0.57829,0.546842,0.592528,-0.401189,0.312575,0.541285,0.087505,-0.41929,-0.016826,-0.980005
-0.681565,0.192341,0.162549,0.319924,-0.880757,-0.605719,0.754187,0.173634,-0.513368,-0.323672,0.133996,0.213436,-0.083634,-0.517583,-0.899165
-0.293649,-0.833958,0.013724,0.813105,-0.560221,0.905529,0.910483,0.957552,-0.414637,0.643009,0.020071,-0.146254,-0.094565,0.473999,-1.0
0.917221,-0.803152,-0.776531,-0.436357,-0.596015,0.680451,0.873245,0.572055,-0.490752,0.492717,0.102992,-0.144057,-0.311678,0.361829,-0.922618
0.857304,0.25474,-0.172402,-0.67448,0.786556,0.287934,0.948476,0.873497,0.810001,0.29669,0.040687,-0.030098,-0.373872,0.157447,-1.0
0.486809,-0.916095,-0.658926,0.979023,0.016895,0.882762,0.915957,0.973794,-0.001877,0.673588,0.073188,-0.07434,-0.132481,0.447687,-0.978583
0.693301,-0.569578,-0.757447,-0.165412,0.014403,-0.867455,0.384629,0.324229,0.052213,-0.265911,0.560755,0.195633,-0.407112,-0.08908,-0.997018
-0.34521,0.645733,0.530527,-0.943346,-0.123623,-0.923432,0.979069,0.856728,-0.036856,-0.757312,-0.102977,-0.010599,0.066265,-0.581359,-1.0
-0.295497,0.070497,-0.43803,-0.603228,0.835318,-0.694217,0.749119,0.488111,0.445252,-0.43592,-0.238577,0.123349,0.343996,-0.323842,-0.934688
-0.797471,0.326217,0.560445,-0.963499,-0.356786,-0.557706,0.14159,0.036441,-0.075685,-0.100862,-0.399887,0.772106,0.191842,-0.551719,-1.0
0.23744,-0.512525,-0.641847,0.867725,-0.217426,0.978176,0.979214,0.96195,-0.16243,0.744603,-0.04388,-0.064465,-0.171356,0.416387,-1.0
0.882984,-0.829523,-0.825107,-0.596919,-0.837553,-0.71736,0.822435,0.328598,-0.502522,-0.40697,0.205871,0.056835,-0.364613,0.024667,-0.949223
-0.814273,0.415639,-0.649037,-0.524547,0.073781,0.994572,0.998665,0.592871,0.126789,0.893317,-0.064496,0.068486,0.359135,0.233661,-1.0
-0.008928,-0.040497,-0.965404,0.852137,0.902084,0.271121,0.308002,0.935495,0.235087,0.169125,-0.726074,-0.192753,0.452008,0.120778,-0.886372
-0.866053,-0.527464,-0.480772,-0.901684,0.082602,-0.550938,0.883032,0.049833,0.144883,-0.80255,-0.106647,0.027871,0.484794,-0.04126,-1.0
0.261702,0.606719,-0.857495,0.046847,0.436013,0.760868,0.604577,0.636692,0.156463,0.438375,-0.238742,-0.290651,0.387078,0.40673,-0.982643
-0.371132,0.840873,-0.96367,-0.896825,0.194592,0.558793,0.206512,0.439264,0.038236,0.080115,-0.758097,0.371691,0.43389,-0.163883,-1.0
-0.137601,-0.576385,0.618613,0.199434,0.457256,-0.759333,0.172689,0.576823,-0.003054,-0.086369,-0.735123,0.165196,0.495855,-0.202564,-1.0
-0.624174,0.560616,0.334672,-0.231856,-0.266955,-0.280589,0.945823,0.088734,-0.497969,-0.585415,-0.024153,0.062775,0.190019,-0.47387,-1.0
-0.123348,-0.207091,0.590232,0.907823,0.984301,0.326608,0.382656,0.53503,0.280095,0.033884,-0.528726,-0.221901,0.42325,0.276636,-0.993355
-0.823392,-0.55463,-0.238465,-0.522679,0.63705,0.699936,0.610587,0.395654,0.266045,0.396747,-0.29937,-0.274754,0.348119,0.402872,-0.870955
0.955313,-0.066184,0.607744,0.691582,-0.577364,0.546639,0.121797,0.607005,-0.16933,-0.005069,0.807784,-0.29582,-0.420852,0.190147,-1.0
0.450968,-0.431842,0.934905,0.674029,-0.671598,0.444337,0.411449,0.927619,-0.303758,0.264915,0.42566,-0.337333,-0.334078,0.385929,-0.991929
0.504066,-0.527354,-0.163531,0.536444,-0.651734,-0.920568,0.946429,0.190432,-0.415512,-0.643727,0.004899,0.05872,-0.48746,-0.150591,-0.965562
-0.151721,0.124405,-0.356199,0.916931,0.311336,-0.23239,0.432474,0.915472,0.277243,-0.227654,-0.445696,0.351286,0.341381,-0.230906,-0.972395
0.537235,0.833078,0.14345,-0.221022,-0.704223,-0.01706,0.093085,0.262418,-0.152821,0.000167,0.722099,0.505516,-0.39765,-0.203221,-0.998707
0.828426,0.792144,0.167622,-0.929782,-0.582207,-0.92032,0.336332,0.905729,-0.123056,-0.216346,0.524485,0.466944,-0.339453,-0.343285,-0.999273
0.156037,-0.681211,-0.807902,0.833711,-0.206924,0.471485,0.019798,0.635476,0.007069,0.049854,0.390407,-0.936793,-0.108061,0.478402,-1.0
-0.849962,0.953452,-0.762839,0.816006,0.057899,-0.601486,0.430161,0.073219,0.064744,-0.31434,-0.288893,0.490946,0.186416,-0.417581,-1.0
-0.887032,-0.065579,0.795376,-0.890223,0.439438,0.956098,0.971671,0.294087,0.374617,0.746869,-0.008296,-0.005066,0.411732,0.304457,-1.0
-0.08458,0.506511,0.670255,-0.389382,0.826977,-0.293048,0.115568,0.510884,0.083925,-0.022879,-0.676615,0.585913,0.451045,-0.321971,-0.97519
-0.397641,0.758758,0.085459,-0.705414,0.947002,-0.966699,0.845238,0.575059,0.42399,-0.480752,-0.032088,0.093812,0.300826,-0.450174,-0.92
0.105064,-0.347727,0.739346,0.207166,-0.590708,0.635889,0.008009,0.409372,-0.015005,0.081321,0.566501,-0.807573,-0.24673,0.411419,-1.0
0.114519,-0.39122,-0.328231,0.830253,0.196608,0.841037,0.95431,0.638879,0.139666,0.732064,0.041774,-0.096953,0.060387,0.600828,-1.0
0.398233,-0.703223,0.552004,0.663437,0.852131,0.259885,0.672169,0.78994,0.589171,0.164348,-0.139222,-0.330395,0.278942,0.452518,-0.993662
0.503186,0.153989,-0.971421,-0.556789,-0.583637,-0.779513,0.119747,0.343032,-0.072,-0.040138,0.700654,0.662812,-0.433676,-0.346592,-1.0
0.663123,0.87031,0.39955,-0.680882,-0.856146,0.212937,0.635353,0.819023,-0.546038,0.154116,0.280963,0.200579,-0.428237,-0.216759,-0.929995
0.199055,-0.48161,0.088805,-0.241398,-0.839748,0.216454,0.317633,0.774475,-0.362631,0.003878,0.548055,-0.306114,-0.512754,0.265809,-1.0
0.189545,0.66394,-0.485497,0.237501,-0.211391,0.577418,0.72062,0.802505,-0.188593,0.56887,0.269508,-0.009505,-0.456314,-0.185834,-0.977186
-0.259799,0.220067,-0.189069,-0.633687,0.398299,-0.259456,0.080235,0.679126,0.021292,-0.109505,-0.792252,0.462223,0.418097,-0.287345,-0.975658
0.535553,-0.949834,-0.345293,0.651459,-0.688597,-0.278663,0.935376,0.588707,-0.628821,-0.340353,0.038843,-0.037943,-0.49903,0.25476,-1.0
-0.906358,-0.970306,-0.890633,-0.917347,-0.335343,-0.248014,0.742877,0.504232,-0.528999,-0.338632,-0.122655,-0.117836,0.349162,0.299113,-0.983551
-0.564079,-0.140952,0.261938,-0.919828,0.668618,0.88082,0.515191,0.400623,0.231758,0.331838,-0.375204,-0.316967,0.381666,0.348348,-1.0
0.187613,0.559261,-0.40662,-0.806522,0.665056,-0.425729,0.474487,0.459439,0.269852,-0.204534,-0.193489,0.521606,0.142827,-0.45911,-1.0
0.266485,0.524213,-0.150127,-0.193016,-0.893747,-0.319381,0.80274,0.650169,-0.616998,-0.186655,0.123107,0.055681,-0.547028,-0.216599,-1.0
-0.761193,0.626003,0.75915,0.284651,0.655847,-0.569512,0.71677,0.107132,0.36654,-0.370257,-0.369752,0.162124,0.392255,-0.346622,-1.0
0.840082,-0.015429,-0.904792,-0.786009,-0.857066,-0.442781,0.397473,0.27361,-0.288459,-0.246433,0.58195,0.06894,-0.569613,-0.120718,-0.988359
0.891279,-0.478939,0.210372,0.026219,-0.957583,-0.434155,0.552378,0.321099,-0.471585,-0.169433,0.412057,0.012046,-0.45664,0.180214,-1.0
-0.171127,-0.15001,-0.942298,0.711971,0.489079,0.163837,0.353571,0.833318,0.291262,0.124301,-0.575655,-0.236358,0.40789,0.245349,-0.982107
-8.7e-05,0.347354,0.385861,0.434032,0.036359,0.172616,0.693554,0.568522,0.133506,0.528555,-0.155278,0.246598,0.075484,-0.511904,-0.969553
-0.61297,0.384694,0.228615,0.721094,-0.855895,-0.916092,0.266813,0.428599,-0.154062,-0.160703,0.210491,0.6569,-0.129493,-0.501544,-0.866435
0.437384,-0.351248,-0.813296,0.043341,0.956057,-0.993687,0.13219,0.945343,0.048299,-0.103065,-0.48589,0.634398,0.297496,-0.399441,-1.0
-0.661425,-0.636128,0.936409,0.938566,-0.251318,0.128462,0.050852,0.766727,-0.04493,-0.07398,-0.337617,-0.837833,0.078537,0.46273,-0.928172
-0.334212,0.060576,0.999969,0.842693,0.340729,0.227542,0.932736,0.185443,0.489635,0.457446,-0.098734,0.044931,0.515304,0.093038,-0.984542
0.215005,0.593838,0.758094,-0.405671,-0.277828,0.436132,0.923757,0.920844,-0.441041,0.61029,0.135297,-0.046436,-0.460075,-0.246327,-1.0
-0.306653,0.176349,0.209534,0.495456,0.206942,-0.18017,0.006956,0.579232,-0.051144,-0.04894,-0.771633,0.546027,0.450044,-0.336879,-0.969002
-0.449872,-0.321878,0.91757,-0.293857,-0.644907,-0.555612,0.423306,0.968762,-0.289128,-0.24006,0.441381,0.496061,-0.200974,-0.41252,-1.0
-0.540536,-0.908451,-0.388906,-0.196355,0.507753,0.184041,0.066629,0.409441,0.097919,0.106275,-0.678165,-0.674067,0.36566,0.350511,-1.0
0.957412,0.118121,0.045575,-0.041078,0.425848,0.989299,0.386686,0.88283,0.222029,0.259193,0.289336,-0.517873,-0.247495,0.437692,-1.0
0.381668,-0.788818,-0.217151,-0.332055,0.611381,0.562343,0.120191,0.755798,0.111894,0.081589,-0.233255,-0.859412,0.028362,0.537067,-0.994245
0.450836,-0.624465,-0.369777,-0.403923,0.537017,-0.05223,0.958585,0.208597,0.733755,-0.007107,0.01146,0.022961,0.176765,0.509586,-1.0
-0.339194,-0.571944,-0.94851,0.99351,-0.902159,-0.539564,0.128532,0.484863,-0.083936,-0.085052,0.826408,-0.053559,-0.471427,0.000967,-1.0
0.907306,0.145064,0.629826,0.791576,0.066574,-0.383632,0.911867,0.478343,0.226156,-0.681738,0.105285,0.130217,-0.474284,-0.33119,-0.873231
-0.516898,0.826762,-0.429511,-0.337553,0.615466,-0.270819,0.483843,0.043726,0.277273,-0.117032,-0.314326,0.349513,0.3783,-0.396661,-0.995263
0.629689,-0.932909,-0.282523,-0.731129,-0.476752,-0.773143,0.155171,0.464836,-0.086543,-0.091249,0.781542,-0.14083,-0.515739,0.11673,-0.945721
-0.541898,0.192734,0.695161,-0.738215,-0.247201,-0.206,0.792162,0.048468,-0.500618,-0.305958,-0.093909,0.105185,0.161919,-0.389212,-0.941572
0.797386,0.193253,-0.261266,-0.924216,-0.603213,-0.725281,0.762948,0.21331,-0.375997,-0.549325,0.165968,0.201441,-0.46763,-0.376629,-0.927476
0.541481,-0.442399,-0.405124,-0.009521,0.356312,-0.623373,0.997574,0.911271,0.461011,-0.729886,-0.041182,0.064984,-0.379972,-0.356338,-0.973739
-0.392462,0.817968,0.78252,0.174698,0.244252,-0.513257,0.185215,0.61499,-0.022236,-0.137992,-0.371942,0.76232,0.246289,-0.575539,-1.0
-0.500012,0.205084,-0.381976,-0.579028,0.616766,-0.081303,0.065787,0.582209,0.081216,-0.012975,-1.0,0.227866,0.449896,-0.068091,-1.0
-0.666426,-0.415659,0.881389,0.042257,-0.893988,0.765868,0.318571,0.167172,-0.151196,0.194357,0.140842,-0.642732,-0.180652,0.524107,-0.979534
0.761141,0.767076,0.395534,0.215722,-0.566223,-0.359864,0.955435,0.8026,-0.642812,-0.457924,0.075606,0.077283,-0.290123,-0.35052,-0.888391
0.991231,-0.780069,-0.701652,0.651085,-0.798278,-0.383561,0.861248,0.606232,-0.538242,-0.178689,0.197304,-0.024439,-0.432931,0.133036,-0.889114
-0.80317,0.192732,-0.188537,0.826625,-0.288119,-0.540745,0.15387,0.96943,-0.027024,0.017472,-0.586694,0.767289,0.236201,-0.455496,-0.998823
-0.177379,-0.590667,-0.698169,-0.791625,-0.6074,0.58585,0.667468,0.754197,-0.305048,0.320169,0.133537,-0.317088,-0.24349,0.499114,-0.958523
-0.239378,-0.017142,0.485463,-0.664224,0.671137,0.692995,0.842832,0.972383,0.492258,0.478473,-0.062227,-0.072943,0.410875,0.324849,-0.923404
-0.385658,-0.779122,0.329201,-0.438867,0.543489,0.092392,0.710517,0.673065,0.469759,0.080302,-0.20804,-0.198685,0.408261,0.338107,-0.956312
0.56881,0.103146,0.086128,-0.814797,-0.300276,0.329974,0.74538,0.514501,-0.349328,0.51626,0.198844,-0.075227,-0.507513,0.046764,-0.895853
-0.270715,-0.501883,0.266465,0.662653,-0.311052,0.416371,0.157619,0.581031,-0.070401,0.015891,0.050631,-0.752324,-0.042035,0.516376,-0.947954
0.606285,0.479164,-0.163462,-0.870936,0.924594,0.820765,0.8114,0.881546,0.393674,0.387602,-0.052076,-0.110787,0.335276,0.343539,-1.0
-0.556993,-0.075351,0.850748,-0.675305,-0.972057,0.267272,0.902582,0.788156,-0.642627,0.186656,0.076364,-0.053986,-0.349919,0.286903,-0.961688
-0.484221,-0.663679,-0.518817,0.61125,-0.211014,-0.282255,0.714223,0.122654,-0.339283,-0.398565,-0.240501,-0.184604,0.335237,0.393367,-1.0
-0.960582,0.051222,0.085289,-0.450141,-0.267245,0.933759,0.920636,0.548328,-0.12237,0.734871,0.039822,-0.116772,0.320006,0.360905,-1.0
0.464099,0.498256,-0.427972,-0.839336,0.285848,0.668913,0.983164,0.5005,0.271764,0.739762,-0.061739,0.067949,-0.43755,0.305781,-0.985407
-0.694783,-0.170551,0.187773,-0.41478,-0.830583,0.229333,0.912677,0.992788,-0.628123,0.192235,0.043881,-0.048163,-0.248887,0.363003,-0.982811
-0.198159,-0.458678,0.979885,-0.31906,0.532839,-0.008785,0.946891,0.108366,0.747035,-0.026135,-0.043578,0.063027,0.372967,0.184191,-1.0
0.180457,-0.670809,0.602652,0.407326,-0.324106,0.071185,0.220716,0.844067,-0.228778,0.026382,0.472664,-0.701695,-0.281998,0.415344,-0.924973
0.031445,-0.326213,-0.880568,0.071079,-0.017975,-0.285991,0.886969,0.156281,-0.042542,-0.753887,0.149885,-0.013156,-0.45204,0.271188,-1.0
0.752491,0.569014,-0.350581,0.183533,0.766439,-0.031084,0.177564,0.521011,0.128809,-0.0029,-0.098701,0.779076,-0.116333,-0.480813,-0.951239
0.07591,0.036663,0.629283,0.784907,0.391767,-0.192692,0.967059,0.198995,0.644761,-0.371405,0.006403,-0.029132,0.382253,-0.240546,-1.0
0.948395,-0.205643,0.996409,-0.27239,0.679654,0.910143,0.350664,0.522884,0.211548,0.273842,0.153759,-0.591073,-0.066599,0.472787,-1.0
-0.482325,-0.450034,0.222172,0.945465,0.022654,0.533771,0.594209,0.789261,0.001632,0.42912,-0.226581,-0.394854,0.166381,0.574166,-0.96532
0.977261,0.719853,-0.418623,0.60795,-0.233576,-0.863583,0.880752,0.420318,-0.198027,-0.591072,0.0171,0.07871,-0.235568,-0.343582,-1.0
-0.914598,-0.574294,-0.376685,-0.523786,0.015625,-0.894838,0.295578,0.689458,-0.018403,-0.310515,-0.700989,0.253887,0.511847,-0.233714,-1.0
-0.366697,0.03507,-0.167279,-0.112805,0.981423,0.125911,0.684895,0.059217,0.469359,-0.008018,-0.391018,-0.058019,0.491686,0.009167,-1.0
-0.708833,0.663496,0.419956,0.216644,0.853403,0.154791,0.966788,0.88578,0.733128,0.098913,-0.050755,-0.044263,0.386307,-0.184899,-1.0
-0.099719,-0.029673,-0.33698,0.478453,-0.349882,-0.498587,0.317801,0.463662,-0.141696,-0.270974,0.389724,0.643859,-0.259542,-0.377716,-0.95201
-0.367675,0.438265,-0.63077,-0.022189,0.100647,-0.196552,0.415081,0.681151,0.11293,-0.290479,-0.341562,0.446941,0.201382,-0.397726,-1.0
-0.506714,0.570371,-0.594887,0.517302,0.628679,-0.404448,0.657588,0.008691,0.460278,-0.285153,-0.275379,0.157175,0.346816,-0.402709,-0.995546
0.607103,0.813908,-0.407771,0.092669,-0.070743,0.489248,0.19337,0.811906,0.066743,0.144055,0.745869,0.424712,-0.410433,-0.259658,-0.92322
-0.058402,-0.651412,0.015883,-0.911525,0.185191,-0.415192,0.162902,0.311555,0.170335,-0.083021,-0.656613,-0.659042,0.310477,0.30345,-0.984087
-0.478064,0.518413,0.997403,-0.242336,-0.354855,-0.833004,0.346757,0.603727,-0.183518,-0.26838,0.029069,0.610741,0.060453,-0.499005,-1.0
0.700598,0.712317,0.769195,-0.964666,0.618164,0.970604,0.644037,0.328636,0.34163,0.388276,0.133902,-0.386594,-0.244989,0.459415,-0.940572
0.981861,-0.614425,0.925852,0.859194,-0.616946,-0.09445,0.255304,0.384903,-0.240263,-0.011174,0.709921,-0.199024,-0.481353,0.253344,-1.0
-0.226943,0.096097,0.717581,0.238108,-0.620152,0.806832,0.839236,0.028486,-0.504974,0.485916,0.038925,-0.079566,-0.198245,0.37941,-0.944574
-0.789971,0.953067,0.83447,0.434683,0.052407,0.772916,0.372397,0.095258,0.061225,0.210585,-0.589136,0.048008,0.568353,-0.131982,-1.0
-0.587003,-0.722001,0.773972,-0.626714,0.562257,-0.159427,0.75353,0.046504,0.545171,-0.163194,-0.256817,-0.085291,0.380927,0.196501,-0.983421
0.964065,0.259394,-0.145798,0.927638,0.381019,0.350462,0.129605,0.853869,0.142257,0.040311,1.0,-0.053721,-0.362046,-0.014399,-1.0
-0.080678,-0.68353,-0.331651,0.219733,0.556952,0.910663,0.371128,0.351233,0.187819,0.291875,-0.139912,-0.64246,0.115939,0.470048,-1.0
-0.532013,0.105888,0.489945,0.714574,0.543006,-0.278373,0.720033,0.335935,0.480665,-0.249178,-0.31157,0.066764,0.489602,-0.21672,-0.929621
0.602512,-0.83435,0.128748,-0.388094,-0.374808,0.160802,0.317268,0.138974,-0.195472,0.147674,0.531214,-0.472687,-0.386627,0.389378,-0.965615
-0.034261,0.345812,0.39367,-0.268199,0.122737,-0.070692,0.799891,0.923767,0.622893,-0.351388,-0.116495,0.195768,0.191825,-0.52182,-0.993777
0.46136,0.579159,0.370668,-0.539487,0.472,0.357558,0.969649,0.545311,0.58281,0.495742,0.064353,0.047947,0.041537,-0.440656,-1.0
0.338035,-0.582185,-0.948788,0.426862,-0.717146,0.239876,0.711355,0.388293,-0.62778,0.241141,0.265822,-0.167726,-0.361154,0.287616,-1.0
-0.044079,0.076151,0.228178,0.034845,0.287626,-0.213708,0.820552,0.762431,0.570149,-0.444268,-0.092615,0.174562,0.396198,-0.344745,-1.0
-0.033704,0.74586,0.56566,-0.296074,-0.724391,-0.521252,0.944902,0.739364,-0.675907,-0.355556,0.120142,0.0584,-0.380906,-0.463652,-0.954062
-0.443655,-0.955035,-0.496926,0.745249,-0.81212,0.391744,0.12176,0.330616,-0.136225,0.095348,0.292361,-0.862819,-0.106906,0.481412,-1.0
0.651407,0.138824,0.683678,-0.936246,-0.755066,0.907305,0.904907,0.074345,-0.416933,0.593783,-0.000149,-0.120733,-0.345884,0.302419,-0.965751
-0.106986,0.555087,0.104115,-0.553844,-0.704827,0.608123,0.001146,0.077258,0.09499,0.023276,0.910268,-0.001622,-0.524562,0.062404,-0.958091
0.768711,-0.279849,0.29621,-0.484706,-0.847317,0.943385,0.208342,0.613794,-0.220474,0.114388,0.615158,-0.475287,-0.397864,0.292754,-1.0
-0.534064,-0.621226,0.760972,0.31167,0.922553,0.049412,0.638431,0.103121,0.48836,0.041883,-0.335106,-0.149004,0.423306,0.178407,-0.992158
0.511378,-0.864205,0.44091,-0.61008,0.470382,-0.12659,0.885001,0.20773,0.64914,-0.222822,0.026531,-0.088804,-0.081996,0.471746,-0.998303
0.354995,-0.229689,-0.259708,-0.139785,-0.067768,-0.310774,0.042564,0.325717,-0.02708,-0.026093,0.980338,0.179227,-0.501864,-0.11987,-1.0
-0.953042,0.195187,0.831301,0.702756,-0.919594,0.698218,0.018201,0.337184,-0.010286,0.006342,-0.075009,-1.0,0.04893,0.540364,-1.0
0.711967,-0.959328,0.402489,-0.900673,0.069387,0.314011,0.849083,0.014418,0.206403,0.674208,0.001232,-0.08748,-0.257092,0.402456,-0.969924
0.597248,-0.487529,-0.814887,-0.732696,0.836196,-0.779587,0.042711,0.680586,0.102448,-0.014299,-0.641425,0.718926,0.378315,-0.397758,-1.0
0.877642,-0.238889,-0.446799,0.950459,0.548643,0.126666,0.50567,0.468309,0.414188,0.054107,0.28376,-0.335135,-0.374116,0.27769,-1.0
-0.13672,-0.880462,-0.939485,-0.095349,-0.545351,-0.689244,0.47347,0.067455,-0.267922,-0.318796,0.535681,-0.226725,-0.502663,0.241475,-0.980895
-0.446419,0.813519,0.39398,-0.0382,-0.968463,-0.088043,0.428011,0.203205,-0.383874,0.030942,0.260302,0.457069,-0.214668,-0.437787,-1.0
-0.827661,-0.175466,-0.147913,-0.526405,0.673544,0.410027,0.611779,0.474299,0.423998,0.206062,-0.391241,-0.127419,0.467624,0.195282,-1.0
-0.859684,-0.49837,0.990663,0.98119,0.176231,0.91764,0.715675,0.008462,0.127256,0.584769,-0.166195,-0.243838,0.291682,0.311892,-0.919996
0.455103,0.74283,0.610935,-0.52291,-0.502103,-0.663997,0.203154,0.481068,-0.142753,-0.121588,0.46138,0.64715,-0.297164,-0.391055,-0.960077
0.321951,-0.452004,-0.840947,0.547734,0.673984,0.151121,0.326431,0.302375,0.286755,0.016998,-0.352072,-0.572342,0.245974,0.446975,-1.0
0.954282,0.189898,-0.477422,0.255726,-0.954017,-0.301621,0.841425,0.71605,-0.507764,-0.208524,0.197069,0.127524,-0.530237,-0.216984,-0.95451
-0.934858,0.65968,-0.603189,-0.718729,-0.184099,-0.293177,0.939407,0.433404,-0.401591,-0.650849,-0.052663,0.129557,0.325122,-0.379136,-0.885187
-0.985455,0.41287,-0.998447,0.22177,0.027443,0.994454,0.947492,0.191269,-4.3e-05,0.708236,-0.156163,-0.021506,0.355572,0.167257,-1.0
-0.05025,0.455718,0.040846,-0.329927,-0.953616,0.675275,0.064243,0.043249,-0.059021,0.05807,0.828595,-0.22512,-0.482404,0.110633,-1.0
0.73119,-0.192355,-0.257602,0.097977,0.884907,0.647918,0.179261,0.649588,0.007419,0.069411,-0.142191,-0.827226,0.135548,0.462491,-1.0
0.984911,-0.097492,-0.520638,0.82341,-0.945913,-0.499051,0.17023,0.313596,-0.185988,-0.119037,0.90428,0.156687,-0.497037,-0.079367,-0.980979
-0.924316,0.864682,-0.325924,-0.449316,-0.569185,0.950896,0.954219,0.765096,-0.377487,0.705151,-0.044129,-0.10024,0.469058,0.112572,-1.0
-0.908221,-0.742955,-0.904255,-0.133535,0.950116,0.88424,0.648141,0.367426,0.447571,0.350726,-0.204957,-0.298884,0.375504,0.303626,-0.999209
-0.685999,0.256664,0.676371,-0.283157,0.540049,-0.483201,0.577703,0.310578,0.26326,-0.259829,-0.330949,0.13855,0.428765,-0.28487,-0.972237
0.333501,0.613897,-0.859594,0.567028,-0.381352,0.999473,0.610779,0.844597,-0.138655,0.450846,0.430333,-0.202439,-0.398125,0.28798,-1.0
-0.805723,-0.169689,-0.378379,0.630043,0.708102,0.099598,0.085186,0.938338,0.065592,-0.028494,-0.888463,-0.164854,0.482547,0.051399,-0.961824
0.109184,-0.709561,-0.198051,0.320155,-0.510757,-0.023638,0.907422,0.279626,-0.681868,-0.041695,-0.013767,-0.081626,-0.35748,0.31315,-0.947176
-0.771964,0.235104,-0.496716,0.281691,0.966655,-0.919556,0.556117,0.834098,0.234655,-0.289817,-0.377948,0.180415,0.353553,-0.239009,-0.922242
-0.497343,0.867184,-0.304244,-0.569837,-0.037822,-0.878252,0.438174,0.886615,0.001194,-0.296345,-0.102216,0.574476,0.090909,-0.523377,-1.0
0.288001,0.700508,0.152647,-0.996382,-0.215329,-0.151471,0.375355,0.53299,-0.229483,-0.179695,0.322006,0.507079,-0.213933,-0.395552,-1.0
0.472607,-0.982701,-0.610147,-0.901747,-0.111983,-0.577885,0.27493,0.892751,-0.089554,-0.231504,0.568816,-0.464772,-0.3725,0.313029,-1.0
0.799385,0.250642,0.811159,-0.085722,0.297433,0.308941,0.002282,0.486078,-0.084003,0.029266,0.994791,-0.180517,-0.557436,0.106089,-1.0
0.903725,-0.711786,-0.179532,-0.246758,-0.147834,-0.074946,0.523948,0.422728,-0.42169,-0.211379,0.371105,-0.291646,-0.462332,0.243656,-0.925541
0.960955,0.306359,-0.284754,0.752255,-0.315033,0.24934,0.447322,0.345321,-0.235032,0.284784,0.541995,0.030865,-0.535018,0.044486,-1.0
0.594137,0.733982,-0.779146,0.640296,0.835509,-0.755648,0.078269,0.94928,0.048567,-0.081012,-0.120738,0.949534,0.047766,-0.420104,-1.0
-0.808987,0.344326,-0.163561,-0.375394,0.469409,-0.931341,0.70915,0.683369,0.368656,-0.487664,-0.216367,0.156783,0.273228,-0.352444,-0.98024
0.724536,-0.775535,0.758886,-0.129224,0.15966,0.562971,0.072519,0.606049,-0.050187,0.129477,0.344609,-0.912622,-0.242054,0.495784,-1.0
-0.582397,-0.476216,0.269425,0.669124,0.980328,-0.707022,0.463159,0.350781,0.333722,-0.241634,-0.560947,0.070289,0.532655,-0.085184,-1.0
-0.087752,-0.802703,-0.451885,0.617654,-0.477611,0.181821,0.654221,0.537931,-0.498352,0.17012,0.136076,-0.279645,-0.181203,0.466472,-1.0
0.068324,0.778208,-0.111498,-0.128827,-0.957056,-0.694166,0.291539,0.583136,-0.213057,-0.163604,0.439184,0.570199,-0.267348,-0.489909,-0.995863
-0.482456,0.194447,-0.8377,-0.032069,-0.852631,-0.83207,0.77681,0.398855,-0.410795,-0.418485,0.063056,0.278819,-0.134078,-0.574663,-0.992554
0.567873,0.056559,-0.532314,-0.013596,0.975989,0.820189,0.757624,0.008029,0.517496,0.419945,-0.115763,-0.221489,0.144201,0.434341,-1.0
-0.45271,-0.525245,0.794811,-0.476995,0.939262,0.739452,0.866041,0.256775,0.522067,0.413115,-0.093567,-0.158687,0.401002,0.253046,-1.0
0.760044,-0.403129,-0.530067,0.248874,-0.626411,-0.028195,0.32279,0.157873,-0.226186,0.011858,0.642962,-0.181887,-0.55942,0.208503,-0.992107
0.955607,-0.566959,0.403506,-0.991526,-0.59283,-0.804086,0.898892,0.252364,-0.459029,-0.58073,0.092605,0.010503,-0.558169,-0.076189,-0.981994
-0.323842,-0.429932,-0.407508,0.10376,-0.948503,-0.177417,0.960121,0.895867,-0.812134,-0.119869,0.046087,-0.017238,-0.459075,0.174464,-0.989906
-0.047648,-0.50768,-0.952823,-0.46042,0.048543,0.62682,0.85225,0.628263,0.022584,0.718515,0.006248,-0.079503,0.087117,0.460158,-0.895287
0.325344,-0.787117,-0.287016,-0.102177,-0.260462,0.071076,0.801826,0.952797,-0.595223,0.225714,0.114866,-0.210365,-0.29988,0.434881,-0.999885
-0.018489,0.428934,0.230112,-0.713202,-0.891607,0.585161,0.12802,0.225583,-0.061556,0.097299,0.849011,-0.184687,-0.476889,0.081786,-0.966171
-0.196716,-0.383045,-0.753372,0.664619,0.253617,-0.667148,0.148751,0.135476,0.061539,-0.067405,-0.790668,0.353795,0.410187,-0.233228,-1.0
0.899329,0.552918,0.088987,-0.492151,0.830466,0.676835,0.422521,0.668418,0.248414,0.237534,0.252326,-0.544242,-0.261102,0.468013,-1.0
0.810732,-0.446751,-0.044341,0.629486,-0.95731,0.242955,0.625839,0.992363,-0.465321,0.160836,0.327544,-0.125619,-0.503925,0.127214,-1.0
-0.779677,0.320068,-0.809917,0.929591,0.512909,0.812512,0.171177,0.100293,0.047071,0.071303,-0.765384,-0.279174,0.480424,0.179262,-1.0
-0.104406,-0.512206,0.180521,0.050441,-0.225634,-0.453695,0.253995,0.430759,-0.068766,-0.21,0.695466,-0.355066,-0.4385,0.177652,-1.0
-0.410086,-0.628041,-0.863569,-0.845417,-0.653101,-0.700919,0.083597,0.151894,-0.015002,0.037105,0.908407,0.21633,-0.39897,-0.115454,-1.0
-0.015875,0.102637,0.102017,-0.240192,-0.622418,-0.189979,0.655978,0.270436,-0.485774,-0.181579,0.371038,0.180452,-0.461322,-0.176682,-1.0
0.49447,-0.397462,0.714013,0.998374,-0.942189,0.53717,0.681269,0.057188,-0.522799,0.307028,0.219856,-0.200372,-0.403177,0.202066,-0.888567
0.385178,0.509856,0.711023,0.235243,-0.435474,-0.740157,0.24599,0.216381,0.069977,-0.113162,0.403418,0.658905,-0.305241,-0.492932,-0.943149
0.680262,-0.62074,-0.318047,-0.872752,0.703633,-0.026211,0.601996,0.342527,0.514037,-0.080026,-0.021292,-0.34596,-0.050928,0.490857,-0.984191
0.956983,0.688281,0.556348,-0.699329,0.767804,-0.838456,0.646788,0.0699,0.326406,-0.337658,0.071887,0.35301,-0.014755,-0.449152,-0.942997
-0.520756,0.582682,0.768979,-0.122426,-0.835845,-0.443047,0.721114,0.768097,-0.484542,-0.2771,0.119507,0.246724,-0.135455,-0.474714,-0.958964
-0.743128,0.00222,0.276191,-0.198671,0.259045,-0.029151,0.461914,0.063581,0.314983,-0.018745,-0.489255,0.046924,0.489963,-0.090333,-0.999827
0.588664,-0.954242,-0.388249,-0.271907,0.609681,0.603315,0.382587,0.666196,0.305904,0.166704,0.079465,-0.539961,-0.008397,0.573613,-0.915986
-0.089791,-0.674487,0.715248,0.802321,0.20017,-0.624754,0.264143,0.109779,0.09871,-0.138121,-0.694141,-0.051926,0.582026,0.052612,-1.0
-0.875548,-0.682449,-0.14802,0.836098,-0.08631,-0.576877,0.731744,0.264324,-0.161392,-0.53029,-0.225304,-0.016922,0.540471,0.010014,-1.0
0.356712,0.483619,-0.206583,-0.477987,-0.264801,-0.988175,0.749747,0.820311,-0.136315,-0.624643,0.100783,0.171898,-0.252691,-0.445804,-1.0
0.9432,0.972694,-0.821614,-0.693132,0.57923,-0.105251,0.124735,0.026911,0.099152,0.005442,0.268236,0.830768,-0.206756,-0.439278,-1.0
0.30089,-0.487782,-0.326139,0.118707,0.850704,-0.41229,0.042025,0.859141,0.052474,-0.045768,-0.955763,-0.245946,0.504318,0.089418,-0.979577
-0.485243,-0.584717,-0.331881,-0.199565,0.526638,0.196655,0.051072,0.565955,0.119067,-0.075971,-0.751214,-0.567214,0.423813,0.323044,-0.904825
0.17513,0.182094,0.888148,-0.818396,0.741187,-0.672635,0.46774,0.239917,0.275132,-0.271684,-0.262033,0.347492,0.201678,-0.4966,-0.974886
-0.815924,0.490027,-0.633683,-0.72214,-0.62409,-0.883486,0.117179,0.975595,-0.075245,-0.066444,-0.192919,0.814734,0.020606,-0.614011,-0.981688
-0.79818,0.388251,-0.44739,0.319543,0.510621,0.134586,0.523199,0.181788,0.502289,0.087359,-0.446583,0.013085,0.467962,-0.07119,-0.989951
-0.12905,-0.562512,0.568864,0.914391,-0.193724,0.565563,0.818817,0.387461,-0.203163,0.653652,0.104802,-0.146781,-0.044543,0.494451,-0.999622
0.173136,0.306694,0.713499,-0.55348,0.299792,0.884337,0.639144,0.811872,0.183779,0.526019,-0.004518,-0.340089,0.148018,0.408364,-0.980664
0.875578,-0.423414,0.162362,0.069952,0.873711,0.069714,0.584279,0.59488,0.408021,0.059664,0.000668,-0.413317,-0.073173,0.455887,-0.985983
-0.117873,0.092871,0.770205,-0.311276,0.59521,0.331356,0.389716,0.934791,0.324078,0.102642,-0.609676,-0.15276,0.575975,0.24394,-1.0
-0.726286,-0.894934,-0.138382,0.305586,0.259856,0.328173,0.41961,0.456322,0.187252,0.324842,-0.325391,-0.536715,0.331659,0.399711,-0.981659
-0.802853,-0.698133,-0.248141,0.863798,-0.443077,0.942875,0.52339,0.095934,-0.184832,0.293391,-0.104574,-0.46931,0.170539,0.434148,-0.942446
0.741429,-0.3791,0.060954,0.789932,-0.442958,0.413842,0.037187,0.719323,-0.032329,-0.002427,0.888095,-0.404788,-0.420958,0.246267,-0.952509
0.484011,0.182055,0.961645,-0.886364,0.266338,0.59026,0.383073,0.487556,0.233955,0.278306,0.280104,-0.562476,-0.254359,0.407392,-0.910819
-0.672613,0.437935,0.575578,-0.375317,-0.082932,0.818267,0.651983,0.249957,-0.083851,0.451307,-0.25919,-0.163434,0.450894,0.293983,-1.0
0.253976,0.258497,0.76838,0.151083,0.039962,0.012566,0.896355,0.3814,0.624529,0.127687,-0.025918,0.005411,-0.273796,-0.322233,-0.995666
-0.731482,-0.017538,-0.302231,-0.982971,-0.497995,-0.569235,0.031918,0.759492,-0.031603,-0.001477,-0.347184,0.922958,0.131987,-0.476497,-1.0
0.781889,-0.286368,-0.827298,-0.328945,-0.928674,0.976294,0.041893,0.08556,-0.008909,0.101557,0.716678,-0.584447,-0.411962,0.396904,-1.0
0.678049,0.848701,0.54175,-0.965579,0.527411,-0.651652,0.755073,0.757367,0.445144,-0.378983,-0.000576,0.260696,-0.095068,-0.449315,-0.961128
0.031701,0.129214,0.557674,-0.543434,-0.066781,-0.473835,0.506612,0.316398,-0.044506,-0.406501,0.208176,0.476059,-0.101713,-0.408121,-0.944528
-0.095328,-0.971151,0.888592,-0.500229,-0.35233,-0.839622,0.72808,0.828394,-0.30409,-0.520843,0.216865,-0.152289,-0.397731,0.204692,-1.0
0.639284,0.705178,0.450178,-0.413686,-0.626391,0.371718,0.309643,0.403205,-0.187622,0.04311,0.695112,0.132205,-0.452341,-0.021674,-0.993158
0.63014,0.187646,-0.630294,0.725347,0.021173,0.983276,0.240303,0.857749,-0.058512,0.292756,0.468977,-0.599424,-0.346352,0.410057,-1.0
0.870227,0.078314,0.811914,0.811429,-0.476102,-0.037654,0.528252,0.959082,-0.357443,-0.020513,0.474946,0.050088,-0.480648,0.011602,-0.996721
-0.169196,0.096152,0.781992,0.564494,0.00263,0.186592,0.801095,0.70087,-0.049822,0.612507,-0.162938,-0.081686,0.400197,0.263437,-1.0
-0.48107,-0.798864,0.962593,-0.253231,0.429774,0.534155,0.838511,0.054427,0.513566,0.583706,-0.050853,-0.080864,0.206311,0.448965,-0.991358
0.269472,-0.135021,0.979616,0.414859,0.360244,-0.254378,0.49989,0.88735,0.266311,-0.325601,-0.333571,0.400148,0.271095,-0.374236,-0.931934
0.553149,0.085733,0.068906,-0.97911,-0.393965,0.54054,0.085181,0.400166,0.032576,0.105028,0.88261,-0.400067,-0.513125,0.182819,-1.0
0.971133,-0.216872,0.882269,0.677858,0.551241,-0.891525,0.033724,0.727702,0.025099,-0.07683,0.510676,0.811528,-0.215942,-0.415412,-0.941772
-0.818763,-0.203181,-0.601333,0.282389,0.063433,0.51674,0.303476,0.658308,0.083202,0.340314,-0.584858,-0.471459,0.423327,0.302089,-0.952798
0.417754,-0.776406,-0.509727,0.978067,0.014062,0.266583,0.861443,0.064525,0.02853,0.747345,0.07003,-0.060401,-0.136867,0.451126,-0.949803
0.349599,-0.367274,-0.060466,-0.882153,-0.30715,-0.299482,0.118589,0.51044,-0.073458,-0.103429,0.902182,-0.040335,-0.528447,0.006334,-0.963541
0.704628,-0.486458,0.105758,-0.185147,0.922934,0.929078,0.442611,0.169192,0.256566,0.298472,-0.065643,-0.554933,-0.072691,0.432558,-0.953852
-0.617056,0.087303,0.433013,0.384991,0.284593,-0.381772,0.200541,0.053894,0.025775,-0.218716,-0.836684,0.354027,0.467343,-0.25155,-0.926979
0.474099,0.220441,0.72582,0.578167,-0.346721,0.433287,0.471329,0.630346,-0.25905,0.276265,0.476587,-0.194577,-0.467381,0.191038,-1.0
0.564329,-0.757014,-0.403666,0.794014,-0.1685,-0.16733,0.465704,0.600592,-0.257851,-0.292648,0.353884,-0.233728,-0.446871,0.404736,-1.0
0.879215,-0.974936,0.647394,-0.256433,-0.418381,-0.770167,0.568848,0.5437,-0.148307,-0.391514,0.376721,-0.062812,-0.475225,0.086924,-1.0
-0.81538,-0.859339,0.300437,0.342471,0.489993,0.610017,0.658159,0.839858,0.252501,0.50663,-0.275343,-0.212814,0.390728,0.365993,-0.912312
0.636622,-0.041361,-0.522254,-0.06435,-0.413364,0.776352,0.159576,0.779802,-0.07376,0.044804,0.660736,-0.469474,-0.423869,0.284333,-1.0
-0.762041,-0.226091,-0.166331,-0.686889,0.237695,0.37559,0.330769,0.547383,0.183844,0.242934,-0.569916,-0.295794,0.403252,0.165689,-1.0
-0.749747,0.237584,0.604853,-0.059299,0.038372,-0.30163,0.40465,0.172538,0.05609,-0.367864,-0.564621,0.358115,0.404831,-0.256487,-1.0
0.647336,0.887644,-0.101573,0.970258,0.557574,0.151968,0.684182,0.26974,0.597068,0.127072,0.054084,0.36762,-0.078815,-0.557497,-1.0
-0.486421,-0.102013,-0.045478,0.352122,0.106717,0.647687,0.066229,0.825541,-0.066692,0.025957,-0.572415,-0.624778,0.308789,0.330319,-0.989378
0.817965,0.637283,0.456125,-0.835597,-0.300096,-0.500795,0.367211,0.510467,-0.090216,-0.211815,0.521109,0.498724,-0.375466,-0.364105,-0.944083
-0.903691,0.32752,0.538432,0.550091,0.758564,0.567428,0.004453,0.697913,-0.041178,0.023282,-1.0,-0.078498,0.469129,0.176716,-1.0
0.593783,0.099103,0.117769,-0.09773,0.940733,0.036995,0.170355,0.730951,0.128509,-0.028908,-0.833367,0.161551,0.447412,-0.092582,-0.946691
0.671705,-0.215392,0.465215,0.070898,0.830414,-0.810825,0.802026,0.164842,0.454019,-0.44416,-0.03408,0.25999,0.131593,-0.48284,-0.945559
-0.563486,-0.131023,0.393896,0.484935,0.179857,0.904001,0.766098,0.9308,0.207618,0.597316,-0.164838,-0.161255,0.248437,0.342604,-1.0
-0.115321,0.298532,-0.123473,-0.610413,-0.838616,0.090722,0.978488,0.518206,-0.786878,0.094653,-0.016036,0.113231,-0.441838,-0.241306,-1.0
0.781325,0.832374,-0.955795,0.464979,-0.921931,0.960197,0.721641,0.893454,-0.367856,0.441948,0.305802,-0.040323,-0.455679,0.002164,-1.0
-0.741679,-0.472129,-0.784143,-0.967369,-0.772053,-0.752044,0.40761,0.077016,-0.236287,-0.109428,0.03765,0.539527,-0.009726,-0.527088,-0.854739
0.192664,0.380058,0.95294,-0.471497,-0.570749,-0.368854,0.550392,0.412233,-0.363485,-0.255109,0.303344,0.338604,-0.347413,-0.266296,-1.0
0.992091,0.328361,0.824341,0.537522,-0.915709,-0.704025,0.94846,0.525708,-0.537319,-0.407994,0.002183,0.084198,-0.411469,-0.270717,-1.0
0.116212,-0.611817,0.088964,0.98714,-0.962809,-0.10908,0.29044,0.766259,-0.22882,-0.0537,0.67736,-0.291191,-0.432157,0.206165,-0.990385
-0.927475,0.935105,-0.032463,0.777492,0.448933,0.040193,0.334891,0.85504,0.275965,0.06014,-0.523515,0.424143,0.420231,-0.250666,-0.993755
0.744528,-0.604456,-0.103529,-0.515696,0.208936,0.241942,0.724204,0.950256,0.350995,0.404758,0.053057,-0.231825,-0.238123,0.369604,-0.97711
0.591217,0.307609,-0.640567,0.547315,0.419574,0.909308,0.183626,0.828644,0.086181,0.228762,0.304446,-0.792403,-0.224734,0.473514,-0.970094
0.40517,0.392696,0.75702,-0.668272,0.682192,0.600111,0.321336,0.025951,0.167142,0.076572,-0.588949,-0.461022,0.430167,0.294103,-1.0
0.531727,0.868114,0.514373,0.330407,-0.561685,-0.129868,0.289958,0.543226,-0.256652,0.012179,0.504612,0.494258,-0.319377,-0.378044,-1.0
-0.969645,0.917075,-0.253113,0.680238,0.633202,0.342506,0.040338,0.610671,0.00856,0.02819,-0.926183,0.264385,0.388071,-0.199073,-0.973867
0.817389,0.921057,0.603447,-0.119669,0.564852,0.978362,0.543229,0.738349,0.186693,0.383402,0.512738,-0.03405,-0.547053,0.091213,-1.0
-0.666905,-0.040255,0.577468,-0.849579,0.143214,0.424419,0.536784,0.010017,0.156556,0.434867,-0.487955,-0.289186,0.4268,0.1491,-1.0
-0.439956,0.983247,-0.268054,-0.940685,-0.594726,-0.447207,0.419298,0.050277,-0.203592,-0.236068,0.063016,0.583434,-0.117139,-0.546174,-1.0
-0.58961,0.973871,0.345519,-0.796665,0.635446,-0.498066,0.813321,0.867779,0.53069,-0.448853,-0.091764,0.230811,0.324088,-0.364677,-1.0
-0.358285,-0.113636,-0.8291,0.018743,0.287253,0.11745,0.67039,0.474887,0.503331,0.212606,-0.297797,-0.03879,0.471078,0.205372,-0.938549
0.358603,-0.110086,-0.201238,0.489254,0.520228,0.70861,0.078755,0.286878,-0.015453,0.155202,-0.206106,-0.922844,0.170581,0.509894,-0.976222
0.805725,-0.4196,0.037276,-0.934242,0.905255,0.432456,0.792882,0.912853,0.564295,0.194477,-0.018655,-0.247282,0.124471,0.521458,-1.0
-0.896014,-0.931362,-0.363657,0.46202,-0.504558,-0.787995,0.900486,0.812231,-0.374118,-0.589187,-0.056636,-0.022084,0.376218,0.131884,-1.0
0.589583,0.608259,-0.48157,0.776089,0.651579,-0.880016,0.438038,0.892451,0.289071,-0.233782,0.079412,0.559374,0.013245,-0.51514,-0.985773
-0.694202,0.605071,-0.485115,-0.437283,0.714276,0.553738,0.237552,0.095913,0.065459,0.177392,-0.743929,0.046657,0.481499,-0.080608,-0.961837
0.458176,0.899637,-0.867588,0.962418,-0.981784,-0.963484,0.654089,0.496953,-0.454621,-0.338944,0.250254,0.219123,-0.238175,-0.424535,-1.0
0.009199,0.559482,0.938127,0.605902,-0.054441,0.698706,0.817153,0.050829,-0.074133,0.702104,0.06057,-0.151448,-0.137878,0.485675,-0.937161
0.145444,-0.826584,0.772124,0.381733,0.788346,-0.055645,0.640513,0.847983,0.420956,0.033053,-0.134877,-0.331617,0.295986,0.314981,-1.0
-0.933914,0.502299,-0.578811,0.202603,0.519126,0.050842,0.280022,0.947808,0.105459,-0.026114,-0.659717,0.187412,0.495209,-0.192313,-1.0
0.99436,0.532634,0.014039,0.230132,-0.796826,-0.154855,0.417603,0.959809,-0.340279,-0.050022,0.605619,0.255544,-0.505744,-0.135673,-0.99498
-0.401095,0.287734,-0.72938,-0.526475,0.946267,-0.911717,0.66318,0.435582,0.32044,-0.407498,-0.349123,0.225192,0.300501,-0.335428,-1.0
-0.750672,0.024388,0.883976,-0.945871,0.250787,0.115171,0.381285,0.929974,0.311049,0.082388,-0.588077,-0.042038,0.511275,0.033208,-0.958394
-0.055535,-0.843338,-0.461805,-0.10443,0.303694,0.630489,0.189397,0.695662,0.088475,0.138353,-0.278325,-0.777251,0.091611,0.597761,-1.0
-0.012687,-0.267399,0.507348,-0.02091,-0.50392,-0.99217,0.440742,0.65495,-0.171216,-0.268793,0.354167,0.446316,-0.209915,-0.410911,-0.927951
-0.527991,0.576046,-0.589271,0.748389,-0.002167,-0.170928,0.182138,0.270251,-0.013716,-0.107927,-0.455541,0.639495,0.259696,-0.394889,-1.0
0.330162,0.700483,-0.875822,-0.725281,-0.664623,0.172984,0.430658,0.717127,-0.366522,0.061376,0.518612,0.217781,-0.479393,-0.248115,-1.0
-0.878324,-0.301359,0.201363,-0.237571,-0.93867,0.900794,0.192526,0.167553,-0.066203,0.082485,0.065963,-0.917602,0.006726,0.473756,-1.0
-0.349092,-0.418164,-0.238616,0.624513,-0.394795,0.654143,0.361124,0.048439,-0.177508,0.27759,-0.006546,-0.670612,0.031637,0.544064,-1.0
0.621623,-0.500726,-0.104273,-0.652361,0.286653,-0.578135,0.418173,0.849594,0.12589,-0.23923,0.53326,0.245359,-0.578649,-0.1268,-1.0
-0.299951,-0.101566,-0.859437,-0.41649,0.753109,-0.650544,0.345859,0.934409,0.164963,-0.139386,-0.595572,0.385876,0.381726,-0.236165,-0.984312
-0.419234,-0.154985,-0.582828,-0.09416,0.26691,0.163519,0.074234,0.683391,0.033193,0.068042,-0.842481,-0.336184,0.393966,0.057386,-1.0
-0.91303,-0.073549,0.541051,-0.447792,-0.140178,-0.233691,0.207674,0.780965,-0.091083,-0.135417,-0.877763,0.111249,0.555451,-0.170823,-0.942927
-0.099386,-0.162068,0.612353,0.518173,0.719119,0.830678,0.354162,0.338126,0.158645,0.24585,-0.395772,-0.621646,0.334989,0.34154,-1.0
-0.616855,-0.510165,0.774438,0.848252,0.526649,0.898208,0.660662,0.223009,0.311592,0.470807,-0.131479,-0.141505,0.224081,0.347687,-0.932352
0.706492,-0.418173,-0.721079,0.756696,-0.101083,-0.894775,0.589862,0.408214,-0.071052,-0.420521,0.363344,0.17772,-0.391257,-0.281871,-1.0
-0.449989,-0.232006,-0.464301,0.231658,-0.137626,-0.36925,0.452141,0.004542,-0.097492,-0.296252,-0.56365,0.189623,0.405008,-0.173286,-0.962395
-0.424288,0.465221,0.346657,0.287486,0.010077,-0.559535,0.103774,0.508959,-0.017192,-0.07783,-0.406195,0.850931,0.250575,-0.453858,-1.0
-0.922376,-0.23799,-0.193336,-0.573752,0.025541,-0.634888,0.319084,0.665134,0.039359,-0.275591,-0.649439,0.294361,0.455779,-0.231873,-0.987164
0.684114,-0.743668,0.907993,0.598692,-0.492373,-0.778932,0.938374,0.561867,-0.387457,-0.650005,0.030662,0.02828,-0.499923,0.024651,-1.0
-0.840425,0.252076,-0.253294,-0.253226,-0.524012,-0.284833,0.512692,0.30767,-0.321683,-0.214977,-0.26862,0.469457,0.286916,-0.428644,-1.0
-0.541368,0.77531,0.466649,0.723259,0.330655,0.704847,0.521432,0.131744,0.127128,0.27125,-0.498312,0.077325,0.492575,-0.061433,-1.0
0.416485,0.366927,-0.146581,-0.950173,-0.599513,0.313626,0.467775,0.672018,-0.335753,0.16176,0.547268,-0.02665,-0.490676,-0.037297,-0.993298
0.267,0.283005,-0.67444,0.379674,-0.046792,0.863523,0.703926,0.330667,-0.087447,0.582147,0.188938,-0.214286,-0.302932,0.494582,-1.0
-0.459583,-0.217878,0.795803,0.446531,-0.33136,0.764578,0.061269,0.317711,0.035403,0.103639,-0.071637,-0.884591,0.030685,0.485828,-1.0
-0.425217,0.701676,-0.797957,0.105436,-0.653947,0.320684,0.712551,0.685202,-0.457806,0.256797,0.116612,0.225308,-0.247119,-0.503688,-1.0
0.643092,-0.081869,-0.432306,0.519548,0.053561,-0.887264,0.408965,0.211666,-0.048271,-0.291646,0.47923,0.421761,-0.395297,-0.373676,-0.993694
0.903462,0.292683,-0.607927,0.286039,-0.240252,0.430742,0.720215,0.234735,-0.239872,0.486834,0.286045,-0.030965,-0.509435,0.091898,-0.975067
0.455573,0.97572,0.251385,-0.077605,0.48782,0.150264,0.519627,0.475798,0.385878,0.062276,-0.051345,0.466308,-0.023043,-0.466936,-0.972904
0.952345,0.999858,-0.138083,0.326927,-0.972484,0.798291,0.31273,0.926068,-0.167148,0.272731,0.676021,0.049885,-0.577422,-0.122074,-1.0
-0.301996,-0.359812,-0.239998,0.836833,0.476241,-0.350929,0.637185,0.05402,0.392408,-0.280638,-0.343879,0.020531,0.523308,-0.016363,-0.981479
0.885435,-0.231062,0.264274,-0.91663,0.205093,0.339847,0.778397,0.799597,0.347692,0.45476,0.146549,-0.172758,-0.394889,0.343277,-0.940841
-0.906397,0.739579,-0.302697,0.824212,-0.871511,-0.597713,0.448474,0.259669,-0.313657,-0.179969,-0.030982,0.549917,-0.06667,-0.486149,-1.0
-0.473436,0.778662,-0.801779,0.579564,-0.586135,0.622694,0.868643,0.119305,-0.432831,0.606789,0.080576,0.070242,-0.290011,-0.412911,-1.0
0.988096,0.819785,-0.751537,-0.1371,0.796917,-0.715547,0.785077,0.838397,0.430833,-0.369668,0.083962,0.216761,-0.02026,-0.561931,-0.960871
-0.770683,0.063142,0.036707,-0.16363,0.687372,-0.017146,0.792837,0.996988,0.672443,-0.019139,-0.196681,0.018614,0.540868,-0.037681,-0.961375
-0.191728,-0.906943,-0.979042,-0.075027,-0.012744,0.453898,0.349414,0.024173,0.019299,0.315837,-0.146161,-0.56247,0.089852,0.51783,-0.953763
0.075415,0.717844,0.752624,-0.336426,0.093039,0.125527,0.719419,0.154243,0.254023,0.437162,0.017159,0.29456,0.038352,-0.528693,-1.0
0.813656,-0.787473,-0.784135,0.329301,-0.239514,0.70489,0.086699,0.789739,-0.033603,0.086498,0.577762,-0.825672,-0.241704,0.383461,-1.0
0.709488,0.053653,-0.795477,-0.427655,-0.037294,0.993973,0.787322,0.086821,0.0635,0.617848,0.058102,-0.20762,-0.282722,0.339601,-1.0
-0.495316,0.310718,-0.321737,-0.49181,0.175672,0.3063,0.51868,0.912588,0.17901,0.37543,-0.504314,-0.01615,0.522506,-0.008326,-0.973966
-0.618275,-0.353222,-0.214838,-0.555037,0.98521,-0.439569,0.03855,0.414939,0.057814,-0.022319,-0.989746,0.112667,0.499457,-0.051943,-1.0
0.01895,0.446595,0.487412,0.052155,0.729199,-0.997427,0.409018,0.961796,0.179823,-0.271154,-0.258593,0.536159,0.265884,-0.429535,-0.977806
-0.034848,-0.608614,-0.478005,0.117122,-0.823415,-0.660426,0.163363,0.769015,-0.136897,-0.228449,0.855028,0.036274,-0.409802,-0.060606,-1.0
0.131695,-0.906512,-0.052271,-0.080122,-0.922227,-0.568021,0.623347,0.767463,-0.397882,-0.149177,0.3212,-0.080562,-0.527431,0.086896,-1.0
0.989024,-0.219748,0.081134,0.389863,-0.175242,0.229349,0.271783,0.046859,-0.120508,0.200474,0.649918,-0.285012,-0.491873,0.227804,-0.96226
-0.721375,0.927506,0.440982,0.789433,0.072541,-0.757536,0.793563,0.014747,0.027574,-0.580846,-0.109441,0.144424,0.217413,-0.383605,-1.0
0.862668,0.043854,-0.119977,-0.774892,-0.458919,0.272234,0.644268,0.69881,-0.490328,0.241162,0.308066,-0.049496,-0.406489,0.108553,-0.953293
0.469687,-0.638952,0.044551,0.603945,-0.060845,0.274723,0.201468,0.131283,-0.111733,0.121076,0.32903,-0.755356,-0.188712,0.447057,-0.974271
-0.920119,-0.448385,0.210548,0.709024,0.127721,0.092855,0.02973,0.327368,0.011183,0.04569,-0.863012,-0.486013,0.416058,0.170735,-0.960271
0.58368,0.280291,-0.146934,-0.808767,0.590414,0.380868,0.045049,0.005123,0.011173,0.028455,-0.110881,-0.971362,-0.073696,0.537312,-0.933832
-0.782014,0.699884,0.282851,0.218698,0.243923,0.476907,0.406581,0.330036,0.03345,0.219416,-0.530451,0.190836,0.536853,-0.095022,-1.0
-0.138964,0.253023,0.731156,0.440898,-0.803061,-0.135243,0.691182,0.336945,-0.516156,-0.084442,0.283037,0.16954,-0.393311,-0.27861,-0.991102
-0.271636,0.305106,0.031785,0.704113,0.052857,0.360693,0.107996,0.351326,0.015785,0.045034,-0.830576,-0.149959,0.523385,0.02064,-1.0
0.584201,0.75487,0.591003,-0.394771,0.557773,0.124814,0.157105,0.027924,0.089854,0.023033,0.023781,0.791675,-0.058082,-0.430571,-0.951165
-0.586265,-0.987991,0.498917,0.222292,0.190779,-0.32222,0.570615,0.759901,0.237297,-0.407983,-0.385273,-0.288833,0.277818,0.312267,-1.0
-0.137625,0.015822,-0.632311,0.219826,-0.723425,-0.535703,0.790913,0.545794,-0.51965,-0.451365,0.141997,0.169067,-0.373786,-0.325916,-0.946323
0.337233,0.110891,-0.841637,0.40157,0.05358,0.988807,0.011049,0.531651,0.009564,0.079595,0.354428,-0.926716,-0.169905,0.490975,-1.0
-0.973125,-0.751163,0.629999,0.860146,-0.73356,-0.431911,0.749995,0.524392,-0.394578,-0.227152,-0.095808,-0.231036,0.29912,0.363441,-1.0
0.585117,0.428862,-0.101247,0.154621,-0.285641,-0.352164,0.302115,0.940614,-0.187946,-0.163316,0.516652,0.486596,-0.423052,-0.329028,-0.988268
0.631183,0.444082,0.909639,-0.463379,0.800524,0.898651,0.654371,0.992008,0.39652,0.31438,-0.133576,-0.35222,0.170666,0.413342,-1.0
-0.462506,-0.518674,0.524662,-0.697553,0.205918,-0.5666,0.949599,0.782341,0.323822,-0.733695,-0.10249,-0.003165,0.535755,0.000873,-0.987261
0.43368,-0.565198,0.687403,0.768654,-0.766492,-0.529331,0.07029,0.891851,-0.151269,0.021804,0.926961,-0.068006,-0.430108,0.011414,-1.0
-0.808039,-0.65115,0.075507,0.191564,0.538896,-0.357985,0.428419,0.670333,0.269593,-0.157344,-0.525683,-0.154681,0.510155,0.106256,-0.990672
0.709747,-0.978953,0.996525,-0.293192,0.338948,0.920852,0.095188,0.057284,-0.072569,0.085029,0.241046,-0.845177,-0.139863,0.473371,-1.0
0.192544,0.59817,0.441382,0.459752,0.995539,0.279043,0.560728,0.429599,0.375025,0.195719,-0.340551,0.054118,0.473635,-0.256683,-0.999092
-0.744713,0.696676,-0.174606,0.757802,-0.695218,0.294008,0.366377,0.474427,-0.370796,0.086125,-0.17872,0.601606,0.015331,-0.466369,-0.949622
-0.540303,-0.401923,-0.649405,0.159735,-0.354535,-0.388381,0.228093,0.405599,-0.151921,-0.168758,-0.792991,-0.070195,0.477378,0.008555,-1.0
0.923569,-0.561343,0.399845,0.879126,0.378688,0.769224,0.25454,0.144029,0.027539,0.16641,0.26428,-0.72086,-0.229607,0.479512,-1.0
0.319593,0.272426,0.187193,-0.415851,-0.354576,-0.647093,0.247764,0.244218,-0.182342,-0.159701,0.436076,0.580488,-0.300129,-0.424873,-0.994987
0.261798,-0.543777,0.870881,-0.481857,0.087821,0.854931,0.266429,0.657503,-0.037369,0.15321,0.136726,-0.70856,-0.083792,0.43905,-0.980376
0.976579,-0.655277,-0.856549,0.19666,0.715736,0.393603,0.001707,0.209148,0.023188,0.04585,0.245615,-0.975849,-0.156736,0.411168,-1.0
0.058189,-0.537427,0.80661,-0.686604,0.220899,-0.754389,0.562925,0.586063,0.090791,-0.479935,-0.263735,0.373748,0.366514,-0.358914,-1.0
-0.851586,-0.868238,-0.886098,-0.440842,0.268296,0.584637,0.688194,0.846544,0.249369,0.371469,-0.133572,-0.181474,0.331154,0.352657,-1.0
0.917535,0.203475,-0.045877,0.829779,0.030124,-0.030243,0.341627,0.250186,0.15252,-0.228242,0.658747,0.106558,-0.492451,-0.066969,-1.0
-0.203089,0.065984,-0.332041,-0.251582,-0.932773,0.597925,0.745688,0.101309,-0.427949,0.37741,0.120153,-0.146849,-0.3439,0.299224,-0.998355
-0.069585,0.070217,0.714505,-0.402162,0.736371,-0.724151,0.568959,0.347848,0.330181,-0.299547,-0.339003,0.251342,0.393714,-0.286993,-1.0
-0.206797,0.09113,0.436517,-0.854595,0.128757,-0.767656,0.781614,0.556666,0.149488,-0.5252,-0.188661,0.235496,0.173532,-0.449971,-1.0
0.327233,0.294327,-0.323497,0.948984,0.462283,0.304587,0.862637,0.952236,0.533963,0.316414,-0.196617,0.014967,0.519407,0.053971,-0.991658
-0.800171,-0.755011,-0.543131,0.950965,-0.059319,0.847548,0.018699,0.516813,-0.079847,0.009671,-0.495862,-0.902218,0.263629,0.55522,-1.0
-0.112026,0.207943,0.365627,-0.174842,0.177397,-0.319937,0.137201,0.923786,0.061061,-0.143624,-0.489616,0.827172,0.187746,-0.436279,-0.974525
-0.671118,0.788642,-0.88671,0.872639,0.422661,0.244732,0.520599,0.992118,0.307178,0.097692,-0.383298,0.178018,0.473998,-0.174275,-1.0
0.2567,-0.753477,0.154428,0.674702,0.790593,0.211254,0.608141,0.750691,0.505135,0.152801,-0.221272,-0.306639,0.164618,0.416281,-0.992826
0.419693,0.626754,-0.303273,0.193446,-0.34578,0.951965,0.114453,0.808435,-0.042239,0.125662,0.842085,-0.42635,-0.324184,0.135664,-1.0
-0.253192,0.991079,0.639621,-0.83361,-0.775081,0.329954,0.081126,0.354931,-0.073772,0.0076,0.585161,0.725221,-0.378899,-0.350949,-0.99408
-0.214929,0.113674,-0.58067,0.616522,-0.055723,-0.834062,0.31163,0.198097,0.017598,-0.255262,-0.169449,0.697165,0.151032,-0.489193,-1.0
-0.561122,0.084819,0.799883,-0.212367,0.188749,-0.124972,0.381657,0.097797,0.19104,-0.193761,-0.572491,0.087046,0.455075,-0.035953,-1.0
-0.378523,0.200705,0.229134,0.48834,0.257237,0.903669,0.039304,0.68665,0.039108,-0.057656,-0.637627,-0.70515,0.381527,0.460409,-0.896417
-0.966143,0.018599,0.401563,0.542438,-0.47631,-0.47092,0.959119,0.722916,-0.437387,-0.514059,0.03765,0.028996,0.358769,-0.390169,-1.0
-0.007293,-0.044865,-0.928954,-0.258762,-0.602534,0.848441,0.122626,0.475051,-0.061192,0.031587,0.481489,-0.752239,-0.334056,0.333245,-1.0
-0.723321,0.090166,-0.019767,-0.710482,-0.16173,-0.290114,0.448178,0.991236,-0.185258,-0.270232,-0.413689,0.369158,0.434498,-0.27659,-0.971946
-0.945807,0.775009,-0.26424,-0.123225,0.150853,0.284076,0.392369,0.647086,0.133672,0.200024,-0.571225,0.206748,0.499115,-0.19771,-1.0
-0.130832,-0.944636,-0.92867,-0.546619,0.591901,-0.162892,0.114427,0.615032,0.076711,-0.104569,-0.572678,-0.715133,0.345934,0.412571,-1.0
0.084703,0.808191,-0.12634,0.323422,0.398271,-0.167835,0.689682,0.422243,0.499076,-0.182116,-0.058102,0.392878,0.178171,-0.426938,-1.0
0.644223,0.902581,0.892875,0.264165,0.915248,0.842823,0.886284,0.639391,0.491704,0.395921,-0.080796,0.044917,0.555304,-0.138867,-0.99104
0.280177,-0.8116,0.030977,-0.69769,-0.551805,-0.845582,0.399778,0.401668,-0.113686,-0.281989,0.60948,0.057916,-0.466974,-0.150993,-1.0
0.693174,0.748691,-0.882316,0.591848,-0.284164,-0.602389,0.877016,0.293811,-0.359184,-0.695999,0.052584,0.101113,-0.225291,-0.414351,-0.932063
0.289766,-0.309377,-0.76719,-0.616391,0.453452,-0.707553,0.695263,0.60973,0.218872,-0.480283,-0.142469,0.328892,0.236398,-0.445272,-0.980726
-0.474631,0.855332,0.016307,0.677365,0.001466,-0.799309,0.432733,0.545161,0.05027,-0.384315,-0.127563,0.41492,0.134298,-0.506747,-1.0
0.795982,0.102382,0.42361,0.265333,0.124708,-0.213778,0.485208,0.428936,0.19833,-0.372851,0.419904,0.232835,-0.543334,-0.245407,-1.0
0.216158,-0.269319,0.443299,0.576066,-0.469612,0.360507,0.34519,0.327272,-0.174124,0.15486,0.449201,-0.404,-0.414567,0.357542,-0.84374
0.070807,-0.708543,-0.365433,0.365388,-0.499574,-0.240312,0.386275,0.737147,-0.19587,-0.097381,0.472577,-0.494,-0.348746,0.339214,-1.0
0.102593,0.809262,0.70045,0.936868,-0.116256,0.480845,0.996571,0.783531,-0.172373,0.753765,-0.029409,-0.018621,-0.268411,-0.452605,-1.0
0.48979,-0.942604,0.656702,-0.006002,0.619365,0.595755,0.428384,0.052091,0.17603,0.283604,-0.023358,-0.493659,0.03769,0.499593,-0.926234
0.035296,-0.254964,0.209566,-0.903346,0.443781,-0.801385,0.898071,0.217617,0.330839,-0.686095,-0.065393,0.070301,0.211984,-0.379793,-1.0
-0.319479,-0.449664,0.098548,-0.978862,-0.211196,0.402731,0.43979,0.230985,-0.186904,0.344599,-0.090097,-0.494598,0.112008,0.430743,-0.989352
0.593182,0.607811,0.982779,0.606974,0.746549,0.437655,0.257495,0.087184,0.173035,0.203718,-0.519384,0.586252,0.289885,-0.369816,-0.941646
-0.560181,-0.520033,0.950209,0.505835,0.383747,-0.997849,0.78734,0.446872,0.151989,-0.58486,-0.163416,0.091855,0.46234,-0.15519,-1.0
0.347579,0.253954,0.22626,-0.210248,0.248221,0.030124,0.565509,0.660425,0.500572,0.129569,0.174436,0.381292,-0.166128,-0.521456,-1.0
-0.834628,0.581874,-0.775908,-0.683776,0.929242,0.99879,0.049274,0.040664,-0.001734,0.10857,-0.896343,-0.232696,0.452371,0.140776,-1.0
0.05449,-0.610351,0.976434,0.184687,-0.531368,0.721373,0.337715,0.78252,-0.172757,0.226106,0.315451,-0.651179,-0.172068,0.410905,-1.0
0.210275,0.078909,0.060575,-0.923292,-0.267364,0.496776,0.180648,0.634272,-0.019995,0.074482,0.629135,-0.515073,-0.369188,0.372349,-1.0
0.476654,0.161899,-0.707451,-0.605269,0.280424,0.620381,0.926633,0.663081,0.275414,0.671708,0.022416,-0.01275,-0.291192,0.33674,-1.0
0.877143,0.229922,-0.151354,-0.817848,0.739143,-0.54142,0.736873,0.847186,0.499538,-0.389864,0.160251,0.188263,-0.108332,-0.467193,-1.0
-0.993879,-0.92393,0.199601,-0.627422,0.748262,0.142304,0.541953,0.81496,0.357987,0.06448,-0.301381,-0.234867,0.45778,0.278707,-1.0
-0.053131,-0.077686,0.112205,0.411362,-0.747741,-0.872421,0.648505,0.621847,-0.34026,-0.459368,0.23907,0.24158,-0.29111,-0.42998,-0.974324
-0.871424,0.438547,-0.910289,0.55091,0.785174,-0.97789,0.971977,0.262706,0.418851,-0.676318,0.021261,-0.100433,0.377878,-0.267562,-1.0
0.657648,0.223637,-0.603004,-0.83406,0.590527,-0.127302,0.769192,0.024877,0.656322,-0.143081,0.046148,0.171593,-0.053736,-0.441236,-0.903499
0.943448,-0.545691,0.622671,-0.15797,-0.188632,0.375708,0.258862,0.111348,-0.0833,0.164714,0.565981,-0.46744,-0.385067,0.229307,-1.0
-0.210788,-0.664039,-0.509286,-0.810672,0.348916,0.203693,0.603448,0.474706,0.412925,0.243137,-0.211837,-0.272779,0.289323,0.447593,-0.978236
0.443438,-0.236574,0.387029,-0.284874,0.13863,-0.582515,0.96704,0.397387,0.187233,-0.772444,-0.114798,-0.058964,-0.330177,-0.309356,-1.0
-0.046711,-0.208434,0.461318,-0.732098,0.561459,0.43035,0.432912,0.425586,0.285688,0.268123,-0.338706,-0.369575,0.418241,0.349473,-0.973329
0.645795,-0.245323,-0.819783,0.212656,0.473709,-0.671566,0.463031,0.948599,0.12269,-0.305462,0.120467,0.48074,-0.293725,-0.448972,-1.0
-0.925496,-0.875643,-0.474928,-0.352562,-0.638225,0.526437,0.072313,0.476546,-0.026517,0.007896,-0.173046,-0.875686,0.09555,0.484175,-1.0
0.398191,0.505675,0.58447,-0.238266,-0.25281,0.00743,0.125023,0.5539,-0.057505,0.082804,0.650329,0.588084,-0.349852,-0.34359,-0.96495
-0.466681,-0.140904,0.778584,-0.642022,0.097888,-0.511299,0.053239,0.883176,-0.054645,-0.044347,-0.800235,0.5088,0.474125,-0.269893,-0.927818
-0.616418,-0.271826,-0.605327,0.599428,0.0987,-0.554708,0.029553,0.351376,-0.0643,-0.012986,-0.8246,0.374179,0.547191,-0.113276,-1.0
0.663848,0.594669,-0.478405,-0.296296,-0.284043,0.717693,0.282525,0.898179,-0.127278,0.214915,0.786571,-0.100725,-0.492373,0.121546,-0.998375
-0.456531,0.929975,-0.486034,0.574041,-0.929914,-4.4e-05,0.045133,0.861927,-0.111149,-0.036414,0.474814,0.82536,-0.262571,-0.464188,-0.948317
-0.150785,0.356305,-0.682134,0.709903,0.366567,-0.595789,0.37193,0.681966,0.14049,-0.305877,-0.193143,0.590722,0.278696,-0.401435,-1.0
-0.420874,-0.855288,-0.631052,0.02922,0.050579,0.329436,0.778508,0.009536,0.110872,0.672414,-0.081436,-0.198338,0.128258,0.466819,-0.979143
0.538378,0.238158,-0.603087,-0.078879,-0.772555,0.957925,0.734465,0.798727,-0.382332,0.391695,0.293814,-0.108583,-0.384482,0.291869,-0.931466
0.512638,-0.060427,0.040735,-0.604481,-0.143424,-0.027375,0.170701,0.749409,-0.086352,-0.055678,0.763197,-0.046575,-0.504192,0.020949,-0.986506
-0.09494,-0.934533,0.61251,0.183107,-0.936686,-0.751198,0.321498,0.3943,-0.197006,-0.231548,0.594897,-0.112106,-0.457299,0.007815,-1.0
-0.30572,-0.062143,-0.550244,0.58974,0.954292,0.249786,0.469464,0.515552,0.335078,0.090539,-0.512414,-0.120457,0.503374,0.023112,-1.0
-0.507389,0.265191,-0.601062,0.207743,0.735379,0.658872,0.860799,0.461298,0.519761,0.435642,-0.170394,-0.122952,0.377353,0.24,-1.0
-0.052441,-0.709107,-0.693777,0.946575,0.05959,-0.746104,0.868099,0.482372,0.074739,-0.577322,-0.207398,-0.002889,0.357023,-0.20356,-1.0
0.484593,-0.164602,0.478731,0.072803,0.466269,0.711382,0.729777,0.133877,0.302014,0.416416,-0.10688,-0.368588,-0.056625,0.5301,-1.0
-0.654692,-0.076101,0.572537,-0.239198,-0.108203,0.753661,0.025249,0.180455,-0.053936,-0.008847,-0.583833,-0.931661,0.251972,0.438551,-0.99595
0.47066,-0.360675,0.232987,-0.564825,-0.70735,0.861524,0.250147,0.547142,-0.11576,0.188493,0.459573,-0.510675,-0.440952,0.419421,-1.0
0.531611,0.260973,0.378377,-0.858823,-0.43722,0.635086,0.4034,0.066648,-0.289213,0.320107,0.519248,-0.316639,-0.454811,0.22382,-1.0
0.371498,0.305334,0.080197,-0.338001,-0.525452,-0.301433,0.408733,0.337186,-0.09993,-0.086961,0.488297,0.363305,-0.451395,-0.211929,-0.935865
0.811835,0.227265,-0.117872,-0.747093,0.250024,-0.158288,0.274114,0.821737,0.116486,-0.093686,0.495484,0.457504,-0.426427,-0.292079,-0.976885
0.863143,0.536145,-0.280411,-0.868642,0.044552,0.233569,0.968078,0.33652,0.200826,0.767828,0.039572,0.047917,-0.472682,-0.095232,-1.0
0.635239,0.720133,0.565485,-0.628298,0.667739,0.059633,0.707228,0.32177,0.560791,-0.012733,-0.010169,0.2704,0.038029,-0.572821,-1.0
-0.93857,0.773293,0.346854,0.595373,-0.606137,-0.727332,0.93052,0.279081,-0.489843,-0.5556,0.064542,0.026439,0.082381,-0.540567,-0.96139
-0.145284,0.708578,0.113089,0.55584,0.939716,0.38862,0.985091,0.786433,0.728063,0.261416,-0.049558,0.047887,0.483147,-0.114877,-1.0
0.757624,0.673134,0.898783,-0.973019,0.915369,0.223203,0.431757,0.469969,0.360918,0.076992,-0.165139,0.508517,0.140594,-0.456291,-1.0
0.170569,0.759506,-0.906097,-0.697139,-0.700861,0.225104,0.056871,0.376431,-0.099622,0.083503,0.794526,0.554569,-0.441866,-0.298351,-0.997317
0.346696,0.554288,-0.007163,-0.084551,-0.416399,-0.691422,0.161168,0.925742,-0.024425,-0.142209,0.423442,0.783735,-0.25195,-0.380247,-1.0
0.387451,-0.127151,0.701075,-0.569692,0.825154,-0.45411,0.104046,0.596845,0.066844,-0.055654,-0.646719,0.52862,0.376121,-0.237887,-0.998621
-0.763827,0.247236,-0.275872,-0.833852,0.73765,-0.038571,0.378448,0.095138,0.239481,-0.00271,-0.592109,0.208061,0.496993,0.015765,-0.963884
-0.790405,-0.514679,-0.996727,-0.715159,0.68725,-0.944605,0.438543,0.368567,0.262378,-0.241908,-0.595478,0.23945,0.419545,-0.156829,-1.0
-0.159799,0.135136,0.205114,0.141862,0.728374,0.238899,0.621481,0.630378,0.451353,0.167769,-0.361875,-0.078809,0.470857,0.058966,-0.993507
0.808781,0.620626,-0.258184,-0.990722,-0.087881,0.464937,0.566889,0.359519,-0.069885,0.471368,0.413483,0.143808,-0.521506,-0.043999,-0.87755
-0.445274,0.677853,-0.211826,0.621955,-0.994689,-0.894789,0.40495,0.536243,-0.266569,-0.148404,0.158077,0.565086,-0.210089,-0.453174,-0.986779
0.311484,0.747044,0.085968,-0.018665,-0.57334,0.156623,0.951722,0.058058,-0.764753,0.235937,0.031108,0.121561,-0.387576,-0.252538,-1.0
0.604041,0.732185,0.444071,0.139086,0.624113,0.1193,0.971244,0.062595,0.819032,0.169056,0.016675,0.071507,0.074026,-0.42941,-0.998638
0.02773,0.954559,-0.171031,0.815998,0.669316,-0.018941,0.449877,0.877505,0.453837,0.013937,-0.391278,0.421632,0.32858,-0.480846,-0.997257
-0.055853,0.430474,0.512105,0.410827,0.493077,-0.727435,0.572694,0.001226,0.260366,-0.428757,-0.184065,0.400344,0.274647,-0.528232,-1.0
-0.494536,0.518201,-0.944164,-0.186639,-0.363419,0.677225,0.219351,0.881408,-0.084967,0.137126,-0.526623,-0.562387,0.277992,0.373747,-1.0
-0.295754,-0.364467,-0.58909,0.233079,-0.625141,0.392297,0.69586,0.861645,-0.569035,0.307525,0.024427,-0.259075,-0.195021,0.444185,-1.0
-0.900877,0.652325,0.633124,0.77161,0.975867,-0.173613,0.137328,0.524727,0.047969,-0.028333,-0.715223,0.328932,0.478714,-0.121303,-0.944302
0.999031,-0.660022,0.327798,-0.366692,-0.148817,-0.027076,0.904016,0.410469,-0.741407,-0.145577,0.087139,0.003337,-0.421032,0.24617,-0.932378
-0.033145,0.431729,0.52705,-0.789445,-0.60186,-0.301213,0.392927,0.853245,-0.1872,-0.071404,0.299045,0.553455,-0.347261,-0.443012,-0.926899
-0.335554,0.831787,0.51223,0.996999,0.30909,0.414427,0.51269,0.465878,0.173466,0.353865,-0.377478,0.201269,0.358964,-0.322637,-0.952495
0.134894,-0.726107,0.327227,0.479736,-0.089197,-0.088173,0.92177,0.308809,-0.477044,-0.509676,-0.033661,-0.043439,-0.146702,0.536723,-1.0
0.683441,-0.752216,-0.20752,-0.811426,0.810258,-0.554889,0.67498,0.329145,0.402586,-0.332809,-0.19494,-0.224763,0.259705,0.434627,-1.0
0.765081,-0.78943,0.903987,0.199165,-0.51393,-0.272407,0.219509,0.774966,-0.22632,-0.05443,0.692316,-0.357588,-0.483732,0.135183,-1.0
-0.941654,0.862325,-0.141979,0.655629,0.506645,-0.212793,0.796375,0.839514,0.588984,-0.305022,-0.223377,0.095112,0.449633,-0.284271,-1.0
0.190359,0.800817,-0.316411,-0.623272,0.822835,-0.145916,0.607045,0.333633,0.486098,-0.054359,-0.249598,0.333452,0.278029,-0.465428,-1.0
0.061021,0.409834,0.96053,0.964704,-0.379852,-0.682684,0.221442,0.160926,-0.054723,-0.134991,0.350012,0.696732,-0.111109,-0.471355,-0.897231
0.135943,-0.662041,-0.857516,-0.971518,-0.528379,0.455927,0.145766,0.89234,-0.019324,0.092581,0.394898,-0.738751,-0.263848,0.414713,-1.0
0.925714,0.266536,-0.553179,0.54967,0.889835,0.800711,0.97341,0.721003,0.623278,0.554,0.060478,-0.089648,-0.020502,0.541067,-0.946929
-0.599319,0.497272,0.063599,0.429527,-0.752575,-0.29351,0.8181,0.513212,-0.637355,-0.18587,0.020336,0.172165,-0.064816,-0.461366,-0.95927
-0.800537,-0.558182,-0.214941,-0.688634,-0.961151,-0.520639,0.732864,0.621148,-0.515131,-0.301344,0.337248,-0.054755,-0.489935,0.158734,-0.955482
-0.579129,-0.862744,0.102026,0.852657,0.13613,0.348331,0.09715,0.858842,0.074097,0.028989,-0.454022,-0.673335,0.254679,0.38948,-1.0
0.936476,0.708889,0.921784,0.773475,-0.855219,0.372089,0.863147,0.840673,-0.698074,0.311393,0.093806,-0.006022,-0.468178,-0.138912,-1.0
0.472784,-0.562824,0.509854,-0.356822,0.410659,-0.052919,0.413244,0.539913,0.374048,-0.097339,0.1123,-0.631245,-0.112977,0.52948,-1.0
0.350793,0.884209,-0.160379,0.705174,0.817341,0.287245,0.586229,0.828139,0.437087,0.157624,-0.273601,0.379502,0.212508,-0.314041,-1.0
-0.082376,-0.672554,-0.265774,-0.31235,-0.42529,-0.861423,0.947864,0.302505,-0.386819,-0.6732,0.02017,0.05927,-0.46655,-0.313334,-1.0
0.650694,-0.056633,0.985289,0.53856,0.063327,0.830441,0.557402,0.740919,0.053535,0.395956,0.209133,-0.376,-0.26378,0.480061,-1.0
-0.985333,0.505063,-0.012859,0.944814,-0.197184,0.687737,0.953435,0.786646,-0.197192,0.640944,-0.068297,-0.003167,0.449722,0.062224,-1.0
0.806317,-0.623357,0.924173,-0.091028,-0.090842,0.129091,0.661328,0.615323,-0.398847,0.378532,0.207064,-0.168985,-0.350923,0.261937,-1.0
-0.466902,0.7741,-0.313437,0.26661,0.411576,0.56861,0.354577,0.158774,0.104161,0.249907,-0.714396,0.121194,0.547202,-0.09173,-0.955838
0.937187,0.997599,-0.775455,0.680521,-0.109326,-0.789339,0.227431,0.789396,-0.005501,-0.171556,0.42288,0.583803,-0.270832,-0.417136,-1.0
0.592989,0.298546,-0.593117,0.802235,-0.143029,-0.607906,0.247546,0.973267,-0.005096,-0.115137,0.425966,0.616937,-0.244108,-0.311149,-1.0
-0.275089,0.520214,-0.269861,-0.037031,0.577756,0.129833,0.232417,0.374575,0.196986,-0.020502,-0.768962,0.330007,0.49806,-0.250344,-1.0
0.826689,-0.24387,0.416703,-0.265571,-0.569387,-0.724676,0.79705,0.420079,-0.484575,-0.48177,0.162492,0.056861,-0.574683,-0.203738,-0.985016
0.839743,0.220848,0.272684,0.280162,0.920173,-0.633998,0.544531,0.998082,0.298433,-0.249439,-0.062138,0.373259,0.014986,-0.544963,-0.932808
0.795237,-0.648067,-0.470993,-0.590855,-0.231277,-0.291969,0.429693,0.648262,-0.229317,-0.245076,0.49797,-0.178896,-0.458833,0.1391,-1.0
-0.579898,-0.798498,0.829412,-0.531433,-0.927598,0.683673,0.481883,0.678286,-0.371876,0.161478,0.143873,-0.518867,-0.158978,0.566286,-0.950752
-0.56186,0.259488,-0.031748,-0.046089,-0.81943,-0.972209,0.334006,0.351599,-0.258567,-0.241466,0.19414,0.647691,-0.187989,-0.404885,-0.994688
-0.709568,-0.596791,0.816328,-0.067057,0.949271,-0.413498,0.021261,0.122833,-0.029783,-0.045892,-0.977275,-0.203166,0.535805,0.054033,-1.0
-0.544793,0.291755,0.397436,0.199113,0.21249,-0.631768,0.794674,0.047592,0.197921,-0.615269,-0.133604,0.238967,0.311293,-0.346791,-0.993342
0.582264,-0.887536,0.181831,0.777492,0.001572,0.739573,0.24532,0.735424,0.046223,0.22421,0.266392,-0.695574,-0.163467,0.485819,-1.0
0.102601,0.400014,-0.627204,-0.62077,0.342564,-0.553602,0.768359,0.019342,0.224683,-0.522144,0.036033,0.178603,0.089995,-0.473614,-1.0
0.09095,-0.522298,0.573218,0.712283,0.423391,0.520194,0.595789,0.166325,0.245561,0.353759,-0.104174,-0.487523,0.089719,0.514907,-0.898409
-0.649946,-0.648091,-0.750923,-0.432457,0.72637,-0.024161,0.57591,0.878288,0.515853,-0.028208,-0.256626,-0.185592,0.41076,0.200977,-0.984807
-0.955012,-0.387406,0.498033,-0.362572,-0.720551,0.026036,0.334409,0.565326,-0.294943,0.005087,-0.382363,-0.677285,0.235876,0.415244,-1.0
0.018601,-0.746534,0.285178,0.334241,-0.010265,-0.831653,0.095664,0.643512,0.015913,-0.137438,0.351658,0.862937,-0.042724,-0.560647,-1.0
-0.857934,-0.358808,0.269167,-0.034149,0.163824,-0.539299,0.098182,0.679715,-0.046053,-0.048578,-0.863501,0.192874,0.512628,-0.097011,-1.0
0.963179,-0.130979,-0.93691,-0.072491,-0.536432,0.050039,0.215512,0.237277,-0.193157,0.023627,0.808967,-0.036801,-0.458053,0.106489,-0.989943
-0.7711,-0.598695,-0.495669,0.377747,-0.511999,0.414859,0.60599,0.141836,-0.409861,0.324891,-0.024139,-0.351774,0.135516,0.46276,-0.994545
0.773859,-0.313179,-0.99803,0.630834,0.532514,-0.163415,0.722266,0.334098,0.556681,-0.276608,0.229812,-0.187061,-0.400842,0.261229,-1.0
0.614192,0.64491,0.461305,0.69051,-0.31919,0.555982,0.829689,0.79977,-0.378374,0.685176,0.155818,0.011314,-0.504355,-0.082112,-0.982639
0.291156,-0.813259,0.527844,-0.166479,0.032921,-0.651485,0.953214,0.884549,0.002174,-0.808193,0.016414,-0.104303,-0.409982,0.290122,-1.0
0.770565,-0.578978,-0.187698,-0.568194,0.107948,-0.843765,0.505562,0.266486,0.13127,-0.439599,0.461347,0.15821,-0.490774,-0.160258,-1.0
0.275185,-0.268622,-0.586688,-0.028509,-0.23187,-0.492476,0.56812,0.535628,-0.141909,-0.454079,0.31834,0.270635,-0.479896,-0.133877,-1.0
0.150252,0.237542,0.461059,-0.511356,0.79189,-0.274968,0.565121,0.100527,0.501986,-0.109435,-0.340104,0.304273,0.45851,-0.293209,-0.951386
-0.119699,0.428694,-0.316801,-0.632007,-0.079653,-0.179272,0.548617,0.489089,-0.12635,-0.465348,0.003267,0.473394,-0.030472,-0.489719,-1.0
0.489051,-0.003946,0.263686,-0.708197,0.535161,-0.491814,0.68651,0.174866,0.483731,-0.404142,-0.080964,0.300181,0.049884,-0.400023,-0.918918
0.327187,0.441887,-0.798534,-0.51642,0.788897,-0.734524,0.921842,0.113123,0.586573,-0.486081,0.011048,-0.049547,0.208103,-0.471493,-1.0
0.081475,-0.336771,-0.810914,-0.563507,0.486934,-0.602421,0.9374,0.603009,0.469169,-0.595131,-0.051278,-0.041736,0.406328,-0.232522,-0.998295
-0.002198,0.533331,0.149018,0.453911,0.993862,0.955571,0.897162,0.731065,0.50382,0.458526,0.00454,-0.091094,0.48899,0.159155,-1.0
-0.835328,0.28416,0.800108,0.114373,0.994644,0.926619,0.281349,0.905874,0.200011,0.261752,-0.67025,-0.293591,0.507512,0.04468,-1.0
0.313879,-0.923178,0.538476,-0.567583,0.981587,-0.713198,0.675161,0.640455,0.387112,-0.300006,-0.242547,-0.099282,0.532204,0.142537,-1.0
0.978406,-0.825034,-0.611278,-0.402281,0.844503,-0.705462,0.873902,0.30612,0.51843,-0.458312,-0.010303,-0.05107,-0.341093,0.37267,-0.995977
0.776875,-0.077214,-0.49391,-0.987321,-0.517069,-0.833795,0.507641,0.603776,-0.224388,-0.34525,0.431964,0.160777,-0.38113,-0.215251,-0.91108
0.568527,-0.049563,0.710593,-0.612477,-0.540625,0.759517,0.868764,0.733384,-0.335595,0.589579,0.098995,-0.096208,-0.309506,0.280231,-0.973839
0.019689,-0.128038,-0.525383,0.668572,-0.758234,-0.002085,0.963628,0.080629,-0.767675,0.008268,0.014345,-0.090976,-0.425532,0.077903,-0.987987
0.032235,-0.194425,-0.756842,-0.145676,0.723696,-0.376614,0.836802,0.925471,0.665264,-0.26402,-0.102729,-0.015575,0.495969,-0.126214,-0.942697
-0.190128,0.29025,0.612349,0.117456,-0.984145,0.916988,0.258859,0.991237,-0.10866,0.101304,0.561836,-0.443897,-0.367575,0.33034,-1.0
0.570682,0.64289,-0.938992,0.604385,0.271187,0.565045,0.222067,0.768503,0.08204,0.092383,0.803179,0.235641,-0.48299,-0.153105,-0.998053
-0.800723,-0.348787,-0.969084,-0.537723,0.049242,-0.557713,0.013367,0.515525,0.122611,-0.00778,-0.939414,0.251168,0.506702,-0.172444,-1.0
-0.690214,-0.933142,-0.673451,-0.843225,0.713215,-0.676139,0.38007,0.309905,0.206826,-0.162137,-0.609576,-0.153862,0.408137,0.096351,-1.0
0.440143,0.66047,-0.941834,0.344332,0.908153,-0.772463,0.45478,0.52225,0.313565,-0.256883,-0.251891,0.476851,0.180695,-0.45161,-1.0
-0.925917,0.716788,-0.715097,-0.405499,0.181094,-0.062473,0.385511,0.671438,0.314146,-0.090721,-0.470929,0.400749,0.387787,-0.206355,-1.0
0.398703,-0.6918,0.923603,-0.349455,0.040308,-0.05862,0.310536,0.944748,0.134098,-0.226649,0.315551,-0.549077,-0.330927,0.459251,-0.961907
0.16631,0.72674,-0.684743,-0.125411,0.970902,0.319231,0.583832,0.177575,0.412592,0.122096,-0.382307,0.184874,0.401734,-0.154121,-1.0
0.562311,-0.441832,-0.065909,0.28066,0.556378,-0.750173,0.319174,0.593637,0.074624,-0.234935,-0.033691,0.735164,-0.017876,-0.490792,-1.0
0.226876,-0.922419,0.878042,0.572384,-0.823673,0.7482,0.125945,0.806644,-0.087459,0.041569,0.387178,-0.763529,-0.270908,0.493909,-0.952375
-0.203204,0.87612,0.779751,-0.779282,-0.895333,0.698098,0.335177,0.790269,-0.348531,0.166177,0.615249,0.213823,-0.48835,-0.245728,-0.978936
-0.102619,-0.204275,0.235089,-0.988211,0.256172,0.854753,0.653727,0.52675,0.143263,0.521323,-0.118344,-0.339372,0.115856,0.557409,-1.0
0.495671,-0.846105,0.582408,0.6503,0.459277,0.89847,0.964768,0.472908,0.280973,0.664215,-0.014377,-0.112992,0.017583,0.54237,-1.0
0.276062,-0.426335,-0.673283,-0.594553,0.939969,0.318704,0.912742,0.932628,0.691392,0.343964,-0.040139,-0.038563,0.287959,0.38868,-1.0
0.633113,-0.739171,0.060901,0.989391,-0.664571,-0.489573,0.977608,0.466359,-0.645113,-0.512109,0.099896,-0.00434,-0.515818,0.12014,-1.0
0.853092,-0.186013,0.807956,-0.525966,-0.415592,0.785272,0.244854,0.25059,-0.048332,0.177309,0.580838,-0.597118,-0.378476,0.401038,-0.979655
0.772237,0.553764,0.696767,0.02215,0.958747,0.837632,0.973909,0.588825,0.569781,0.479598,-0.026039,0.026295,0.276962,0.352003,-0.970049
-0.576884,0.73205,0.65297,0.84722,0.645161,-0.097664,0.839741,0.497741,0.651575,-0.147145,-0.11898,0.137375,0.428298,-0.212606,-1.0
-0.293134,0.837011,0.269127,0.66446,0.8572,-0.222507,0.286668,0.090054,0.229597,0.005626,-0.558292,0.447947,0.346717,-0.404573,-1.0
-0.947553,-0.498276,0.459809,-0.727162,0.001286,0.982516,0.28157,0.24267,0.103382,0.299128,-0.353505,-0.7534,0.252189,0.400418,-0.867724
-0.382997,-0.710245,-0.58769,0.213808,-0.246281,0.991081,0.608703,0.814077,-0.113344,0.425604,-0.014698,-0.265922,0.055865,0.48199,-0.925009
0.512967,0.793672,-0.041322,-0.723844,-0.912979,-0.699278,0.207005,0.47368,-0.159137,-0.115816,0.556676,0.569325,-0.359551,-0.369899,-0.991924
0.577477,0.318488,-0.392261,0.17622,0.692642,0.523801,0.224413,0.503597,0.087582,0.093751,-0.333676,-0.625668,0.211601,0.297967,-0.87704
0.506076,-0.678112,0.992582,-0.543837,-0.098471,-0.541087,0.463042,0.392127,-0.127694,-0.374995,0.476318,-0.156553,-0.473134,0.125171,-1.0
-0.223862,-0.080223,0.882099,-0.731666,0.456992,0.525664,0.900651,0.471995,0.525308,0.55283,-0.034057,-0.01297,0.420517,0.310602,-0.942842
0.957698,0.101555,-0.367898,0.148163,0.404502,-0.052233,0.005546,0.590969,0.062411,0.009433,0.926573,0.278145,-0.437768,-0.257454,-1.0
-0.085208,-0.679474,0.599056,0.01314,-0.699829,0.831851,0.95111,0.636082,-0.512438,0.616482,0.072482,-0.086189,-0.125879,0.491677,-1.0
0.541553,0.812252,0.0107,0.22569,0.465288,-0.39814,0.323691,0.602564,0.160481,-0.133896,0.073619,0.681923,-0.055205,-0.482019,-0.959353
-0.576989,0.743937,0.050653,0.674266,0.073893,-0.252491,0.158905,0.068631,0.031466,-0.120639,-0.56098,0.646108,0.312491,-0.425167,-1.0
-0.832595,0.42627,0.189446,-0.415627,-0.684814,0.997745,0.965878,0.80778,-0.457087,0.645147,-0.024727,-0.049218,0.020455,0.482027,-0.957195
0.831736,0.642709,-0.089533,-0.806024,0.762259,-0.994913,0.723504,0.183086,0.373385,-0.421742,-0.002392,0.277262,-0.034119,-0.482622,-0.971478
0.255084,-0.670189,-0.197506,-0.40534,0.337303,-0.328769,0.320408,0.62167,0.194371,-0.196462,-0.076122,-0.735946,0.123004,0.457844,-1.0
0.261285,0.825573,0.519646,0.657269,0.489585,-0.385289,0.806406,0.669575,0.474923,-0.364418,-0.009573,0.190449,0.147774,-0.502124,-1.0
0.645542,-0.289625,-0.393438,-0.567494,0.664675,-0.034325,0.87765,0.729371,0.612638,-0.156415,-0.013575,-0.016987,-0.014327,0.4052,-1.0
0.047802,-0.929248,0.203253,-0.370523,0.71982,0.552568,0.878678,0.809326,0.508008,0.410777,-0.041722,-0.070273,0.230101,0.500145,-1.0
-0.819248,-0.164506,-0.943048,-0.146221,-0.771518,-0.127025,0.449617,0.363489,-0.322198,-0.131937,-0.470315,-0.508893,0.333854,0.341881,-0.989979
0.07912,-0.887728,-0.622392,0.562476,0.942341,0.469206,0.648819,0.621965,0.389769,0.194497,-0.246628,-0.278949,0.22101,0.432215,-0.972412
0.48426,-0.455584,-0.793171,0.029164,-0.544832,-0.962901,0.377947,0.354754,-0.058946,-0.289855,0.645235,0.312127,-0.477133,-0.199722,-0.933434
0.495121,-0.342387,-0.531026,0.68734,-0.90834,0.841347,0.489209,0.18312,-0.243515,0.337733,0.284296,-0.317726,-0.446956,0.350853,-1.0
0.682318,0.54221,0.315758,-0.830882,0.511354,0.423492,0.003216,0.261755,0.004112,0.028537,0.838934,0.471471,-0.362372,-0.345565,-1.0
-0.415848,-0.883573,0.298313,0.909742,0.805891,-0.118674,0.655348,0.672131,0.478143,-0.117144,-0.334541,-0.084863,0.459569,0.278588,-0.98385
-0.748595,-0.45125,-0.50411,-0.625832,0.918758,-0.912673,0.717968,0.044216,0.383842,-0.36106,-0.271969,0.083731,0.441798,-0.171306,-0.99686
0.853998,0.466753,-0.856823,0.937343,-0.594562,0.776639,0.698416,0.868728,-0.395377,0.443327,0.294905,-0.11716,-0.454419,0.086808,-1.0
0.939399,0.716806,0.898503,0.827945,-0.594897,0.391697,0.517514,0.512366,-0.341483,0.17824,0.477735,0.183376,-0.499783,-0.077527,-0.956215
0.481773,0.408283,0.64913,0.87368,-0.54016,0.491949,0.73107,0.830803,-0.373017,0.385882,0.303387,-0.030105,-0.454919,0.039241,-1.0
0.172957,-0.35657,0.271266,0.359753,-0.405804,0.141874,0.297142,0.988681,-0.242751,0.145722,0.467693,-0.502036,-0.365446,0.287395,-0.926065
-0.075896,-0.774028,-0.967147,-0.866724,-0.299976,-0.236976,0.135692,0.063078,-0.076074,-0.059158,0.330089,-0.793095,-0.235318,0.399885,-1.0
-0.369004,0.693826,-0.083361,-0.941666,0.493306,0.315129,0.593324,0.68345,0.378654,0.237192,-0.365888,0.178388,0.452585,-0.21173,-0.980916
-0.911603,0.341458,0.121015,0.920217,0.029123,0.39149,0.357078,0.771276,-0.007675,0.294595,-0.618192,-0.109457,0.473106,0.083006,-0.948844
0.762682,0.509699,0.297595,0.807628,0.174428,0.425708,0.133706,0.677522,-0.054107,0.153134,0.88487,0.032221,-0.543665,-0.040169,-0.947932
-0.042643,0.859299,-0.657953,-0.533492,-0.545616,0.474371,0.986329,0.503628,-0.512784,0.518662,-0.004394,-0.037171,-0.378357,-0.338383,-1.0
-0.240705,-0.178772,0.029751,0.671778,-0.860372,0.316713,0.522139,0.079639,-0.38964,0.238529,0.285354,-0.273009,-0.405387,0.377776,-1.0
-0.006632,0.920026,-0.551481,0.507656,0.21686,0.812549,0.025885,0.779879,-0.010208,0.022922,-0.952538,0.404399,0.413264,-0.116997,-0.982327
0.898316,-0.275144,-0.651232,0.973986,0.31099,0.222602,0.913254,0.794252,0.601896,0.470422,0.049248,-0.042431,-0.322839,0.37046,-0.9149
0.833961,-0.765984,0.758035,0.261133,-0.533351,0.706029,0.037438,0.921067,-0.058211,0.020168,0.640212,-0.69535,-0.295167,0.354454,-1.0
-0.126429,0.97746,-0.609195,0.501963,0.533739,0.30243,0.620563,0.274329,0.50521,0.202066,-0.138735,0.318336,0.341856,-0.456538,-1.0
-0.136361,0.937263,0.811951,0.5306,0.251999,0.343521,0.228395,0.873625,0.107357,0.15137,-0.474544,0.750902,0.288359,-0.474212,-1.0
0.3032,0.409255,0.519166,-0.815101,-0.44244,0.794694,0.184095,0.954509,0.003872,0.098401,0.693968,-0.374234,-0.501396,0.231805,-1.0
0.278379,0.278635,0.268911,0.382647,-0.034819,0.429443,0.669826,0.635278,0.012158,0.632502,0.300555,-0.14246,-0.407609,0.294565,-1.0
-0.646039,-0.593161,-0.73763,-0.581539,0.50224,0.929698,0.820671,0.188925,0.341078,0.52868,-0.086494,-0.167871,0.236913,0.34484,-1.0
0.3796,0.046567,0.639432,-0.715018,-0.882001,-0.351526,0.663844,0.927558,-0.440989,-0.258833,0.242619,0.126685,-0.498412,-0.149818,-1.0
-0.459345,0.938555,0.859785,0.980152,-0.879147,0.933344,0.97111,0.637395,-0.534732,0.540291,-0.024856,-0.039142,-0.45143,0.005552,-1.0
0.734922,0.916514,-0.752367,0.473615,-0.011093,0.639567,0.242195,0.765682,0.01267,0.111908,0.792686,0.203597,-0.521824,-0.155405,-0.976012
-0.461448,-0.605037,0.369651,-0.051839,0.287688,0.627247,0.29994,0.40276,0.123519,0.215763,-0.386982,-0.554683,0.24738,0.439604,-1.0
0.209598,-0.287798,-0.840324,0.441082,0.622315,0.877139,0.223302,0.024137,0.124387,0.055611,-0.217907,-0.722832,0.152147,0.395375,-0.876853
-0.686198,0.405692,-0.343156,-0.870829,0.198233,0.604072,0.481073,0.768973,0.153286,0.27155,-0.50175,-0.15478,0.556089,0.116537,-1.0
-0.513162,0.884883,-0.988545,0.691935,-0.153084,-0.572695,0.075149,0.7018,0.090031,-0.144223,-0.147757,1.0,0.185967,-0.535608,-1.0
0.623256,0.632893,0.012745,-0.042557,0.612777,-0.74889,0.106302,0.362848,0.023015,-0.036392,0.097768,0.91152,-0.068002,-0.461454,-0.986989
-0.086881,0.72756,-0.586956,0.436268,0.096799,-0.548291,0.517209,0.809532,0.120119,-0.404593,-0.046423,0.435083,0.006236,-0.446802,-1.0
0.236877,0.559957,0.786748,-0.027478,-0.669754,0.895898,0.912244,0.141656,-0.483522,0.542203,0.046623,0.048953,-0.523714,0.147585,-0.915474
-0.996363,-0.156905,0.169764,0.486046,0.484509,-0.629832,0.868234,0.798437,0.304639,-0.543335,-0.08419,0.091507,0.466489,-0.032794,-0.950033
0.421358,-0.713526,0.141875,-0.52835,0.09433,-0.380729,0.608579,0.673057,0.138599,-0.564335,0.232428,-0.242521,-0.362992,0.385727,-0.983736
-0.883718,-0.516483,0.178861,-0.291661,0.489952,-0.774876,0.063855,0.088821,0.043111,-0.102918,-1.0,0.233506,0.506072,-0.18665,-0.834074
0.852353,0.404112,0.71662,0.030292,0.22436,-0.842663,0.604591,0.243862,0.114652,-0.472548,0.145297,0.351557,-0.165476,-0.378086,-1.0
0.5175,-0.862806,0.919449,-0.453954,0.323924,0.894012,0.41137,0.837432,0.166348,0.337573,0.076647,-0.615147,-0.081217,0.501807,-0.963139
0.154881,0.887992,-0.84708,-0.757105,0.750033,0.686869,0.800852,0.333446,0.485072,0.412862,-0.307689,0.027852,0.56862,-0.200671,-0.980647
0.263763,-0.108915,-0.816717,-0.52801,0.564029,-0.85194,0.159486,0.057575,0.018255,-0.072736,-0.266019,0.771712,0.14689,-0.487519,-0.947783
-0.33817,0.352345,-0.970993,0.66243,-0.361277,0.736706,0.126436,0.726627,0.005773,0.017963,0.041633,-0.816662,-0.001852,0.481793,-1.0
-0.008733,0.429548,0.438265,-0.825862,-0.31983,0.606527,0.389597,0.503997,-0.070618,0.410193,0.491508,-0.285725,-0.403463,0.279317,-1.0
0.633913,-0.178889,-0.938405,0.309479,-0.085822,-0.127943,0.250656,0.255316,-0.132531,-0.157084,0.776655,0.011222,-0.51907,-0.025847,-0.924887
-0.89296,-0.981299,-0.014828,0.954863,-0.344043,-0.946438,0.1653,0.413336,-0.151708,-0.11481,-0.795684,-0.035383,0.477173,0.127977,-1.0
0.679837,0.997988,0.559599,0.251069,0.01618,0.478008,0.042755,0.153945,0.046985,0.031174,0.78631,0.54556,-0.391296,-0.348081,-0.932951
0.832048,-0.20682,-0.119356,0.119769,-0.578567,0.683519,0.856989,0.899972,-0.433664,0.475904,0.059167,-0.125627,-0.372527,0.243098,-1.0
0.754531,-0.319732,0.649605,-0.968548,-0.028449,-0.185081,0.507839,0.768325,-0.108474,-0.398808,0.452437,-0.085294,-0.451187,0.131657,-1.0
0.231469,0.187444,-0.853597,0.297613,-0.393541,-0.636533,0.301382,0.305595,-0.141683,-0.218647,0.421911,0.507227,-0.283003,-0.427613,-1.0
-0.719776,-0.784982,-0.291814,0.592563,-0.635811,0.13759,0.293853,0.857169,-0.250331,-0.008663,-0.059195,-0.739342,0.001658,0.544523,-0.964239
0.0104,0.296364,-0.3098,-0.499619,-0.755776,0.511325,0.30333,0.487593,-0.143587,0.118058,0.681051,-0.238606,-0.469261,0.162319,-1.0
0.651405,-0.621039,-0.572402,-0.593885,0.586527,0.862176,0.486146,0.85787,0.232577,0.320828,0.046412,-0.492019,-0.01013,0.516569,-0.988123
-0.720099,-0.232859,-0.255309,-0.712522,-0.217343,0.696621,0.150508,0.380168,-0.066289,0.103365,-0.405534,-0.678226,0.256364,0.38829,-0.956956
-0.548833,-0.963803,-0.9557,-0.083568,0.481744,0.149109,0.312084,0.421989,0.244803,0.105092,-0.499924,-0.486759,0.380891,0.376953,-0.980262
0.056063,-0.916823,-0.194283,0.329056,-0.228099,0.362453,0.630367,0.568935,-0.30425,0.450522,0.061918,-0.309208,-0.105158,0.486242,-0.972262
-0.406274,0.49312,-0.210204,0.393635,0.386057,0.13258,0.539736,0.227671,0.336594,0.051114,-0.405305,0.175661,0.452926,-0.203371,-1.0
-0.926227,-0.424387,0.933953,0.137313,-0.583035,-0.154887,0.089463,0.580104,0.007845,-0.031415,-0.686653,-0.570495,0.426159,0.367357,-1.0
-0.006486,-0.795838,0.945099,0.472107,-0.638292,-0.158181,0.076104,0.546573,-0.075112,-0.009593,0.593965,-0.623947,-0.288334,0.437766,-1.0
0.842906,-0.590004,-0.807918,-0.26046,-0.836293,0.010211,0.771962,0.09814,-0.642519,0.012329,0.14758,-0.074571,-0.446615,0.249898,-1.0
0.794362,0.523481,-0.823066,-0.333913,0.38417,0.957572,0.795992,0.527482,0.220642,0.547415,0.121202,-0.16772,-0.27878,0.305781,-1.0
0.103536,-0.698749,0.641133,-0.211665,-0.537434,-0.999387,0.04792,0.107939,-0.020839,-0.008422,0.74256,0.385758,-0.481214,-0.134728,-0.924387
-0.514699,-0.391109,-0.293884,-0.385091,-0.139991,0.825674,0.083556,0.719801,-0.013342,0.002638,-0.256808,-0.947351,0.140327,0.513788,-1.0
-0.705903,-0.480953,-0.013991,-0.947832,-0.277528,-0.287753,0.468033,0.884657,-0.208258,-0.25412,-0.517247,-0.244129,0.427157,0.270095,-1.0
0.351146,-0.13639,-0.56768,-0.959154,0.458214,0.467809,0.4899,0.779004,0.306491,0.243889,-0.064556,-0.524769,0.043364,0.528988,-0.967468
-0.74551,-0.684031,0.698657,-0.595987,-0.012255,-0.273463,0.810371,0.607329,0.027546,-0.62322,-0.233153,-0.148709,0.355328,0.217804,-0.930135
-0.858396,-0.288458,-0.261979,-0.560898,0.150239,0.642201,0.237902,0.308101,0.004772,0.140925,-0.517873,-0.506408,0.322302,0.338294,-1.0
-0.476538,0.262053,-0.501025,-0.164678,0.546031,0.091453,0.673606,0.610899,0.629246,-0.009111,-0.322656,0.205421,0.393356,-0.136759,-1.0
-0.361982,0.906389,0.345001,0.989481,0.96545,0.681089,0.878667,0.066744,0.630101,0.371473,-0.096416,0.084124,0.433802,-0.069141,-0.894949
-0.62755,-0.349933,-0.759419,0.954811,0.790743,0.138498,0.361813,0.035207,0.405013,0.10029,-0.591007,-0.194585,0.42945,0.172377,-0.967761
-0.173313,-0.902092,0.199343,0.349564,0.347885,0.680557,0.614154,0.991165,0.218552,0.323101,-0.112344,-0.499903,0.049793,0.531074,-0.953654
0.24441,0.106338,-0.806398,-0.0091,-0.58929,0.692707,0.905242,0.026117,-0.465959,0.46044,0.161579,-0.030825,-0.411637,0.346736,-1.0
0.796168,0.877649,0.913415,0.039003,-0.100527,-0.650115,0.585121,0.693094,-0.043079,-0.453062,0.211603,0.349427,-0.32801,-0.418119,-1.0
0.162097,-0.778696,0.16113,0.528115,-0.126509,-0.109811,0.167946,0.743333,-0.114468,-0.039988,0.302045,-0.759236,-0.214284,0.43363,-1.0
0.764143,0.672144,-0.493536,-0.921669,-0.692005,-0.600875,0.504911,0.283704,-0.315644,-0.374246,0.367729,0.323076,-0.315229,-0.347614,-0.952336
0.27924,0.646191,-0.045696,0.766496,-0.345078,0.752978,0.47415,0.815343,-0.180554,0.32858,0.510803,-0.136665,-0.55132,0.053677,-1.0
0.422728,-0.496915,-0.81357,0.226994,-0.85531,-0.171552,0.740935,0.554541,-0.613267,-0.135612,0.257358,-0.12194,-0.456018,0.076225,-0.983283
0.000685,-0.233438,0.939801,0.01621,-0.514227,0.956016,0.635968,0.071541,-0.256655,0.484647,0.18448,-0.333518,-0.195706,0.393972,-1.0
-0.066727,0.301263,0.389634,0.499512,0.478502,-0.354648,0.25654,0.515912,0.208076,-0.112853,-0.442114,0.563326,0.369407,-0.382189,-0.917958
-0.369689,-0.802187,-0.716233,0.128972,-0.223238,0.933179,0.431196,0.73335,-0.048785,0.319363,-0.032175,-0.666246,0.005734,0.488657,-0.969774
0.310498,0.946428,-0.585225,-0.751795,0.737884,0.247592,0.298618,0.491251,0.269419,0.150226,-0.334298,0.52794,0.298448,-0.427358,-1.0
-0.193739,0.877066,-0.562198,0.620029,0.741795,0.543987,0.434552,0.12239,0.361057,0.205437,-0.585498,0.171101,0.521176,-0.229806,-1.0
0.488623,0.970389,0.392991,0.894516,-0.664618,0.384039,0.889907,0.323072,-0.635691,0.399195,0.059549,0.063616,-0.453648,-0.286556,-0.961695
0.652205,-0.202005,-0.17957,0.721225,0.350578,0.668596,0.191722,0.973758,0.137092,0.206667,0.271342,-0.656232,-0.038117,0.388151,-0.90471
0.197505,0.567338,-0.430178,0.389574,-0.806383,0.399535,0.586598,0.979259,-0.38161,0.252061,0.479354,0.100346,-0.55405,-0.101391,-0.923018
0.402934,0.033367,0.714124,0.250771,0.082657,0.089513,0.340647,0.238267,0.054464,0.27538,0.619265,-0.081527,-0.469308,0.055724,-0.901091
-0.515617,0.959264,0.56355,-0.232721,0.120226,-0.034054,0.274176,0.150002,0.220862,-0.075064,-0.428693,0.527758,0.237732,-0.391749,-1.0
-0.999889,-0.216647,0.750943,0.054565,0.507379,0.120651,0.686913,0.333526,0.456243,0.123502,-0.216053,-0.079015,0.505818,0.152769,-1.0
-0.904847,0.328926,0.93205,0.558348,0.68801,0.228281,0.756955,0.352657,0.552623,0.292892,-0.191708,-0.033688,0.575828,-0.067912,-0.952109
0.116802,-0.070134,0.580333,0.725511,-0.409288,-0.86273,0.337285,0.052426,-0.116559,-0.189989,0.342549,0.516583,-0.199891,-0.435932,-1.0
-0.149295,0.266044,-0.106101,-0.205309,0.824828,-0.976517,0.496674,0.087413,0.2103,-0.299092,-0.310931,0.428789,0.231072,-0.335532,-1.0
0.29249,-0.295733,-0.738769,-0.998219,-0.192685,0.603025,0.628633,0.319163,-0.125679,0.550541,0.246856,-0.316344,-0.16321,0.502726,-1.0
-0.020491,0.100947,-0.809608,0.9483,-0.592303,-0.424644,0.362791,0.749889,-0.177957,-0.176118,0.41343,0.448215,-0.360974,-0.428128,-1.0
0.868363,-0.10573,-0.821858,-0.786616,-0.099425,0.086845,0.178819,0.833781,-0.077225,0.032472,0.786202,-0.099247,-0.536122,0.110611,-1.0
0.269955,-0.010895,-0.505827,0.532435,0.429419,0.583455,0.567267,0.924751,0.23037,0.397626,-0.107503,-0.405794,0.196196,0.4975,-0.939496
0.840707,-0.21374,0.32224,-0.057696,0.125156,0.238125,0.618985,0.970635,0.252285,0.378141,0.287135,-0.169227,-0.447474,0.320333,-1.0
-0.731642,0.395358,0.447287,-0.096889,-0.589217,0.717997,0.498326,0.874895,-0.344257,0.385623,-0.234476,-0.528896,0.191436,0.400602,-1.0
0.584908,-0.739879,-0.77227,0.529544,0.630314,0.063176,0.932371,0.438738,0.714444,0.155306,0.024453,-0.091433,0.060064,0.490734,-1.0
0.336285,-0.299855,-0.091135,0.154197,0.048596,-0.346455,0.149486,0.076199,0.034435,-0.131534,0.784486,0.124959,-0.545271,-0.19,-0.96618
-0.884516,0.569172,0.536347,-0.281038,0.368413,0.944863,0.804896,0.255237,0.229756,0.692778,-0.170595,-0.042285,0.423792,0.147895,-0.989607
-0.425689,-0.40601,0.987561,0.454293,-0.77952,-0.746739,0.600083,0.282973,-0.274272,-0.364266,0.255357,0.155946,-0.521021,-0.335875,-1.0
-0.169603,0.702381,-0.52216,-0.766284,0.744346,-0.377407,0.465762,0.881756,0.223728,-0.166087,-0.369635,0.337937,0.345792,-0.401673,-1.0
-0.888193,0.803312,0.254196,-0.140316,0.756351,0.681611,0.021449,0.059928,-0.040753,0.06198,-0.990138,0.025909,0.476235,-0.034285,-1.0
0.641895,0.147735,-0.485021,-0.235361,0.043696,0.8232,0.285444,0.424595,0.061943,0.204209,0.470934,-0.523517,-0.332391,0.41085,-0.888888
-0.237918,-0.352184,-0.989709,0.023719,-0.924607,-0.158161,0.89653,0.843483,-0.548398,-0.129447,0.092087,-0.11872,-0.483219,0.112501,-1.0
0.267007,0.996409,0.936116,-0.04598,-0.611147,-0.205542,0.868636,0.274539,-0.580065,-0.09914,0.128697,0.063957,-0.293637,-0.31792,-1.0
0.932172,-0.172539,0.594976,-0.878619,-0.735445,-0.388407,0.653498,0.846232,-0.462378,-0.250891,0.237124,0.000877,-0.528735,-0.117899,-1.0
-0.65072,0.84877,-0.110903,0.455061,-0.689401,-0.884723,0.00411,0.864928,0.015242,0.038657,0.093879,0.967002,0.043023,-0.546468,-1.0
0.373765,0.578254,0.259409,0.58552,0.273216,-0.780791,0.882854,0.913436,0.251708,-0.651475,-0.010989,0.125323,-0.018892,-0.507449,-0.894466
-0.402132,-0.696541,0.451998,-0.622864,0.457709,-0.844029,0.379642,0.811875,0.160836,-0.182799,-0.57445,0.160243,0.56442,0.000463,-0.981961
-0.886164,0.493714,0.2589,0.4592,0.484875,-0.534945,0.006485,0.113441,0.099517,0.006821,-0.806287,0.648971,0.46913,-0.267969,-1.0
-0.722612,0.66347,-0.696508,0.362606,-0.714253,0.585389,0.213961,0.545714,-0.112327,0.096492,-0.084817,0.828448,0.027934,-0.385945,-0.920704
-0.396311,-0.683995,0.57342,-0.243935,-0.428435,0.182436,0.201418,0.847155,-0.13884,0.049428,0.007584,-0.748288,-0.01583,0.542149,-0.958267
0.399516,0.085863,-0.243027,0.468044,-0.891827,-0.624279,0.629145,0.125526,-0.388144,-0.197973,0.327337,0.090568,-0.454856,-0.228766,-1.0
0.316199,-0.21156,0.168725,-0.445663,-0.455274,0.024082,0.087602,0.553809,0.018673,0.060014,0.883133,-0.154412,-0.459343,0.19189,-1.0
0.702802,-0.73752,0.700036,-0.68053,-0.867681,-0.846901,0.886356,0.543009,-0.462206,-0.423574,0.062328,-0.04447,-0.465755,-0.015676,-0.992276
-0.057423,0.170966,0.421056,0.601356,-0.241148,-0.228642,0.614404,0.884408,-0.345684,-0.397034,0.156554,0.258991,-0.320715,-0.488524,-1.0
-0.405884,0.891454,0.37629,0.203341,0.577119,-0.986569,0.838237,0.468869,0.327952,-0.518758,-0.009001,0.157508,0.287069,-0.432111,-1.0
-0.456477,-0.173296,0.285547,-0.879391,-0.959283,0.537956,0.387597,0.283442,-0.308625,0.119843,0.325374,-0.522191,-0.29272,0.481222,-0.931581
-0.275892,-0.817292,-0.884512,-0.377639,-0.349442,-0.982685,0.127394,0.55179,0.056755,-0.028887,0.38281,0.789626,-0.350629,-0.395429,-0.875926
-0.81085,-0.750752,0.771628,0.194735,0.301366,0.075506,0.592925,0.030332,0.547268,0.066249,-0.344786,-0.26314,0.459068,0.246394,-0.910516
0.60246,0.280214,0.127667,-0.810289,0.790338,-0.995593,0.224257,0.06506,0.086994,-0.076548,-0.065851,0.790508,0.062411,-0.484366,-1.0
-0.269134,-0.125333,0.301797,-0.44534,-0.084912,0.573505,0.411287,0.916977,-0.112033,0.412676,-0.239595,-0.592781,0.169151,0.433659,-1.0
0.552393,0.11911,0.147663,-0.830824,-0.092559,-0.338552,0.708582,0.849244,-0.263564,-0.599474,0.270304,0.176897,-0.43376,-0.28434,-1.0
0.790205,-0.158923,0.471338,-0.173828,0.587231,-0.951572,0.990825,0.001506,0.467585,-0.674917,-0.013191,0.081093,-0.121207,-0.535313,-0.997644
-0.529444,-0.782278,0.83779,0.606866,0.719984,0.414522,0.985052,0.650286,0.641807,0.393025,0.017633,0.008326,0.333514,0.378204,-1.0
0.029881,-0.320081,0.485933,-0.566868,0.438226,0.497604,0.756087,0.803185,0.422468,0.454169,-0.12682,-0.174714,0.219498,0.468462,-1.0
-0.160024,0.387925,-0.395333,0.988175,0.923475,-0.607507,0.748019,0.202453,0.533857,-0.333569,-0.200328,0.164457,0.325941,-0.386716,-1.0
-0.435336,-0.647784,0.774249,-0.633873,-0.146016,-0.568485,0.450668,0.294016,-0.060573,-0.353403,-0.521352,-0.085781,0.42667,0.090538,-0.911161
0.87442,0.84987,0.299932,0.336969,0.164045,-0.989687,0.807256,0.599996,0.123578,-0.591943,0.145345,0.249889,-0.21621,-0.356024,-0.924633
0.226673,0.836204,-0.740745,0.361224,0.679173,-0.347951,0.176927,0.830276,0.091836,-0.106716,-0.274002,0.762363,0.127931,-0.461297,-1.0
-0.250244,-0.996751,0.973501,-0.231675,-0.121781,0.240773,0.806878,0.596789,-0.333367,0.607759,-0.034941,-0.249493,0.004656,0.427159,-1.0
-0.056826,0.011284,0.559401,0.045258,0.773617,0.113991,0.41839,0.176262,0.355704,0.083464,-0.651471,-0.052559,0.498687,0.023212,-1.0
-0.379239,0.831697,0.135792,0.044868,-0.234835,-0.803177,0.995926,0.807252,-0.197728,-0.757631,0.060838,0.009155,0.088099,-0.462207,-1.0
0.931715,0.326216,-0.407085,0.343131,-0.999722,-0.323238,0.476263,0.474525,-0.328546,-0.207377,0.477798,0.251795,-0.486987,-0.117698,-1.0
-0.583307,0.664622,-0.351385,-0.933712,-0.886566,0.895514,0.584187,0.97737,-0.29827,0.360188,0.301256,-0.320504,-0.554364,0.31728,-0.974764
0.574995,0.255859,-0.965276,0.474914,0.848479,-0.987875,0.813664,0.946035,0.408564,-0.459417,-0.035472,0.095251,0.105266,-0.466148,-1.0
0.140042,0.497686,0.018058,-0.114738,-0.74508,-0.61761,0.271162,0.281253,-0.13003,-0.039744,0.509178,0.566823,-0.365942,-0.420185,-1.0
-0.361103,-0.574596,-0.543281,-0.96335,-0.892104,0.132119,0.352341,0.272345,-0.24463,0.038983,0.35109,-0.460021,-0.257074,0.400975,-1.0
0.390165,0.365236,-0.056737,0.203138,0.007206,0.693831,0.855086,0.102573,-0.074502,0.656153,0.181206,-0.075463,-0.35819,0.258499,-0.98389
0.149839,-0.402549,0.817704,-0.89614,0.649289,0.579581,0.049879,0.827225,-0.108401,-0.015075,-0.348787,-0.842123,0.240371,0.393459,-1.0
0.694987,0.645872,0.186151,0.164876,-0.819209,-0.412861,0.333392,0.322081,-0.170068,-0.099281,0.480118,0.384222,-0.37552,-0.213531,-0.878688
-0.471415,0.805674,-0.698782,0.732164,0.56334,-0.759623,0.673404,0.739181,0.382845,-0.383053,-0.241217,0.320177,0.28311,-0.28101,-1.0
0.60445,0.127191,-0.106666,0.984013,-0.657316,-0.003616,0.05856,0.936729,-0.022654,-0.023042,0.863494,0.067283,-0.564769,-0.03397,-0.991038
-0.948274,0.102605,0.481864,-0.669624,-0.152122,-0.280341,0.969867,0.65676,-0.4253,-0.673933,0.007806,-0.056908,0.449108,-0.14852,-0.983471
-0.325099,-0.960269,-0.310772,-0.728791,-0.26975,-0.530316,0.75167,0.937791,-0.343885,-0.562306,-0.041593,-0.139605,0.009747,0.482197,-1.0
0.861669,0.565886,0.344655,0.376462,0.574837,0.112048,0.664839,0.490287,0.517638,0.068835,0.278515,0.13766,-0.308274,-0.38159,-1.0
0.231695,-0.384534,0.988199,0.907225,-0.661819,-0.886039,0.22428,0.844435,-0.08175,-0.073982,0.66491,0.37078,-0.34274,-0.184428,-1.0
-0.571076,0.692325,0.647245,0.471464,0.653275,0.936462,0.042351,0.816661,-0.008416,0.006892,-1.0,-0.210412,0.488367,0.197813,-0.96123
0.521884,0.057062,-0.411164,-0.946243,-0.739184,0.745782,0.505893,0.719201,-0.239171,0.220074,0.390687,-0.129722,-0.446642,0.21135,-0.96722
-0.798312,0.513657,0.178519,0.576903,0.590823,0.110929,0.693296,0.719856,0.554475,0.109509,-0.347368,0.056806,0.502971,-0.138597,-1.0
0.652124,-0.036628,-0.424193,0.680354,-0.977687,-0.120148,0.181014,0.493027,-0.211038,0.011132,0.818035,0.123523,-0.36468,-0.066499,-1.0
0.668722,-0.406205,0.918441,0.593965,-0.985145,0.056398,0.923649,0.855876,-0.692049,0.01199,0.047922,-0.094565,-0.467447,0.145639,-0.975129
-0.194584,-0.913472,0.239517,-0.777036,-0.077943,-0.772324,0.640955,0.099956,-0.075163,-0.490375,-0.262912,-0.337813,0.327067,0.381196,-0.980497
0.340616,0.257594,-0.650504,-0.900615,-0.72042,-0.624738,0.62631,0.593346,-0.243609,-0.329964,0.353298,0.301912,-0.458137,-0.243062,-0.953607
0.111734,0.26935,-0.714424,-0.979068,0.39143,0.049297,0.342472,0.653904,0.316021,0.099191,-0.467753,0.46948,0.39345,-0.257772,-0.981833
0.555405,-0.286051,-0.733306,0.749847,-0.202668,0.686085,0.778426,0.906266,-0.183559,0.518029,0.209585,-0.153724,-0.362093,0.392107,-1.0
0.631299,-0.111694,0.49314,0.129264,-0.954026,-0.303479,0.168998,0.555444,-0.070862,0.026561,0.83704,0.162193,-0.428016,-0.09334,-1.0
0.710899,-0.986222,-0.594311,0.395513,0.955715,0.837893,0.024105,0.918743,-0.02573,0.067687,-0.090682,-0.981386,0.042645,0.42881,-0.985649
0.918487,-0.318687,0.79585,0.916492,0.07252,0.201856,0.730114,0.797478,0.223015,0.486439,0.213383,-0.201787,-0.417523,0.343615,-0.916854
0.108387,0.58185,0.440098,-0.662484,-0.159693,-0.677248,0.53249,0.893671,-0.155079,-0.371174,0.132585,0.450324,-0.086398,-0.540132,-1.0
0.24142,0.551698,0.104869,0.136996,0.210992,-0.909023,0.740442,0.821663,0.163149,-0.58196,-0.033352,0.282591,0.001648,-0.560131,-1.0
-0.847223,-0.644288,0.144042,-0.904653,0.582008,0.017267,0.264607,0.464695,0.218045,-0.093025,-0.622015,-0.227474,0.492375,0.157253,-1.0
-0.391454,-0.817223,0.495789,0.569898,-0.08304,-0.556686,0.334442,0.063587,-0.05935,-0.216323,-0.635796,-0.423295,0.332524,0.266944,-1.0
0.019009,0.010372,0.735128,0.253649,0.144944,0.483056,0.867633,0.969435,0.214172,0.676553,-0.01638,-0.158504,0.088471,0.475705,-0.990607
-0.887885,0.965318,0.497871,-0.510419,0.730323,0.174867,0.423263,0.004199,0.298035,0.128022,-0.503318,0.303075,0.417755,-0.21569,-1.0
0.972256,0.004624,-0.049049,0.530075,-0.895004,-0.934724,0.327772,0.182582,-0.154163,-0.203642,0.634015,0.306302,-0.400376,-0.223593,-0.964729
0.518008,0.059486,-0.460725,-0.860508,0.690261,-0.818301,0.549095,0.767101,0.236554,-0.263802,-0.140847,0.400587,0.101333,-0.525414,-0.965619
0.427104,0.805971,0.904861,-0.531199,-0.084838,0.709922,0.558304,0.300951,0.001164,0.328653,0.392116,0.170871,-0.463104,-0.152247,-0.990042
0.835305,-0.503217,-0.956354,0.443171,0.182059,-0.073728,0.108485,0.845236,0.067942,-0.0165,0.841959,-0.458609,-0.388709,0.296162,-1.0
0.58105,-0.056091,-0.97221,-0.476833,0.430264,0.25453,0.782664,0.268745,0.58473,0.256386,0.231966,-0.174519,-0.212274,0.389911,-1.0
-0.402017,0.722283,0.572534,-0.013996,0.644127,-0.899763,0.920851,0.434778,0.389816,-0.599117,0.079009,0.075268,0.293603,-0.461299,-1.0
-0.897187,0.525334,0.856435,0.375277,-0.905112,0.113086,0.080076,0.728616,-0.066405,-0.024392,-0.026476,0.923152,-0.024679,-0.407623,-0.899562
-0.621429,-0.621575,-0.875564,-0.84927,-0.094669,-0.164726,0.983135,0.378287,-0.361853,-0.640052,-0.030094,0.036973,0.344507,0.250696,-1.0
0.082443,0.772496,0.327021,-0.985962,-0.003446,-0.670527,0.70209,0.824183,-0.012314,-0.544674,0.02567,0.262474,-0.029553,-0.535051,-0.904587
-0.901545,-0.644303,-0.364409,0.881128,-0.582363,0.433412,0.191847,0.543793,-0.143548,-0.015735,-0.208143,-0.804332,0.132416,0.499659,-0.947827
-0.284495,-0.491818,-0.574565,-0.237612,0.741957,0.207496,0.668457,0.46489,0.386575,0.226174,-0.306223,-0.154374,0.459307,0.366651,-1.0
-0.312167,0.271029,0.838975,0.422783,0.046503,0.658818,0.390255,0.70416,0.022508,0.349861,-0.399076,-0.475772,0.393525,0.399435,-1.0
-0.400066,0.873113,0.047159,-0.05115,-0.450246,-0.755806,0.315599,0.681043,-0.215473,-0.226064,0.074441,0.673492,0.040479,-0.419811,-1.0
0.665335,-0.040232,-0.942633,-0.303059,-0.418887,-0.916481,0.412162,0.045257,-0.117555,-0.376068,0.500717,0.30017,-0.322095,-0.355335,-0.935168
0.87218,0.608426,0.116583,0.220082,-0.722849,-0.683196,0.181144,0.635014,-0.099131,-0.053939,0.545495,0.447211,-0.413639,-0.319241,-0.904211
-0.772839,-0.030761,-0.841247,0.893031,-0.453004,-0.746099,0.877622,0.495672,-0.410814,-0.634615,-0.073804,0.102022,0.208834,-0.500349,-1.0
0.673664,0.923364,0.178553,-0.144054,0.685821,-0.466769,0.769077,0.917336,0.560393,-0.242202,-0.014117,0.198448,-0.012269,-0.465344,-0.984135
0.106197,-0.131243,0.628043,0.331941,0.621145,-0.598554,0.496349,0.703875,0.251828,-0.348267,-0.496723,0.333109,0.312852,-0.28132,-0.932941
-0.337213,-0.623283,0.969349,-0.9783,0.237445,0.066748,0.885308,0.38981,0.664971,0.169601,-0.105701,-0.079572,0.392978,0.312471,-1.0
0.966102,-0.128542,-0.992791,-0.614744,0.952492,0.802309,0.421742,0.84904,0.313643,0.211861,0.05186,-0.6086,0.05584,0.460616,-0.865856
-0.246246,0.267248,-0.808469,-0.737329,-0.070776,0.251372,0.60901,0.094084,-0.156821,0.3956,-0.399858,-0.113165,0.451132,0.029895,-0.921612
-0.129345,0.935147,0.835929,-0.643025,-0.01937,-0.072123,0.074154,0.394205,0.016725,-0.054716,-0.156258,0.896427,0.106665,-0.548902,-1.0
0.767153,-0.454237,-0.182141,-0.023939,0.507156,0.728781,0.349784,0.269493,0.156852,0.178532,0.151882,-0.590593,-0.165539,0.518232,-0.985801
0.852749,0.758494,0.675866,0.612231,0.057301,-0.472657,0.344115,0.882712,0.046843,-0.312481,0.415214,0.531757,-0.229536,-0.509929,-0.987668
-0.077686,0.722483,-0.672048,0.302372,0.781305,0.936319,0.233317,0.398776,0.203096,0.153752,-0.760279,-0.141704,0.463524,0.129558,-0.997961
-0.290241,0.47111,-0.763809,-0.528001,-0.827561,0.816062,0.717294,0.602283,-0.353949,0.388479,0.287252,-0.138639,-0.457153,0.273164,-0.993643
0.004919,0.873998,-0.05852,0.07785,-0.258026,0.181628,0.575091,0.551335,-0.335307,0.220632,0.131911,0.362304,-0.183738,-0.390723,-0.920145
0.625252,0.038536,0.272804,0.102067,-0.41884,-0.383204,0.53554,0.803085,-0.317777,-0.291679,0.407742,0.174636,-0.424853,-0.114012,-1.0
-0.323509,0.679814,0.727195,-0.643041,-0.895814,-0.7515,0.684033,0.456015,-0.384172,-0.281576,0.11267,0.280297,-0.114486,-0.392582,-0.967442
-0.847869,0.694418,-0.017817,0.917804,0.99023,0.367235,0.838178,0.673002,0.603189,0.203267,-0.139526,0.068502,0.45492,-0.116535,-0.893172
-0.645258,0.162783,-0.532373,-0.242948,-0.030842,-0.071548,0.671298,0.097986,-0.165592,-0.50698,-0.327777,0.082425,0.530974,-0.198269,-0.970621
0.520091,0.61109,-0.135984,-0.881763,0.641891,0.050479,0.424759,0.706502,0.319634,0.019782,-0.052116,0.555246,0.178221,-0.511147,-1.0
0.575876,-0.324305,-0.374984,0.278905,0.92863,0.430232,0.607007,0.973892,0.466706,0.172225,-0.228169,-0.460248,0.267233,0.473634,-0.932224
-0.646145,-0.815242,0.490554,0.244777,-0.0458,0.137148,0.738175,0.795976,-0.103295,0.628672,-0.217712,-0.250294,0.318729,0.367847,-0.986263
0.208591,-0.013924,-0.356594,0.524495,0.745216,-0.80861,0.016965,0.62544,0.057662,-0.01466,-0.535563,0.741726,0.278112,-0.433962,-0.979158
-0.783573,-0.781669,0.785927,-0.906368,0.862173,0.123321,0.769219,0.71611,0.485324,0.126245,-0.216437,-0.094499,0.386049,0.256889,-1.0
0.761231,0.394648,0.906704,0.84446,0.207524,-0.766679,0.567434,0.095206,0.079295,-0.44818,0.243154,0.46728,-0.23168,-0.366177,-0.951076
-0.891497,-0.949901,0.489451,0.542875,-0.404763,-0.659279,0.149807,0.513344,-0.025245,-0.081924,-0.794309,-0.378897,0.447675,0.245277,-0.966148
0.507019,0.185572,-0.18478,-0.236457,-0.908027,-0.025523,0.762302,0.63483,-0.636692,0.049294,0.251446,0.134263,-0.55979,-0.07893,-0.976307
-0.934151,-0.769571,0.318622,0.605766,-0.759081,0.424669,0.962512,0.976093,-0.747062,0.324001,0.109925,-0.073879,0.074108,0.442937,-1.0
-0.261857,-0.921257,0.863997,0.926842,0.822879,0.362707,0.962503,0.536402,0.677952,0.336837,-0.002285,0.006328,0.40129,0.360336,-1.0
-0.519151,0.287837,0.205702,0.369472,0.561192,-0.75005,0.200681,0.337052,0.119945,-0.102807,-0.577736,0.517783,0.347743,-0.409409,-1.0
-0.594831,-0.999392,0.601778,0.300034,-0.623833,0.681843,0.042679,0.008531,-0.041632,0.016592,-0.022762,-0.936536,-0.078479,0.44839,-1.0
-0.90603,0.619122,0.445237,0.549809,-0.315143,0.143944,0.53302,0.194121,-0.393843,0.18095,-0.368606,0.286078,0.444621,-0.364787,-1.0
0.541486,0.538645,-0.348684,-0.152686,-0.5864,0.331782,0.885555,0.718953,-0.555486,0.369227,0.100126,0.052387,-0.462276,-0.125439,-1.0
0.884426,0.938416,0.062667,-0.486819,0.047012,-0.358797,0.766966,0.997483,0.169407,-0.702331,0.131077,0.181996,-0.249723,-0.350776,-0.94376
0.006806,0.106786,-0.260731,0.063689,0.654673,0.557099,0.522782,0.979248,0.277895,0.335886,-0.393487,-0.278163,0.408815,0.238425,-1.0
-0.600811,0.469128,-0.924971,0.948885,-0.58501,0.22996,0.665801,0.852822,-0.54372,0.205177,-0.038234,0.330724,0.001599,-0.535039,-0.984551
0.630814,0.316549,-0.975573,0.036856,-0.174489,-0.500355,0.901111,0.237723,-0.297313,-0.745378,0.007062,0.081377,-0.378613,-0.35116,-1.0
-0.584265,0.143056,0.186575,-0.160588,-0.9038,0.224476,0.27886,0.990466,-0.184307,0.044337,0.70884,-0.188593,-0.486927,0.135096,-1.0
-0.924734,-0.722692,0.094727,0.591461,-0.460534,0.878962,0.102514,0.494923,-0.061638,0.124326,-0.249262,-0.83719,0.236422,0.430613,-0.947056
0.572286,0.887601,-0.567809,-0.435446,-0.11299,0.23358,0.124432,0.49291,-0.0824,0.118945,0.547521,0.621945,-0.34251,-0.365751,-0.936538
-0.747289,0.414036,0.979286,-0.015731,-0.397252,0.24631,0.490552,0.210376,-0.402036,0.218366,-0.498798,0.227793,0.471712,-0.234879,-1.0
-0.502982,-0.787868,-0.274517,-0.527504,0.761031,-0.39886,0.980139,0.634792,0.708494,-0.275997,-0.103285,0.023906,0.48308,0.10334,-1.0
-0.989473,-0.783098,-0.610812,0.683665,0.853464,0.160016,0.659162,0.958759,0.498759,-0.042726,-0.328398,-0.154592,0.47746,0.234236,-0.969563
-0.840944,0.186019,-0.860953,-0.409625,-0.612294,-0.161433,0.407313,0.830093,-0.309301,-0.196177,-0.306155,0.509282,0.216554,-0.327086,-1.0
0.576551,0.479013,0.715865,0.629305,0.8136,0.285569,0.041984,0.701185,0.012306,-0.002501,-0.85188,0.605791,0.436632,-0.267515,-0.999209
0.101791,-0.242987,-0.609477,-0.257773,0.005167,0.744605,0.242658,0.993307,-0.035602,0.223793,-0.001809,-0.751534,-0.084444,0.413086,-1.0
0.586676,0.075519,-0.50227,0.456383,0.664805,0.843678,0.805476,0.514004,0.393044,0.439195,-0.048703,-0.297645,0.044906,0.500572,-0.983516
0.574297,0.922539,0.173625,-0.807722,-0.038379,0.129832,0.945239,0.638838,-0.18641,0.779257,0.069071,0.046317,-0.30961,-0.514423,-0.952356
-0.949152,0.973399,-0.579061,-0.211398,-0.799321,-0.260106,0.927352,0.248562,-0.70927,-0.289398,0.021356,0.081587,0.069619,-0.527898,-0.988596
0.402299,-0.936568,0.15531,-0.777126,-0.932661,-0.957852,0.82741,0.324115,-0.424292,-0.440094,0.141549,0.019743,-0.511737,-0.065571,-0.910614
0.916991,0.741803,0.130741,-0.57398,-0.859534,0.215467,0.469441,0.919623,-0.378115,0.08388,0.574369,0.120227,-0.498759,-0.078917,-1.0
-0.42291,0.301098,-0.325084,0.93969,-0.303702,0.564664,0.290683,0.483295,-0.1229,0.222801,-0.301343,-0.736431,0.29801,0.435344,-0.976602
-0.147975,0.678456,-0.633473,0.378106,-0.061898,0.857216,0.411277,0.80866,0.041868,0.344035,-0.286011,-0.513062,0.254997,0.46892,-0.940368
0.615959,0.071682,0.896266,-0.216226,-0.986469,0.130804,0.805875,0.115784,-0.657665,0.069055,0.202538,-0.10183,-0.630069,0.0609,-1.0
0.945938,-0.412199,0.339499,0.827634,0.837607,-0.068711,0.683511,0.168493,0.524426,0.003696,0.082095,-0.254786,-0.120459,0.445579,-0.992378
-0.626054,-0.619166,-0.47269,-0.2419,0.429446,-0.170044,0.48074,0.294706,0.33352,-0.123235,-0.457921,-0.243588,0.506658,0.12462,-0.890091
-0.106017,-0.921167,-0.162599,0.000423,-0.44656,0.339038,0.848991,0.973016,-0.522115,0.359247,0.021395,-0.207237,-0.040793,0.548988,-1.0
0.762949,0.994834,0.980088,-0.971697,0.760148,-0.974495,0.151582,0.255089,0.062481,-0.085582,-0.013071,0.778156,0.032486,-0.473671,-1.0
-0.33502,0.236285,-0.047291,0.295588,0.557609,-0.853119,0.611264,0.888616,0.242081,-0.385255,-0.200588,0.194393,0.370723,-0.38658,-0.970698
-0.42748,-0.856495,0.312729,0.125447,0.140322,0.209968,0.927027,0.094245,0.392396,0.603618,-0.070574,-0.086875,0.251895,0.411124,-0.973313
0.451633,-0.643552,0.362837,0.603039,-0.668617,-0.353348,0.096973,0.706586,-0.074102,-0.085098,0.950822,-0.242331,-0.436109,0.051489,-1.0
-0.498574,-0.790083,-0.450172,0.078504,0.201502,0.494574,0.429996,0.201629,0.109395,0.282277,-0.203181,-0.489536,0.220444,0.331106,-1.0
0.504664,0.144953,-0.296065,-0.25691,0.677627,-0.815321,0.521487,0.290024,0.293488,-0.316782,-0.072516,0.442821,0.106609,-0.468818,-0.994843
-0.18478,-0.426776,-0.479151,0.185362,-0.807718,0.234669,0.014431,0.396185,0.004468,0.039606,0.744884,-0.774362,-0.325494,0.408915,-1.0
0.000751,-0.194046,0.458455,0.709036,0.708374,-0.706348,0.94101,0.256094,0.539902,-0.561883,-0.004536,0.105015,0.44941,-0.362472,-1.0
-0.891694,-0.55268,0.230873,0.506112,-0.324144,0.85308,0.574013,0.651566,-0.177916,0.395652,-0.158427,-0.427985,0.177096,0.526171,-0.967581
-0.182677,0.634643,0.547386,0.117413,-0.262683,0.087247,0.284291,0.278819,-0.173714,0.023228,0.078892,0.717799,-0.068055,-0.470862,-0.985768
0.201968,-0.38095,0.026407,0.381033,0.982551,-0.909762,0.578376,0.972676,0.363022,-0.297286,-0.339931,0.157227,0.448328,-0.301688,-0.987684
-0.372652,-0.036188,0.24354,0.213155,0.173969,0.531946,0.662007,0.003461,0.195371,0.514853,-0.248489,-0.194736,0.264519,0.39718,-1.0
-0.978667,0.137555,0.78971,0.934945,0.256679,-0.440799,0.749974,0.065038,0.283813,-0.471498,-0.273242,0.032886,0.367319,-0.243923,-0.918856
0.095046,0.527491,-0.187105,-0.847116,0.719364,0.08249,0.506491,0.239934,0.402147,0.038704,-0.370022,0.258368,0.3857,-0.322352,-1.0
0.317963,-0.208858,0.188808,-0.293103,0.883913,-0.266534,0.088536,0.691382,0.009886,-0.038356,-0.833629,0.084828,0.499281,0.012662,-0.923807
-0.410276,0.526399,-0.410408,0.575798,0.392663,-0.512009,0.317582,0.059244,0.169245,-0.209982,-0.373522,0.655588,0.37529,-0.38869,-0.947689
0.17972,-0.653264,-0.371379,-0.712603,0.910839,0.38515,0.158586,0.395317,0.115022,0.050784,-0.598136,-0.750543,0.307051,0.386601,-0.995754
0.045508,-0.904439,-0.358436,0.017205,0.384321,-0.582147,0.758108,0.069078,0.292377,-0.506971,-0.248119,-0.147453,0.44004,0.417203,-1.0
0.302392,-0.062718,0.461553,-0.478657,0.089609,0.934342,0.106453,0.481217,-0.01661,0.054725,0.091326,-0.832127,-0.089996,0.505374,-1.0
-0.45699,-0.130307,-0.433733,0.764189,0.731493,-0.511554,0.190428,0.04195,0.179091,-0.118213,-0.770721,0.186818,0.423321,-0.142002,-1.0
0.500356,-0.8771,-0.028304,0.121804,0.463275,0.637694,0.657617,0.555957,0.322633,0.451081,0.074662,-0.312355,-0.023669,0.511593,-1.0
-0.89002,-0.624221,0.766241,-0.877105,-0.487432,-0.806717,0.964573,0.190835,-0.385805,-0.715938,-0.021039,-0.012932,0.407623,-0.285995,-0.936944
-0.724628,-0.467221,0.337892,-0.876634,-0.51955,-0.774521,0.047314,0.360023,-0.149005,0.054387,-0.517402,0.808076,0.243597,-0.413557,-1.0
-0.782796,0.460361,0.220154,-0.847266,0.138082,-0.396021,0.570781,0.112379,0.118138,-0.415553,-0.310293,0.360053,0.415269,-0.347265,-1.0
-0.418146,-0.725749,-0.671112,0.124582,-0.257518,0.970042,0.085228,0.8382,0.020139,0.101509,-0.019381,-0.853632,0.069499,0.443195,-1.0
-0.986441,0.798322,-0.4867,-0.336602,0.718803,-0.076598,0.12019,0.836582,0.062051,0.016413,-0.75279,0.323631,0.490877,-0.182192,-0.990337
0.47791,0.84619,-0.885413,-0.645075,0.533966,0.683758,0.521025,0.850245,0.263075,0.330105,-0.212007,0.455036,0.117478,-0.507297,-1.0
0.738835,-0.667283,-0.527297,-0.627555,0.593795,0.686505,0.341966,0.068651,0.254018,0.276757,-0.000427,-0.672035,-0.073562,0.526648,-1.0
0.542713,0.810921,0.229568,0.107423,0.451661,-0.086045,0.649209,0.590471,0.513536,-0.092268,0.036908,0.378091,-0.011545,-0.451656,-1.0
-0.801796,0.29956,0.211903,-0.915011,0.344818,-0.465378,0.718412,0.058562,0.324896,-0.390147,-0.174846,0.128681,0.326519,-0.198682,-0.957199
0.123448,-0.482285,-0.069947,-0.659626,-0.341538,0.252496,0.730355,0.208485,-0.401154,0.389887,0.169002,-0.231247,-0.280776,0.407214,-0.953491
0.213806,0.148083,-0.440408,0.15929,-0.162592,-0.788392,0.558587,0.168779,-0.086678,-0.4185,0.110563,0.382122,-0.224317,-0.342864,-1.0
-0.832557,-0.909506,-0.956811,0.515056,-0.046921,0.375894,0.810213,0.99272,-0.138844,0.686708,-0.071979,-0.112573,0.233778,0.423989,-1.0
-0.408244,-0.021908,-0.630784,-0.182033,-0.02414,0.008614,0.922281,0.404896,-0.742567,0.314346,-0.163718,-0.029609,0.579289,0.067387,-1.0
-0.573764,-0.240381,-0.643804,0.155849,-0.357724,0.164531,0.029536,0.992315,0.007376,0.075361,-0.509078,-0.832651,0.311044,0.399865,-0.959354
0.375178,0.533017,-0.158938,-0.186345,-0.953135,-0.68719,0.158039,0.593309,-0.112662,-0.066499,0.570001,0.477887,-0.352953,-0.308661,-1.0
0.228469,0.427213,0.233269,-0.924356,-0.628119,-0.36644,0.762545,0.434015,-0.54397,-0.320684,0.238894,0.10863,-0.395955,-0.355893,-0.955509
-0.689506,-0.067873,0.961003,0.059965,-0.305466,-0.367514,0.790388,0.637413,-0.434283,-0.525116,-0.148198,0.129013,0.400464,-0.281875,-0.993813
0.202007,-0.978846,-0.298794,-0.611197,-0.63476,0.395341,0.936475,0.086184,-0.665142,0.365142,-0.019569,-0.021824,-0.265223,0.456136,-0.974668
-0.004706,0.978889,-0.276888,0.308459,0.187705,-0.45899,0.841786,0.879887,0.175514,-0.524472,-0.001199,0.218138,0.140763,-0.466905,-1.0
-0.985582,0.94642,0.630729,-0.182502,0.161481,-0.870902,0.17172,0.568021,0.022467,-0.129437,-0.466185,0.717317,0.265855,-0.426305,-0.960294
-0.917337,-0.274699,0.303766,0.44856,-0.273047,0.683642,0.833655,0.94215,-0.29966,0.610913,-0.129529,-0.107339,0.279423,0.394615,-0.928842
0.850223,-0.212055,0.157097,0.295545,0.393035,-0.830578,0.136914,0.87453,0.014968,-0.037717,0.53832,0.695288,-0.374997,-0.389169,-0.979905
-0.331762,0.73568,-0.237411,-0.501621,0.817653,0.034641,0.708269,0.662227,0.562111,-0.011477,-0.350145,0.08868,0.488248,-0.325131,-1.0
0.544094,0.626379,0.80255,0.555914,-0.184996,0.144237,0.188708,0.999246,-0.051617,0.12908,0.668055,0.481207,-0.4051,-0.242103,-0.993016
-0.869654,0.08785,-0.485097,0.240018,0.887147,0.052112,0.977857,0.022336,0.746821,0.076397,-0.007728,-0.007142,0.446995,0.025099,-1.0
0.986973,0.977296,0.550952,0.648761,0.940551,-0.928893,0.753029,0.823503,0.434635,-0.480627,0.048582,0.246461,-0.007468,-0.543178,-1.0
0.47874,-0.283009,0.407906,-0.77047,-0.726874,-0.984626,0.449779,0.695568,-0.161062,-0.299618,0.505312,0.200172,-0.359953,-0.287307,-0.945358
0.342664,0.30633,-0.124606,0.998554,0.893551,-0.58535,0.122074,0.67772,0.065924,-0.047667,-0.440579,0.725777,0.265106,-0.456329,-0.9674
-0.73342,-0.220914,0.20716,0.126646,-0.978944,-0.38863,0.528778,0.34684,-0.436531,-0.280891,0.443226,0.355941,-0.47068,-0.240932,-1.0
0.589383,0.270815,0.094784,0.101013,-0.376248,-0.338929,0.091419,0.944667,-0.031467,-0.054151,0.780092,0.455229,-0.369622,-0.195664,-0.920715
0.933691,-0.32458,0.60416,0.410407,0.365842,-0.348891,0.954736,0.407668,0.503469,-0.489409,0.031648,0.030124,-0.53109,-0.084512,-0.956915
0.99437,0.458243,0.769504,-0.381984,-0.428065,-0.741034,0.761335,0.41295,-0.237211,-0.505747,0.215107,0.220294,-0.375926,-0.447157,-0.980138
0.237475,0.40633,-0.138991,0.747278,-0.728686,0.287563,0.932188,0.118468,-0.675823,0.195144,0.065188,-0.003257,-0.424977,-0.04368,-0.973987
0.434299,0.46538,-0.323373,-0.876553,0.060806,0.731845,0.911743,0.297822,0.023997,0.726026,0.029004,-0.051044,-0.410705,0.274947,-1.0
-0.495411,-0.714144,0.709418,0.908555,-0.185592,0.542639,0.767908,0.635405,-0.177763,0.568455,0.027107,-0.200457,0.148942,0.429,-1.0
-0.846043,-0.607785,-0.092348,-0.668754,0.094579,0.695612,0.573021,0.395162,-0.027107,0.491659,-0.351674,-0.340507,0.23188,0.347674,-0.992105
-0.838132,-0.3452,0.210974,-0.53264,-0.353573,0.3244,0.755421,0.988535,-0.444004,0.459233,-0.144061,-0.327359,0.376076,0.426111,-1.0
-0.106096,0.305464,0.103999,-0.719029,-0.318396,0.983475,0.708891,0.760478,-0.103433,0.55137,0.072983,-0.26038,-0.088128,0.528765,-1.0
0.343969,-0.676207,0.18444,0.368818,-0.345683,0.966509,0.167692,0.72176,0.029984,0.122795,0.284882,-0.846214,-0.173189,0.358608,-1.0
0.403475,-0.285205,-0.327916,0.855647,-0.704771,0.394759,0.349395,0.424152,-0.218084,0.119026,0.595683,-0.255757,-0.429354,0.273711,-1.0
0.870422,-0.869271,0.808448,-0.265742,0.700194,0.952826,0.50765,0.148948,0.277858,0.282552,0.031587,-0.5315,0.01176,0.460014,-1.0
0.913879,-0.426505,-0.216095,0.733738,0.923626,0.927613,0.778715,0.49461,0.354403,0.397676,0.090254,-0.25846,-0.010925,0.521791,-1.0
-0.61293,0.58142,0.489631,0.189471,-0.825544,-0.260913,0.006332,0.242421,-0.019374,-0.02935,0.157803,0.977504,-0.110628,-0.449623,-0.911837
-0.084535,0.521324,-0.895117,0.59637,-0.825055,0.460948,0.154364,0.944454,-0.125985,0.070578,0.838795,0.05636,-0.434197,-0.0286,-0.994497
0.132503,0.532907,-0.369397,-0.095989,-0.457167,-0.644043,0.529095,0.941402,-0.205367,-0.297154,0.282423,0.460591,-0.229969,-0.436184,-1.0
-0.435481,0.201812,-0.875381,0.896751,0.874161,-0.369719,0.005239,0.205967,-0.023072,0.036309,-0.937504,0.502454,0.369769,-0.19968,-0.996621
-0.039729,-0.682777,-0.196816,-0.222639,0.684784,-0.443419,0.628708,0.966333,0.383474,-0.244635,-0.336052,-0.050805,0.474978,0.17026,-0.995977
0.021151,-0.282915,0.580634,-0.903141,-0.078753,0.162802,0.857883,0.303273,-0.349352,0.631912,0.060374,-0.208066,-0.067954,0.483898,-1.0
0.98209,-0.942232,0.459456,0.514496,-0.343655,-0.085786,0.76891,0.543726,-0.630198,-0.124024,0.182871,-0.11405,-0.405626,0.355452,-1.0
-0.708768,0.340089,-0.431298,-0.113061,-0.074159,-0.805789,0.011803,0.658394,-0.022067,0.0908,-0.441394,0.921885,0.228795,-0.41842,-1.0
-0.954494,0.25518,0.491987,0.615915,-0.166866,-0.302689,0.274922,0.230727,-0.00923,-0.104908,-0.554632,0.404256,0.364516,-0.252618,-1.0
0.982618,0.327142,0.275095,-0.088009,0.816194,-0.228528,0.153395,0.322923,0.131095,-0.034895,0.231034,0.85178,-0.121363,-0.51742,-0.97901
-0.630964,0.272755,-0.12212,0.875721,0.84566,0.660086,0.577198,0.480207,0.440474,0.263036,-0.34519,-0.20222,0.516315,0.093611,-0.983929
0.186878,-0.085106,0.78869,-0.118193,0.706737,0.081776,0.253873,0.417396,0.301546,0.030266,-0.684942,-0.240001,0.519285,0.104334,-1.0
-0.946545,-0.230783,-0.655878,0.194202,-0.954032,0.612418,0.067598,0.522264,-0.107455,0.088818,-0.014197,-1.0,0.00917,0.448861,-1.0
-0.013609,-0.65092,0.799293,-0.77097,0.469345,-0.370966,0.266962,0.402653,0.163336,-0.127472,-0.519026,-0.349374,0.393729,0.209378,-0.930305
-0.122071,-0.303298,0.770283,0.509337,0.539294,-0.134826,0.852731,0.042843,0.652121,-0.120901,-0.172914,0.119761,0.578516,0.176484,-1.0
0.852781,0.901262,-0.984794,-0.485951,0.003612,0.486951,0.68501,0.784831,-0.041585,0.572067,0.277756,0.170844,-0.421252,-0.205808,-1.0
-0.483371,0.095873,-0.978038,0.727548,-0.591434,0.433887,0.42913,0.881183,-0.200993,0.164435,0.167451,-0.488493,-0.181315,0.537716,-0.973036
-0.153625,0.459666,-0.940699,0.840438,-0.486547,-0.817406,0.23906,0.38069,-0.09142,-0.179545,0.132728,0.777539,-0.071495,-0.451229,-1.0
-0.5033,0.024637,0.449622,-0.201706,-0.116881,-0.761448,0.096165,0.481456,0.070914,-0.024206,-0.364686,0.768898,0.193603,-0.487276,-0.888445
-0.715742,0.671611,-0.761905,0.224654,0.56664,-0.590883,0.236172,0.684664,0.115232,-0.120076,-0.514682,0.58397,0.351409,-0.314743,-1.0
-0.460926,0.00296,-0.353617,0.737308,0.791258,-0.765114,0.983482,0.921812,0.569684,-0.544863,0.000141,-0.017976,0.486049,-0.239433,-0.907505
0.824117,0.290828,-0.834873,-0.679896,0.113516,0.990801,0.218102,0.647224,0.058885,0.116092,0.545431,-0.58658,-0.345378,0.328618,-0.98014
0.892606,0.496239,-0.474881,0.194024,0.823509,0.622476,0.734206,0.583559,0.480214,0.374632,0.228177,-0.235605,-0.175416,0.491429,-1.0
-0.496602,-0.802101,-0.751926,-0.610153,-0.977204,-0.211262,0.970711,0.731349,-0.704651,-0.102856,-0.030999,0.070326,-0.325286,0.396129,-1.0
0.937989,-0.047949,0.682064,-0.219645,-0.890053,-0.758853,0.761792,0.696806,-0.443116,-0.292102,0.147742,0.108221,-0.548134,0.005851,-0.933215
-0.702953,0.147267,-0.464057,-0.490629,-0.210068,0.970535,0.86765,0.901477,-0.13795,0.551193,-0.186147,-0.11609,0.181896,0.359882,-1.0
0.802861,-0.739761,0.716203,-0.385462,0.130415,0.165089,0.068528,0.176884,-0.038876,-0.019797,0.528406,-0.745706,-0.264194,0.428786,-0.936637
0.174821,-0.848188,0.742314,0.647354,-0.257566,0.778735,0.850808,0.435203,-0.224278,0.770533,-0.060548,-0.171486,-0.171855,0.444494,-0.983689
-0.167625,0.432289,-0.132316,-0.675335,0.838726,-0.114218,0.773191,0.592152,0.562431,-0.088808,-0.227472,0.060714,0.463511,-0.236218,-1.0
0.297521,-0.715361,-0.020224,0.616765,-0.08831,0.263053,0.846697,0.317893,-0.204411,0.635342,0.109921,-0.124287,-0.264936,0.449244,-0.952685
0.872082,0.265749,0.651267,-0.4253,0.656512,0.754854,0.592696,0.885055,0.300041,0.392747,0.093044,-0.366851,-0.215397,0.442208,-0.96952
-0.318319,0.995541,-0.10226,0.40363,0.78783,-0.000708,0.561193,0.200818,0.398693,-0.006869,-0.338509,0.308505,0.363077,-0.475105,-1.0
0.032739,-0.044265,0.501289,0.655095,-0.584505,-0.71893,0.883916,0.191918,-0.434491,-0.591524,0.106705,0.018942,-0.358696,-0.381066,-1.0
-0.068064,-0.372751,-0.148711,-0.299125,0.713966,-0.19524,0.392357,0.811421,0.244346,-0.08225,-0.648132,-0.132129,0.512185,0.081051,-1.0
0.338853,0.751377,0.621836,-0.978299,0.606125,-0.263989,0.910995,0.809483,0.631655,-0.304114,-0.032668,0.012981,0.14156,-0.473983,-1.0
0.521221,0.577413,0.702685,-0.406299,-0.053101,-0.317276,0.390542,0.349769,-0.016836,-0.344226,0.270149,0.51495,-0.344667,-0.413705,-0.978821
0.445723,0.987668,0.193613,-0.897675,0.549791,0.765499,0.410612,0.297033,0.257232,0.236291,-0.189472,0.561245,0.242928,-0.487313,-1.0
0.858114,0.786506,-0.919841,0.11958,0.052441,-0.67358,0.33725,0.457866,0.002649,-0.288281,0.333844,0.59594,-0.254751,-0.41294,-1.0
0.038229,0.402761,-0.923276,0.258132,0.855792,0.794659,0.35533,0.724284,0.173734,0.155028,-0.611043,-0.275626,0.362877,0.21352,-0.903323
0.237848,-0.153924,-0.336549,0.819669,0.335046,-0.146655,0.255867,0.95673,0.139009,0.073707,-0.779604,-0.051504,0.51712,0.086084,-0.94849
-0.875074,-0.749738,0.568923,0.733777,0.965806,0.628932,0.469202,0.832764,0.296761,0.237996,-0.446767,-0.307799,0.377471,0.26115,-1.0
0.999867,0.425205,0.003596,0.351127,-0.446777,-0.238157,0.684947,0.643797,-0.445772,-0.239809,0.284134,0.117403,-0.453062,-0.167054,-0.927083
-0.558214,0.598067,0.232461,0.383951,0.534831,0.702141,0.581381,0.143012,0.256734,0.305481,-0.485859,-0.069167,0.440225,0.137819,-1.0
-0.692327,-0.342936,0.143299,0.724332,-0.490342,0.572233,0.974456,0.665299,-0.454471,0.573906,-0.075274,-0.09021,0.076265,0.510735,-1.0
-0.982195,0.383767,-0.281665,-0.118139,-0.148464,0.173235,0.154169,0.904438,-0.046073,0.194004,-0.870067,0.337986,0.38469,-0.119602,-1.0
0.649038,0.515176,-0.494707,0.148215,-0.204947,0.954645,0.708447,0.875163,-0.098605,0.540102,0.261864,-0.095974,-0.422587,0.229439,-1.0
-0.799508,0.850081,-0.356587,-0.555195,0.248097,-0.043644,0.33885,0.872532,0.280098,-0.098769,-0.538483,0.329106,0.366429,-0.435105,-0.995025
0.509431,-0.01324,0.642435,0.854516,0.99212,-0.989905,0.885646,0.54848,0.539424,-0.422733,0.00049,0.147828,0.23444,-0.557704,-1.0
0.248012,0.990972,0.079188,0.762207,-0.302713,-0.908962,0.349144,0.267937,-0.077836,-0.198216,0.172311,0.724524,-0.251873,-0.445511,-1.0
-0.297189,-0.268886,-0.933981,-0.022205,0.605682,-0.654531,0.068729,0.96038,0.019321,-0.025969,-0.903589,0.306109,0.506911,-0.085133,-1.0
0.203404,-0.461991,0.563389,-0.313357,-0.773014,0.01944,0.041611,0.076498,-0.058683,0.050032,0.908406,-0.424559,-0.485726,0.195407,-1.0
-0.510381,-0.028351,-0.450642,-0.127282,0.299726,-0.864872,0.473106,0.734722,0.053517,-0.391005,-0.448331,0.474687,0.306422,-0.354578,-0.969392
0.153453,-0.87857,-0.318566,-0.003924,0.585246,-0.633868,0.184147,0.807207,0.103207,0.009823,-0.632209,-0.451158,0.359899,0.305154,-1.0
0.693396,0.950322,-0.326513,0.660119,0.511903,0.687936,0.070116,0.934649,0.068934,0.054303,0.553522,0.822711,-0.304118,-0.497188,-0.925194
-0.801585,-0.001275,-0.682311,-0.349774,-0.114593,-0.53937,0.49604,0.235135,-0.029777,-0.358338,-0.456696,0.358006,0.352098,-0.36722,-0.927544
-0.586127,-0.366146,-0.113916,0.727223,0.277672,-0.836109,0.797666,0.539765,0.116811,-0.699332,-0.20667,0.212072,0.431041,-0.252391,-0.927923
0.86349,0.002372,0.283583,0.453676,0.626536,0.771422,0.304774,0.522521,0.131329,0.184299,0.153557,-0.732157,-0.210481,0.431224,-1.0
0.961161,-0.241521,-0.903017,0.706493,0.872184,0.149794,0.933037,0.957178,0.701849,0.141186,0.035833,-0.064981,-0.157046,0.498467,-0.917101
-0.816431,-0.985201,-0.814823,0.834152,0.529346,0.8808,0.967042,0.862795,0.294868,0.717112,-0.003583,-0.032136,0.232784,0.397739,-0.988981
0.38266,0.253374,-0.886227,0.148468,0.08301,0.986028,0.385874,0.488989,0.006633,0.279909,0.258924,-0.513311,-0.122594,0.522063,-1.0
-0.846595,0.05335,-0.486062,0.235285,-0.890176,-0.275097,0.154817,0.604432,-0.067456,0.023616,0.107097,0.857724,-0.020298,-0.481332,-0.938875
0.066814,0.545387,-0.318332,0.752516,-0.44384,0.474568,0.015555,0.468579,-0.036378,-0.025067,1.0,0.12913,-0.431208,-0.050251,-1.0
0.325418,0.387171,-0.966044,0.777057,0.407971,-0.255439,0.260778,0.152704,0.14271,-0.151351,0.021853,0.792232,0.102505,-0.548669,-1.0
-0.166503,0.920262,-0.074882,-0.372439,-0.620092,0.000959,0.345157,0.637775,-0.236398,0.054547,0.216394,0.602113,-0.148252,-0.512823,-0.974363
0.668145,0.716113,0.286269,0.651137,-0.927168,0.077119,0.578717,0.238039,-0.420986,0.062191,0.433519,0.1943,-0.4962,-0.21484,-1.0
-0.414057,0.474678,-0.743194,0.583787,-0.809578,0.953407,0.171839,0.304591,-0.070525,0.140678,0.464777,-0.605345,-0.398741,0.370965,-1.0
-0.116156,0.495662,0.401681,0.727441,-0.847883,0.795552,0.054839,0.254951,0.046415,0.05396,0.878965,-0.345008,-0.510624,0.224881,-0.977129
-0.995289,-0.753303,0.651568,-0.636383,0.879259,-0.037792,0.242012,0.047492,0.201109,0.049436,-0.68359,-0.266013,0.51072,0.129959,-0.960907
-0.201293,-0.867649,-0.129422,-0.437249,-0.076512,0.003282,0.167265,0.241543,-0.212339,-0.012064,-0.138811,-0.892427,0.100687,0.490092,-1.0
0.339596,-0.893899,-0.464082,0.676212,0.873154,0.307689,0.108914,0.566784,0.123425,0.04037,-0.469216,-0.7711,0.239861,0.413657,-1.0
0.006976,0.022487,0.6231,-0.453825,0.495095,-0.018805,0.671487,0.799539,0.507957,0.000953,-0.285383,0.071905,0.494176,-0.016716,-0.974147
-0.729074,-0.283755,-0.001904,-0.702591,0.081525,0.708591,0.548259,0.994113,0.096149,0.406298,-0.292275,-0.294765,0.303192,0.336005,-0.952119
0.106864,-0.122687,-0.471357,0.978868,0.497372,-0.142004,0.769563,0.536018,0.567889,-0.295551,-0.286393,0.009205,0.574105,-0.01427,-1.0
0.628978,-0.612482,0.153028,0.931092,-0.746873,0.660878,0.257017,0.438696,-0.197771,0.20648,0.523147,-0.530781,-0.319826,0.314162,-1.0
0.553371,0.160626,-0.290799,0.752325,-0.893061,-0.707652,0.171675,0.874896,-0.064912,-0.041607,0.612198,0.467602,-0.409079,-0.282407,-0.951863
0.898464,-0.027609,-0.047915,-0.592852,0.664893,0.972584,0.827316,0.853514,0.378328,0.560909,0.05821,-0.081673,-0.070066,0.401488,-0.996601
-0.635782,-0.95761,-0.08784,-0.977898,-0.692137,0.167314,0.881451,0.7248,-0.734912,0.108982,-0.104189,-0.163054,-0.034816,0.48623,-0.974425
-0.294105,-0.20962,-0.640518,-0.033576,0.313724,-0.312305,0.953416,0.516913,0.532243,-0.592061,-0.049693,0.023875,0.491301,-0.140366,-0.963167
-0.250639,-0.332195,-0.24971,0.216882,0.249861,-0.443927,0.989447,0.174228,0.386881,-0.683007,0.032913,0.024633,0.44832,-0.076349,-0.920723
-0.109218,-0.142826,0.810105,-0.799599,0.150703,-0.736808,0.528441,0.888257,0.058277,-0.469972,-0.223032,0.502383,0.241654,-0.446088,-1.0
-0.337467,0.665651,-0.80615,0.810261,-0.816491,0.333053,0.87125,0.288467,-0.654506,0.306879,0.11755,0.115653,-0.337706,-0.292143,-1.0
0.942604,-0.779859,-0.945821,0.779001,-0.113768,0.990967,0.313433,0.779832,-0.030555,0.245429,0.397814,-0.653792,-0.220428,0.470954,-0.941204
-0.126876,-0.718293,-0.656696,-0.530497,-0.647054,0.255737,0.13883,0.019466,-0.016311,0.050693,0.495931,-0.793143,-0.184718,0.413063,-1.0
0.258772,0.366136,-0.905678,-0.152126,0.650506,-0.189515,0.262543,0.931649,0.162884,-0.089366,-0.428882,0.599744,0.291289,-0.490199,-1.0
-0.310594,0.721384,-0.435735,-0.021306,-0.099573,0.833863,0.372315,0.116515,-0.095192,0.277087,-0.533024,-0.250956,0.383061,0.260001,-0.985414
0.041733,-0.42471,0.124294,-0.527916,-0.927525,-0.706133,0.994736,0.006324,-0.714339,-0.379833,-0.054518,0.08049,-0.407423,-0.161951,-0.878487
0.37123,0.345089,0.295152,-0.413457,0.013773,-0.916109,0.112987,0.787984,0.068404,-0.003075,0.224046,0.804218,-0.152728,-0.489454,-1.0
-0.733554,0.332933,-0.330117,-0.905489,0.401329,0.574517,0.138333,0.876659,0.063996,0.029031,-0.755154,-0.167721,0.370051,0.112952,-1.0
0.366303,0.585426,0.377764,0.695189,0.04915,0.164529,0.218552,0.242561,0.137324,0.18111,0.538752,0.54252,-0.302642,-0.437287,-1.0
-0.333225,0.737546,0.889383,0.88453,-0.903556,-0.827575,0.114366,0.246358,-0.12156,-0.076059,0.314664,0.888958,-0.185041,-0.458398,-1.0
-0.023541,-0.018442,-0.39868,0.807884,-0.126234,-0.194019,0.941789,0.346374,-0.431505,-0.570445,0.019067,0.088834,-0.224263,-0.419275,-1.0
0.811138,-0.892652,-0.971228,0.404392,-0.24431,0.469649,0.16779,0.224532,-0.10901,0.190015,0.555081,-0.607614,-0.347215,0.333783,-1.0
-0.550733,-0.150281,-0.081654,0.429497,0.532766,0.136854,0.806643,0.364838,0.592146,0.136809,-0.216251,-0.084478,0.535157,0.092685,-1.0
0.617192,0.153509,0.000193,0.319384,0.654289,-0.548118,0.053804,0.610283,0.054164,-0.015588,-0.075204,0.920861,0.12061,-0.538891,-0.982563
-0.251334,-0.824294,0.606263,0.186609,-0.567841,-0.91497,0.901373,0.444907,-0.356642,-0.589776,0.05597,0.059177,-0.446241,-0.10364,-1.0
-0.561797,0.446249,0.047333,-0.711338,0.158562,0.179577,0.169019,0.173347,0.035982,0.234042,-0.693453,0.263705,0.446195,-0.130315,-0.903055
0.446199,-0.714438,-0.875441,-0.568272,0.199173,0.345226,0.703225,0.245515,0.216529,0.502387,0.205059,-0.212709,-0.132652,0.528058,-0.972545
-0.71815,-0.058163,-0.278535,0.43876,0.895685,0.026052,0.240583,0.346579,0.199247,-0.007967,-0.768084,0.003037,0.44292,0.013702,-1.0
0.918282,-0.459204,0.767777,-0.93882,-0.752504,0.50115,0.980287,0.180079,-0.640552,0.481782,0.021794,-0.025667,-0.49822,0.359686,-0.978747
0.473941,-0.623422,-0.052218,0.328089,-0.679521,0.762373,0.130281,0.904472,-0.142955,0.215716,0.628373,-0.67497,-0.356788,0.418435,-1.0
0.115216,0.1986,-0.761766,-0.559459,-0.769439,0.692793,0.965233,0.789144,-0.539246,0.595023,0.081329,0.008528,-0.4077,0.168893,-0.961932
-0.245019,0.59481,-0.863145,0.529948,-0.952162,0.771336,0.388543,0.474718,-0.217571,0.250943,0.563566,-0.135144,-0.525352,0.147365,-0.977936
0.565093,0.936794,-0.247355,-0.813617,-0.427406,-0.650722,0.46615,0.375355,-0.126212,-0.304349,0.320016,0.475215,-0.17092,-0.408721,-0.94304
0.028415,-0.254531,0.156742,-0.638327,0.277937,-0.093697,0.044316,0.570213,0.031526,0.001304,-0.912386,-0.514856,0.496341,0.216351,-1.0
0.519771,0.282113,0.761937,0.502666,-0.393884,0.359439,0.460135,0.044707,-0.293727,0.163673,0.601303,0.048252,-0.408405,0.051472,-1.0
-0.212964,-0.236576,0.238211,-0.534727,-0.564395,0.292872,0.652171,0.008328,-0.449316,0.144917,0.121798,-0.230755,-0.293053,0.421497,-1.0
0.468363,-0.999853,0.388547,-0.395611,0.134057,0.217052,0.736404,0.096683,0.315442,0.561574,0.124406,-0.164782,-0.181038,0.408615,-0.96895
0.207132,0.638678,0.076618,0.18822,0.49609,0.024453,0.473224,0.440829,0.400826,-0.007006,-0.207065,0.467627,0.228979,-0.41903,-1.0
0.795861,0.316106,-0.507944,0.921284,-0.334773,0.411729,0.312101,0.586523,-0.161979,0.138106,0.617866,0.01464,-0.519099,0.07505,-0.958388
0.084677,-0.3615,0.910405,0.551844,0.33564,0.857241,0.018852,0.21942,-0.028941,0.099192,-0.213262,-0.910447,0.154422,0.49909,-1.0
0.350963,-0.073933,0.913949,0.042036,-0.227925,0.171454,0.654705,0.614176,-0.434321,0.318385,0.337013,-0.054879,-0.437533,0.22825,-0.923426
0.025556,0.997259,0.446424,-0.637666,0.636227,-0.189914,0.882356,0.817712,0.652604,-0.235762,0.038176,-0.005416,0.294447,-0.475474,-0.945932
0.282715,0.535564,0.947112,0.15931,0.789014,0.931231,0.879672,0.698258,0.440182,0.487981,-0.102512,-0.084327,0.468282,0.40684,-0.977855
0.127087,0.229344,0.029565,0.910634,-0.811387,-0.989464,0.293267,0.889731,-0.148599,-0.153262,0.402214,0.53419,-0.260544,-0.429101,-0.973461
0.744253,0.583309,0.267805,0.821405,-0.171817,0.159101,0.403276,0.010394,-0.266443,0.183615,0.58561,0.21326,-0.509511,-0.2104,-1.0
-0.494412,-0.28935,0.049179,0.782708,-0.077454,-0.404226,0.324894,0.757209,-0.029405,-0.229242,-0.600298,0.108106,0.461233,-0.198347,-0.968
0.424685,-0.334128,-0.370951,0.161255,-0.305333,0.223377,0.54542,0.648583,-0.407705,0.224929,0.352147,-0.26463,-0.318764,0.314318,-0.946782
0.530064,0.362888,0.313816,0.833602,-0.896759,0.887682,0.158883,0.308553,-0.062672,0.178511,0.783125,-0.289507,-0.436161,0.179598,-1.0
0.796832,0.399141,-0.103644,-0.381623,-0.463597,-0.736325,0.02084,0.937815,0.052468,-0.074051,0.665325,0.726367,-0.342643,-0.351904,-0.883722
0.272457,-0.294027,0.230975,-0.066396,-0.890056,0.180628,0.278121,0.648682,-0.281518,0.063011,0.671342,-0.333355,-0.569381,0.115294,-0.999065
-0.603238,0.353352,-0.571818,0.256316,0.942444,0.437926,0.050635,0.007977,0.081218,0.004783,-0.791742,-0.028033,0.493518,0.061029,-1.0
0.334873,0.413179,0.450842,0.893687,0.999545,-0.068397,0.140331,0.089902,0.166036,0.014989,-0.706112,0.396034,0.315568,-0.304375,-0.962428
0.308467,0.25925,-0.87433,0.195394,0.159165,0.375266,0.215322,0.939981,0.092671,0.086789,0.641132,-0.520706,-0.413151,0.323709,-1.0
0.969318,0.762339,-0.529449,-0.857721,0.484105,-0.993893,0.431518,0.72141,0.117433,-0.398934,0.18538,0.485335,-0.085439,-0.455225,-1.0
-0.225579,-0.741414,0.241868,0.049705,0.629844,0.820195,0.006153,0.577162,0.147338,0.051478,-0.52242,-0.878095,0.252134,0.491168,-1.0
0.048777,-0.749613,0.9111,-0.418595,-0.380042,-0.874029,0.449788,0.431446,-0.084866,-0.349282,0.558019,0.092828,-0.511473,-0.080621,-1.0
-0.703417,0.574185,0.817459,-0.545636,-0.222428,0.323462,0.479478,0.464873,-0.104583,0.305888,-0.363815,0.229996,0.451088,-0.191981,-1.0
0.733438,-0.551367,-0.132647,-0.069268,-0.204524,0.588008,0.354816,0.186899,-0.084945,0.214991,0.340456,-0.552523,-0.339528,0.340166,-0.890105
-0.29164,0.405406,0.482923,-0.932782,-0.057903,0.18551,0.489105,0.366651,-0.118178,0.338597,-0.379695,0.384138,0.36534,-0.296027,-0.999941
-0.15922,0.529665,-0.148848,0.608681,-0.763434,-0.025943,0.120397,0.005581,-0.036634,-0.003121,0.596475,0.557171,-0.409646,-0.30355,-1.0
-0.464142,0.019289,-0.516967,0.704664,0.550142,-0.981987,0.830373,0.193264,0.324638,-0.617146,-0.108858,0.146458,0.380163,-0.270281,-0.999435
-0.374613,0.361211,-0.679925,-0.768777,-0.070029,0.03235,0.158492,0.847496,-0.101413,0.042761,-0.517571,0.590769,0.316111,-0.398198,-1.0
0.887752,-0.607473,-0.213185,0.217976,0.37435,0.314445,0.627547,0.014446,0.407189,0.284706,0.247964,-0.329968,-0.281756,0.406594,-1.0
0.412384,-0.768715,-0.716152,0.578042,0.140163,-0.713843,0.030887,0.511488,0.034677,-0.038063,0.994581,-0.12836,-0.386731,0.156695,-1.0
0.279683,0.668525,-0.534856,0.215629,-0.0598,-0.927622,0.776502,0.09137,0.015621,-0.600366,0.012875,0.26662,-0.061355,-0.52885,-0.942567
-0.001606,-0.847206,0.230533,0.660733,0.719624,-0.316416,0.873478,0.369558,0.656319,-0.229197,-0.164161,-0.011401,0.409873,0.308144,-0.971768
0.335475,0.12841,0.237599,-0.924295,0.681913,-0.786426,0.141434,0.665672,0.046674,-0.063396,-0.285299,0.794716,0.260511,-0.48145,-1.0
0.11463,-0.051019,-0.575411,0.951441,0.160838,0.950641,0.655076,0.454067,0.14632,0.496043,-0.042129,-0.384112,-0.010654,0.428741,-1.0
0.168556,0.286975,-0.223039,-0.411009,-0.874647,-0.616257,0.136475,0.997809,-0.130189,-0.14146,0.592512,0.496784,-0.427446,-0.364907,-1.0
-0.768541,-0.689334,0.679165,0.120135,0.407952,-0.86837,0.176333,0.437292,0.148635,-0.12146,-0.905824,0.191805,0.47,-0.041147,-0.960942
-0.149702,-0.088723,0.787156,0.243777,-0.874201,0.680371,0.512556,0.138206,-0.390601,0.267594,0.342435,-0.379152,-0.274544,0.343497,-1.0
0.341612,0.253083,-0.053602,-0.577455,-0.589549,-0.216813,0.633036,0.680202,-0.413278,-0.246386,0.29972,0.146197,-0.465795,-0.195655,-0.981594
0.046825,0.581842,0.728934,-0.444551,-0.96648,-0.924718,0.735314,0.545114,-0.389046,-0.392299,0.182989,0.243094,-0.153035,-0.49967,-0.942725
-0.300604,-0.033674,-0.471057,0.273844,0.313027,0.257046,0.995063,0.66673,0.656484,0.510312,0.019729,0.014709,0.437289,0.257422,-1.0
-0.228553,-0.665644,-0.973511,-0.758357,-0.225853,-0.10193,0.063298,0.990561,-0.131081,-0.088989,0.021642,-0.961267,-0.018808,0.545738,-0.972049
0.737417,0.214322,0.301297,-0.517598,-0.200355,0.508016,0.889715,0.600944,-0.223679,0.638495,0.087189,-0.020196,-0.432932,0.131114,-1.0
0.661985,-0.245337,0.501514,-0.105808,-0.938419,-0.441565,0.752902,0.336844,-0.590933,-0.252909,0.144386,0.064478,-0.548716,-0.078395,-0.967697
0.632081,-0.289082,-0.448111,-0.834048,0.375727,-0.096356,0.193217,0.694365,0.109798,-0.097147,0.5606,-0.357701,-0.407982,0.348753,-1.0
-0.626153,0.379772,0.915058,0.832272,0.648482,-0.136885,0.102875,0.043384,-0.063658,0.021513,-0.871874,0.341976,0.43771,-0.20261,-0.960689
-0.034935,0.65041,0.728603,0.00876,0.119227,0.648626,0.643362,0.498056,0.134754,0.579126,-0.416804,0.020692,0.448687,-0.06845,-0.963343
0.254209,0.807951,0.92719,-0.288026,0.436272,-0.182326,0.966005,0.377286,0.801309,-0.366608,-0.056828,0.04129,0.041119,-0.499014,-0.887664
0.968613,-0.061233,0.44211,0.84862,0.932499,0.310594,0.736827,0.351575,0.502245,0.228234,0.049672,-0.231911,-0.07924,0.458642,-1.0
-0.950196,0.156921,0.947729,-0.72469,-0.83784,-0.518605,0.348539,0.682836,-0.276317,-0.073949,-0.086688,0.544696,0.078191,-0.471069,-1.0
0.879484,0.329041,-0.68792,-0.948536,-0.490997,0.001262,0.847367,0.630348,-0.643793,0.029566,0.189213,0.08073,-0.423551,-0.103673,-1.0
0.031342,0.122378,-0.602923,0.700813,0.234753,0.666885,0.134305,0.863255,0.002685,0.06801,-0.311136,-0.819752,0.13286,0.506092,-0.897164
0.711272,-0.840312,-0.444784,0.462047,0.383011,-0.347537,0.285537,0.124075,0.231159,-0.190796,0.485139,-0.584091,-0.267814,0.44163,-0.967262
0.570559,-0.338923,-0.895215,-0.263208,0.336916,-0.8213,0.763328,0.000885,0.251131,-0.533329,0.139452,0.228764,-0.185807,-0.457379,-1.0
0.201825,0.717966,0.483942,0.39259,0.668746,0.515161,0.278698,0.060175,0.18657,0.125787,-0.671697,0.212098,0.449044,-0.248251,-0.925723
0.391795,-0.797609,-0.25555,0.025847,-0.155343,0.709447,0.273867,0.573705,0.023652,0.271306,0.288429,-0.600006,-0.123901,0.468143,-0.925368
0.7902,0.27456,0.118509,0.415858,0.541267,-0.561872,0.911076,0.890403,0.483663,-0.537975,0.013666,0.141239,-0.254625,-0.543773,-1.0
0.165958,0.268752,-0.555168,0.817404,0.926156,-0.679279,0.014729,0.348186,0.044131,-0.068257,-0.689627,0.741446,0.30618,-0.320549,-1.0
0.452408,-0.994114,-0.519996,0.075681,0.725808,0.73919,0.945076,0.780574,0.493892,0.56632,-0.053415,-0.074307,0.019912,0.462718,-0.945139
-0.722732,0.655205,-0.948809,-0.615509,-0.276164,0.854656,0.077708,0.521861,-0.062083,0.069875,-0.769883,-0.365841,0.438609,0.22617,-0.956941
0.272077,-0.475672,0.190365,-0.741506,0.225751,0.467796,0.484658,0.306426,0.194399,0.248969,-0.016215,-0.62661,-0.006156,0.535614,-1.0
-0.625893,0.236659,0.84594,-0.891025,0.653669,-0.632056,0.361938,0.257774,0.369691,-0.122218,-0.462727,0.434826,0.443317,-0.294029,-1.0
0.880708,0.548523,-0.751147,0.981623,-0.875654,0.316429,0.835171,0.532468,-0.607095,0.219439,0.198244,0.0054,-0.48799,-0.022384,-0.958203
-0.197589,-0.719856,-0.547607,0.658207,-0.983014,-0.232131,0.866528,0.051294,-0.650548,-0.207709,0.175601,0.031046,-0.439438,0.277844,-1.0
0.519679,0.283235,0.83148,0.939953,-0.914208,0.90699,0.694082,0.271375,-0.339031,0.345347,0.215714,-0.123214,-0.444187,0.180374,-1.0
0.785892,0.298604,0.538777,0.409278,0.208337,-0.565807,0.716424,0.256369,0.153546,-0.562136,0.12386,0.265179,-0.308603,-0.408779,-1.0
-0.330563,0.046663,-0.742102,-0.908383,-0.020391,-0.111908,0.380956,0.65637,-0.11,-0.36787,-0.613768,0.317478,0.433362,-0.16725,-0.992856
0.910522,-0.198119,0.312363,-0.747807,-0.600852,0.952927,0.016654,0.031978,0.040175,-2.1e-05,0.684742,-0.616084,-0.41836,0.330978,-1.0
0.860444,-0.382396,0.713272,-0.529574,-0.248459,-0.270796,0.790345,0.099688,-0.479628,-0.493769,0.064823,0.000481,-0.469808,0.029088,-1.0
-0.824419,-0.077549,0.822925,-0.840734,-0.374485,0.382592,0.364448,0.26218,-0.24735,0.142439,-0.472684,-0.454377,0.426095,0.30415,-0.988756
0.263243,-0.80744,0.348943,0.816214,-0.736142,0.774143,0.728055,0.416159,-0.456128,0.424544,0.223796,-0.190028,-0.299914,0.29704,-0.927527
0.250139,-0.099353,0.205675,-0.386099,0.477174,-0.657692,0.276489,0.925985,0.102815,-0.195667,-0.201525,0.605383,0.132204,-0.417043,-0.879652
0.621275,0.023801,0.713201,0.828856,0.584037,-0.67016,0.11798,0.254674,0.057749,-0.087065,-0.023127,0.828928,0.05243,-0.535065,-0.934597
-0.526891,-0.399268,-0.340306,-0.748467,-0.638044,0.403605,0.268989,0.923431,-0.146342,0.155548,0.143424,-0.72717,-0.092901,0.53941,-1.0
-0.881648,-0.315957,-0.701023,0.320751,-0.023521,-0.133882,0.91625,0.444712,-0.030451,-0.658082,-0.074289,-0.052196,0.528529,0.030702,-1.0
-0.687476,-0.669647,-0.534728,-0.958798,0.238204,-0.354524,0.439089,0.923086,0.164639,-0.272065,-0.568687,-0.1889,0.505522,0.117631,-1.0
0.249108,0.310293,0.704797,-0.533589,-0.403658,0.853642,0.329117,0.409584,-0.124572,0.242086,0.518012,-0.540168,-0.306752,0.34535,-0.95749
-0.365403,0.492009,0.905005,-0.152055,0.425852,-0.019135,0.258128,0.815758,0.22749,0.018431,-0.579379,0.34436,0.435283,-0.340188,-0.935632
-0.862145,-0.503663,0.167455,0.418446,-0.876972,0.343216,0.936402,0.26979,-0.681416,0.313253,0.069649,-0.008246,0.013514,0.475871,-0.904569
-0.626443,-0.950819,-0.36604,-0.762229,-0.34245,0.397502,0.395522,0.931229,-0.244793,0.27809,-0.038596,-0.572715,0.057461,0.490876,-1.0
-0.506308,-0.177386,0.263421,0.420637,0.321475,-0.743099,0.619917,0.003812,0.254417,-0.533055,-0.379692,0.215153,0.398626,-0.282618,-1.0
-0.333166,0.546336,0.762761,-0.760721,-0.087143,-0.025507,0.326076,0.104222,-0.331768,-0.197781,-0.202753,0.622097,0.140581,-0.466309,-1.0
0.383916,-0.088388,0.246314,0.291151,0.330862,-0.288438,0.807719,0.657752,0.523779,-0.37289,0.071013,0.308371,-0.082519,-0.508869,-0.961576
-0.609852,0.268292,-0.876277,-0.204271,0.818725,-0.857257,0.991688,0.885102,0.534879,-0.55425,0.043054,0.038241,0.409858,-0.279103,-0.969671
0.349209,0.462031,0.79111,0.125496,-0.862181,-0.319282,0.126217,0.08536,-0.110122,-0.04752,0.706584,0.375394,-0.377695,-0.231585,-0.962766
0.919792,0.706166,-0.606424,0.581167,-0.727363,0.296713,0.875489,0.015353,-0.589263,0.27444,0.071534,0.034437,-0.411751,-0.115528,-1.0
-0.091263,-0.955228,-0.301016,0.104359,-0.165895,0.659311,0.670765,0.633005,-0.11261,0.531801,-0.013433,-0.233294,-0.062591,0.531123,-1.0
-0.359554,0.722258,0.160563,0.498734,0.640406,-0.506752,0.191571,0.705101,0.137492,-0.190678,-0.463794,0.670574,0.358202,-0.507553,-0.995903
-0.839394,0.839969,0.363656,0.814967,0.335795,-0.236757,0.710206,0.527224,0.346013,-0.276621,-0.207618,0.145469,0.432812,-0.315832,-0.990787
-0.225664,0.850337,-0.332048,0.027624,-0.051433,0.32059,0.452958,0.274255,-0.087378,0.222884,-0.139487,0.545107,0.145064,-0.452052,-1.0
0.228122,0.991813,-0.961972,-0.796806,-0.706501,0.242348,0.543666,0.679541,-0.448983,0.207239,0.319629,0.308352,-0.423922,-0.320433,-1.0
-0.629495,-0.843209,0.613545,0.446314,0.037941,-0.599979,0.543382,0.874089,-0.071588,-0.4191,-0.468217,-0.222588,0.496256,0.303424,-1.0
-0.819431,-0.640042,-0.731695,0.048392,0.363133,-0.3041,0.498343,0.130221,0.286967,-0.279724,-0.498926,-0.128778,0.510084,0.162068,-0.921358
-0.49548,-0.132478,0.464992,-0.482713,-0.069561,-0.874944,0.241812,0.659708,-0.013476,-0.243875,-0.457655,0.664991,0.294663,-0.447197,-1.0
0.100248,0.492735,-0.384601,0.883082,0.497126,-0.759145,0.160091,0.899647,0.081268,-0.114433,-0.262607,0.885083,0.19029,-0.477842,-1.0
-0.482453,0.552023,0.062684,-0.062212,0.410528,-0.182488,2.3e-05,0.683846,0.011934,-0.069632,-0.839849,0.600937,0.431214,-0.360466,-0.995948
0.683544,0.712406,-0.50762,-0.861839,-0.103956,-0.197007,0.366089,0.809007,-0.118775,-0.161911,0.573564,0.458995,-0.341322,-0.387638,-1.0
0.719794,0.459454,0.442558,0.737429,-0.708474,0.832777,0.433472,0.164089,-0.167671,0.22894,0.548647,-0.133115,-0.468909,0.152017,-0.970888
-0.674348,0.635043,0.492449,-0.454602,0.313502,0.532618,0.33317,0.466253,0.161665,0.350286,-0.586585,0.13605,0.551656,-0.066937,-1.0
-0.826806,-0.336344,-0.092665,0.174373,-0.588303,-0.430496,0.92772,0.351075,-0.686118,-0.391062,-0.087468,0.0195,0.473247,-0.117363,-0.8151
-0.152472,-0.413527,-0.927155,0.614386,-0.962574,-0.072458,0.149247,0.203906,-0.068917,0.011275,0.736595,-0.255179,-0.471069,0.213927,-1.0
0.022845,0.864594,-0.245853,0.84554,-0.765901,-0.768877,0.796033,0.548289,-0.363972,-0.469612,0.007332,0.174252,-0.245487,-0.483673,-1.0
0.788656,-0.796413,-0.35458,-0.491044,-0.535638,-0.519584,0.694777,0.875252,-0.413802,-0.367692,0.396216,-0.022514,-0.52529,0.153166,-1.0
-0.036686,0.77022,-0.688669,-0.254148,-0.241806,0.458919,0.547247,0.242475,-0.139315,0.352074,0.285656,0.387198,-0.283999,-0.364025,-0.889962
-0.666972,0.752406,-0.916785,0.708016,0.625562,0.033157,0.84525,0.539433,0.656309,0.077033,-0.120114,0.118996,0.484259,-0.296394,-1.0
0.569148,-0.549714,-0.560766,0.965339,-0.417654,0.540932,0.176415,0.025996,-0.145348,0.134406,0.55425,-0.700415,-0.367353,0.344944,-0.970968
0.939913,-0.909071,0.448072,0.858045,-0.280125,0.955489,0.430202,0.609243,-0.154261,0.292017,0.294809,-0.464853,-0.222724,0.445542,-0.962314
-0.94483,0.663877,-0.03233,0.936425,-0.711157,-0.085617,0.278726,0.072353,-0.23869,0.000858,-0.286624,0.719813,0.100524,-0.438951,-1.0
0.097895,-0.325965,-0.125897,-0.910271,0.403217,-0.036119,0.719977,0.651057,0.542135,-0.025832,-0.11034,-0.225645,0.343504,0.2468,-0.985321
0.905378,-0.432961,-0.387183,0.346392,0.68262,-0.691958,0.818534,0.754147,0.443604,-0.53783,0.059876,0.118943,-0.326406,-0.325623,-1.0
-0.910091,-0.519505,0.730002,-0.261083,-0.437198,-0.144237,0.031877,0.572984,-0.058587,0.016713,-0.83962,-0.588445,0.374032,0.330421,-1.0
0.321954,-0.458431,0.748714,-0.976599,0.803197,-0.453099,0.584827,0.777099,0.360761,-0.266676,-0.360416,0.010622,0.40213,-0.025659,-1.0
0.008661,-0.792511,0.425966,0.250954,-0.742758,-0.502196,0.134333,0.843092,-0.128994,-0.050859,0.878558,-0.307446,-0.492108,0.198856,-1.0
-0.907905,0.096074,-0.329775,0.067324,-0.238903,0.067627,0.946998,0.839382,-0.825426,0.162793,-0.066105,-0.04983,0.486205,-0.032206,-0.978236
0.976627,-0.852507,-0.711554,-0.654543,0.729275,-0.733724,0.128929,0.780786,0.127902,0.012329,0.748467,-0.264427,-0.484838,0.212801,-0.914111
-0.73182,0.205746,0.733344,-0.312459,-0.582886,-0.287128,0.335565,0.313155,-0.207571,-0.082367,-0.206737,0.600993,0.118773,-0.50693,-1.0
-0.810059,-0.204774,-0.437743,-0.084273,0.327091,0.443043,0.822644,0.678904,0.444824,0.608061,-0.171812,-0.112141,0.344586,0.263802,-1.0
0.117522,-0.823806,0.525985,0.654343,0.225211,0.448837,0.967336,0.258024,0.331689,0.754623,0.00048,0.031574,0.007061,0.447291,-1.0
0.259377,-0.574475,0.879734,0.554824,0.002517,0.34082,0.461987,0.577431,0.033779,0.389888,0.187473,-0.470626,-0.136137,0.467337,-0.98514
-0.068798,-0.330455,-0.450891,0.617104,-0.176708,-0.192459,0.622279,0.665491,-0.34872,-0.27903,0.310738,-0.293895,-0.335211,0.378929,-1.0
-0.005287,-0.12238,-0.334411,-0.642071,-0.868456,0.380065,0.183971,0.985257,-0.065725,0.03947,0.705983,-0.395144,-0.44089,0.252622,-0.949928
0.361759,0.082014,-0.703164,0.786942,-0.646973,0.353819,0.048735,0.20171,-0.015216,0.008437,0.976393,-0.143519,-0.459737,0.122797,-0.95143
-0.630228,0.196149,0.341133,-0.954029,0.778181,-0.424889,0.037089,0.654479,0.017047,-0.020703,-0.969382,0.366025,0.435054,-0.1532,-1.0
0.72299,-0.513198,-0.194056,0.359708,-0.178493,0.710061,0.515243,0.280902,-0.08006,0.387668,0.355356,-0.460002,-0.258157,0.4037,-1.0
0.161648,-0.446082,0.604381,0.279791,-0.629035,-0.547829,0.572604,0.53725,-0.308427,-0.279965,0.38058,0.065623,-0.535321,-0.057135,-1.0
0.868418,-0.072,-0.153998,0.744926,0.83622,0.811569,0.8955,0.581781,0.572119,0.516558,-0.052541,-0.091104,0.022082,0.567194,-1.0
-0.339899,-0.888938,-0.99678,0.000223,-0.149806,-0.478798,0.799169,0.413278,-0.161237,-0.569678,-0.136665,-0.228438,0.194508,0.412488,-1.0
-0.026546,0.526683,-0.695222,0.795972,0.8636,-0.957001,0.159325,0.363499,-0.012967,-0.028694,-0.488698,0.68327,0.316836,-0.419627,-0.935577
-0.419895,-0.666061,0.653491,0.399772,-0.957934,-0.354975,0.572754,0.015864,-0.420926,-0.152797,0.304768,-0.306734,-0.48966,0.144815,-1.0
-0.98974,-0.328837,-0.298899,-0.670218,-0.883002,0.107556,0.837446,0.382482,-0.667539,0.076521,0.029729,-0.155355,0.069434,0.481644,-1.0
0.691213,-0.930529,0.729745,-0.438728,-0.256825,-0.9683,0.780573,0.861552,-0.180927,-0.656891,0.239907,-0.051036,-0.536807,0.017709,-0.988403
0.954704,-0.841845,0.030146,-0.309743,0.289536,-0.983755,0.297291,0.178852,0.081778,-0.226639,0.683871,0.172702,-0.526176,-0.068734,-1.0
-0.740463,-0.66292,-0.171499,-0.26128,-0.230471,0.995364,0.663646,0.173463,-0.103318,0.538333,-0.075046,-0.378085,0.134185,0.433681,-0.957591
0.142423,0.284872,0.388253,0.180572,0.758798,-0.354468,0.989944,0.067797,0.736022,-0.315296,-0.0697,-0.054542,0.283749,-0.345041,-0.956127
0.869593,-0.82658,0.540739,0.560263,0.737952,-0.232575,0.576614,0.328946,0.472629,-0.135627,0.133603,-0.382581,-0.014628,0.419236,-0.96426
-0.953329,-0.138736,0.595976,-0.007126,-0.04785,-0.968273,0.243274,0.521355,-0.004861,-0.174999,-0.58761,0.604497,0.314989,-0.451808,-1.0
-0.759575,0.67159,0.71648,-0.202339,-0.271609,0.474557,0.117743,0.5524,-0.02222,0.103265,-0.821001,0.253679,0.435559,-0.252754,-1.0
-0.752555,-0.987817,0.425659,0.524247,-0.88775,-0.971771,0.823523,0.323439,-0.495844,-0.490841,0.196495,0.008249,-0.56054,0.085568,-1.0
-0.849689,0.528404,-0.902411,-0.439955,-0.026642,0.155948,0.537024,0.292033,-0.031381,0.474112,-0.52215,0.172133,0.421172,-0.179112,-0.937297
0.458317,-0.256498,0.891992,-0.835173,-0.394548,-0.432985,0.56165,0.730221,-0.395795,-0.365908,0.451519,0.138146,-0.482673,-0.036268,-0.9749
0.554882,0.907667,-0.55701,-0.581766,-0.33705,-0.95315,0.22969,0.930831,-0.025039,-0.164169,0.414124,0.727893,-0.197577,-0.420483,-0.954561
0.749124,-0.598088,-0.993113,-0.414119,0.851169,0.257602,0.484652,0.03805,0.342197,0.075061,-0.023918,-0.565171,0.070695,0.486353,-1.0
-0.783143,0.509717,0.418685,0.313862,-0.900989,-0.412749,0.608596,0.352544,-0.364218,-0.136044,-0.009229,0.334583,-0.034087,-0.441818,-0.977218
0.42881,0.073641,-0.443117,0.853414,0.666784,0.486145,0.443337,0.358032,0.191143,0.267491,-0.30058,-0.510233,0.366248,0.403967,-0.965018
0.942842,0.507343,-0.999927,-0.459903,0.125573,-0.638497,0.495216,0.486241,0.044897,-0.467546,0.240245,0.43217,-0.28581,-0.422311,-1.0
0.187427,0.554146,0.802109,-0.004037,-0.593386,-0.191972,0.125143,0.172442,-0.144173,-0.045928,0.63161,0.626262,-0.337679,-0.358174,-0.959955
-0.34756,-0.932416,-0.906195,-0.346925,-0.047483,-0.630454,0.159538,0.744951,0.056732,-0.151475,-0.653528,-0.573567,0.319075,0.317943,-0.939565
0.473798,-0.764242,0.276873,0.668633,0.031401,-0.62229,0.081072,0.776538,-0.087739,-0.032363,0.88507,-0.315899,-0.542227,0.137022,-1.0
-0.88659,0.711195,-0.651765,0.798269,-0.194175,-0.608937,0.816133,0.744234,-0.197858,-0.626894,-0.094193,0.219508,0.208154,-0.413541,-0.995098
-0.972857,0.33685,0.639123,0.072839,0.789473,-0.79084,0.17073,0.879325,0.121007,-0.089496,-0.739799,0.506741,0.521025,-0.276203,-0.945127
0.73455,0.739401,0.362214,0.428709,-0.734278,0.68451,0.635586,0.851998,-0.422485,0.245572,0.391368,0.024907,-0.483837,-0.035762,-0.956207
0.570057,-0.311224,0.05652,-0.334052,0.357344,0.207723,0.20718,0.325481,0.24309,0.039269,0.332006,-0.706607,-0.152921,0.372426,-1.0
-0.079897,-0.152505,0.586365,0.807617,-0.678219,-0.208718,0.962217,0.519894,-0.66635,-0.216608,0.095671,-0.086429,-0.519954,-0.00993,-0.928978
0.458681,0.814046,-0.720402,0.220039,0.761517,-0.5036,0.558883,0.849123,0.398146,-0.261554,-0.093166,0.414449,0.12431,-0.517877,-1.0
-0.204055,-0.69717,0.78288,-0.047138,0.043641,-0.503447,0.215205,0.873778,-0.064327,-0.117115,-0.660824,-0.505094,0.364291,0.290128,-0.968277
-0.772522,0.705971,0.595775,-0.815838,0.354944,0.33602,0.460701,0.795481,0.433648,0.135641,-0.42291,0.187019,0.398566,-0.101438,-0.918806
0.375119,-0.019441,0.788631,0.303375,0.062089,0.020334,0.402592,0.064893,0.391375,0.072875,0.552923,-0.025468,-0.425987,0.055681,-0.953531
0.503615,-0.09015,0.414295,0.159041,-0.815327,0.1101,0.386165,0.772396,-0.292475,0.073577,0.674936,0.026061,-0.503414,-0.019637,-1.0
-0.436668,0.215827,-0.569614,-0.531393,-0.316069,0.590784,0.404964,0.274769,-0.131803,0.264952,-0.215372,-0.565317,0.111588,0.466403,-0.991614
-0.601707,0.032894,0.545147,0.757957,0.816758,0.517626,0.392521,0.000992,0.237928,0.197141,-0.625607,-0.23981,0.526004,0.170091,-0.971129
-0.355369,-0.32245,0.039724,0.562695,0.101861,0.903301,0.514968,0.252127,0.036117,0.425183,-0.090321,-0.388591,0.128138,0.510112,-0.963492
0.509772,-0.923362,0.986865,0.842298,-0.318499,-0.580449,0.608307,0.382821,-0.2281,-0.427394,0.262927,-0.16409,-0.484207,0.261313,-1.0
-0.60688,0.15361,0.728914,0.136966,-0.866398,-0.22839,0.339565,0.352489,-0.323648,-0.061525,0.433971,0.550196,-0.318691,-0.482153,-1.0
0.771651,-0.382602,-0.874091,0.68328,0.589313,-0.944236,0.930927,0.299676,0.407399,-0.680877,0.023602,0.09878,-0.205763,-0.419259,-0.961788
0.716903,0.737795,0.338794,-0.57786,-0.901345,0.515523,0.560009,0.358668,-0.369461,0.221748,0.436125,0.099866,-0.487636,-0.102663,-0.983373
-0.078044,0.111403,0.626364,-0.323483,0.039647,0.683333,0.821348,0.172134,-0.022408,0.751416,-0.011664,-0.144166,0.074401,0.483521,-1.0
0.095113,-0.895784,-0.414302,0.846044,0.312426,0.315237,0.193022,0.412182,0.088756,0.18301,-0.185211,-0.788012,0.0935,0.521428,-0.956974
0.566874,-0.373591,-0.631938,-0.152509,-0.643764,-0.201396,0.662621,0.470921,-0.431836,-0.128154,0.309577,0.05402,-0.493329,0.125709,-1.0
-0.520506,0.241525,-0.709646,-0.534052,-0.762094,0.157544,0.198064,0.544434,-0.108236,-0.011938,0.732766,0.216245,-0.413639,-0.180744,-1.0
-0.304162,0.818689,0.011535,0.944282,-0.024842,-0.913537,0.248723,0.270229,-0.068815,-0.159268,-0.191411,0.779376,0.143013,-0.469162,-1.0
0.190287,-0.419121,-0.086322,-0.989362,0.245826,-0.179051,0.840791,0.37116,0.552545,-0.416158,0.003571,0.005653,0.133896,0.47782,-1.0
-0.60067,0.52253,0.850831,-0.80009,-0.204236,-0.908423,0.229238,0.180315,0.008525,-0.08289,-0.201434,0.682634,0.129835,-0.520343,-0.982144
-0.661844,0.489856,-0.2579,-0.047835,-0.546832,-0.9827,0.028245,0.542989,-0.053422,-0.05984,-0.126065,0.982668,-0.011231,-0.521315,-0.971956
-0.264607,-0.481156,0.643469,0.536714,0.016226,-0.256513,0.67177,0.100093,0.058333,-0.521639,-0.320848,-0.142008,0.417409,0.322163,-0.923194
-0.0639,0.456533,-0.105875,-0.162512,-0.653732,-0.852576,0.836971,0.39348,-0.428705,-0.51954,0.084838,0.097662,-0.154305,-0.4908,-0.97415
0.981209,0.446313,0.264893,0.03838,-0.027835,0.469074,0.527604,0.159886,0.042235,0.441746,0.416131,0.041435,-0.478518,0.030849,-0.938944
0.509115,0.559103,-0.478143,0.231879,0.838485,0.08736,0.652539,0.593298,0.511913,0.064171,-0.178734,0.26573,0.212532,-0.448948,-0.978505
-0.071877,0.345789,-0.646036,-0.699094,-0.182355,-0.032977,0.39149,0.748707,-0.339502,-0.100636,0.113849,0.640797,-0.126582,-0.554324,-0.95656
0.128851,-0.84841,-0.995619,-0.349297,0.296981,-0.015692,0.731639,0.335807,0.730804,-0.018807,-0.055506,-0.253878,0.119007,0.511282,-1.0
-0.717508,-0.47828,-0.545681,0.864279,0.727806,-0.397217,0.736149,0.556873,0.566104,-0.389896,-0.264097,0.047068,0.446874,-0.054539,-1.0
0.365973,0.616327,0.290185,0.114914,0.954937,-0.20642,0.101242,0.608095,0.154711,0.002973,-0.498228,0.720023,0.26453,-0.369857,-1.0
-0.56087,-0.244461,-0.043471,0.509247,-0.425376,-0.765294,0.501949,0.785338,-0.279928,-0.293048,-0.168047,0.411055,0.198896,-0.513261,-0.974986
0.659218,0.323432,-0.456403,-0.105281,-0.951789,0.478745,0.241346,0.40387,-0.274369,0.044074,0.732317,-0.031064,-0.443993,0.122175,-0.915344
0.641435,0.646846,-0.139559,0.274648,-0.39265,0.536158,0.393843,0.471861,-0.200392,0.293243,0.65692,0.077486,-0.524395,-0.098579,-1.0
-0.740563,0.588261,-0.422738,-0.857727,0.231491,0.17106,0.897072,0.118511,0.567958,0.35665,-0.136892,0.090432,0.44939,-0.212905,-0.978599
-0.124794,-0.931403,0.800859,0.273514,-0.714746,0.38524,0.613618,0.384215,-0.458221,0.253268,0.132588,-0.385027,-0.150418,0.487791,-0.967802
0.251984,-0.954111,-0.351288,0.503539,0.614093,0.164493,0.121852,0.181702,0.030144,0.022022,-0.357934,-0.802061,0.135709,0.4944,-1.0
0.166857,0.777028,-0.237676,0.378544,-0.34281,0.52735,0.450015,0.843808,-0.186545,0.262974,0.551703,0.238554,-0.474744,-0.227709,-1.0
-0.974738,0.907702,0.594528,-0.545178,-0.787059,-0.14767,0.356144,0.412008,-0.307519,-0.045068,-0.181678,0.666476,0.085131,-0.557011,-1.0
0.569809,0.702295,-0.803303,-0.878446,0.767658,-0.403456,0.242361,0.216464,0.190537,-0.085482,-0.100301,0.725505,0.128476,-0.520021,-1.0
0.941142,-0.076346,0.473468,0.774017,0.971161,-0.838417,0.552023,0.321242,0.265323,-0.32134,-0.032933,0.436589,0.080994,-0.600547,-1.0
-0.219418,-0.86693,0.334572,0.377902,0.261165,0.375549,0.478472,0.690792,0.262081,0.289109,-0.219684,-0.425858,0.149747,0.401901,-1.0
0.476802,-0.412429,-0.150922,-0.2637,0.830479,0.628846,0.918224,0.825997,0.638635,0.460988,-0.006082,-0.09271,0.136284,0.537742,-1.0
-0.554634,0.745887,-0.453311,0.101324,0.944792,-0.629362,0.099278,0.513659,0.068625,-0.06,-0.627398,0.621525,0.406666,-0.250762,-0.94449
-0.616658,0.705906,-0.586772,0.810495,-0.082734,-0.494756,0.685017,0.629572,-0.018844,-0.505041,-0.159722,0.193764,0.20319,-0.406098,-1.0
-0.505226,0.718614,-0.997191,-0.735585,-0.145776,-0.206796,0.980017,0.007928,-0.432047,-0.666245,-0.072416,0.069102,0.183502,-0.371481,-0.99973
-0.400778,-0.331167,-0.012888,-0.289122,-0.785372,0.074489,0.357488,0.843346,-0.29984,0.004679,0.430638,-0.484796,-0.275151,0.347657,-0.987284
0.641486,-0.404614,-0.451659,0.463498,-0.002063,0.162241,0.084552,0.376057,0.073029,0.133016,0.645949,-0.547028,-0.425787,0.344427,-1.0
0.528976,-0.945356,0.731311,-0.404439,-0.775961,0.377144,0.562689,0.730308,-0.385264,0.14958,0.283537,-0.37525,-0.382739,0.338656,-1.0
0.621627,-0.265721,-0.415497,-0.631466,-0.44267,0.405532,0.907989,0.906561,-0.553682,0.514971,0.155987,-0.064988,-0.391893,0.299796,-0.934204
-0.401188,0.843959,0.72651,0.688919,0.746577,0.275358,0.469034,0.215258,0.327008,0.15703,-0.480792,0.1665,0.448938,-0.162613,-0.971296
0.439709,-0.491656,0.096862,-0.989582,-0.142818,-0.688329,0.461218,0.566974,-0.062993,-0.35895,0.522333,0.186812,-0.528284,-0.086449,-1.0
-0.994578,-0.394143,-0.509712,-0.130639,0.845343,-0.512191,0.452305,0.789248,0.232893,-0.231832,-0.448995,0.032512,0.54274,0.032685,-0.906074
-0.34444,-0.125235,0.274269,0.795108,0.064218,0.961088,0.251917,0.258877,-0.05464,0.279082,-0.275103,-0.767904,0.219037,0.468112,-0.96379
-0.318332,0.146005,-0.933648,-0.23107,-0.555473,-0.07298,0.45183,0.569867,-0.326075,-0.052507,0.436824,0.332448,-0.341075,-0.348586,-1.0
0.067069,0.261212,-0.954969,-0.937193,-0.493699,0.216897,0.533319,0.663737,-0.295111,0.078556,0.384298,0.03248,-0.410456,-0.013892,-0.888236
0.753685,0.047501,0.18957,0.173591,0.959037,-0.428572,0.031793,0.58549,0.056404,-0.01822,-0.377419,0.881744,0.231434,-0.569666,-1.0
-0.589354,-0.068159,0.406913,0.303981,0.958999,0.207915,0.659413,0.206793,0.490622,0.053868,-0.313726,-0.146868,0.578708,0.095023,-0.982968
-0.869263,0.616909,0.535367,-0.840344,-0.900432,0.728585,0.730325,0.50547,-0.348662,0.343476,0.097262,-0.310216,-0.207009,0.551204,-1.0
0.831854,-0.325808,-0.521857,-0.244404,-0.775147,-0.44715,0.711105,0.235392,-0.478481,-0.349835,0.284294,-0.015859,-0.535844,-0.190901,-0.94248
0.059311,0.989743,0.251062,0.37908,-0.21802,0.637935,0.636611,0.846423,-0.065674,0.43926,0.199192,0.26116,-0.262302,-0.41272,-1.0
0.93601,0.941888,0.088978,0.967468,0.993825,0.631973,0.820817,0.445058,0.549628,0.429427,0.016473,0.18576,0.026289,-0.489773,-1.0
0.297771,-0.050181,-0.030209,-0.038741,0.853207,-0.492146,0.05044,0.290896,-0.047551,0.053312,-0.716433,0.493767,0.382714,-0.301021,-1.0
0.312196,-0.122366,0.19033,-0.860187,-0.872858,-0.155532,0.412963,0.911794,-0.38374,-0.064024,0.689511,0.040414,-0.421121,-0.047832,-1.0
-0.674668,-0.902057,-0.059188,0.652319,-0.053631,0.282632,0.399826,0.025687,0.009413,0.266089,-0.303218,-0.518029,0.199733,0.437756,-1.0
-0.317907,-0.713245,0.446694,-0.652212,-0.016848,-0.529241,0.5566,0.254474,-0.025468,-0.435504,-0.325723,-0.250541,0.345882,0.303965,-1.0
0.871226,0.404248,-0.892753,0.797666,0.474772,-0.166762,0.776201,0.14119,0.546671,-0.190408,0.168111,0.147355,-0.249229,-0.331696,-0.906405
-0.785433,0.317326,-0.316356,0.72413,0.383745,0.728539,0.254829,0.566594,-0.020743,0.127045,-0.822797,-0.208942,0.437128,-0.042429,-1.0
0.513811,0.399842,0.246699,-0.124108,-0.016129,-0.494091,0.272744,0.128916,-0.065418,-0.145415,0.322944,0.706113,-0.319267,-0.529515,-1.0
0.106498,0.429719,0.689233,0.381673,0.68307,-0.889561,0.700938,0.545317,0.367045,-0.398452,-0.21131,0.211633,0.202712,-0.383294,-0.950449
0.93284,-0.074462,0.378952,-0.176928,-0.709489,0.029165,0.81669,0.951824,-0.68825,-0.005853,0.192498,-0.051297,-0.585956,0.032392,-0.995769
0.893097,0.67081,0.724935,0.687852,-0.030284,0.448787,0.718527,0.782085,-0.049083,0.66548,0.299631,-0.035834,-0.516389,-0.086909,-0.938043
0.225789,0.249692,0.038557,-0.124277,0.146778,0.646183,0.586648,0.151562,0.183515,0.387527,0.111388,-0.383187,-0.149757,0.474803,-1.0
0.2582,-0.626778,0.246232,-0.229021,0.495801,0.034126,0.275299,0.825169,0.296849,0.052612,-0.244316,-0.638397,0.235322,0.432399,-1.0
-0.333969,-0.303811,-0.666228,0.135744,0.534392,-0.982789,0.720695,0.23577,0.348715,-0.493306,-0.142288,0.125612,0.405517,-0.364359,-0.980049
-0.388339,0.349915,0.520157,-0.934743,-0.677293,-0.603486,0.408623,0.564673,-0.269785,-0.330559,0.185975,0.532423,-0.097088,-0.469025,-1.0
0.669282,-0.010247,-0.881023,0.619956,0.710684,0.079546,0.446254,0.653282,0.377263,0.004369,-0.172836,-0.530159,0.214419,0.455845,-0.99623
-0.910182,0.022725,0.64744,0.461065,0.214634,-0.495662,0.273953,0.586111,0.047383,-0.204993,-0.692133,0.263939,0.425348,-0.207126,-0.972435
0.613094,-0.435408,0.024478,-0.692824,-0.602802,-0.900131,0.261905,0.198739,-0.20108,-0.196107,0.644127,0.228283,-0.565313,-0.20806,-1.0
0.0843,-0.080446,-0.916681,0.500052,-0.167935,-0.366034,0.58407,0.018645,-0.175187,-0.489575,0.281713,0.318973,-0.309697,-0.40332,-0.959847
-0.127597,0.613305,-0.195577,-0.95211,0.265179,-0.250059,0.408541,0.832953,0.195914,-0.283226,-0.301813,0.516455,0.114778,-0.507601,-0.998731
-0.073422,0.140718,0.246333,0.459872,-0.910755,-0.301229,0.6855,0.435689,-0.53895,-0.15781,0.270902,0.123004,-0.397206,-0.176804,-1.0
0.716666,-0.169279,0.167586,0.44802,0.66213,-0.542849,0.155303,0.736499,0.241737,-0.085224,0.125253,0.893548,0.025161,-0.503304,-0.961627
0.325242,-0.947298,-0.409192,0.098512,0.628108,-0.956526,0.57529,0.144527,0.202898,-0.371401,-0.435961,-0.050974,0.454129,-0.008701,-1.0
-0.006805,-0.783981,0.987307,0.290033,0.051444,0.443561,0.929955,0.236586,0.145514,0.777445,0.055309,-0.049217,-0.050007,0.549774,-0.896067
-0.448635,0.416101,-0.007284,-0.751122,-0.040971,-0.589957,0.187356,0.609511,-0.0675,-0.172673,-0.341935,0.730584,0.260409,-0.438422,-1.0
-0.820126,-0.855667,0.794078,0.493767,-0.279641,-0.756997,0.229576,0.843317,-0.066673,-0.236763,-0.754725,-0.070928,0.53189,0.189491,-1.0
0.2757,0.21015,0.006031,-0.561351,0.217701,0.538416,0.108754,0.39745,0.024851,0.148214,0.191412,-0.861764,-0.092944,0.510647,-1.0
0.537254,0.696015,-0.74879,0.293366,0.791116,0.965508,0.978366,0.934701,0.578129,0.521992,-0.062911,-0.058734,0.439165,0.396325,-1.0
0.843105,-0.668993,0.309306,-0.630992,-0.556412,0.843689,0.44163,0.117904,-0.185665,0.32159,0.333682,-0.456518,-0.307799,0.376497,-1.0
0.508539,0.644835,-0.108662,-0.738999,-0.4458,0.895136,0.392298,0.733688,-0.157996,0.320798,0.610747,-0.15861,-0.399112,0.11783,-0.946892
0.50649,-0.529239,-0.791419,0.877887,-0.995341,-0.245128,0.538123,0.879366,-0.474492,-0.136375,0.392965,-0.015312,-0.412963,0.127154,-0.972509
-0.598063,-0.47383,-0.946734,0.704135,-0.751041,0.75661,0.327632,0.941753,-0.207104,0.254999,0.093005,-0.696836,-0.042056,0.440841,-1.0
0.742681,0.80598,-0.420578,0.185638,-0.574159,-0.281615,0.748453,0.507759,-0.458051,-0.176903,0.190196,0.134901,-0.355474,-0.352714,-1.0
0.12129,0.853068,0.66859,-0.767612,0.981693,0.662911,0.085639,0.616645,0.031618,0.154198,-0.894031,0.212522,0.576608,-0.117476,-1.0
0.30042,0.133928,-0.045735,-0.583806,0.467996,-0.401726,0.77475,0.152738,0.504308,-0.400006,-0.024492,0.200637,0.132694,-0.457368,-1.0
0.81042,0.908797,-0.437714,-0.549632,0.135238,0.806581,0.179412,0.0973,0.066714,0.171325,0.825121,0.170896,-0.549423,-0.145336,-0.964616
-0.239177,-0.718642,0.71714,-0.003473,0.990364,0.78282,0.035404,0.069657,-0.019781,0.034482,-0.594498,-0.800681,0.430993,0.407502,-0.998448
-0.689446,0.288483,-0.660451,-0.991814,-0.662627,-0.511064,0.05391,0.139253,-0.029692,0.02097,-0.015979,0.92311,0.042077,-0.472167,-1.0
0.372714,0.547175,0.691451,-0.381894,-0.675226,0.454092,0.590898,0.769514,-0.38493,0.234074,0.398534,0.066331,-0.459417,-0.141687,-1.0
0.233624,-0.466612,0.810247,-0.832616,0.046023,0.799872,0.425147,0.004121,0.021674,0.305943,0.081329,-0.531132,-0.039088,0.49816,-0.982381
0.183406,-0.520768,-0.682827,0.37726,-0.155054,0.396289,0.248834,0.425769,-0.038758,0.194775,0.208552,-0.791102,-0.172622,0.44292,-0.956363
-0.665807,-0.821838,0.164985,0.648191,-0.10039,0.229656,0.224328,0.053271,-0.123447,0.071231,-0.33964,-0.764094,0.212332,0.500312,-1.0
0.621823,0.001323,-0.869007,0.396681,-0.350342,-0.296104,0.51598,0.487653,-0.254623,-0.352065,0.461591,0.163244,-0.508434,-0.129283,-1.0
-0.295303,0.653394,0.724006,-0.016537,-0.115528,0.45418,0.129274,0.741566,-0.004057,0.033474,-0.633838,0.59383,0.27674,-0.316871,-1.0
-0.796322,-0.101235,-0.623939,-0.846248,0.99478,0.921963,0.86415,0.187562,0.592187,0.466755,-0.076035,0.011614,0.48188,0.270224,-1.0
0.234002,0.966038,-0.097884,0.583295,0.303934,-0.265898,0.110774,0.83888,0.119809,-0.22743,-0.033869,0.875583,0.05588,-0.447946,-0.993737
-0.56619,-0.869859,-0.322043,-0.351726,0.142051,-0.822953,0.595317,0.312361,0.101194,-0.398503,-0.431693,-0.056779,0.495434,0.096477,-1.0
0.162815,-0.295021,-0.712803,-0.85406,-0.816809,0.180891,0.024651,0.521326,-0.042989,-0.05923,0.850288,-0.434434,-0.439463,0.107211,-1.0
0.901343,0.727115,0.42636,0.78543,0.887262,0.973842,0.111662,0.692235,0.042044,0.04295,0.047558,-0.81132,-0.08675,0.423402,-1.0
0.973264,0.051665,0.614159,0.670775,-0.551319,0.461334,0.429831,0.463414,-0.227204,0.249354,0.574903,-0.179627,-0.465615,0.103992,-0.930483
-0.498966,-0.761813,0.853007,-0.549203,0.078491,0.6657,0.495759,0.463702,0.077478,0.35016,-0.197586,-0.461046,0.081797,0.522216,-1.0
-0.826436,-0.170979,0.700318,-0.170926,-0.750209,-0.737218,0.626223,0.054628,-0.307402,-0.374595,0.007552,0.337438,0.052226,-0.456197,-1.0
-0.10068,0.758665,0.619082,-0.65029,0.508269,0.899578,0.380306,0.662898,0.185048,0.301661,-0.649567,-0.09815,0.517592,0.112465,-0.970553
-0.452866,-0.034441,0.589867,-0.595801,0.130128,0.428897,0.360487,0.515183,0.057195,0.16199,-0.5024,-0.428859,0.430993,0.230997,-0.960344
-0.325328,-0.473874,0.102183,0.032285,-0.005079,0.912749,0.565429,0.276486,0.040427,0.463535,-0.187426,-0.543786,0.178849,0.49998,-1.0
0.73395,0.186636,0.00562,0.861329,-0.049955,0.997996,0.085195,0.804482,0.061627,0.028056,0.651801,-0.712501,-0.405762,0.382746,-0.973392
0.998581,-0.310195,0.115008,-0.394096,0.370639,0.940772,0.082256,0.616451,-0.015753,-0.023031,0.460244,-0.776582,-0.252311,0.361586,-0.918059
-0.945063,-0.715427,0.473405,0.335307,0.051042,-0.37309,0.403389,0.247545,-0.015563,-0.424658,-0.543995,-0.15983,0.567429,0.144977,-1.0
-0.696689,0.089791,-0.407022,-0.4091,-0.162326,-0.786478,0.904545,0.203196,-0.160296,-0.702198,-0.075081,0.079812,0.229131,-0.482666,-1.0
0.075872,-0.042762,0.225511,0.423991,0.887069,-0.868674,0.402031,0.869274,0.301307,-0.296454,-0.376554,0.342378,0.300288,-0.298803,-0.922993
0.079612,-0.903439,-0.747547,-0.094736,-0.697048,-0.675802,0.84699,0.706472,-0.475655,-0.455132,0.106219,-0.042478,-0.504173,0.113706,-1.0
0.667847,0.743747,0.911425,-0.38319,0.891158,0.698989,0.267569,0.164405,0.277893,0.1608,-0.766318,0.189995,0.440945,-0.064053,-1.0
0.680436,0.896033,-0.728286,0.917694,-0.861295,0.17467,0.249514,0.400031,-0.226585,-0.005554,0.63011,0.335897,-0.463744,-0.213694,-1.0
-0.74977,0.929524,-0.592285,-0.982608,0.502392,0.845126,0.449686,0.411788,0.132551,0.346387,-0.503959,-0.030775,0.42853,-0.003605,-1.0
-0.98009,0.168011,-0.532267,-0.445171,0.713471,0.021753,0.729997,0.36799,0.611434,-0.03152,-0.269006,0.006369,0.446926,-0.137299,-1.0
-0.154565,-0.27541,0.125422,-0.291302,-0.458598,-0.214024,0.560859,0.958319,-0.411174,-0.21108,0.409633,-0.062888,-0.449407,0.10326,-0.972001
-0.107424,-0.766675,0.386125,0.174547,0.509338,0.404367,0.331191,0.705765,0.157058,0.278188,-0.392597,-0.623795,0.233904,0.367779,-1.0
0.326869,0.523693,0.135939,-0.324252,-6.4e-05,0.490268,0.023025,0.095337,0.056064,0.037995,1.0,0.006894,-0.467744,0.002066,-1.0
-0.503634,0.234108,-0.260485,-0.414072,-0.781107,-0.029291,0.931589,0.929271,-0.735146,-0.042484,0.114493,0.102613,-0.298828,-0.360702,-0.992545
0.439696,0.520249,-0.759815,-0.677219,-0.446931,-0.026968,0.747057,0.070372,-0.544426,-0.063584,0.149336,0.167199,-0.421585,-0.275993,-1.0
-0.13072,-0.798851,-0.356035,-0.094842,-0.101152,0.80744,0.075934,0.207862,-0.016024,0.040273,-0.000621,-0.940881,-0.021946,0.438182,-1.0
0.430062,0.249317,0.63313,0.279041,-0.819957,-0.762509,0.474184,0.390328,-0.351253,-0.276426,0.344613,0.416561,-0.478071,-0.225873,-0.952727
0.907209,0.35878,0.581693,-0.281395,0.062767,0.378746,0.723652,0.442007,0.04564,0.600995,0.269567,0.005368,-0.52168,-0.067953,-1.0
-0.481109,0.166061,-0.508756,-0.473145,-0.966491,-0.000784,0.476113,0.653122,-0.357784,0.011488,0.48562,0.135758,-0.465284,-0.152399,-0.995218
-0.601111,0.758598,0.67984,0.469433,0.815694,-0.902715,0.36495,0.812606,0.189996,-0.258507,-0.422547,0.465273,0.39319,-0.388127,-0.992935
0.421038,0.740284,0.554345,-0.787833,-0.108405,-0.336177,0.820344,0.075844,-0.188816,-0.630801,0.067593,0.169942,-0.28672,-0.420896,-1.0
0.622635,0.790321,-0.999197,0.840876,0.211503,0.440743,0.969726,0.143229,0.290919,0.634862,-0.091462,-0.049847,-0.331669,-0.348692,-0.985224
-0.170311,-0.732008,-0.313706,-0.13222,-0.167311,0.913739,0.293861,0.385512,-0.142963,0.285436,0.067577,-0.722493,-0.092602,0.553291,-1.0
0.355602,-0.877473,-0.344415,-0.368304,-0.736654,0.258559,0.653364,0.187481,-0.545985,0.142451,0.264197,-0.150331,-0.322259,0.426235,-0.970543
-0.569942,-0.643354,-0.855811,-0.358622,0.895056,-0.131589,0.337944,0.706669,0.275516,-0.070703,-0.681767,-0.169859,0.465541,0.12371,-0.950844
0.645747,0.0503,-0.949485,0.333954,-0.280046,-0.306613,0.75059,0.959074,-0.374493,-0.46846,0.305575,0.088972,-0.551992,-0.19115,-1.0
-0.441529,0.645413,-0.458731,-0.312929,0.59311,0.72193,0.103724,0.040464,0.144205,0.020282,-0.825551,-0.074094,0.508923,0.003403,-1.0
0.001573,0.228899,0.689782,-0.256576,0.838142,-0.211334,0.429991,0.054124,0.393881,-0.125383,-0.469972,0.294583,0.411163,-0.1717,-0.98273
-0.650636,-0.986444,0.401667,-0.016092,0.467054,0.224686,0.870336,0.013209,0.670948,0.292659,-0.016813,0.005564,0.304844,0.329087,-0.940879
0.22123,0.349599,0.96991,0.621004,-0.735389,-0.828395,0.253605,0.017776,-0.138399,-0.209359,0.462399,0.53873,-0.335072,-0.327585,-1.0
-0.358035,-0.62822,-0.323814,0.757221,-0.054499,0.125597,0.518847,0.019873,-0.051457,0.254923,-0.098999,-0.499204,0.194387,0.392143,-1.0
0.602583,-0.057994,-0.799319,-0.875569,-0.847936,0.539082,0.857851,0.70679,-0.549796,0.384163,0.119059,-0.11585,-0.447611,0.152245,-1.0
0.013074,0.572022,0.88931,0.713296,-0.450574,0.103347,0.295195,0.019974,-0.171174,0.126626,0.563551,0.529693,-0.3408,-0.342206,-0.983136
0.376243,0.974667,0.089105,-0.883391,-0.158759,-0.082238,0.972978,0.466198,-0.647348,-0.438016,-0.00435,0.010852,-0.197416,-0.427156,-0.921246
0.401223,-0.113267,-0.573197,-0.787664,0.064938,-0.335488,0.755877,0.552881,0.089814,-0.588196,0.184351,0.093329,-0.479289,-0.32686,-1.0
-0.552919,0.781207,0.617387,0.267749,-0.979742,-0.604666,0.938213,0.743302,-0.662444,-0.388768,0.006911,0.008374,-0.170432,-0.454812,-0.91685
0.001559,-0.947663,0.437806,0.376826,0.266221,-0.621658,0.61222,0.085974,0.234287,-0.397509,-0.273969,-0.260837,0.332218,0.33353,-1.0
0.050112,-0.769086,-0.78531,-0.682357,-0.589105,0.801168,0.588079,0.370032,-0.339598,0.409513,0.100778,-0.297738,-0.126013,0.482077,-0.936244
-0.017702,-0.332645,0.819573,-0.17969,0.25241,0.426342,0.909768,0.23458,0.337937,0.615484,-0.037053,0.015508,0.155156,0.454144,-1.0
0.654305,-0.824028,-0.987472,0.205204,-0.904685,0.571199,0.890482,0.982856,-0.519225,0.362022,0.078159,0.006287,-0.263596,0.278974,-1.0
-0.179495,-0.528578,-0.459822,-0.569003,0.616199,-0.443003,0.989962,0.102443,0.648493,-0.337592,-0.01334,0.048196,0.47247,0.075788,-1.0
-0.924556,-0.659502,0.830528,0.070639,0.526981,0.408933,0.27356,0.958943,0.214487,0.109451,-0.626406,-0.427757,0.439424,0.26514,-0.959607
0.754964,0.784181,-0.381937,-0.069852,-0.353126,0.486001,0.797419,0.622111,-0.409009,0.463724,0.149841,0.077388,-0.585791,-0.145113,-0.982974
-0.447334,0.412256,0.037677,0.918345,0.329038,0.154323,0.138203,0.471357,0.044921,-0.040162,-0.736581,0.242321,0.414077,-0.143293,-0.925633
-0.47307,0.15107,0.678062,0.932173,0.802605,0.603208,0.719575,0.688296,0.451254,0.328678,-0.283515,-0.115744,0.509295,0.244575,-0.949998
-0.739593,-0.235743,-0.066161,-0.608945,0.333314,-0.532629,0.677948,0.847865,0.340422,-0.470814,-0.226802,0.083705,0.428723,-0.088052,-1.0
0.169604,-0.078546,0.017064,0.67422,0.164483,-0.509479,0.895408,0.064359,0.188105,-0.692085,-0.001519,0.136505,-0.072439,-0.508573,-1.0
0.072184,-0.621226,-0.87299,0.912475,-0.010699,-0.993527,0.669148,0.85435,-0.042259,-0.524977,0.104079,0.301786,-0.139975,-0.558669,-1.0
-0.721454,-0.83664,-0.90354,-0.785509,0.596864,0.043749,0.151787,0.060707,0.162484,0.096531,-0.732604,-0.42407,0.31058,0.241931,-1.0
0.937592,-0.720855,0.841395,-0.236187,0.591084,0.418833,0.10534,0.574168,0.054207,0.032744,0.279235,-0.886547,-0.093745,0.492588,-0.947022
0.465111,-0.036934,0.332421,-0.161282,0.56757,-0.34144,0.777133,0.6491,0.46932,-0.2778,-0.138022,0.288438,0.068861,-0.37083,-1.0
-0.812474,-0.302074,0.710505,0.777163,-0.205059,-0.416156,0.850515,0.020259,-0.307672,-0.662899,-0.119421,-0.015777,0.524179,-0.098945,-0.986817
-0.737959,-0.457603,0.543414,0.613462,0.900814,0.550028,0.803187,0.057779,0.467577,0.376556,-0.130477,0.014893,0.424172,0.222947,-0.96328
0.853625,-0.157288,-0.182573,-0.856312,0.356647,-0.126869,0.065647,0.379915,0.020606,-0.028942,0.889001,-0.076582,-0.432749,0.121727,-1.0
-0.649037,0.537874,0.209841,-0.399266,0.177792,-0.681591,0.280895,0.936978,0.005542,-0.20626,-0.431807,0.594711,0.269332,-0.451112,-1.0
0.545043,-0.08598,-0.867671,-0.722084,0.107475,-0.184719,0.273767,0.024539,0.127143,-0.164307,0.773063,0.251998,-0.437475,-0.073453,-1.0
-0.349268,0.928956,-0.974557,0.065201,0.111547,0.384155,0.261612,0.413603,0.013614,0.113063,-0.539739,0.625013,0.335046,-0.542609,-0.984268
0.125712,-0.333578,-0.852153,0.756598,0.254519,0.845513,0.575966,0.885966,0.111345,0.385128,-0.149076,-0.37548,0.101677,0.45873,-0.987414
-0.934285,0.703722,-0.447218,-0.929741,0.63651,0.65866,0.445126,0.268925,0.288361,0.224823,-0.448575,-0.014614,0.500297,0.046391,-0.964152
0.939322,-0.671291,0.002194,0.987355,-0.588488,0.149216,0.668213,0.252117,-0.463869,0.112874,0.280016,-0.135496,-0.445819,0.310325,-1.0
0.547899,0.015757,-0.962988,0.8019,-0.378804,0.687396,0.074829,0.328646,-0.050764,0.044368,0.748687,-0.533974,-0.307347,0.316422,-0.982941
-0.71276,-0.144575,0.669677,-0.612083,-0.212103,0.070914,0.157781,0.393455,-0.085883,-0.002917,-0.792047,-0.393567,0.508052,0.274769,-1.0
-0.936618,0.18257,-0.344954,-0.862434,0.171862,-0.447748,0.077555,0.154308,0.003763,-0.11122,-0.790552,0.431514,0.382968,-0.277487,-1.0
-0.148049,-0.701769,0.440791,-0.512252,0.686552,0.245944,0.822419,0.86079,0.580792,0.206792,-0.141434,-0.070092,0.383584,0.312425,-0.959922
-0.715445,-0.591625,0.34834,-0.042001,0.766379,0.334757,0.974836,0.063068,0.730088,0.35817,0.073915,-0.08632,0.345272,0.311335,-0.970152
0.320024,0.593752,0.125581,0.079394,0.331584,0.081995,0.696332,0.843931,0.51369,0.062115,0.120785,0.215876,0.067838,-0.382657,-1.0
0.027425,0.473751,-0.503837,0.05137,-0.60922,-0.682212,0.059742,0.707764,1e-05,0.034936,0.398331,0.7892,-0.221344,-0.365072,-0.967013
0.646461,-0.108504,-0.603369,0.272102,0.741023,-0.281344,0.576993,0.939696,0.488539,-0.103298,-0.227342,0.341908,0.267683,-0.489824,-0.920507
-0.26214,-0.168839,-0.264263,-0.223625,-0.758689,-0.71723,0.817351,0.52631,-0.418107,-0.53306,0.031441,0.176688,-0.404039,-0.496815,-0.893483
0.414164,-0.219671,0.124749,-0.550642,-0.548619,0.4446,0.401164,0.62545,-0.207822,0.217969,0.512602,-0.310808,-0.350416,0.281832,-0.958278
-0.061943,-0.243371,0.586059,-0.399745,0.85993,0.368019,0.40074,0.594406,0.374139,0.076934,-0.414332,-0.261467,0.430141,0.301529,-1.0
-0.669288,0.113895,-0.462987,-0.794595,-0.758878,-0.819963,0.181975,0.12269,-0.131464,-0.174273,0.136426,0.749826,0.000194,-0.504925,-1.0
-0.964581,0.859515,0.465798,-0.454253,-0.277261,-0.754536,0.842345,0.085064,-0.319791,-0.644492,-0.079216,0.24366,0.136679,-0.459544,-1.0
-0.2166,-0.211437,-0.717569,-0.372997,-0.983766,0.605131,0.575983,0.824786,-0.357943,0.26146,0.340689,-0.293095,-0.360678,0.327478,-1.0
0.200996,0.474991,-0.688014,-0.037423,0.911902,0.227604,0.118745,0.262029,0.125536,-0.025088,-0.765849,0.273803,0.502952,-0.160725,-1.0
-0.774689,-0.53037,-0.29204,-0.518308,-0.495238,-0.517093,0.17416,0.58182,-0.170065,-0.051117,-0.859552,0.01612,0.427741,-0.051953,-0.935912
0.872857,0.028433,0.593435,0.586927,0.799249,0.043662,0.737369,0.122289,0.544287,0.059086,0.247052,-0.094474,-0.48758,0.073748,-1.0
-0.625648,0.51888,0.957083,-0.136801,-0.142403,0.650571,0.165937,0.126068,0.002799,0.211189,-0.756775,-0.106892,0.361787,0.099028,-1.0
0.302223,-0.076053,-0.991903,0.001591,0.400801,-0.054463,0.423075,0.412243,0.355412,-0.085254,-0.421907,-0.178542,0.413783,0.120699,-0.919182
0.299126,0.280929,-0.159482,-0.662093,0.245842,0.338729,0.952372,0.234087,0.371278,0.667915,0.089756,0.058773,-0.394957,0.401504,-0.988631
-0.541142,-0.270623,-0.03221,-0.763088,0.639001,-0.483368,0.108127,0.027135,0.091129,-0.091447,-0.834845,0.2423,0.530378,-0.09838,-0.928697
0.895214,0.25987,-0.764403,0.542154,0.139294,0.657336,0.775372,0.799978,0.15919,0.544845,0.236595,-0.071047,-0.44764,0.274135,-1.0
0.524815,0.452359,-0.052249,0.471216,-0.369196,-0.810181,0.958889,0.990897,-0.257158,-0.777109,0.054997,0.030628,-0.317202,-0.419661,-0.956655
-0.870394,-0.819961,0.881869,-0.795116,0.478691,0.61524,0.00205,0.988566,0.016253,-0.015604,-0.679502,-0.77659,0.275137,0.337405,-0.949891
-0.235957,0.252245,-0.310579,0.579438,-0.78767,0.759488,0.697862,0.502569,-0.384274,0.441944,0.177509,-0.206341,-0.358676,0.268308,-1.0
0.479256,-0.699122,-0.922413,-0.716926,0.488939,0.621777,0.728854,0.291008,0.37371,0.480346,-0.049013,-0.215497,-0.062451,0.553626,-0.945199
0.409555,0.839047,0.529515,0.503803,0.047477,0.195542,0.424601,0.167214,-0.053408,0.364702,0.260069,0.501486,-0.295992,-0.482828,-0.931533
0.274175,0.963561,-0.70909,-0.512651,-0.914397,0.42523,0.676611,0.780803,-0.459101,0.236465,0.289369,0.140092,-0.414261,-0.251457,-0.996432
0.813844,0.950767,-0.47867,0.939741,0.765622,-0.279151,0.337767,0.771469,0.315961,-0.036576,0.085565,0.650745,-0.019236,-0.497542,-0.960997
-0.894678,0.434859,0.260921,0.497437,0.482823,0.576495,0.655762,0.261233,0.384788,0.4124,-0.292665,0.020814,0.509606,-0.008661,-0.995585
-0.33393,0.321637,-0.975444,0.184516,0.861739,-0.105972,0.166231,0.850568,0.197691,-0.065958,-0.868678,0.201677,0.436856,-0.086194,-1.0
0.385885,-0.45216,-0.836081,0.350083,0.817005,-0.065919,0.256032,0.474416,0.181752,0.004675,-0.553103,-0.474381,0.402008,0.313279,-1.0
-0.505925,0.786081,0.131801,0.589256,0.752165,0.578533,0.350835,0.093048,0.244304,0.144529,-0.627924,0.046884,0.598098,0.001848,-0.916626
-0.17607,0.43312,0.431201,-0.27552,-0.537789,-0.489645,0.362505,0.98889,-0.270362,-0.17254,0.257443,0.653558,-0.179667,-0.535637,-0.938533
0.228887,0.780478,-0.300819,0.249622,0.843399,0.48852,0.625753,0.689013,0.429921,0.186765,-0.345754,0.1916,0.470119,-0.252003,-0.959177
0.389284,-0.24465,-0.011353,0.639535,-0.722472,0.846967,0.021786,0.253878,0.031774,0.009805,0.724148,-0.680548,-0.426374,0.349422,-0.99984
0.541693,0.374725,-0.713896,0.43049,-0.309205,0.733243,0.497269,0.876183,-0.118517,0.318073,0.387689,-0.144715,-0.480577,0.206282,-1.0
-0.143367,-0.202693,0.923247,-0.476904,0.359101,-0.890819,0.16841,0.432927,0.080992,-0.119101,-0.471398,0.692075,0.319916,-0.421417,-0.873027
-0.950443,0.110036,0.049935,0.024369,0.411838,-0.305454,0.795802,0.880507,0.48088,-0.39494,-0.281636,0.025425,0.438906,-0.079734,-0.96899
-0.492102,-0.50951,0.516988,0.351482,0.617365,-0.479217,0.118061,0.205244,0.043079,-0.104637,-0.954299,0.061921,0.450433,0.000774,-1.0
0.453112,0.458088,0.593351,0.143221,-0.576794,0.187248,0.545691,0.430437,-0.445299,0.120825,0.45426,0.149403,-0.460966,-0.07644,-1.0
0.827981,-0.825935,0.747458,-0.517657,0.950756,-0.397399,0.063298,0.088161,0.051809,-0.013084,-0.333652,-0.973896,0.139427,0.399443,-0.967516
0.916439,-0.109576,-0.235747,-0.687326,-0.876798,-0.084071,0.007469,0.507282,-0.062579,-0.068982,1.0,-0.010795,-0.445781,0.037523,-0.976437
-0.508634,0.482452,-0.231404,0.747536,-0.928544,-0.561902,0.221653,0.624723,-0.122415,-0.078211,0.331954,0.613842,-0.232094,-0.459818,-0.994449
0.821415,-0.13495,0.159491,-0.208739,-0.391899,-0.26175,0.559979,0.659425,-0.374654,-0.232155,0.507594,0.065537,-0.565852,0.012924,-1.0
0.050814,-0.551094,0.558717,0.166853,-0.800698,0.347093,0.211813,0.015276,-0.150809,0.064779,0.578139,-0.565053,-0.314125,0.37954,-0.995219
0.598666,0.82247,-0.803504,0.186488,0.918356,0.88033,0.783504,0.540013,0.419895,0.460194,-0.177801,-0.055422,0.509752,-0.012091,-1.0
0.374901,0.473152,-0.955407,-0.622859,-0.840512,-0.835696,0.437016,0.344405,-0.33212,-0.315948,0.383628,0.415678,-0.348421,-0.23378,-0.984343
-0.870531,0.85972,-0.945836,0.11395,-0.411749,0.658724,0.178149,0.375414,0.007921,0.044853,-0.789648,0.376744,0.424084,-0.175851,-1.0
0.437556,-0.577523,-0.564174,0.853862,-0.654815,0.392182,0.518617,0.931143,-0.349031,0.331951,0.397123,-0.36819,-0.266834,0.342798,-1.0
0.252241,-0.694387,-0.158301,-0.468461,0.284881,-0.444995,0.442651,0.449664,0.258186,-0.308452,-0.084723,-0.489401,0.097528,0.49908,-1.0
-0.891254,-0.205034,0.113058,0.161362,0.975102,-0.089332,0.557021,0.106914,0.534689,-0.086459,-0.484415,0.072377,0.519884,0.065345,-1.0
0.157515,-0.346349,0.320665,0.236803,0.271097,0.273041,0.438698,0.690296,0.296221,0.255708,-0.185047,-0.516344,0.079034,0.47018,-0.95529
0.862947,0.513173,-0.073769,0.642849,-0.589163,0.712161,0.898769,0.356534,-0.431434,0.532597,0.050698,0.00221,-0.462669,0.083731,-0.946024
0.898902,-0.59466,-0.111966,-0.591033,0.302963,-0.894541,0.354066,0.381649,0.096258,-0.277444,0.630366,0.33742,-0.405927,-0.253675,-0.975531
-0.17249,-0.066491,0.599326,-0.793569,-0.542544,-0.003019,0.459219,0.365727,-0.376246,-0.106458,0.50841,-0.116355,-0.482744,0.060826,-1.0
0.857511,-0.224358,0.283473,-0.78286,-0.634654,0.601352,0.708155,0.325367,-0.43418,0.45839,0.191204,-0.100618,-0.493983,0.275332,-1.0
0.8837,-0.689524,0.777158,0.317876,0.219646,0.086737,0.839855,0.69623,0.5931,0.214083,0.149004,-0.097578,-0.326338,0.305052,-0.989807
0.299785,-0.599922,0.651612,0.911233,-0.562621,0.354213,0.46016,0.247325,-0.273614,0.180919,0.350297,-0.383612,-0.378376,0.354172,-0.976487
-0.779289,-0.072189,-0.899242,-0.187065,-0.154808,0.036382,0.417473,0.616942,-0.34092,0.146608,-0.486786,-0.043235,0.494904,0.083538,-0.992278
-0.436227,0.979138,0.402673,0.217757,0.501146,-0.425763,0.005402,0.688912,0.020304,-0.10949,-0.505891,0.810283,0.317467,-0.523416,-0.917963
0.610897,-0.995515,-0.553492,-0.509829,-0.416228,0.382555,0.609788,0.049578,-0.457457,0.282103,0.214873,-0.287225,-0.291869,0.405018,-1.0
-0.062309,0.107628,-0.115165,0.439451,0.010726,0.378327,0.920413,0.487616,-0.025028,0.76007,-0.085433,-0.109485,0.064276,0.36089,-1.0
-0.056834,0.222662,-0.984073,-0.960766,-0.314636,-0.736213,0.762077,0.839285,-0.220992,-0.576597,0.014614,0.173888,-0.136631,-0.512361,-1.0
0.527012,0.691062,0.181346,-0.685044,0.116283,-0.523428,0.305227,0.487658,0.043716,-0.235449,0.220465,0.754571,-0.165234,-0.442022,-0.985439
-0.496709,-0.351451,-0.917625,0.192391,-0.431281,0.79927,0.079004,0.631145,-0.053165,0.057814,-0.066555,-0.884733,0.020536,0.574403,-1.0
-0.424533,-0.363414,0.915297,-0.104753,-0.780712,0.99996,0.868328,0.104411,-0.483929,0.537838,0.055201,-0.104496,-0.121316,0.361857,-1.0
-0.239096,0.479109,-0.317645,-0.376735,0.587068,-0.823701,0.245948,0.638214,0.083166,-0.181019,-0.437246,0.609622,0.269662,-0.506005,-0.994219
0.845612,-0.313403,-0.218303,-0.170374,-0.78185,-0.794484,0.090449,0.548635,-0.059414,-0.080455,0.943048,0.269056,-0.436763,-0.130581,-0.963788
0.467849,-0.946785,-0.346995,0.542554,0.886916,-0.284716,0.379849,0.282546,0.261442,-0.124461,-0.375512,-0.532092,0.262301,0.446282,-1.0
0.335914,-0.086006,0.731476,-0.828532,0.246381,-0.101954,0.883278,0.063989,0.643572,-0.318892,0.12801,0.050308,-0.494088,-0.072402,-0.954274
0.544704,0.666309,0.907246,-0.326007,0.385545,0.484199,0.126383,0.672449,0.075874,0.067213,0.623184,0.739706,-0.379671,-0.403561,-0.959537
-0.414277,0.716765,-0.504848,0.902972,0.132119,0.468357,0.377084,0.922992,0.063569,0.268189,-0.528387,0.154242,0.452585,-0.172997,-0.974147
-0.470809,0.578793,0.358677,0.524066,-0.826598,-0.833462,0.196325,0.969747,-0.083937,-0.074554,0.16163,0.742839,-0.12334,-0.485027,-0.942489
0.615508,0.995452,-0.236246,0.288204,-0.251742,-0.990707,0.622182,0.241557,-0.153266,-0.489238,0.130697,0.363009,-0.242461,-0.442536,-0.984249
0.891662,-0.715453,-0.295547,-0.54072,-0.216703,-0.380542,0.054895,0.79263,0.042235,-0.086464,0.973177,-0.277566,-0.384551,0.02857,-0.984833
0.608434,0.808466,0.05585,0.633422,0.698348,0.002198,0.617238,0.400777,0.482743,-0.038937,-0.05745,0.387631,0.060837,-0.493815,-0.96211
0.5125,0.30643,0.60826,0.528746,-0.763123,0.357381,0.537756,0.999642,-0.386738,0.060707,0.476486,0.06149,-0.479546,0.017548,-0.899709
0.786164,-0.593162,0.439695,-0.156457,-0.110997,-0.806384,0.881586,0.919711,-0.151856,-0.717903,0.099657,0.024647,-0.463102,-0.083028,-1.0
0.623114,0.119125,-0.784497,0.365812,-0.701486,0.934559,0.207685,0.582792,-0.11298,0.220997,0.587087,-0.50385,-0.449882,0.284872,-1.0
-0.686989,-0.924847,0.910038,-0.852504,0.097075,-0.872758,0.577277,0.639491,0.078745,-0.444748,-0.359352,-0.040391,0.497441,0.000844,-0.99488
-0.728031,-0.96435,0.648278,0.125276,-0.426845,-0.704477,0.374459,0.471674,-0.257155,-0.270928,-0.407091,-0.42809,0.412262,0.2765,-0.984515
0.092189,-0.339894,0.835882,-0.768474,-0.93009,-0.079507,0.174781,0.828993,-0.153915,-0.003462,0.778307,-0.270399,-0.494178,0.074448,-0.978103
-0.259151,0.267969,-0.609983,0.878477,-0.810809,-0.039178,0.738642,0.237254,-0.642462,-0.020785,0.19359,0.022001,-0.513729,-0.275225,-0.97544
-0.439361,0.072262,0.666756,-0.809155,0.371232,-0.936623,0.0014,0.225924,0.071415,0.055772,-0.701177,0.902801,0.334882,-0.428416,-1.0
-0.381764,-0.367321,0.846921,-0.427053,-0.480189,-0.648183,0.015168,0.596725,-0.050115,0.018929,0.343803,0.93791,-0.181298,-0.477849,-1.0
0.412266,0.808563,0.386729,-0.385658,0.882792,-0.927371,0.406836,0.771157,0.146342,-0.240407,-0.129387,0.637657,0.123508,-0.57104,-1.0
-0.85686,-0.413473,0.973594,-0.886281,0.553721,0.411534,0.765903,0.269654,0.537932,0.376153,-0.243049,-0.216419,0.326827,0.221892,-1.0
-0.165883,0.999339,0.619438,0.376617,0.249936,0.86567,0.35563,0.715099,0.064674,0.199826,-0.594395,0.23308,0.541639,-0.088325,-0.986934
0.576196,-0.428501,-0.443451,-0.471875,-0.263755,0.937614,0.288903,0.870027,-0.049295,0.273377,0.409716,-0.583877,-0.255034,0.39587,-0.958643
0.725927,0.32319,-0.367254,-0.19733,-0.69313,0.190301,0.078301,0.234589,-0.011453,0.034863,0.93452,0.143438,-0.449564,0.040618,-1.0
0.055459,-0.976459,-0.463485,-0.049111,0.040491,0.911687,0.502838,0.496806,0.069135,0.357038,0.016772,-0.462362,0.075066,0.453909,-0.987135
0.513885,0.598538,0.364875,0.522033,0.849618,0.232724,0.329239,0.492235,0.29169,0.086716,-0.484281,0.475581,0.347866,-0.372562,-1.0
0.199703,0.488495,0.719086,0.933518,-0.224211,-0.708624,0.606524,0.504946,-0.134054,-0.468576,0.097231,0.46762,-0.173447,-0.496953,-1.0
0.711411,0.967285,0.640121,0.159883,0.529707,-0.081142,0.879071,0.529091,0.703953,-0.105683,0.07664,0.127574,-0.081564,-0.463742,-0.979837
-0.996574,0.511769,-0.595945,0.835893,0.752793,-0.164288,0.920154,0.243732,0.626346,-0.212767,-0.068104,0.090582,0.4971,-0.186561,-0.886718
0.681562,0.167513,-0.930856,0.054325,-0.585121,-0.989297,0.438313,0.2073,-0.058842,-0.244857,0.38689,0.454784,-0.346537,-0.250347,-0.937069
0.318141,-0.677857,-0.624615,-0.88359,-0.721566,0.075964,0.70235,0.867679,-0.533359,0.04919,0.225777,-0.199113,-0.373497,0.2525,-1.0
0.647901,-0.288126,-0.047694,-0.204685,-0.349475,0.453572,0.176403,0.826055,-0.108463,0.211216,0.582716,-0.546636,-0.357674,0.311473,-1.0
0.182701,-0.116239,-0.461324,0.78179,-0.834107,-0.454493,0.185637,0.427173,-0.133466,0.062091,0.681411,0.211867,-0.482938,-0.186766,-0.961728
-0.406255,0.543233,0.939851,-0.056158,0.311581,0.225983,0.395273,0.942161,0.382308,0.190752,-0.601288,0.228704,0.407452,-0.131923,-1.0
0.422534,-0.820282,-0.70167,-0.121341,-0.714903,0.373774,0.452624,0.360016,-0.375857,0.206441,0.385327,-0.427774,-0.342525,0.32848,-0.955358
-0.991989,0.883539,0.095165,-0.040281,-0.388368,-0.814621,0.43541,0.682542,-0.176026,-0.339756,-0.140733,0.589082,0.201329,-0.383528,-1.0
-0.413509,-0.977985,0.932501,-0.871484,-0.313797,0.656202,0.727988,0.520957,-0.256519,0.588373,-0.051848,-0.206672,0.007258,0.586248,-0.963458
-0.044203,0.406851,0.633,0.475453,0.095509,0.274821,0.62587,0.736683,0.147425,0.491261,-0.263323,0.307259,0.349105,-0.301942,-0.996123
-0.117019,-0.218861,-0.848182,0.675353,0.442179,-0.16194,0.575717,0.091183,0.465161,-0.197752,-0.375033,-0.094473,0.499834,0.087185,-0.973634
0.960902,0.408265,0.932493,0.777664,0.273023,-0.281892,0.78343,0.896843,0.449571,-0.428525,0.087343,0.121984,-0.391558,-0.358787,-1.0
-0.213659,-0.194204,0.852185,0.242367,-0.754615,-0.995056,0.367708,0.880965,-0.15954,-0.228107,0.325961,0.504855,-0.26974,-0.441131,-1.0
0.73724,-0.863605,-0.979615,-0.752424,-0.82471,-0.676682,0.948428,0.155909,-0.485191,-0.410452,0.007872,-0.065383,-0.540798,-0.001373,-0.967488
0.846685,-0.83707,-0.232893,0.564012,-0.841663,0.618674,0.087111,0.55102,-0.082115,0.047521,0.715261,-0.570399,-0.351542,0.265972,-1.0
0.112116,0.229782,0.596239,0.77464,-0.734922,-0.638182,0.076925,0.6288,-0.018408,-0.06822,0.626301,0.611055,-0.291736,-0.414301,-1.0
-0.774766,0.963376,0.682375,-0.305887,-0.413631,-0.65888,0.291392,0.696471,-0.093076,-0.259217,-0.270763,0.772088,0.118178,-0.488814,-1.0
0.730004,0.807792,0.876748,-0.076054,0.996928,0.995777,0.436045,0.016208,0.195869,0.195929,-0.480197,-0.335928,0.368868,0.289163,-0.946572
0.840287,-0.57874,0.524443,0.964335,-0.346119,0.946712,0.894906,0.514047,-0.283882,0.683403,-0.000937,-0.105564,-0.389034,0.350018,-1.0
0.105217,0.995355,0.145371,0.117509,-0.866271,0.172795,0.971873,0.366096,-0.787304,0.227016,0.065575,0.090371,-0.348304,-0.34412,-1.0
-0.820403,0.769179,-0.780439,0.233898,-0.688747,0.423991,0.566282,0.142328,-0.279983,0.182481,-0.094716,0.448527,0.151788,-0.386498,-1.0
-0.881377,0.556964,-0.802809,0.137439,0.032808,-0.412803,0.067866,0.995716,0.015284,0.010102,-0.661628,0.636276,0.369512,-0.326144,-0.996469
0.148947,0.560863,-0.272635,0.402412,-0.491463,-0.963929,0.411923,0.095573,-0.199331,-0.256122,0.188556,0.53819,-0.277252,-0.407849,-1.0
0.351582,0.079607,-0.717268,0.467434,-0.871553,-0.46089,0.709997,0.221184,-0.476895,-0.224311,0.271865,0.121196,-0.523467,-0.170862,-1.0
0.169885,0.15461,0.615353,0.178857,0.558938,0.198886,0.582162,0.306408,0.526245,0.081233,-0.368031,-0.049448,0.524379,0.064175,-1.0
0.64532,0.046271,-0.9853,-0.245888,-0.26879,0.489467,0.729827,0.093,-0.320048,0.51579,0.238176,-0.16351,-0.413503,0.248775,-0.935167
0.726728,0.539677,-0.690542,-0.496689,-0.468678,-0.029592,0.713762,0.358957,-0.561853,-0.022934,0.224108,0.184646,-0.412822,-0.152512,-1.0
0.9384,-0.423696,-0.046896,0.339533,-0.484472,-0.138025,0.565342,0.920518,-0.368097,-0.179263,0.389394,-0.067163,-0.483935,0.064343,-0.9687
-0.52449,-0.697065,0.420233,-0.236084,-0.459771,-0.893976,0.33144,0.985099,-0.119849,-0.145919,-0.129278,0.62114,0.145584,-0.494187,-0.992829
-0.498073,-0.283233,0.383583,0.411576,0.106218,-0.752214,0.423332,0.320662,0.030596,-0.400318,-0.432427,0.320489,0.36599,-0.217969,-0.990887
-0.323964,-0.162835,0.102825,0.373615,-0.975698,-0.126316,0.688981,0.379742,-0.472093,-0.184197,0.312476,0.057935,-0.512122,-0.052454,-1.0
0.038182,0.90897,0.861889,-0.045697,0.876557,-0.44331,0.035211,0.221944,0.075541,-0.044558,-0.472293,0.819771,0.275793,-0.278384,-1.0
0.962314,0.67684,0.0056,-0.415022,-0.091947,0.161167,0.455545,0.367475,-0.227377,0.339834,0.439609,0.272307,-0.511461,-0.259383,-1.0
0.593769,0.429273,-0.430283,0.888365,-0.051489,-0.638087,0.700962,0.45567,-0.029765,-0.545335,0.270538,0.236769,-0.300361,-0.41654,-1.0
0.791875,0.958749,0.108479,0.715301,0.56848,0.704145,0.987159,0.050869,0.487151,0.656634,-0.051114,0.026281,-0.340312,-0.463923,-1.0
0.396649,0.641137,0.803422,-0.255085,0.306392,-0.60296,0.953733,0.240114,0.412782,-0.648681,-0.074014,0.034773,-0.0666,-0.522399,-0.977376
0.648841,-0.17851,0.487374,0.642173,-0.308642,0.307813,0.219395,0.244033,-0.06886,0.148185,0.685983,-0.376554,-0.454542,0.296437,-1.0
-0.112105,-0.834919,0.31011,0.510789,-0.248392,-0.828262,0.640476,0.061177,-0.08121,-0.397189,0.275858,0.015102,-0.522489,-0.041902,-0.926371
0.401933,-0.225896,0.982803,0.780841,0.832091,0.844714,0.812221,0.455715,0.410985,0.454111,-0.075253,-0.143901,0.169004,0.532555,-1.0
0.088326,0.209871,-0.414434,0.676063,-0.899771,-0.142441,0.40104,0.577005,-0.360947,-0.010547,0.525941,0.189135,-0.445507,-0.206272,-1.0
0.598352,-0.432547,0.680906,0.108989,0.311844,-0.581153,0.931621,0.200439,0.404511,-0.609927,-0.015903,0.059515,-0.479515,-0.243934,-1.0
-0.776809,-0.486007,0.526423,-0.577422,-0.199893,0.333518,0.978641,0.129587,-0.338294,0.681517,-0.077152,-0.115579,0.319603,0.41339,-0.959328
-0.983139,-0.842777,-0.632267,0.09985,0.143532,-0.153443,0.621922,0.828846,0.397004,-0.253416,-0.252312,-0.17286,0.405809,0.165073,-1.0
-0.335878,0.419143,0.642317,0.932567,0.555563,-0.250812,0.674309,0.837771,0.49086,-0.153497,-0.212215,0.199072,0.426053,-0.249921,-0.993174
0.849423,0.059528,-0.202734,0.482328,0.152118,0.258875,0.337068,0.168198,0.105723,0.209965,0.607016,-0.162722,-0.456384,0.140214,-0.977372
0.709557,0.023356,-0.928292,-0.631638,0.769607,0.590964,0.635734,0.981346,0.4522,0.284644,-0.114241,-0.329507,0.131472,0.48266,-0.98053
0.436512,-0.337332,-0.783949,0.727049,-0.239366,-0.369515,0.372804,0.291908,-0.155012,-0.225328,0.625194,-0.041436,-0.498563,-0.018748,-0.911789
-0.342496,-0.24299,0.215213,0.253721,0.631659,0.826378,0.189061,0.45233,0.118732,0.037606,-0.52941,-0.53081,0.358414,0.450646,-0.996646
-0.465639,-0.139772,-0.374892,0.519459,-0.189553,0.424775,0.461237,0.688934,-0.144605,0.385411,-0.192661,-0.513806,0.224917,0.394842,-1.0
-0.172211,-0.746745,0.08601,0.278087,-0.471436,-0.597954,0.021496,0.840943,0.085407,-0.070809,0.859562,-0.422172,-0.424231,0.200077,-0.884603
-0.277623,0.515782,-0.982812,-0.463412,-0.536737,0.83056,0.40412,0.822172,-0.218631,0.220443,0.35506,-0.481061,-0.25669,0.406767,-1.0
-0.18757,-0.79739,-0.53326,0.484305,-0.423597,0.192829,0.53129,0.93388,-0.40508,0.233064,0.190386,-0.408752,-0.050884,0.465683,-0.993127
0.809525,0.140248,0.663583,0.463337,-0.542733,0.090535,0.519391,0.473691,-0.416046,0.013687,0.434435,-0.012684,-0.53787,0.044319,-1.0
0.271522,0.467922,0.033811,-0.034697,0.612121,0.888795,0.660699,0.589382,0.258721,0.402825,-0.156548,-0.244132,0.276459,0.356348,-0.986443
0.239264,-0.258419,-0.667257,0.950626,0.96897,0.141691,0.055601,0.466316,0.050547,0.045194,-0.867808,-0.480908,0.466141,0.210424,-1.0
-0.079672,-0.376567,0.270243,0.914826,-0.115521,-0.185953,0.056455,0.41785,-0.113122,0.009591,0.201827,-1.0,-0.137729,0.450295,-0.933651
0.676606,0.831886,-0.112812,0.953959,0.602479,-0.193971,0.139787,0.236444,0.157563,-0.013533,0.011809,0.840848,0.015184,-0.476397,-1.0
0.177274,-0.688641,0.644788,0.539632,0.049617,0.107414,0.190182,0.346982,0.070161,0.045053,0.134672,-0.777475,-0.148915,0.405427,-0.973602
-0.59927,0.176469,0.220076,0.754324,-0.456554,0.620714,0.196406,0.422526,-0.09138,0.049177,-0.203681,-0.809279,0.073644,0.390086,-1.0
0.097987,0.623989,-0.968835,0.87928,0.885034,0.208225,0.501248,0.34013,0.456058,0.10817,-0.383065,0.158052,0.608972,-0.23545,-1.0
-0.198561,-0.653191,-0.614763,-0.237912,0.075957,0.839175,0.603041,0.931747,0.160732,0.518326,-0.046836,-0.424564,0.114468,0.533908,-1.0
0.921821,-0.069617,0.249109,-0.656849,0.415543,-0.25032,0.458794,0.936492,0.36636,-0.175706,0.558861,0.159311,-0.449185,-0.189072,-0.937259
0.474611,-0.541584,-0.843906,-0.605594,-0.369603,-0.478567,0.603643,0.369058,-0.272886,-0.371451,0.5109,-0.009808,-0.570865,0.001326,-1.0
-0.431774,-0.210002,-0.129164,-0.785592,0.622801,0.605178,0.479786,0.768658,0.235446,0.265139,-0.352341,-0.31894,0.329909,0.270435,-0.979875
0.480854,-0.543092,-0.938481,-0.207941,0.953565,-0.373427,0.916356,0.323738,0.751724,-0.244485,-0.017114,-0.045498,0.48062,0.170336,-1.0
0.569275,0.250131,-0.373639,0.856806,0.456981,-0.960796,0.718864,0.911678,0.239532,-0.470478,-0.039454,0.328244,0.065557,-0.423001,-1.0
0.905213,-0.830689,0.103884,-0.53596,-0.763071,0.852626,0.542276,0.033148,-0.369379,0.426467,0.267457,-0.326787,-0.415597,0.327091,-0.959322
0.7852,0.795074,-0.305302,0.908884,-0.596151,0.400508,0.868948,0.394067,-0.531,0.292278,0.18629,0.081913,-0.539783,-0.084646,-1.0
0.31639,-0.903545,0.590846,-0.49325,0.241605,0.746217,0.471405,0.899931,0.159054,0.298624,0.07414,-0.646534,-0.003604,0.479594,-1.0
0.097084,0.948111,-0.161523,0.171162,-0.818171,0.743094,0.123534,0.032277,-0.09372,0.13707,0.832312,0.261587,-0.484075,-0.154048,-0.99619
-0.524256,-0.240249,-0.244578,-0.794202,-0.132142,0.055263,0.880264,0.096367,-0.595073,0.257962,-0.073943,-0.112821,0.404487,0.251294,-0.951096
-0.012683,0.141009,-0.589526,0.886918,0.218811,-0.655679,0.7697,0.658728,0.279011,-0.570859,-0.097811,0.290598,0.162487,-0.424044,-1.0
-0.181761,-0.849487,-0.657488,0.598622,-0.982744,0.178157,0.688958,0.275446,-0.48043,0.114531,0.176104,-0.177128,-0.305959,0.433218,-0.921869
-0.355988,-0.49533,0.263001,0.490312,0.035364,0.358132,0.057023,0.969436,0.03714,-0.012816,-0.409941,-0.882773,0.176998,0.435639,-0.965523
0.715809,-0.801876,0.00891,0.877475,0.279332,-0.47028,0.311745,0.428458,0.238179,-0.23151,0.522145,-0.431558,-0.393345,0.333279,-0.999785
-0.333653,-0.190812,0.235653,-0.08869,0.458026,0.319945,0.607927,0.130733,0.382164,0.350828,-0.35927,-0.284053,0.455013,0.357057,-1.0
0.31754,-0.922515,-0.946881,0.820909,0.519574,0.611157,0.840608,0.714934,0.391594,0.500622,0.034334,-0.184448,0.096281,0.503341,-1.0
0.136668,0.920393,-0.111513,-0.604952,-0.276622,-0.606651,0.570461,0.005169,-0.129085,-0.528315,0.066854,0.344783,-0.029315,-0.52904,-0.964935
-0.632419,0.460752,0.982472,-0.327333,0.640558,0.165107,0.29171,0.725349,0.263024,0.08365,-0.710241,0.145671,0.497435,-0.122399,-1.0
-0.066793,0.759389,-0.548705,-0.274739,0.017308,-0.898337,0.369106,0.601579,0.071056,-0.283844,0.081648,0.680132,0.12395,-0.522999,-1.0
-0.655672,0.199479,-0.456203,-0.717069,-0.885403,-0.889191,0.959804,0.494397,-0.517948,-0.534143,-0.072909,-0.049142,-0.09441,-0.490591,-1.0
-0.248046,-0.395708,-0.94887,-0.910162,-0.37087,-0.807898,0.070883,0.165504,-0.005336,-0.082279,0.31407,0.925386,-0.120094,-0.456671,-0.938099
-0.487014,0.067509,-0.378711,0.854132,-0.2877,-0.535019,0.049965,0.986898,0.014569,0.027552,-0.323366,0.889855,0.236369,-0.539195,-1.0
0.827565,-0.433141,0.368112,0.815659,-0.115545,0.417589,0.689334,0.003753,-0.154745,0.540472,0.120265,-0.189009,-0.359434,0.255694,-0.963916
-0.967954,0.53226,0.633497,-0.430332,-0.200421,0.367297,0.471069,0.500755,-0.162371,0.383917,-0.540856,0.099587,0.520076,-0.049433,-1.0
0.206081,-0.967808,0.083731,-0.595427,0.353675,-0.281739,0.954217,0.248622,0.564438,-0.431974,-0.012645,-0.026696,0.134748,0.583632,-0.963873
0.196582,0.371975,-0.17983,-0.527768,-0.783242,-0.616325,0.873117,0.95608,-0.530453,-0.521431,0.146245,0.09749,-0.328832,-0.395801,-1.0
-0.081493,-0.980021,-0.678638,-0.788447,-0.42355,0.255461,0.079151,0.671918,-0.04627,0.065391,0.215788,-0.772193,-0.150662,0.449436,-0.981626
-0.42939,0.986319,-0.115877,-0.728493,-0.602234,-0.997135,0.463237,0.646565,-0.194174,-0.217355,0.081338,0.50527,0.016752,-0.514274,-1.0
0.205297,-0.344427,-0.622723,-0.712921,-0.265496,0.730519,0.977189,0.559225,-0.267308,0.779477,-0.008983,-0.013544,-0.193723,0.490288,-1.0
0.667454,-0.221754,0.658491,0.171147,-0.437023,0.200013,0.441695,0.24574,-0.37013,0.121967,0.576894,-0.182309,-0.38877,0.236139,-1.0
0.012586,0.572883,-0.096354,0.570552,-0.48088,-0.816893,0.22017,0.333564,-0.08633,-0.157396,0.255244,0.762563,-0.213551,-0.475381,-0.957344
0.03148,0.723754,-0.882657,-0.669981,0.66409,0.309846,0.112797,0.560114,0.101523,0.054364,-0.685036,0.407703,0.450201,-0.287679,-0.997647
-0.053714,-0.696897,-0.146783,-0.156502,0.654593,0.315989,0.931452,0.377308,0.740227,0.361922,-0.03815,-0.028321,0.273295,0.347573,-0.998755
-0.754001,0.254931,-0.386919,-0.710215,0.683897,-0.352562,0.64567,0.490255,0.513097,-0.265001,-0.367045,0.058872,0.499533,-0.262894,-0.94211
-0.323506,0.896934,-0.646068,0.292129,0.057232,0.809439,0.847965,0.893014,0.032254,0.619218,-0.180789,0.025133,0.55303,-0.106881,-1.0
0.93375,-0.811927,-0.000329,0.157298,0.215931,-0.385685,0.395067,0.664298,0.175483,-0.290018,0.54015,-0.322593,-0.372624,0.229505,-0.986643
0.967996,0.7586,-0.283022,-0.426049,-0.04221,0.216785,0.908941,0.752787,-0.194855,0.731773,0.076135,0.046985,-0.42263,-0.16789,-1.0
0.913472,-0.1883,-0.827983,0.127764,0.324595,-0.764378,0.840942,0.764678,0.311994,-0.584484,0.126881,0.146838,-0.358398,-0.302024,-0.986528
0.435212,-0.430545,-0.845694,-0.937209,-0.956962,0.933112,0.777207,0.299895,-0.384114,0.435573,0.18707,-0.191908,-0.344552,0.416453,-1.0
-0.722001,-0.601904,-0.739641,-0.074224,0.182668,0.56339,0.681011,0.36175,0.330189,0.482112,-0.251465,-0.225783,0.381459,0.349594,-1.0
0.224327,-0.535222,-0.903605,0.505906,0.126887,-0.58189,0.526054,0.190179,0.123667,-0.366252,0.438601,0.320028,-0.516466,-0.2187,-0.996611
0.199398,0.775655,-0.720305,-0.64091,-0.072967,0.639999,0.442979,0.185537,-0.017343,0.379462,0.499462,0.288669,-0.396702,-0.139612,-0.984915
-0.438852,0.640679,-0.071948,-0.85961,0.176586,-0.501915,0.786616,0.500068,0.269829,-0.574123,-0.173416,0.258211,0.258175,-0.469587,-1.0
0.141927,-0.7945,0.747682,0.89271,0.482475,0.847415,0.141458,0.066306,0.120532,0.100383,-0.210633,-0.852229,0.159013,0.548677,-0.968785
-0.985153,0.981698,0.107253,-0.552961,0.475627,-0.426766,0.539406,0.354958,0.275217,-0.261656,-0.348883,0.273656,0.272544,-0.378533,-1.0
-0.567528,-0.049912,0.18802,-0.598439,0.290078,0.587514,0.003537,0.268873,-0.010178,0.070344,-0.800129,-0.650926,0.379762,0.270952,-1.0
-0.521106,-0.445163,0.732367,-0.944592,-0.336088,-0.91564,0.474056,0.116802,0.00199,-0.381116,-0.20659,0.445348,0.217228,-0.558247,-1.0
-0.682377,0.115073,0.628974,-0.058752,-0.29421,-0.113967,0.440542,0.292018,-0.414237,-0.133531,-0.386661,0.223904,0.466643,-0.188289,-0.982385
0.580316,0.645178,0.835779,-0.953694,0.83581,-0.296728,0.176148,0.761247,0.161385,-0.04952,-0.214155,0.861626,0.113154,-0.438718,-0.985661
0.08347,-0.806834,0.321899,-0.254341,0.473219,0.972916,0.088754,0.535144,0.078161,0.090877,-0.110338,-0.902547,0.13838,0.531107,-0.940656
0.556809,0.802184,-0.18994,-0.408786,0.599715,-0.255972,0.265585,0.044195,0.194003,-0.084955,-0.016355,0.763984,-0.035857,-0.417419,-0.98801
-0.757342,0.266802,0.130549,-0.934382,0.070611,-0.561033,0.972897,0.525236,0.044969,-0.78817,-0.000756,0.041306,0.329247,-0.431197,-1.0
0.31719,-0.558475,-0.520781,0.386633,-0.403938,0.701692,0.47032,0.044498,-0.168353,0.280753,0.203323,-0.452515,-0.372232,0.384711,-0.985199
0.354608,-0.38041,0.282637,-0.127431,0.645982,0.383968,0.131326,0.378024,0.036341,0.054417,-0.261398,-0.812505,0.30245,0.557571,-1.0
-0.747499,-0.757442,-0.557559,-0.430334,-0.678838,0.762624,0.793328,0.793771,-0.404158,0.548763,-0.008572,-0.259788,-0.064227,0.618333,-1.0
-0.656766,0.985861,-0.829091,-0.358048,0.949329,0.214574,0.085346,0.296429,-0.015701,-0.041805,-0.821103,0.461074,0.451604,-0.285236,-1.0
0.350747,-0.253503,0.626925,0.221824,0.596813,0.399275,0.661896,0.305287,0.356359,0.227176,-0.159303,-0.327543,0.157,0.439001,-1.0
-0.625974,-0.932799,-0.803795,-0.327551,-0.060186,-0.869916,0.03359,0.125553,0.006758,-0.052724,-1.0,-0.112527,0.466987,0.030486,-1.0
0.299424,-0.496374,0.126844,-0.524713,0.75533,0.534788,0.170058,0.307556,0.081554,0.099218,-0.295345,-0.685168,0.178633,0.450853,-0.985209
-0.272819,0.228761,0.994535,0.952552,0.720638,0.185085,0.505834,0.451714,0.385906,0.126863,-0.502392,0.095761,0.51092,0.003755,-1.0
-0.605543,-0.038259,0.269952,0.494878,-0.636437,0.227026,0.017211,0.676843,-0.020715,0.054765,0.115246,-1.0,-0.009661,0.442623,-0.99124
-0.41023,-0.249039,0.85242,0.897107,0.617365,0.739981,0.331444,0.806142,0.269742,0.239073,-0.439842,-0.370863,0.278612,0.260755,-0.99803
-0.816785,0.092631,-0.240232,0.731459,-0.036501,0.478995,0.986399,0.414641,0.00382,0.735991,-0.005406,-0.080496,0.528784,0.24771,-0.96487
0.610849,0.382453,0.78531,-0.162394,-0.361046,-0.649208,0.474158,0.564944,-0.225407,-0.313073,0.334157,0.500851,-0.308558,-0.44882,-1.0
0.662446,-0.837901,0.925062,-0.427578,-0.108824,0.648696,0.766512,0.002943,-0.027238,0.601985,0.130791,-0.11858,-0.244549,0.405,-1.0
0.899224,0.393205,0.597694,0.701083,0.94334,0.428438,0.641882,0.416541,0.471579,0.239243,-0.253273,-0.295998,0.366629,0.226944,-1.0
-0.944963,0.336558,-0.975978,-0.163526,-0.347577,0.166209,0.571851,0.113444,-0.425277,0.194475,-0.453561,-0.002742,0.518015,-0.001536,-0.993643
0.733868,-0.302577,0.195029,0.890245,0.865636,-0.902247,0.443489,0.514315,0.188273,-0.242605,-0.083857,0.571082,0.232309,-0.52769,-0.963957
0.309346,0.192141,0.346512,-0.479297,0.908076,0.552489,0.558184,0.067273,0.392053,0.158409,-0.372759,-0.261633,0.426567,0.17148,-1.0
-0.822646,-0.964865,0.045879,0.792185,-0.302668,0.590991,0.227019,0.72554,-0.102016,0.151436,-0.275559,-0.744049,0.133418,0.49731,-1.0
-0.209745,-0.921083,-0.839477,0.849728,0.875495,-0.282549,0.495606,0.924487,0.371199,-0.142786,-0.476784,-0.3664,0.414122,0.262726,-0.943131
-0.59052,-0.044153,-0.159841,0.166917,-0.516918,-0.421945,0.739974,0.269335,-0.515354,-0.356993,0.005375,0.217863,0.127897,-0.501252,-1.0
0.853808,-0.417439,-0.547684,0.549438,0.764622,-0.336174,0.763002,0.402633,0.57244,-0.274521,0.177392,-0.185956,-0.368543,0.383738,-1.0
-0.482205,0.906233,-0.821067,0.711175,0.372821,-0.880877,0.80079,0.265912,0.283611,-0.546447,-0.082742,0.247245,0.276709,-0.479066,-0.951483
-0.833217,-0.167965,-0.37112,0.649168,0.866531,-0.484862,0.959911,0.966925,0.665796,-0.41179,-0.000402,-0.019935,0.487728,0.006395,-0.947376
0.928691,0.923755,0.591175,0.502133,-0.289274,-0.384693,0.476588,0.282166,-0.265229,-0.24377,0.34605,0.361709,-0.409787,-0.330107,-0.999336
0.726588,0.514824,0.596969,0.012638,-0.871747,-0.459862,0.287713,0.427185,-0.170981,-0.173362,0.533475,0.285135,-0.322526,-0.157841,-0.9632
-0.06302,0.474098,0.363692,0.159621,0.044262,-0.729006,0.962337,0.582295,0.065548,-0.777895,0.058252,0.045037,0.019242,-0.530788,-0.962547
0.876545,0.093577,0.443071,-0.737363,-0.641029,0.397696,0.51158,0.166041,-0.322152,0.175051,0.377785,-0.017103,-0.546863,0.110458,-1.0
0.917256,0.756858,-0.820043,-0.663073,0.621526,-0.745814,0.123602,0.949584,0.077939,-0.061669,0.164579,0.894485,-0.164344,-0.516573,-1.0
-0.843797,-0.809624,0.352527,0.246811,0.507283,0.897272,0.886018,0.919746,0.42731,0.586674,-0.119471,-0.036556,0.370444,0.419078,-1.0
-0.601581,-0.606134,-0.956197,-0.041851,-0.749717,-0.312154,0.809239,0.434145,-0.591735,-0.262015,0.046286,-0.192117,-0.242311,0.480067,-0.922636
-0.293781,-0.626924,0.0747,0.943704,-0.554701,0.444327,0.719808,0.787065,-0.466147,0.40726,0.083934,-0.243879,-0.112665,0.481467,-1.0
0.154505,-0.803537,0.578846,-0.128119,-0.249434,0.697388,0.726274,0.168121,-0.111614,0.475912,0.057421,-0.222959,-0.199662,0.431113,-1.0
-0.953107,-0.63741,0.230675,0.172457,0.013134,-0.987891,0.231554,0.704606,-0.008767,-0.222595,-0.729155,0.344226,0.512571,-0.144076,-1.0
-0.100739,0.24249,0.776192,-0.948961,-0.404457,0.522718,0.936359,0.056057,-0.432396,0.570122,0.031045,-0.011564,-0.364464,0.324062,-0.98397
-0.176311,-0.340309,0.303682,0.900597,-0.519348,-0.457711,0.59099,0.432921,-0.33046,-0.273204,0.375364,0.134553,-0.529664,-0.236046,-0.99654
0.856847,0.606182,-0.916153,-0.984577,-0.311548,0.417761,0.219144,0.214951,-0.069752,0.205034,0.719571,0.129351,-0.46051,-0.079945,-0.996743
-0.920488,0.666156,0.621533,0.426483,-0.53954,0.784293,0.492433,0.650551,-0.232967,0.31274,-0.460793,-0.140814,0.445667,0.130089,-0.96544
-0.735833,0.568306,-0.831893,0.509488,-0.572682,0.506497,0.686341,0.606923,-0.436746,0.375883,-0.281379,0.083163,0.37848,-0.103512,-1.0
0.490439,-0.192974,0.198059,-0.047652,-0.406522,0.109088,0.20759,0.086749,-0.114705,0.101182,0.836528,-0.325765,-0.55795,0.120569,-0.966666
0.064655,0.164322,0.891638,-0.256908,0.184864,-0.526032,0.57578,0.476059,0.181928,-0.475229,-0.057063,0.39093,0.063973,-0.532365,-1.0
-0.562456,-0.227804,0.239526,-0.632179,0.889111,0.21518,0.095996,0.015347,0.106368,-0.036609,-0.862722,-0.255099,0.430032,0.157222,-0.997087
0.926807,-0.342902,0.267636,-0.049363,0.03317,-0.368761,0.930424,0.517077,0.149389,-0.745104,0.118486,-0.0401,-0.485987,-0.011198,-1.0
-0.741207,0.874214,-0.33927,0.845809,0.520622,-0.281144,0.421559,0.433374,0.277987,-0.242776,-0.394293,0.339635,0.333176,-0.318953,-1.0
0.932862,-0.311278,-0.845164,0.945161,-0.019827,-0.216289,0.094664,0.346988,-0.083091,-0.044542,0.835733,-0.11057,-0.45919,0.1298,-1.0
-0.322194,-0.235105,-0.266832,0.525605,-0.278107,-0.994101,0.300367,0.498248,-0.013245,-0.220118,0.029948,0.64777,0.028974,-0.459676,-1.0
-0.809673,0.369835,0.621036,0.205989,0.489728,0.33468,0.197064,0.434389,0.084999,0.093353,-0.867383,-0.01639,0.536672,0.0553,-0.984209
0.473861,0.583206,-0.861628,0.026895,0.372246,0.590857,0.396764,0.60877,0.077981,0.326158,0.544611,-0.068061,-0.452015,0.041329,-1.0
0.21524,-0.708511,-0.386984,0.655321,-0.111276,-0.425441,0.594843,0.113505,-0.101391,-0.435603,0.317531,-0.323042,-0.389577,0.339912,-0.932711
0.636909,-0.165167,0.140327,0.061818,-0.667498,0.797486,0.451773,0.899648,-0.265274,0.320455,0.484027,-0.336151,-0.360664,0.325085,-0.997819
-0.549948,-0.869061,0.981019,0.060255,0.152111,0.060717,0.032917,0.113379,0.042451,-0.017353,-0.623711,-0.772673,0.213298,0.391793,-1.0
0.145793,-0.762,0.873881,-0.368277,0.236386,-0.62826,0.825598,0.328315,0.199259,-0.503184,-0.091766,-0.151302,0.312104,0.382461,-1.0
-0.437165,0.724783,-0.783468,-0.212457,0.973958,0.569283,0.3817,0.956424,0.254807,0.173697,-0.585384,0.03915,0.490448,-0.018606,-0.948891
-0.382424,0.216177,0.071947,0.123794,0.49645,-0.717706,0.495332,0.626769,0.231838,-0.438184,-0.423795,0.373284,0.329449,-0.366461,-0.93037
0.420485,-0.291464,0.569522,0.752858,0.032195,-0.629702,0.627136,0.198505,0.006978,-0.516826,0.303004,0.236881,-0.390428,-0.386674,-0.970159
-0.955352,0.15079,0.333599,-0.568564,0.475812,-0.171823,0.317148,0.584131,0.251326,-0.135676,-0.694578,0.18431,0.476134,-0.077796,-1.0
-0.832624,-0.688411,0.607037,0.193962,-0.215235,0.57217,0.400447,0.885452,-0.131863,0.303053,-0.368444,-0.528392,0.166697,0.493564,-0.918728
-0.707314,0.831298,0.101846,-0.961572,0.937112,0.314825,0.785491,0.50762,0.694515,0.207574,-0.274576,-0.030469,0.53046,-0.199256,-0.985779
-0.255951,0.134025,-0.366384,0.762908,-0.463383,-0.98613,0.539996,0.262336,-0.192659,-0.306771,0.054383,0.456366,-0.022943,-0.477494,-1.0
0.932448,-0.379403,-0.094072,-0.297592,-0.859041,-0.908573,0.128557,0.217164,-0.17402,-0.083876,0.840506,0.224628,-0.485919,-0.158223,-1.0
-0.994058,-0.122304,-0.448071,-0.260819,-0.379095,-0.815883,0.060343,0.306572,-0.078273,-0.110278,-0.636488,0.687336,0.375606,-0.431942,-1.0
0.379539,0.459903,0.336262,-0.503673,-0.203103,0.864773,0.491168,0.616808,-0.118972,0.35472,0.472638,-0.318836,-0.487786,0.331354,-0.996774
-0.092206,0.179587,0.121968,-0.647411,-0.903416,0.295954,0.731785,0.558669,-0.542864,0.099927,0.282187,-0.119694,-0.538626,0.029942,-1.0
0.073124,-0.411827,0.354655,-0.922269,-0.788668,-0.461202,0.842673,0.48263,-0.5623,-0.473224,0.246357,-0.027687,-0.410385,0.037788,-1.0
-0.497644,0.058075,0.017735,-0.021636,0.364375,0.532669,0.456783,0.119431,0.231815,0.280651,-0.489598,-0.346861,0.498993,0.24234,-0.939991
0.641253,-0.184442,0.95982,-0.572775,-0.47866,-0.220017,0.991037,0.116287,-0.724019,-0.36531,0.029933,-0.047468,-0.479564,-0.044237,-0.983609
-0.08482,0.901664,-0.657907,0.952917,-0.841061,-0.305778,0.876238,0.940109,-0.663279,-0.315972,0.130768,0.115092,-0.267459,-0.388438,-1.0
0.109727,0.321855,-0.621306,0.118603,0.981134,-0.564452,0.824816,0.132569,0.630211,-0.338889,-0.208983,0.113314,0.33376,-0.355906,-0.94508
0.652943,0.80371,-0.071555,0.647669,0.003102,0.866083,0.50251,0.73511,-0.062331,0.37217,0.520019,-0.082366,-0.503806,0.048881,-1.0
0.298453,0.608127,0.790376,0.563773,0.756794,-0.131581,0.402505,0.130074,0.290275,-0.022866,-0.303837,0.500103,0.266597,-0.419425,-1.0
-0.849737,0.690566,-0.949775,-0.816648,-0.745566,0.213311,0.887339,0.673153,-0.76518,0.252528,0.032081,0.15343,0.078698,-0.430398,-0.951376
0.941396,-0.789413,-0.480909,-0.842574,-0.276942,0.959068,0.813155,0.859423,-0.128375,0.537685,0.104612,-0.130871,-0.321369,0.369931,-0.965017
-0.768502,0.869128,0.510024,0.590957,-0.455231,-0.292446,0.310503,0.207402,-0.213785,-0.167654,-0.14369,0.668464,0.206537,-0.524865,-1.0
0.94312,0.63532,-0.433921,-0.336713,-0.876009,0.873174,0.821446,0.246921,-0.422839,0.417334,0.178891,-0.074105,-0.500474,0.157027,-1.0
0.368493,0.171783,-0.378055,-0.849876,0.866846,-0.455052,0.767971,0.680106,0.539956,-0.322026,-0.157809,0.139751,0.285661,-0.444877,-1.0
0.681033,0.965464,0.096297,-0.508218,-0.004609,-0.486217,0.741011,0.368184,0.01596,-0.602672,0.119191,0.215668,-0.258515,-0.45992,-0.984365
-0.036841,-0.769766,0.071966,0.916928,-0.525454,-0.432169,0.363323,0.207839,-0.24616,-0.215833,0.48288,-0.383015,-0.369275,0.295783,-0.95403
-0.499992,-0.558293,0.320395,0.581661,0.934421,-0.548329,0.763324,0.154389,0.516523,-0.281571,-0.188196,0.033228,0.398018,0.021961,-1.0
-0.978565,-0.435264,-0.257635,0.723117,-0.574595,0.537776,0.620371,0.199721,-0.303797,0.355181,-0.130857,-0.348547,0.123953,0.399382,-1.0
-0.937252,0.466609,0.040054,0.803391,-0.893164,-0.96837,0.538278,0.939994,-0.35642,-0.32223,-0.019283,0.442714,-0.040911,-0.46423,-1.0
-0.033825,0.119321,-0.106752,0.421939,-0.531105,0.647838,0.66322,0.613761,-0.372391,0.445945,0.275255,-0.239163,-0.308911,0.414274,-1.0
0.66127,0.953104,0.443449,-0.670628,-0.338226,-0.580879,0.38528,0.838542,-0.231902,-0.32109,0.327962,0.576941,-0.253787,-0.465704,-0.994748
0.665143,-0.632359,-0.103138,-0.43059,-0.612276,-0.986512,0.618718,0.898249,-0.287779,-0.309592,0.361821,0.083612,-0.534441,-0.13575,-0.954403
-0.201246,0.227729,0.196099,-0.100569,-0.563211,-0.592777,0.42939,0.436676,-0.219859,-0.261158,0.281003,0.553396,-0.245168,-0.486685,-0.977953
0.508209,0.890857,0.936537,-0.725965,-0.182836,0.356385,0.660237,0.480453,-0.270237,0.500976,0.17501,0.19045,-0.460104,-0.263047,-1.0
0.597328,0.803883,-0.230655,-0.60577,-0.191579,-0.465514,0.773144,0.922919,-0.240322,-0.602689,0.184348,0.199776,-0.285432,-0.390842,-0.958132
-0.163877,-0.032918,0.570912,-0.681946,0.086655,-0.302044,0.146859,0.371501,0.145323,-0.049492,-0.618884,0.624381,0.328154,-0.40684,-1.0
0.757993,0.199982,-0.309363,-0.700464,-0.172549,0.397386,0.564965,0.222885,-0.144196,0.427862,0.426404,-0.021704,-0.439094,0.145713,-1.0
0.717112,0.613642,0.25314,0.954237,0.479749,0.866853,0.607625,0.602027,0.120721,0.415936,0.221246,-0.258386,-0.376511,0.359581,-1.0
0.255796,-0.797129,0.504403,0.575413,-0.352328,-0.699699,0.193481,0.804784,-0.088993,-0.070431,0.772333,-0.102115,-0.407773,0.112426,-0.962318
0.447625,0.251595,-0.432831,-0.451624,0.905732,0.338567,0.699914,0.653013,0.51633,0.225214,-0.305091,-0.068841,0.400066,0.11031,-1.0
-0.127719,-0.239669,-0.261128,-0.12772,-0.271539,-0.599493,0.522788,0.172998,-0.165342,-0.452466,0.232318,0.412165,-0.226088,-0.433503,-0.892909
-0.102441,0.59531,0.722514,-0.793075,0.089586,-0.372239,0.103165,0.048357,-0.007918,-0.138986,-0.136272,0.944622,0.001386,-0.542599,-0.936875
-0.171272,0.515172,-0.133758,-0.396822,0.368652,-0.1899,0.555141,0.294586,0.326711,-0.14132,-0.213553,0.402306,0.373487,-0.486029,-1.0
-0.009321,0.39702,-0.425099,0.789581,-0.351421,0.730436,0.626744,0.645541,-0.30499,0.438602,0.271585,-0.265353,-0.333004,0.396216,-1.0
0.873043,-0.699917,-0.131058,-0.545166,-0.628706,-0.237165,0.156267,0.759682,-0.092869,0.040408,0.809594,-0.316729,-0.461,0.152325,-0.975215
-0.628015,-0.930815,0.599432,0.744997,-0.651932,-0.769719,0.004666,0.280351,0.098856,-0.026072,0.092157,-0.989108,-0.102251,0.540276,-1.0
-0.282879,-0.386325,-0.854268,0.231317,0.527093,0.77049,0.792649,0.751077,0.343354,0.5443,-0.162435,-0.193215,0.3093,0.468166,-1.0
-0.75913,-0.664678,0.659665,-0.307627,-0.817448,-0.702265,0.690475,0.636564,-0.314443,-0.334376,0.307916,0.169652,-0.446759,-0.333902,-0.997772
0.938436,0.781662,-0.056587,0.283714,0.335448,-0.380472,0.190017,0.62574,0.133785,-0.205839,0.387447,0.711785,-0.256888,-0.382669,-0.976435
-0.055027,-0.247243,-0.512091,-0.933992,-0.100513,-0.806639,0.832599,0.072992,-0.129208,-0.805459,0.040854,0.217096,0.064101,-0.392144,-1.0
-0.385872,0.379055,-0.230153,0.511711,0.340404,-0.287046,0.24505,0.174176,0.063753,-0.108323,-0.533512,0.457679,0.374943,-0.38274,-1.0
0.684981,-0.349109,-0.904918,-0.41228,0.462405,0.464293,0.385166,0.757531,0.288865,0.214859,0.188476,-0.524221,-0.138251,0.50655,-1.0
-0.466448,0.622678,0.787946,-0.011792,-0.702646,-0.096754,0.920039,0.996159,-0.723726,-0.080755,0.127657,0.079026,-0.177262,-0.431751,-0.962162
0.01062,-0.865638,0.85638,0.071982,0.473766,0.878412,0.464948,0.641623,0.183332,0.287024,-0.028853,-0.513577,0.105932,0.453364,-0.961782
-0.794008,-0.291008,0.507374,0.139119,-0.390371,-0.800796,0.272574,0.683476,-0.089372,-0.270508,-0.505906,0.582462,0.24934,-0.450454,-0.994866
0.226681,0.05028,0.389756,-0.432862,0.302814,0.478561,0.940985,0.152602,0.467164,0.635852,-0.011032,-0.065125,0.104108,0.499485,-0.926943
0.65262,-0.092844,0.291551,-0.618435,0.130156,-0.113147,0.804039,0.223807,0.467147,-0.452864,0.165246,0.075824,-0.558053,-0.029788,-1.0
-0.848417,-0.959364,-0.472885,0.699289,-0.201297,0.251643,0.223759,0.60714,-0.163022,0.082731,-0.402461,-0.719415,0.235892,0.499739,-0.937126
-0.524551,0.025319,0.314567,-0.742409,-0.524522,0.721496,0.961648,0.09662,-0.414778,0.600497,0.032341,0.001223,-0.053344,0.500768,-1.0
0.988044,0.53189,0.185508,-0.858102,-0.401217,-0.381518,0.338086,0.468869,-0.280418,-0.235057,0.554131,0.466065,-0.339596,-0.328324,-0.951435
0.742144,-0.258769,0.935297,0.346469,-0.204515,0.137688,0.523534,0.937592,-0.329306,0.279726,0.437846,-0.188636,-0.464442,0.169117,-0.940547
0.186664,0.956211,-0.493118,-0.093759,-0.560759,0.011691,0.360805,0.878284,-0.288572,0.080507,0.41323,0.487193,-0.324425,-0.504918,-0.968087
-0.96833,-0.344777,-0.690132,0.652482,0.185036,-0.27713,0.025982,0.572912,0.079208,0.08377,-1.0,-0.055361,0.539033,0.080037,-0.988059
-0.180927,0.314283,-0.355405,0.331418,0.515601,-0.744047,0.817156,0.549801,0.277242,-0.457699,-0.062326,0.04089,0.233333,-0.36687,-0.989601
-0.032094,-0.008612,0.707959,-0.484477,-0.462339,0.877751,0.884117,0.001523,-0.350168,0.67319,0.084275,-0.139559,-0.235207,0.534074,-1.0
0.326768,0.849425,-0.339353,0.774222,-0.711185,-0.301559,0.996701,0.723397,-0.73414,-0.381228,-0.041764,-0.095784,-0.299922,-0.428224,-1.0
-0.909728,0.254288,0.439037,-0.310525,0.801841,0.903878,0.940841,0.296376,0.560986,0.449925,0.007391,-0.033527,0.471692,0.202119,-1.0
0.567884,0.153664,0.405242,0.350647,0.391444,0.127126,0.897798,0.702052,0.743112,0.171989,0.136976,-0.06373,-0.407543,-0.022884,-0.929058
-0.988917,0.670847,0.823894,0.263752,-0.32083,-0.443655,0.801609,0.089224,-0.300098,-0.478868,-0.156043,0.198139,0.283828,-0.489411,-1.0
0.121575,-0.727395,0.744494,-0.908405,0.449649,0.196975,0.957245,0.603842,0.715039,0.328477,0.013736,0.013052,0.152971,0.436544,-1.0
-0.199998,-0.262298,0.447414,0.747498,0.153357,-0.473656,0.226868,0.591387,0.079288,-0.13116,-0.660917,0.365214,0.367511,-0.247766,-0.978115
-0.076904,-0.809987,-0.928734,0.59825,0.232058,0.998733,0.971381,0.226995,0.152532,0.800454,-0.075646,-0.034698,0.019738,0.451899,-0.994716
-0.434544,0.498499,0.347761,-0.80845,-0.943803,0.240807,0.981848,0.308848,-0.76542,0.160358,-0.008407,0.09638,-0.403144,-0.259451,-0.970216
0.730438,-0.807994,0.170889,0.570244,0.451622,0.692925,0.709103,0.708028,0.299309,0.424722,-0.022449,-0.278604,-0.03413,0.401502,-1.0
-0.710035,-0.603101,0.932244,-0.167993,0.199084,-0.497495,0.73841,0.775869,0.175049,-0.609264,-0.231111,0.006863,0.507542,0.015808,-1.0
0.533084,0.364532,-0.002837,-0.317549,-0.445222,-0.842657,0.479647,0.180079,-0.084623,-0.353961,0.239628,0.383191,-0.317864,-0.438809,-1.0
0.525273,-0.991763,0.980532,0.845545,0.421731,-0.701283,0.281176,0.74089,0.117543,-0.164508,0.163217,-0.596501,-0.083113,0.474042,-0.98408
-0.996451,0.129011,0.709752,-0.67379,-0.247737,-0.789732,0.293532,0.632153,-0.123647,-0.239828,-0.395349,0.520049,0.274358,-0.352026,-1.0
0.283091,-0.558385,-0.8686,-0.847299,-0.210459,-0.913403,0.775929,0.136632,-0.150645,-0.599735,0.264969,0.116189,-0.568247,-0.3726,-1.0
0.136848,0.817042,-0.130662,-0.036699,0.281444,0.488567,0.953005,0.236332,0.367484,0.549251,-0.057916,0.021185,0.247426,-0.416609,-0.982457
-0.00329,0.603168,0.208656,0.297401,0.836069,0.053201,0.636016,0.669385,0.512271,0.069767,-0.283373,0.114468,0.411091,-0.33169,-1.0
-0.33945,-0.539115,-0.256992,0.27371,-0.121819,-0.477859,0.778115,0.186757,-0.09051,-0.59705,-0.192939,-0.078152,0.397199,0.243497,-1.0
0.933145,-0.055545,0.770606,0.159657,0.268088,0.516748,0.917551,0.97645,0.302337,0.689619,0.058831,-0.012449,-0.393309,0.319838,-1.0
0.521902,-0.322818,-0.093322,0.74652,0.350381,0.293775,0.528415,0.332353,0.302472,0.260572,0.187577,-0.404752,-0.098917,0.544573,-1.0
0.936512,-0.640146,0.938791,0.606626,-0.619768,0.787901,0.358068,0.527119,-0.185982,0.31227,0.400278,-0.389926,-0.433031,0.386358,-0.959647
-0.675775,-0.883866,0.598755,0.335693,-0.448281,0.237511,0.733943,0.000574,-0.572093,0.325829,-0.001434,-0.165832,0.003941,0.559706,-1.0
-0.89445,-0.100723,0.433229,-0.590732,0.820036,0.768321,0.255131,0.723371,0.139988,0.06367,-0.673439,-0.308025,0.482004,0.258702,-0.97986
-0.619021,-0.444954,-0.227626,0.952526,-0.674594,-0.566764,0.49642,0.74707,-0.32577,-0.276822,0.203951,0.446881,-0.151243,-0.466332,-0.940518
0.796107,-0.468285,0.956582,-0.656975,0.974825,0.441597,0.795053,0.677609,0.533287,0.195955,-0.072634,-0.195356,0.091768,0.577019,-1.0
0.066592,-0.286842,-0.001874,0.414575,-0.309494,0.826555,0.265607,0.766638,-0.022734,0.141802,0.161784,-0.666617,-0.167686,0.41528,-0.888682
-0.968342,-0.096216,0.567694,-0.00409,0.147595,-0.70231,0.897923,0.354728,0.192249,-0.793174,-0.052002,0.002854,0.34466,-0.206055,-0.995575
0.191256,0.023086,-0.978883,-0.412044,0.224294,0.62002,0.898994,0.847776,0.274579,0.548757,0.026552,-0.068402,0.033472,0.519297,-0.972954
-0.151147,-0.182146,0.018606,-0.63995,0.771359,-0.176106,0.535304,0.207626,0.424459,-0.026956,-0.458787,-0.069435,0.500443,0.013813,-0.974097
-0.188057,0.551958,0.936731,-0.770511,-0.193921,-0.586431,0.924879,0.952052,-0.218107,-0.682698,-0.051248,0.013635,-0.043437,-0.493256,-1.0
-0.115001,0.589599,-0.790155,0.024837,-0.107957,-0.242635,0.202605,0.836333,-0.046881,-0.146308,0.047142,0.763601,-0.078925,-0.442683,-1.0
-0.48452,0.119514,-0.752256,0.250281,-0.75311,0.967183,0.183433,0.41956,-0.070287,0.107108,0.235209,-0.731836,-0.157361,0.448404,-0.992539
0.671073,0.818163,0.446836,0.072168,0.200301,-0.403268,0.452701,0.592071,0.123936,-0.347855,0.102475,0.594598,-0.101665,-0.376149,-0.903526
-0.990956,-0.403996,-0.729265,0.87448,-0.939732,-0.199239,0.801239,0.647373,-0.631213,-0.022581,-0.121831,-0.29283,0.105443,0.561671,-0.935081
-0.646525,0.061273,0.712284,-0.02494,0.281892,-0.970852,0.801134,0.217815,0.187074,-0.562943,-0.036926,0.140044,0.313451,-0.418076,-1.0
-0.006317,0.748748,-0.759242,-0.544227,-0.24884,-0.63402,0.524888,0.110326,-0.187633,-0.28256,0.107203,0.449057,-0.061201,-0.453491,-1.0
0.047364,-0.594045,0.990402,0.511663,-0.141226,-0.539393,0.85831,0.139881,-0.216837,-0.579452,0.243362,-0.060922,-0.537299,0.114417,-0.99539
-0.932113,0.189319,-0.40606,-0.29474,0.046705,0.66774,0.040646,0.896127,-0.089053,0.006909,-0.963266,-0.490003,0.516999,0.204441,-1.0
0.150811,-0.090037,-0.738705,-0.658553,-0.462845,-0.120363,0.824157,0.231419,-0.679615,-0.023148,0.113838,0.056332,-0.524852,-0.027058,-0.950547
0.291309,0.073912,-0.096631,0.082872,-0.477616,0.769217,0.535894,0.797499,-0.174319,0.378722,0.301319,-0.321478,-0.347952,0.276995,-1.0
0.774829,-0.460486,0.468646,0.044391,-0.98154,0.877347,0.255255,0.908124,-0.054909,0.128951,0.5613,-0.509169,-0.454283,0.327905,-0.890035
-0.795422,0.857172,0.401493,-0.184955,0.080628,0.771736,0.504921,0.282225,0.05625,0.385614,-0.508091,0.051484,0.455239,-0.032082,-0.990804
-0.455205,0.010156,-0.438454,-0.479063,-0.742827,-0.670546,0.805212,0.680388,-0.42329,-0.431631,0.00384,0.163011,-0.213087,-0.51889,-0.983772
-0.286273,0.979994,-0.91071,0.022583,0.064328,0.746379,0.212756,0.924952,-0.030768,0.185427,-0.636108,0.43378,0.411695,-0.344851,-0.991659
-0.926454,0.729865,0.779985,0.460458,0.707633,-0.733084,0.308374,0.909149,0.211435,-0.203433,-0.496069,0.443377,0.371039,-0.354645,-0.919821
-0.070729,-0.114216,0.872941,-0.690296,-0.675723,-0.813055,0.520139,0.885963,-0.237939,-0.263196,0.243848,0.472224,-0.303564,-0.386449,-1.0
-0.849874,0.042085,0.087865,0.166067,0.087827,0.667664,0.45288,0.690973,0.108518,0.398455,-0.506459,-0.298512,0.432507,0.340821,-1.0
-0.374346,0.242492,-0.050585,-0.598786,0.370545,-0.159258,0.163568,0.373755,0.220804,-0.077752,-0.732528,0.413972,0.310414,-0.152455,-1.0
-0.27383,0.48624,-0.008993,0.860048,0.719911,0.662286,0.354436,0.36454,0.164505,0.157955,-0.681156,-0.177816,0.5026,0.048194,-0.969509
-0.002379,-0.472044,-0.632506,0.564612,0.662582,0.308553,0.185125,0.962821,0.097032,0.047321,-0.559885,-0.683716,0.445379,0.315396,-0.950764
0.229212,0.44791,-0.148285,0.757475,-0.440586,0.540976,0.748102,0.822877,-0.309573,0.486165,0.203136,0.086006,-0.403015,0.007307,-0.967301
0.488272,-0.475973,0.205652,0.751343,0.189409,-0.877965,0.347735,0.100052,0.115816,-0.285311,0.432653,0.468837,-0.267579,-0.471333,-1.0
0.853496,-0.309136,0.321396,-0.521394,-0.965866,-0.92643,0.668887,0.438224,-0.371121,-0.346445,0.37653,0.084184,-0.428273,-0.239633,-0.913029
0.92395,-0.713143,0.381375,0.516747,0.714135,-0.392937,0.386074,0.488759,0.260567,-0.191466,0.345186,-0.403527,-0.246182,0.505113,-1.0
-0.279407,0.404407,0.851592,-0.422919,-0.246257,0.593688,0.431398,0.02248,-0.045505,0.24893,-0.092982,-0.570132,0.116102,0.503647,-1.0
0.616723,-0.811783,0.905108,0.432978,0.194563,0.481291,0.260784,0.567356,0.13339,0.215195,0.296551,-0.68671,-0.218579,0.473005,-0.959574
0.26831,0.338463,-0.561242,-0.257881,-0.365344,-0.663725,0.347845,0.985538,-0.112292,-0.252072,0.399849,0.507817,-0.275128,-0.471465,-0.996283
0.079811,-0.643036,0.405578,0.704225,-0.636833,0.053151,0.996909,0.314092,-0.735171,0.035407,0.056337,0.067934,-0.415804,0.344872,-1.0
-0.213663,-0.32696,-0.06078,-0.922619,-0.674289,0.170908,0.986666,0.194666,-0.754931,0.187473,0.031648,0.057473,-0.321403,0.372726,-1.0
0.351469,0.875699,-0.511306,-0.662881,-0.584258,0.049861,0.514447,0.373851,-0.362912,-0.037839,0.220855,0.323528,-0.300839,-0.449692,-1.0
0.177081,-0.687418,-0.986141,0.906218,0.521424,0.418322,0.844181,0.408151,0.627578,0.436543,-0.001456,-0.187421,0.224408,0.556418,-1.0
-0.283108,0.764468,-0.743418,0.7713,-0.272811,0.033399,0.41019,0.63274,-0.323332,-0.0017,-0.074875,0.595387,0.076045,-0.5067,-0.919617
0.653904,0.967852,-0.016603,-0.56825,-0.959374,0.715608,0.245468,0.095216,-0.180277,0.04826,0.784876,0.144209,-0.452409,-0.124712,-1.0
-0.033828,0.123483,-0.955861,0.384652,0.477046,0.792886,0.789544,0.038121,0.334961,0.608544,-0.104264,-0.176089,0.28547,0.396011,-0.997049
-0.982754,0.619516,-0.740476,-0.423079,0.516963,-0.440525,0.593559,0.357262,0.344906,-0.382742,-0.315689,0.264035,0.409379,-0.283352,-0.987084
-0.071126,-0.479676,0.22216,-0.516457,0.618952,0.762262,0.396456,0.775804,0.137661,0.255251,-0.274102,-0.549949,0.190835,0.475237,-0.878011
-0.26669,0.026422,0.662587,-0.307779,0.512857,0.783805,0.773512,0.099043,0.293618,0.647904,-0.097796,-0.134069,0.397222,0.253195,-0.96956
-0.971073,-0.863471,-0.242744,-0.956338,0.175127,0.173418,0.572517,0.076413,0.408644,0.270943,-0.336557,-0.255794,0.362074,0.331782,-0.877905
0.479065,-0.010031,0.341026,-0.266112,-0.527329,0.685217,0.13063,0.118979,-0.055127,0.133957,0.692596,-0.526727,-0.369636,0.274431,-0.990755
-0.264705,-0.608782,0.077153,0.288988,-0.632399,-0.800624,0.111734,0.153162,-0.123566,-0.091158,0.70969,0.408841,-0.460753,-0.186358,-1.0
-0.901248,0.783888,0.872151,-0.224503,0.956392,0.473238,0.802346,0.200843,0.571232,0.295464,-0.179461,0.057257,0.518743,-0.039793,-1.0
-0.901336,-0.015808,0.748651,0.659205,0.998118,0.955875,0.154127,0.80307,0.115713,0.104704,-0.662454,-0.419626,0.4383,0.092263,-1.0
-0.169962,0.606997,-0.392606,-0.279739,0.315155,0.470239,0.454564,0.04287,0.205755,0.231636,-0.557436,0.214372,0.507296,-0.098603,-1.0
0.173401,-0.978327,-0.434662,-0.176612,0.988848,0.728599,0.360691,0.238837,0.216046,0.108067,-0.225083,-0.565609,0.233143,0.52551,-1.0
-0.962831,-0.703488,0.990543,-0.174112,0.999582,0.145741,0.943744,0.825255,0.849485,0.146392,-0.048726,-0.081216,0.4301,0.140557,-0.984436
-0.181627,0.662387,0.206174,-0.700889,-0.733003,0.858305,0.433938,0.456259,-0.232136,0.228891,0.549159,-0.206684,-0.57588,0.234992,-1.0
-0.034536,0.60075,-0.948105,-0.469898,-0.707534,-0.823254,0.050746,0.896954,-0.020844,-0.075651,0.418512,0.813313,-0.313156,-0.566047,-1.0
-0.446797,-0.170769,-0.320441,0.809898,-0.358471,0.522949,0.19536,0.788793,0.003046,0.14199,-0.148467,-0.794248,0.076603,0.532251,-0.978481
0.416735,0.175914,0.279004,0.670513,0.64447,0.405779,0.541589,0.277993,0.396788,0.223044,-0.402453,-0.317584,0.331485,0.392174,-0.96251
0.202525,-0.44228,-0.487081,-0.104545,-0.085142,-0.466323,0.651345,0.943461,-0.006022,-0.502891,0.278126,0.064876,-0.438779,-0.01459,-0.938905
-0.845846,0.914453,-0.381471,-0.007196,0.957745,0.381918,0.564035,0.361988,0.434495,0.123206,-0.449535,0.158657,0.532881,-0.102687,-0.970987
-0.045118,-0.17422,-0.968306,-0.284819,-0.203578,-0.036351,0.814867,0.679047,-0.688619,-0.128163,0.150939,-0.116045,-0.383709,0.303898,-0.93198
-0.706145,0.433791,0.881528,0.003188,0.11511,-0.565198,0.41937,0.276669,0.031965,-0.283706,-0.364478,0.36755,0.358813,-0.429652,-0.999326
0.637707,0.735725,0.833873,-0.272449,0.265683,-0.846251,0.689591,0.455629,0.221463,-0.508693,0.107832,0.313035,-0.030768,-0.53269,-0.987209
0.290945,0.306027,0.81426,0.749131,-0.985234,-0.875829,0.896507,0.577788,-0.551161,-0.570956,0.133556,0.029825,-0.325496,-0.339625,-0.945341
-0.10665,0.65995,-0.453582,0.830543,0.625521,-0.232894,0.982401,0.448951,0.668302,-0.294009,-0.022463,-0.075886,0.378531,-0.349866,-1.0
-0.534234,0.880093,-0.403011,-0.259009,0.519152,-0.054382,0.281517,0.157076,0.171231,-0.002251,-0.581789,0.432245,0.348301,-0.241715,-1.0
0.777313,-0.896445,0.524072,0.220033,-0.583038,-0.667975,0.083773,0.619898,-0.057631,-0.154339,0.91661,-0.10199,-0.604328,0.098282,-0.913095
0.730157,0.693367,-0.902805,-0.347925,0.964515,-0.265224,0.648199,0.677118,0.436754,-0.138995,-0.007612,0.438276,0.086621,-0.446654,-0.9708
0.742044,0.736256,0.874888,0.399373,0.809451,-0.330407,0.792337,0.144688,0.634199,-0.225112,-0.030904,0.197127,-0.008805,-0.531358,-0.984306
-0.207642,0.652178,-0.589925,0.308917,0.561053,0.276759,0.38554,0.424562,0.327041,0.160266,-0.601437,0.273996,0.394827,-0.254585,-0.942154
0.62442,0.921367,0.957515,0.506728,-0.110659,-0.225138,0.192878,0.755827,-0.026696,-0.086308,0.487935,0.696197,-0.193114,-0.434896,-0.998513
-0.600971,-0.466935,-0.446656,0.033592,0.441825,0.190952,0.365108,0.712554,0.234195,0.217335,-0.474065,-0.320728,0.483905,0.296159,-1.0
0.886149,0.242622,-0.394847,-0.366341,-0.462247,0.82748,0.67919,0.808844,-0.235708,0.535757,0.254122,-0.154453,-0.413382,0.148939,-1.0
0.406655,-0.332062,0.68325,-0.715399,-0.227784,0.179456,0.350455,0.270745,-0.175764,0.197036,0.416773,-0.295061,-0.307014,0.361836,-0.965689
-0.624364,-0.735631,0.317748,-0.564632,0.096237,-0.86087,0.848773,0.819216,0.155071,-0.687607,-0.117877,-0.031822,0.440026,-0.065591,-1.0
0.305488,0.154949,-0.16587,0.15638,-0.996463,0.931506,0.351113,0.249569,-0.221144,0.24453,0.598463,-0.329306,-0.354376,0.296659,-0.984848
0.410024,0.91108,0.983009,-0.710033,0.868549,-0.666219,0.301464,0.231477,0.27455,-0.151452,-0.176852,0.60003,0.12844,-0.458169,-1.0
-0.519967,-0.984252,0.815073,-0.970679,0.609895,-0.673611,0.177219,0.357635,0.060909,-0.151665,-0.839034,-0.230612,0.489868,0.1585,-0.979213
0.549158,-0.841716,-0.533235,-0.143253,-0.216295,-0.390887,0.551255,0.434086,-0.282168,-0.372282,0.468567,-0.302093,-0.536131,0.217544,-0.972348
-0.199174,-0.266935,-0.183432,0.529282,-0.130087,0.242904,0.934048,0.115128,-0.360173,0.628672,0.077605,-0.022204,0.091295,0.543834,-0.93504
-0.98196,-0.742077,0.322814,-0.594027,-0.296786,0.029308,0.850081,0.045914,-0.652438,-0.082424,-0.13257,-0.053312,0.404509,0.396099,-1.0
0.231853,-0.837292,-0.556656,0.283973,-0.162114,-0.679023,0.548409,0.919919,-0.076987,-0.508888,0.320505,-0.212768,-0.495188,0.228916,-0.983658
0.646935,0.691528,-0.194787,0.267243,0.90208,0.745026,0.733849,0.581913,0.505007,0.355271,-0.225288,-0.129188,0.435913,0.073921,-0.961858
-0.335246,0.323571,-0.844883,0.249909,-0.428669,-0.419779,0.937455,0.391327,-0.582111,-0.478436,0.000985,0.00238,-0.067843,-0.518571,-0.986452
-0.439086,-0.786401,0.515823,-0.992071,0.766773,0.40666,0.366265,0.100018,0.330573,0.08727,-0.428437,-0.464178,0.321382,0.279238,-0.947989
0.601159,-0.772036,0.320952,-0.796998,-0.723408,0.902422,0.069884,0.252791,-0.065135,0.049252,0.593315,-0.821341,-0.333673,0.338493,-1.0
0.178319,-0.507466,0.463619,-0.653724,0.030816,-0.430367,0.070248,0.282896,0.0257,-0.109203,0.865786,-0.441896,-0.441799,0.392209,-1.0
0.973623,0.312172,-0.030209,-0.750944,0.845649,-0.484997,0.174548,0.738205,0.066008,-0.058995,0.128436,0.848294,-0.0265,-0.619943,-1.0
-0.672143,0.047887,0.640773,-0.097872,0.387649,0.324571,0.760448,0.091489,0.492544,0.319018,-0.22239,-0.083625,0.441052,0.140088,-1.0
0.213927,0.902143,-0.941649,0.200006,0.853848,-0.813446,0.856589,0.78897,0.484551,-0.486385,0.088882,0.202602,0.182943,-0.526747,-1.0
-0.669461,0.575481,-0.828685,0.003608,-0.637097,-0.029937,0.763894,0.380199,-0.616512,-0.089957,0.043007,0.27804,0.027952,-0.468358,-1.0
-0.773257,0.438615,0.425546,-0.757389,-0.035524,-0.616641,0.479014,0.953765,0.024081,-0.382565,-0.200308,0.373626,0.228291,-0.375091,-1.0
-0.572034,-0.220428,-0.763231,0.921865,-0.930974,0.310956,0.931359,0.065457,-0.674282,0.17084,-0.048415,-0.078727,-0.253794,0.440848,-0.958994
0.814346,-0.56604,0.312364,0.271915,-0.288208,0.687744,0.833631,0.618023,-0.310365,0.549901,0.09021,-0.115208,-0.351303,0.365229,-0.986709
0.087822,0.914823,0.743292,0.506333,-0.237718,0.181352,0.562043,0.33917,-0.414301,0.294653,0.093426,0.37501,-0.334212,-0.481543,-1.0
-0.245396,-0.783185,0.196655,-0.47957,-0.073465,0.954021,0.487764,0.943038,0.080457,0.359618,-0.091354,-0.534971,0.055843,0.482905,-1.0
-0.047937,0.538934,0.735166,0.954475,-0.038216,-0.371431,0.553507,0.087697,0.00548,-0.425209,0.055856,0.495556,-0.029736,-0.405939,-0.986962
-0.650192,0.431879,0.990799,-0.850584,-0.383513,-0.954589,0.419841,0.349272,-0.119696,-0.226585,-0.083843,0.632574,-0.027313,-0.432183,-1.0
0.391852,-0.320822,-0.544097,0.575579,0.28071,0.998552,0.950948,0.235335,0.219298,0.762319,-0.053424,-0.078297,-0.063681,0.49211,-1.0
0.669322,0.701806,0.080668,-0.844756,0.795167,0.818619,0.931427,0.794974,0.591488,0.568478,0.004598,-0.078218,0.322266,0.348114,-1.0
0.805387,-0.919525,0.591829,-0.763859,0.450043,-0.723897,0.917834,0.208553,0.330864,-0.572762,0.051422,-0.053544,-0.515799,0.251665,-1.0
-0.404023,-0.502829,-0.134845,0.848328,-0.373385,0.239603,0.596515,0.68439,-0.352755,0.309651,-0.009589,-0.415366,0.091242,0.566028,-0.976152
-0.209582,-0.195867,0.211964,0.81176,-0.770293,-0.96358,0.915031,0.82116,-0.471718,-0.555795,0.068773,0.043531,-0.364939,-0.447296,-0.936995
-0.064618,0.486568,-0.162638,0.811766,-0.528884,-0.943642,0.114338,0.656655,-0.015931,-0.143859,0.208198,0.846477,-0.164926,-0.368519,-1.0
0.350814,-0.084959,0.2148,0.330281,0.976945,-0.649457,0.288277,0.156612,0.270229,-0.144807,-0.530396,0.42778,0.468122,-0.457923,-1.0
-0.971603,-0.663594,-0.679603,0.934159,0.662949,-0.221559,0.296896,0.551623,0.203828,-0.076125,-0.66806,-0.209478,0.54434,0.122387,-1.0
0.422181,0.686925,0.764671,0.964081,-0.455131,0.170291,0.106998,0.44264,-0.094876,-0.049517,0.84295,0.487362,-0.508913,-0.304374,-0.982567
0.882692,-0.052722,-0.734226,0.309109,0.924094,0.644963,0.243073,0.030221,0.106551,0.128755,-0.030312,-0.788149,0.102272,0.469807,-0.970792
0.736489,0.280095,0.560976,-0.382292,-0.973371,0.584272,0.502837,0.583626,-0.315954,0.145072,0.401905,-0.195566,-0.463794,0.132552,-1.0
-0.525898,0.369591,0.664367,-0.890327,-0.61126,0.3868,0.896459,0.607489,-0.720039,0.358259,0.053296,-0.007125,-0.453456,0.120413,-1.0
0.756384,0.543267,0.712423,-0.442939,0.786514,0.831102,0.78643,0.477317,0.480693,0.513349,-0.073345,-0.184025,0.013894,0.592428,-1.0
-0.395131,-0.601337,0.057707,0.32612,0.794873,-0.049305,0.257482,0.312131,0.148559,-0.027348,-0.643533,-0.29539,0.437312,0.220343,-1.0
0.877565,-0.780625,-0.685372,-0.086811,0.481407,0.659604,0.218196,0.773377,0.033606,0.111095,0.12746,-0.708581,-0.134009,0.456703,-1.0
-0.180126,-0.081935,-0.088787,-0.683434,0.361793,-0.944534,0.517343,0.336624,0.106996,-0.379411,-0.258834,0.463835,0.239018,-0.432647,-1.0
-0.346476,0.893858,0.564237,0.368174,-0.062482,0.969442,0.360936,0.00174,-0.023457,0.361516,-0.559926,-0.223518,0.471926,0.144501,-1.0
0.548438,0.371658,0.308523,0.385156,-0.31468,-0.37181,0.758134,0.615729,-0.353679,-0.463832,0.020312,0.152096,-0.376304,-0.384687,-1.0
-0.138653,0.090973,0.448718,-0.378942,0.527519,0.912892,0.06937,0.123348,0.119322,-0.037853,-0.561758,-0.736536,0.212076,0.415174,-0.994191
0.75725,0.193868,0.542056,-0.932728,-0.478346,-0.351259,0.082269,0.179486,-0.092288,-0.017656,0.732391,0.315878,-0.432566,-0.229897,-0.992558
-0.889663,0.662416,0.722501,-0.102314,0.483019,-0.253985,0.692851,0.909879,0.479356,-0.276598,-0.274491,0.138504,0.471695,-0.198051,-1.0
-0.669682,0.386965,0.210195,-0.612721,0.091793,-0.751082,0.905253,0.20848,0.082038,-0.825724,0.039055,0.082716,0.190773,-0.389317,-0.945057
0.669489,0.419133,0.171266,-0.435024,0.940521,0.435637,0.985248,0.532751,0.699399,0.359442,-0.00444,0.001293,0.499021,0.048831,-1.0
0.177292,-0.756447,0.346855,-0.643617,0.374966,0.330068,0.307722,0.701982,0.213117,0.167499,-0.0697,-0.656717,0.148541,0.533315,-0.959176
-0.222862,-0.48014,-0.103574,-0.827402,-0.746724,-0.210367,0.733588,0.766938,-0.470848,-0.121611,0.262008,-0.043707,-0.447438,0.221573,-0.959573
-0.795999,0.369903,0.536718,-0.373434,-0.299408,0.424555,0.507587,0.552672,-0.335867,0.397155,-0.496962,-0.043796,0.525309,0.132116,-0.983621
0.627008,-0.83927,0.840969,0.500398,-0.518334,-0.684514,0.542113,0.326321,-0.276888,-0.336994,0.458122,0.007623,-0.47404,0.161996,-0.955843
-0.837517,0.769495,0.575186,-0.476663,-0.063162,0.40532,0.114586,0.416407,-0.04562,0.158774,-0.784746,0.48543,0.339107,-0.158022,-1.0
-0.658953,0.924963,-0.910383,0.449974,-0.949432,0.567799,0.151021,0.945177,0.009283,0.155398,0.51323,0.677693,-0.255539,-0.391309,-1.0
0.57404,-0.615754,0.975721,-0.119275,0.753368,0.316305,0.477846,0.449669,0.357356,0.141963,-0.096431,-0.558371,0.091569,0.497264,-0.993165
0.152693,-0.778074,-0.80892,-0.798576,0.2985,-0.18852,0.435263,0.810556,0.217756,-0.169941,-0.15076,-0.500536,0.185398,0.546262,-1.0
-0.984232,-0.619117,0.093203,-0.648993,0.217013,-0.205622,0.606572,0.229685,0.448102,-0.34453,-0.417016,-0.116365,0.466298,0.187354,-0.949411
-0.475046,-0.300058,-0.598666,0.009065,0.685261,0.979497,0.885588,0.119855,0.376052,0.49099,-0.020191,-0.061256,0.326258,0.294425,-0.979592
-0.153449,0.867533,0.154727,0.095686,0.785085,-0.79745,0.385028,0.64218,0.165023,-0.265774,-0.346282,0.476781,0.242793,-0.49167,-1.0
-0.13137,-0.824165,0.435597,0.4868,0.877074,0.411092,0.360015,0.810611,0.23204,0.088444,-0.38548,-0.530486,0.319314,0.36627,-1.0
0.012118,-0.394602,0.522679,0.670662,0.155904,-0.144899,0.850804,0.332878,0.386788,-0.496348,0.055588,-0.20857,0.18391,0.431768,-0.941399
0.698823,-0.45079,-0.114893,0.394733,0.058833,0.058018,0.518084,0.36322,0.314627,0.3312,0.367631,-0.338212,-0.472275,0.281714,-0.827385
0.25095,0.342423,-0.29134,0.556835,0.876931,0.541441,0.182525,0.00148,0.153148,0.119322,-0.835125,-0.19791,0.433736,0.150642,-1.0
-0.469002,-0.74662,-0.113075,-0.411442,0.055166,-0.282411,0.634124,0.670387,0.15237,-0.500747,-0.343416,-0.277854,0.323838,0.265152,-0.923446
-0.803424,0.203919,-0.460749,-0.109286,-0.832383,0.327156,0.615325,0.990957,-0.519601,0.149448,0.094761,-0.387602,-0.093735,0.558787,-0.97815
0.007606,0.282874,0.353511,0.010205,-0.315115,-0.308612,0.181827,0.425328,-0.094514,-0.062076,0.410749,0.723483,-0.138137,-0.485554,-1.0
-0.78012,-0.16505,0.458858,-0.555449,0.186181,-0.826427,0.345408,0.93742,0.022063,-0.259062,-0.51161,0.317151,0.378053,-0.243254,-1.0
-0.555853,-0.426248,0.238817,0.406115,-0.856347,0.685724,0.716194,0.675846,-0.458005,0.29335,0.107259,-0.238518,-0.133907,0.456375,-1.0
0.89901,0.007434,-0.121086,-0.84832,0.734587,0.042269,0.691148,0.634473,0.457649,-0.062085,0.293024,0.005093,-0.546185,0.093451,-0.962948
0.758692,0.184111,-0.394186,-0.024346,0.722355,-0.982387,0.87711,0.808684,0.38103,-0.517949,-0.038354,0.155778,-0.050709,-0.426712,-1.0
0.923398,-0.073596,0.10581,-0.949353,0.962554,0.258799,0.675904,0.933128,0.397244,0.110058,0.024724,-0.251888,0.064758,0.486859,-0.910909
0.791355,-0.194146,-0.817247,0.074927,-0.870315,0.892639,0.702763,0.795803,-0.415267,0.456084,0.232891,-0.15431,-0.322901,0.3337,-1.0
-0.782804,-0.484841,-0.42946,0.479129,-0.783723,0.798886,0.714941,0.150939,-0.366474,0.482448,-0.00772,-0.328832,-0.010487,0.495561,-0.957337
-0.664547,-0.613005,0.120108,-0.600624,0.773532,-0.560531,0.881901,0.201459,0.635135,-0.364843,-0.14208,-0.02589,0.509864,-0.074814,-0.923349
0.170422,0.014136,-0.020804,0.454836,0.143302,-0.520792,0.234292,0.743189,9.7e-05,-0.109343,0.044267,0.777616,-0.019327,-0.414164,-1.0
-0.713991,-0.15085,-0.12462,-0.955427,0.684886,0.626083,0.390218,0.097588,0.266562,0.188319,-0.574134,-0.35084,0.340717,0.26819,-1.0
-0.280055,-0.324573,0.523766,-0.51934,-0.005834,0.533341,0.552551,0.036422,-0.023642,0.35456,-0.194953,-0.476664,0.131146,0.396315,-0.981987
0.225952,-0.296334,-0.331527,-0.75144,0.280487,0.178141,0.121363,0.569213,0.157949,0.036955,-0.198691,-1.0,0.045091,0.593119,-1.0
0.763057,-0.516886,0.860901,-0.216446,-0.878492,0.543864,0.553083,0.627141,-0.35061,0.207137,0.405211,-0.280524,-0.401241,0.208942,-0.903926
-0.86333,0.389281,0.757709,-0.292965,-0.763081,0.324886,0.426478,0.071338,-0.316422,0.126808,-0.493513,0.346894,0.39793,-0.281024,-0.929868
-0.316025,0.536818,0.041429,-0.267798,0.91338,-0.151693,0.954722,0.149199,0.699287,-0.03434,-0.05099,-0.00149,0.42114,-0.276016,-0.957021
-0.675249,-0.582361,0.297621,-0.760507,0.762548,0.098773,0.797654,0.613627,0.643344,0.040805,-0.161444,-0.002167,0.466185,0.155221,-0.896419
0.872528,0.662195,-0.05524,-0.995818,0.970736,-0.802296,0.735223,0.17793,0.526616,-0.31364,-0.058948,0.29899,0.10276,-0.526152,-1.0
-0.590572,-0.807951,-0.852691,-0.927451,-0.539292,0.847995,0.227318,0.345036,-0.124339,0.122143,-0.063895,-0.742892,-0.005639,0.51957,-1.0
-0.256704,0.231221,0.060082,-0.682565,0.953521,0.231359,0.195259,0.501074,0.100623,0.111515,-0.695263,-0.059269,0.459583,-0.069642,-1.0
-0.738752,-0.986545,-0.895387,-0.149082,0.10115,-0.688186,0.448617,0.891334,0.075983,-0.346046,-0.471341,-0.173292,0.466977,0.214464,-1.0
0.467149,0.821869,-0.245944,0.999609,0.215995,-0.923097,0.24402,0.32475,0.029383,-0.205983,0.100482,0.675195,-0.115371,-0.529137,-0.94662
-0.807801,0.29609,-0.168282,0.911756,0.781538,-0.825846,0.17875,0.67678,0.174184,-0.032516,-0.646202,0.455681,0.36812,-0.347027,-1.0
-0.059587,0.36883,0.693431,-0.840539,0.396116,0.217773,0.313281,0.138582,0.186393,0.133206,-0.643617,0.138993,0.583299,-0.137276,-0.948034
0.273718,-0.603052,0.903794,0.142681,0.94008,0.238144,0.116993,0.487415,0.024808,0.048007,-0.549202,-0.683539,0.334253,0.411594,-1.0
-0.601685,0.740938,-0.98718,0.698463,-0.506886,0.618689,0.933799,0.06793,-0.51396,0.523451,-0.111972,0.058938,0.279505,-0.309236,-1.0
-0.850829,0.802414,-0.937432,-0.473231,0.31468,-0.731817,0.658413,0.126473,0.238011,-0.432657,-0.202695,0.289386,0.226763,-0.295624,-0.974704
-0.958964,-0.100719,0.648093,-0.793816,-0.346188,-0.941779,0.230009,0.976492,-0.065032,-0.170256,-0.461365,0.663969,0.271598,-0.425886,-1.0
0.615849,-0.478911,0.877601,-0.259146,0.956762,0.576695,0.01685,0.422327,-0.02726,0.049551,-0.294939,-0.949667,0.140667,0.405989,-0.970176
0.931406,0.471947,-0.336296,-0.366048,-0.460232,-0.993352,0.825994,0.89885,-0.321979,-0.581503,0.163718,0.115173,-0.343313,-0.353876,-0.961066
-0.734667,-0.587246,-0.161137,0.416226,-0.431221,0.218906,0.430946,0.587093,-0.220158,0.166511,-0.180348,-0.589237,0.216037,0.418124,-1.0
-0.083759,-0.295711,0.513231,-0.543465,-0.646055,-0.478915,0.072307,0.579971,-0.158871,0.015766,0.847754,0.300696,-0.452194,-0.146932,-1.0
-0.23953,-0.765539,0.744232,0.377943,0.417674,-0.731852,0.10122,0.994928,0.094658,-0.076862,-0.863069,-0.069202,0.509704,-0.02439,-1.0
0.573842,-0.509572,-0.743709,-0.697399,0.081551,-0.554749,0.059778,0.120857,-0.0299,-0.02208,0.963442,0.119342,-0.444572,-0.127699,-1.0
-0.085902,0.000864,-0.485293,0.242021,-0.008422,-0.365615,0.278483,0.296471,-0.034143,-0.32405,-0.186845,0.671115,0.141485,-0.568757,-0.900046
0.203845,-0.62753,0.034242,-0.810401,0.233989,0.662626,0.165302,0.585537,0.085506,0.060809,-0.014395,-0.786559,-0.04846,0.396825,-0.997866
-0.056233,-0.157689,-0.950671,0.846718,-0.008252,-0.195284,0.116212,0.130736,-0.062552,-0.109954,-0.647991,0.511564,0.437094,-0.458665,-1.0
-0.889312,0.697378,0.291024,-0.71881,0.572082,0.575176,0.200309,0.95755,0.12738,0.104629,-0.854389,0.039595,0.489979,-0.043217,-1.0
-0.506035,0.071184,0.760147,-0.099345,-0.804992,0.43062,0.432231,0.465956,-0.391734,0.235861,0.42305,-0.390021,-0.377527,0.40083,-1.0
0.609018,0.503442,0.43994,0.889771,0.522409,-0.749219,0.384093,0.139824,0.253987,-0.207303,-0.006933,0.548049,-0.110875,-0.587555,-0.992582
-0.182393,0.072802,0.018001,-0.011595,-0.90388,-0.98001,0.835252,0.054872,-0.450673,-0.580496,0.21601,0.020402,-0.324084,-0.403658,-0.858339
0.674785,-0.101939,-0.90155,0.603652,-0.096337,0.552499,0.933624,0.334516,-0.062407,0.709355,0.026834,0.016111,-0.320723,0.379042,-1.0
0.838953,-0.734014,-0.346938,-0.362765,0.813482,0.420342,0.463416,0.245151,0.368665,0.200792,0.053366,-0.565218,-0.047572,0.608618,-0.948929
0.48286,-0.951116,-0.329435,0.227543,-0.453964,-0.697384,0.428714,0.982015,-0.157716,-0.22029,0.637269,-0.16346,-0.49877,0.194913,-0.991961
0.773522,0.905886,-0.612822,-0.634684,-0.305312,0.965204,0.75783,0.252002,-0.145084,0.542461,0.287623,-0.063525,-0.519402,0.068807,-0.996418
0.302671,-0.716688,0.741041,-0.620333,-0.28922,0.619038,0.607242,0.955501,-0.190715,0.34371,0.126102,-0.402279,-0.250982,0.506231,-1.0
0.186463,-0.282802,0.133026,0.017599,0.918476,0.065901,0.620219,0.191071,0.539485,-0.015729,-0.339462,-0.139829,0.373505,0.249475,-1.0
-0.626142,0.55907,-0.478143,0.590117,-0.857817,-0.899767,0.380343,0.521109,-0.243234,-0.135452,0.115521,0.589503,-0.101489,-0.434063,-1.0
0.065661,-0.470896,0.514892,0.144201,-0.805732,-0.020713,0.890376,0.456772,-0.731461,0.082414,-0.003803,-0.040093,-0.49712,0.224188,-0.913768
0.639985,-0.689862,-0.422248,-0.614429,0.011232,-0.901631,0.613333,0.882031,0.028421,-0.500616,0.436419,0.173838,-0.48684,-0.133375,-1.0
-0.380697,0.22906,-0.910361,0.14476,0.045062,0.479254,0.603856,0.861951,-0.025715,0.537889,-0.337848,-0.143801,0.506139,0.300303,-0.872197
0.399455,-0.187354,0.458209,-0.765789,-0.199875,0.998716,0.390558,0.318443,-0.145115,0.412195,0.256546,-0.563219,-0.286166,0.382085,-0.998643
-0.924207,0.874162,-0.419178,0.06354,0.957452,-0.398187,0.728104,0.952645,0.470208,-0.225133,-0.298461,0.045796,0.397886,-0.285084,-1.0
0.755469,-0.338839,0.003318,-0.731771,0.585086,0.274357,0.314251,0.627463,0.22183,0.205924,0.157905,-0.767103,-0.126513,0.548481,-0.924203
-0.502963,-0.436338,0.404117,0.848592,0.680075,0.428992,0.217012,0.836396,0.122223,0.091739,-0.652754,-0.407787,0.451286,0.260018,-1.0
0.172395,0.881856,0.484912,-0.368452,-0.145064,-0.523247,0.161024,0.245542,-0.012207,-0.068762,0.114944,0.87781,-0.181206,-0.488844,-0.946001
0.259815,-0.557109,-0.372871,-0.025558,0.780405,-0.588163,0.561995,0.080224,0.401372,-0.330334,-0.443247,0.050432,0.564037,-0.194787,-0.994967
0.665415,0.66345,0.882561,0.602655,-0.191391,-0.389441,0.210373,0.771402,-0.02047,-0.128475,0.512815,0.654463,-0.295819,-0.45963,-1.0
0.266329,-0.929398,0.386562,-0.017849,0.428021,0.748384,0.545474,0.786339,0.165008,0.374945,-0.068877,-0.380333,0.023885,0.512982,-0.996459
0.932478,-0.331883,-0.803044,-0.728775,-0.022817,0.383098,0.857314,0.592964,-0.095804,0.737056,0.172735,-0.118269,-0.423724,0.266078,-0.953563
0.95495,-0.651978,-0.163528,-0.996484,-0.233306,0.141511,0.225599,0.065792,-0.247321,0.145504,0.723414,-0.401835,-0.439945,0.319279,-0.968586
-0.459647,0.537806,0.227275,0.91532,-0.773029,0.111426,0.07293,0.563045,-0.107541,0.022134,0.608031,0.75029,-0.263029,-0.400073,-1.0
-0.720273,0.573883,0.863628,-0.437,-0.361167,0.437192,0.543891,0.931256,-0.244879,0.278198,-0.406645,0.120423,0.411497,-0.148064,-0.968251
-0.46791,-0.341731,0.303078,-0.317633,0.229853,0.517979,0.534149,0.615075,0.19199,0.339427,-0.233242,-0.450489,0.323003,0.379145,-1.0
0.945421,0.788845,-0.930792,-0.370379,-0.034876,0.787436,0.18809,0.856495,0.047146,0.131486,0.781369,0.108531,-0.508757,-0.11099,-0.972351
-0.31756,0.161724,-0.831392,0.782718,0.478705,0.454642,0.504145,0.967647,0.239802,0.259473,-0.497302,-0.260766,0.522347,0.073127,-0.978648
-0.839907,-0.400647,0.837722,-0.485065,-0.894351,-0.358016,0.124066,0.379072,-0.143748,-0.029058,0.63077,-0.606713,-0.370884,0.323422,-1.0
-0.914242,0.019951,0.751422,-0.066088,0.143471,0.840697,0.647615,0.615332,0.131801,0.557632,-0.28494,-0.137856,0.39623,0.312855,-0.981662
-0.359787,-0.716768,0.563784,-0.641527,-0.608437,-0.868259,0.146634,0.888073,-0.125456,-0.102956,0.791474,0.407536,-0.405791,-0.297733,-0.934042
-0.05171,0.312578,-0.848117,-0.78631,0.492814,-0.12503,0.252272,0.188681,0.258785,-0.033149,-0.643363,0.520124,0.339111,-0.341164,-0.947728
-0.391435,-0.140834,-0.300087,0.343547,-0.693717,0.238323,0.478121,0.097282,-0.329535,0.081934,0.31255,-0.463595,-0.270066,0.314954,-1.0
-0.74853,0.080679,0.77269,0.594735,-0.283481,-0.150208,0.785771,0.136342,-0.544144,-0.13831,-0.199838,0.014873,0.421958,-0.163034,-1.0
0.380917,0.61196,-0.241635,0.351131,0.926665,0.059795,0.409713,0.652717,0.38072,0.093601,-0.368497,0.418213,0.35642,-0.411389,-1.0
-0.463663,0.45049,0.229555,-0.969385,0.701527,-0.183697,0.169932,0.298259,0.174813,-0.000999,-0.741703,0.368419,0.445458,-0.339784,-0.995954
0.688644,-0.453937,-0.490276,0.940938,0.904339,-0.032233,0.886185,0.654115,0.658515,-0.050173,-0.043489,-0.141389,0.264022,0.455269,-1.0
0.699015,-0.121962,0.782013,0.512259,0.899574,-0.864452,0.216016,0.956804,0.069045,-0.118616,-0.247138,0.772752,0.07259,-0.457559,-1.0
0.481063,-0.430559,-0.097113,0.366074,-0.111631,-0.985654,0.603563,0.016133,-0.006014,-0.378928,0.358341,0.374104,-0.295741,-0.411192,-0.983047
0.638478,-0.718345,0.659647,-0.159617,0.698514,-0.404049,0.14279,0.156388,0.07715,-0.021691,-0.147188,-0.88917,0.075766,0.481368,-0.961062
0.399863,0.181014,0.403439,0.386255,0.157003,0.935129,0.96095,0.799258,0.110263,0.761721,0.041928,-0.054135,-0.20964,0.509382,-1.0
-0.765548,-0.372328,-0.115133,-0.559341,0.742493,-0.706219,0.844216,0.574796,0.511419,-0.441467,-0.179065,0.083776,0.498942,-0.10704,-0.999734
-0.137053,-0.849868,0.265835,-0.807143,-0.011665,-0.008544,0.732792,0.598083,-0.561197,-0.319358,0.046367,-0.313119,0.048986,0.510157,-1.0
-0.692761,-0.237687,-0.950993,-0.923257,0.6554,-0.829939,0.227952,0.565453,0.006948,-0.146966,-0.719634,0.366534,0.459896,-0.118376,-1.0
0.073872,-0.20047,-0.654614,-0.66657,-0.477854,-0.816646,0.787414,0.64583,-0.323737,-0.464877,0.150909,0.074741,-0.320856,-0.397779,-1.0
0.325589,0.235505,-0.473063,-0.728574,-0.618293,0.414868,0.515345,0.859838,-0.269297,0.303265,0.488293,-0.112399,-0.467004,0.100922,-0.967294
-0.054355,0.953353,-0.039303,0.219486,-0.81428,-0.715055,0.489109,0.085946,-0.267199,-0.213329,0.185356,0.36092,-0.147095,-0.447829,-0.967701
0.984675,-0.663571,-0.473819,-0.272217,0.496292,0.133435,0.333656,0.523323,0.249047,0.06552,0.392541,-0.566784,-0.256984,0.364548,-1.0
-0.442458,0.280206,-0.287423,-0.443333,-0.627304,0.68561,0.703108,0.68265,-0.508,0.432216,0.144792,-0.251809,-0.253152,0.477263,-1.0
-0.915136,0.153742,0.845737,-0.364814,-0.506136,0.389911,0.231246,0.727401,-0.192493,0.120506,-0.66631,-0.352442,0.40919,0.182996,-0.979526
-0.324088,0.522473,-0.288508,-0.405863,0.725362,0.446316,0.808257,0.313945,0.550337,0.341673,-0.168269,0.047621,0.482481,0.011729,-0.874129
-0.313851,0.276773,0.900552,-0.477638,0.904247,0.481919,0.733698,0.274978,0.576575,0.34281,-0.230022,-0.089561,0.534153,0.07477,-1.0
0.614147,-0.75105,-0.272496,-0.840708,-0.222319,0.017458,0.862376,0.900726,-0.659093,0.019293,0.217777,-0.061572,-0.395978,0.289333,-0.962188
-0.581445,-0.320341,-0.450024,-0.105591,0.460925,0.551535,0.34234,0.684877,0.121571,0.240488,-0.520834,-0.380134,0.425094,0.456186,-0.907012
-0.449261,-0.470038,0.256502,0.785835,-0.130174,0.776344,0.494604,0.602199,-0.0878,0.302014,-0.12398,-0.427137,0.089272,0.482476,-0.918909
0.987235,-0.301972,-0.031248,0.891644,0.436472,-0.389553,0.933751,0.265888,0.557442,-0.449335,0.03086,0.065432,-0.477046,-0.068944,-1.0
-0.285654,-0.075002,-0.9487,-0.354042,-0.729776,-0.211721,0.821625,0.608775,-0.604503,-0.222099,0.192961,0.045545,-0.546834,-0.155495,-0.984915
0.676214,0.231512,-0.506378,-0.000773,-0.440949,-0.088529,0.875079,0.33677,-0.658692,-0.110118,0.110268,-0.004957,-0.533215,-0.126125,-1.0
0.396193,0.783209,0.715016,0.344198,0.611988,0.363404,0.104145,0.497836,0.059654,-0.030172,-0.356718,0.834685,0.295846,-0.485849,-0.949227
0.470519,0.921458,-0.830139,0.664559,-0.938378,0.701688,0.881249,0.84461,-0.477176,0.400519,0.104718,-0.094866,-0.488634,-0.010932,-0.999302
-0.588714,-0.118995,0.838573,-0.569675,-0.49106,0.189019,0.106889,0.630501,-0.024217,-0.048251,-0.21573,-0.897977,0.21367,0.457771,-1.0
-0.181757,-0.740209,0.654375,-0.903908,-0.338105,-0.963391,0.155291,0.098778,-0.111928,-0.077736,0.477796,0.720096,-0.282287,-0.382402,-0.980101
0.514267,-0.143579,0.67548,0.951888,0.972627,0.847141,0.816827,0.324765,0.533116,0.427771,-0.175527,-0.21671,0.104443,0.429535,-0.978721
-0.382878,0.971685,-0.288224,-0.727934,0.436498,-0.411013,0.697659,0.032244,0.331203,-0.32152,-0.150652,0.259804,0.276315,-0.44599,-0.985477
-0.291976,-0.635227,-0.283426,-0.256027,-0.490498,0.292981,0.749988,0.114745,-0.454654,0.297288,-0.012606,-0.201942,-0.086197,0.493315,-1.0
0.837264,0.259591,-0.241932,-0.787135,-0.870221,-0.689237,0.201563,0.194031,-0.218745,-0.108905,0.743572,0.401671,-0.397172,-0.243497,-1.0
0.532525,-0.167089,-0.032046,0.865649,-0.30376,-0.705963,0.074518,0.852366,-0.004572,-0.015724,0.758044,0.521075,-0.465334,-0.303319,-1.0
0.674409,0.595095,0.188191,-0.613884,0.087382,0.816839,0.553957,0.862174,-0.009578,0.456696,0.415652,-0.130401,-0.443565,0.136941,-1.0
0.7135,0.166769,-0.770572,0.57005,0.274543,0.986299,0.77753,0.135527,0.17413,0.635848,0.106608,-0.215396,-0.242139,0.462555,-1.0
-0.118768,-0.59458,-0.769703,-0.629949,0.24712,-0.39782,0.5517,0.000642,0.304982,-0.355736,-0.39713,-0.240617,0.424154,0.239341,-0.992158
-0.636065,0.18237,0.72932,-0.273384,-0.627328,0.138531,0.376156,0.120977,-0.322223,0.125065,-0.06412,0.584751,0.055683,-0.535978,-1.0
0.611731,-0.127032,-0.287387,0.723683,0.773944,-0.052138,0.353569,0.678977,0.360032,-0.046859,-0.63693,-0.244848,0.427062,0.215684,-0.991289
-0.292099,-0.441334,0.244755,0.486237,-0.587155,-0.756433,0.896572,0.369622,-0.282037,-0.578168,0.04856,0.122225,-0.276595,-0.439582,-0.973215
0.869684,-0.410062,-0.328209,0.609347,0.361232,-0.86488,0.33953,0.68516,0.082111,-0.214558,0.445512,0.494387,-0.412908,-0.264986,-1.0
0.718327,0.70139,0.414906,0.962377,-0.487924,-0.775841,0.018332,0.510997,-0.008036,0.030811,0.633354,0.812729,-0.337448,-0.364159,-1.0
-0.496378,-0.937599,0.489922,0.275367,0.153227,-0.409885,0.036259,0.840186,0.008307,-0.049012,-0.771457,-0.694253,0.319354,0.297038,-0.955682
0.852572,-0.256448,-0.26104,-0.261187,0.612035,-0.337395,0.471599,0.490551,0.377023,-0.16795,0.404609,0.189486,-0.523176,-0.203298,-1.0
0.480031,0.522835,0.214931,0.490522,-0.566849,0.424662,0.956863,0.527094,-0.661994,0.489428,0.064085,-0.049381,-0.449717,-0.054803,-0.975977
-0.91263,-0.812039,-0.796814,-0.116377,0.090641,-0.685939,0.640855,0.120318,0.010934,-0.434243,-0.308718,-0.120241,0.542881,0.108985,-0.977877
-0.243474,-0.741545,0.182826,-0.63104,0.045733,0.736612,0.28009,0.694917,0.020153,0.207478,-0.180228,-0.68884,0.060426,0.417435,-1.0
0.581087,-0.368866,0.357569,0.862356,-0.663623,-0.107699,0.896676,0.034626,-0.712805,-0.131403,0.181457,-0.000243,-0.559409,0.122819,-0.988771
-0.838301,-0.608977,0.734656,0.650412,-0.372447,-0.381252,0.792251,0.926557,-0.388333,-0.421646,-0.153466,-0.034153,0.466498,0.287189,-1.0
-0.117755,-0.082955,0.785365,0.017623,0.234709,0.505516,0.70487,0.909627,0.276429,0.559536,-0.130908,-0.216657,0.248451,0.373264,-1.0
-0.006848,0.401938,0.365568,0.229001,-0.400433,0.628883,0.683686,0.897777,-0.255663,0.462409,0.269126,-0.089072,-0.428471,0.299912,-1.0
-0.628173,0.008645,-0.21185,0.170007,0.94386,0.306941,0.58459,0.093307,0.366345,0.113943,-0.363042,0.001232,0.534448,0.139021,-1.0
-0.406896,0.557387,-0.008029,0.974281,0.776826,0.816942,0.56676,0.242987,0.355399,0.345334,-0.459552,-0.046848,0.443378,0.126857,-0.98256
0.102015,0.298121,-0.111978,-0.189412,-0.025118,0.8709,0.852276,0.040985,0.033172,0.664288,0.023418,-0.138141,-0.103231,0.541123,-1.0
-0.169561,-0.173261,-0.300735,-0.810185,0.909828,0.931356,0.700951,0.638425,0.413546,0.473816,-0.232236,-0.189732,0.292465,0.328397,-0.968113
-0.588086,-0.482663,0.225275,0.032761,0.863604,0.623443,0.731788,0.997275,0.534546,0.400242,-0.138313,-0.13776,0.454024,0.287305,-0.94053
0.300374,0.454787,-0.181107,-0.845697,-0.124491,0.986286,0.047166,0.622161,0.038725,0.035294,0.633626,-0.767487,-0.316893,0.459313,-1.0
0.30684,-0.996902,-0.275385,0.45228,-0.276336,0.315863,0.647808,0.281892,-0.347079,0.428309,0.173621,-0.298521,-0.182168,0.341939,-1.0
-0.326189,0.10223,-0.851142,-0.736106,-0.397422,0.025237,0.565413,0.281514,-0.432385,0.129424,0.227225,0.216442,-0.299021,-0.396249,-0.945071
-0.815999,0.222546,-0.803584,-0.930893,-0.875981,0.501739,0.972704,0.777315,-0.741169,0.514628,0.087836,-0.091523,-0.106108,0.429682,-0.977678
0.481328,-0.358896,-0.482556,-0.394037,-0.180695,0.175301,0.258707,0.178436,-0.120555,0.151967,0.556849,-0.525962,-0.256618,0.333265,-0.966116
0.65166,0.779852,0.802089,0.063585,0.964786,-0.089055,0.840989,0.041542,0.676982,0.010471,0.088192,0.161448,0.187727,-0.412078,-1.0
0.326285,0.786634,0.591237,0.824045,-0.244129,0.484633,0.902131,0.805416,-0.403458,0.593934,0.083124,0.097134,-0.340399,-0.249568,-1.0
-0.47799,0.992684,0.631073,0.787634,-0.981707,0.086581,0.285026,0.402702,-0.201935,-0.015579,0.262915,0.654213,-0.169441,-0.430225,-0.967099
0.634989,0.041704,-0.646464,-0.807675,0.152399,-0.670562,0.315152,0.050168,0.047117,-0.277555,0.372998,0.488868,-0.227294,-0.391187,-0.967745
-0.138134,0.009345,-0.432512,-0.818785,-0.029088,0.475213,0.807063,0.573588,0.06797,0.655192,-0.070818,-0.252063,0.07175,0.506857,-1.0
0.144869,0.504207,0.685704,-0.5195,-0.910996,-0.119687,0.214264,0.87372,-0.168415,0.011678,0.635337,0.415978,-0.443675,-0.288845,-0.944654
-0.820416,0.843716,-0.427612,-0.946044,0.307199,0.803505,0.337722,0.480238,0.085984,0.280326,-0.583037,-0.016923,0.50449,-0.029434,-1.0
0.417831,0.260969,-0.885384,0.393745,0.199065,0.174604,0.193171,0.861395,0.099344,0.141201,0.808843,0.326581,-0.43635,-0.240738,-1.0
0.902049,-0.883537,-0.996097,0.845544,-0.557031,0.444194,0.963813,0.427421,-0.562599,0.471968,-0.029558,-0.023532,-0.357329,0.387342,-0.96409
-0.365306,0.288928,-0.422307,0.138372,-0.999807,0.03249,0.219712,0.910758,-0.165285,0.127636,0.774115,0.300045,-0.523188,-0.148495,-0.961941
-0.60017,0.039725,0.126205,-0.367344,0.712891,-0.042407,0.112898,0.49457,0.115122,-0.082972,-0.915865,0.045832,0.481114,-0.063445,-1.0
-0.758009,0.498152,-0.869987,-0.570665,-0.880216,0.877562,0.821059,0.461827,-0.570941,0.47157,0.061839,-0.099934,-0.122525,0.428391,-1.0
0.482398,0.654203,0.118779,-0.800576,-0.490169,0.803555,0.191942,0.940712,-0.020945,0.108139,0.855115,-0.097772,-0.474916,0.031056,-1.0
-0.069383,-0.405065,0.105584,-0.214887,0.094749,0.079796,0.019909,0.88413,-0.031451,0.003253,-0.283257,-0.906167,0.211426,0.513422,-0.958035
-0.361429,-0.927271,-0.329382,-0.844508,0.885633,0.334067,0.552578,0.221359,0.288178,0.14656,-0.345863,-0.408434,0.357327,0.350653,-0.94051
0.823482,-0.40254,0.376031,0.775888,0.551429,-0.618659,0.923489,0.910769,0.446995,-0.528868,0.137983,0.031517,-0.39206,-0.364661,-0.977903
0.232258,-0.469698,0.106165,0.719861,-0.370305,-0.789467,0.855634,0.327946,-0.317465,-0.514268,0.101595,-0.004099,-0.444738,-0.170564,-0.97291
0.038161,-0.730765,-0.82954,-0.495862,0.356576,-0.232458,0.305791,0.459386,0.234975,-0.085423,-0.389814,-0.563811,0.257489,0.321273,-0.945887
-0.739926,-0.028857,0.811862,0.590794,-0.552643,0.883042,0.913703,0.422537,-0.425656,0.646231,-0.044597,-0.060012,0.150467,0.403419,-0.937104
-0.748556,-0.420729,-0.592644,-0.740297,0.935497,-0.075397,0.580454,0.685162,0.388031,-0.014519,-0.406858,-0.215591,0.475284,0.121721,-0.996936
0.994999,-0.608402,-0.366383,-0.392109,-0.879203,0.70508,0.930576,0.027308,-0.612841,0.406203,0.109743,-0.102212,-0.388175,0.289187,-1.0
0.034931,0.858524,0.56957,0.22361,0.382423,0.219756,0.30667,0.367769,0.313058,0.017531,-0.260649,0.646756,0.200777,-0.47165,-0.942787
-0.114373,0.183722,0.056544,-0.567241,0.300699,-0.233594,0.840937,0.003582,0.510247,-0.44931,-0.023785,0.133573,0.372905,-0.303897,-1.0
0.014097,0.530588,0.078658,0.508939,0.615022,-0.551115,0.701346,0.200608,0.474556,-0.378987,-0.065003,0.312478,0.169779,-0.400647,-1.0
0.559538,0.936355,-0.33706,0.374153,0.283611,-0.72837,0.951797,0.73198,0.275122,-0.768282,0.030331,0.063156,-0.038852,-0.466618,-0.987691
0.696273,-0.166168,-0.242392,0.915241,0.115408,-0.188715,0.562669,0.697212,0.172114,-0.385916,0.402269,-0.023162,-0.541541,-0.010187,-0.997932
-0.400994,-0.332425,-0.693976,-0.644332,0.953193,-0.548175,0.922506,0.958701,0.622512,-0.458503,-0.071317,0.12263,0.435424,-0.052095,-1.0
-0.403376,0.898894,0.127345,-0.255184,-0.224392,-0.724094,0.81912,0.062009,-0.170075,-0.563552,0.023145,0.183815,0.092971,-0.51751,-1.0
0.964592,0.574828,-0.325151,0.905507,-0.714054,0.717692,0.082568,0.449659,-0.078889,-0.01663,0.899908,-0.101655,-0.391381,-0.035638,-0.982872
0.601817,-0.028848,-0.370054,-0.633154,-0.511636,-0.162945,0.835462,0.687413,-0.635436,-0.212107,0.173562,0.052892,-0.538325,-0.120036,-0.974393
0.388774,0.70805,-0.78098,0.735401,0.875083,0.727502,0.264973,0.161365,0.064806,0.076568,-0.767746,0.025423,0.509746,-0.018471,-1.0
-0.001892,0.07125,-0.007101,0.75231,-0.59768,0.731111,0.619007,0.803466,-0.280887,0.273985,0.28321,-0.362495,-0.302523,0.400546,-0.979205
0.892649,-0.032171,-0.491939,-0.901257,0.33177,-0.460269,0.939158,0.206478,0.541672,-0.686894,0.033805,0.054444,-0.359223,-0.283951,-1.0
-0.709998,0.378423,-0.394431,-0.332264,0.719652,0.140121,0.691541,0.408778,0.566092,0.063134,-0.386105,0.018723,0.48124,-0.094285,-0.910136
0.558471,-0.336003,0.86741,-0.277906,0.092079,-0.96231,0.331261,0.85063,-0.044261,-0.231112,0.429691,0.62337,-0.237357,-0.426885,-0.976359
-0.441244,0.552637,-0.640837,0.763542,-0.066744,-0.242424,0.853826,0.101332,-0.180227,-0.602458,-0.01917,0.133711,0.233504,-0.440635,-1.0
-0.649511,-0.74086,-0.613812,0.549375,-0.443168,-0.140115,0.967927,0.396803,-0.759805,-0.199665,-0.005217,0.060197,0.213463,0.472241,-1.0
-0.605086,-0.491818,0.44769,-0.626132,-0.841549,0.872941,0.655941,0.502835,-0.319664,0.390579,0.111528,-0.357039,-0.129014,0.504962,-1.0
-0.368235,0.140942,-0.396791,-0.931413,-0.449552,-0.486574,0.635292,0.192367,-0.366976,-0.276658,0.034177,0.355534,-0.010141,-0.534674,-1.0
0.147008,0.635287,0.317615,0.415535,-0.131899,-0.504085,0.009851,0.325433,0.04187,0.017011,0.283361,1.0,-0.095363,-0.455111,-1.0
-0.829148,0.358876,-0.505614,-0.9191,0.744317,-0.727059,0.097845,0.360096,0.074017,-0.047676,-0.684449,0.540414,0.401612,-0.385438,-1.0
0.275036,0.07228,0.477408,-0.345486,-0.964836,0.996758,0.019612,0.135644,0.002071,0.126473,0.779055,-0.637972,-0.469687,0.271237,-0.920877
-0.519177,-0.116796,-0.132481,0.237721,0.974083,-0.770031,0.533081,0.796993,0.302911,-0.291923,-0.389552,0.174965,0.488707,-0.189098,-1.0
-0.312782,-0.594582,0.869327,-0.294323,0.518741,0.124325,0.402049,0.71377,0.277463,0.09062,-0.437858,-0.451118,0.37504,0.35125,-1.0
-0.442427,-0.621082,-0.808683,-0.976293,0.418017,-0.756036,0.824713,0.061931,0.38822,-0.488285,-0.165249,0.045535,0.574931,0.008399,-1.0
0.530752,0.590119,0.839843,-0.754791,-0.500285,-0.055148,0.847643,0.698788,-0.62332,-0.021091,0.135443,0.042191,-0.305189,-0.15509,-1.0
0.064704,0.657376,-0.122002,0.488801,-0.758767,0.713575,0.737642,0.78051,-0.400866,0.472358,0.213512,0.029115,-0.452556,0.089874,-0.990725
0.625673,-0.368495,0.136905,0.165367,0.831753,0.547496,0.809801,0.533625,0.546357,0.366328,0.009556,-0.099616,0.049939,0.49188,-0.989191
-0.97495,0.839857,0.008861,-0.920081,0.075996,-0.325584,0.625866,0.909971,0.203086,-0.434855,-0.275851,0.325637,0.329881,-0.320586,-1.0
-0.275517,-0.990689,0.800402,0.871484,0.892556,-0.790216,0.841791,0.357526,0.522426,-0.326927,-0.084979,0.017525,0.504734,0.038191,-1.0
-0.725714,-0.660943,0.459387,-0.233449,-0.091299,-0.30631,0.330274,0.092018,-0.128518,-0.256793,-0.608035,-0.325245,0.404422,0.188038,-1.0
0.092264,-0.306995,0.434265,-0.820141,0.132193,-0.839127,0.88493,0.92158,0.12923,-0.752941,-0.017478,0.133289,0.04077,-0.536963,-1.0
0.540397,-0.530998,0.59866,-0.836019,0.051579,0.160342,0.527912,0.860309,0.10357,0.436836,0.241796,-0.384501,-0.211292,0.388646,-0.983154
0.07033,-0.217111,0.325583,-0.859402,-0.332093,-0.518371,0.534416,0.534417,-0.290337,-0.431136,0.426292,0.292405,-0.331093,-0.205586,-0.955177
-0.350066,0.024051,-0.081702,0.816507,-0.815298,-0.145005,0.086729,0.569101,-0.101763,0.000104,0.836552,0.256428,-0.495046,-0.121145,-1.0
-0.369247,0.852551,-0.066539,-0.969252,-0.407085,0.657078,0.558076,0.624375,-0.201086,0.396711,0.072297,0.408958,-0.168225,-0.507858,-0.969117
0.357011,-0.340788,0.779276,0.147558,0.684597,0.052368,0.036029,0.132568,0.073954,-0.04198,-0.655835,-0.769305,0.350183,0.379581,-1.0
0.811619,-0.352897,0.098488,-0.535577,-0.023662,0.098015,0.302909,0.185367,-0.031788,0.304635,0.653098,-0.33765,-0.536838,0.210254,-1.0
0.323387,0.705814,-0.723578,0.53132,0.722335,-0.574192,0.143458,0.261993,0.148461,-0.024156,-0.240391,0.856959,0.055787,-0.395773,-0.990041
-0.992351,0.379381,0.576105,-0.279085,-0.460278,0.710726,0.70421,0.009017,-0.239223,0.423276,-0.255412,-0.163532,0.381951,0.294903,-1.0
-0.673287,-0.563793,0.894937,0.733103,0.51627,0.454722,0.884797,0.61532,0.54674,0.444416,-0.011037,-0.055079,0.438956,0.219872,-0.973197
0.149569,0.921965,-0.261286,-0.601296,-0.75533,0.591341,0.930114,0.414756,-0.555856,0.432673,0.047452,0.044833,-0.63522,-0.103192,-0.942112
-0.101755,0.09605,0.705194,0.552178,-0.125036,0.430087,0.910588,0.060233,-0.147632,0.658014,0.030343,-0.008437,-0.061908,0.412152,-0.942748
-0.12826,-0.188061,-0.698563,-0.336606,0.726331,-0.344771,0.282226,0.123932,0.168592,-0.019666,-0.67303,0.093253,0.572803,-0.132399,-0.984299
0.70455,-0.307191,0.189747,0.541427,0.393169,0.512998,0.180589,0.320244,0.176264,0.130006,0.262518,-0.772609,-0.136164,0.487569,-1.0
0.494058,-0.228014,-0.154551,0.716653,0.68864,-0.066239,0.614857,0.886234,0.434344,-0.116951,-0.318929,-0.356708,0.475155,0.352535,-1.0
0.535674,0.809552,0.886562,-0.214806,0.17194,0.962531,0.265796,0.030445,-0.044643,0.243027,0.731885,-0.362222,-0.440713,0.214499,-1.0
0.915253,0.326054,0.526002,0.216907,0.911452,0.113044,0.199212,0.363076,0.10214,-0.011476,-0.03619,0.830638,0.033616,-0.465587,-1.0
0.550769,0.335693,-0.024281,0.486172,-0.650776,-0.293502,0.471517,0.903126,-0.347956,-0.232352,0.462763,0.340441,-0.449459,-0.202884,-0.966075
-0.299991,-0.524591,0.514862,-0.208091,-0.590424,-0.36634,0.627632,0.200321,-0.362137,-0.339565,0.318128,-0.156927,-0.465054,0.269911,-0.882179
0.373717,-0.94905,-0.03996,0.182272,0.781216,-0.640088,0.482233,0.704491,0.298422,-0.204271,-0.436247,-0.293578,0.404841,0.357142,-0.953272
0.656642,-0.714468,0.02563,-0.42887,0.052757,0.409496,0.703752,0.855506,0.107446,0.582427,0.185507,-0.305678,-0.256268,0.347334,-0.977732
-0.478412,0.332398,-0.712282,-0.044087,0.352237,-0.394509,0.084656,0.784783,0.036024,-0.126026,-0.684928,0.594575,0.285699,-0.363593,-0.967949
-0.886412,-0.974719,-0.351056,0.260466,0.819077,-0.053618,0.379018,0.26294,0.232539,-0.037206,-0.445302,-0.315234,0.435422,0.214902,-0.952324
0.694794,0.590256,0.286325,0.035923,-0.410997,-0.34944,0.180946,0.173553,-0.174372,-0.090168,0.59246,0.583238,-0.333623,-0.353491,-0.989363
0.043794,0.542927,-0.568132,0.012841,0.20159,0.435197,0.61691,0.219983,0.155389,0.414742,-0.358022,0.2124,0.442627,-0.222036,-1.0
-0.856704,0.13903,-0.14707,0.416647,0.643205,-0.74478,0.636919,0.217855,0.321594,-0.370766,-0.341185,0.230791,0.432731,-0.219927,-0.965753
0.170648,-0.072021,0.844233,-0.341224,0.14428,0.329804,0.706577,0.79718,0.243819,0.466991,0.04488,-0.379193,-0.017686,0.529453,-1.0
0.936531,-0.421043,-0.100788,0.314877,-0.422464,0.099629,0.252081,0.245812,-0.216422,0.091869,0.754852,-0.306344,-0.386132,0.263134,-1.0
0.102308,-0.864332,0.110701,0.792733,0.617587,-0.703904,0.794834,0.595486,0.425349,-0.46725,-0.155307,-0.06832,0.481682,0.137519,-1.0
0.843871,0.813424,-0.796388,0.928415,-0.452612,-0.514077,0.771269,0.111351,-0.368031,-0.430461,0.12395,0.160672,-0.319583,-0.313735,-0.941249
0.611469,-0.353952,0.835913,-0.974899,-0.46765,-0.005011,0.775206,0.17201,-0.609398,0.013958,0.147392,-0.078119,-0.423766,0.221376,-0.964704
0.864933,0.633299,-0.451244,0.654418,-0.632472,0.578864,0.791844,0.618792,-0.447679,0.44574,0.224831,0.010318,-0.514019,-0.065406,-1.0
0.667665,-0.448339,-0.236878,0.948602,-0.042978,0.520943,0.58475,0.52175,-0.059321,0.535286,0.249149,-0.338703,-0.27302,0.399114,-0.983322
0.944618,0.212035,-0.823187,-0.07731,0.737593,0.757809,0.57104,0.877979,0.309572,0.304152,0.071371,-0.347019,-0.300206,0.532821,-1.0
0.494977,0.795801,-0.221048,-0.846357,0.897544,-0.057225,0.146948,0.780044,0.117464,-0.012005,-0.3743,0.773568,0.203476,-0.497012,-1.0
0.881426,0.624842,0.372374,-0.431538,0.404,0.411403,0.890447,0.885752,0.546211,0.54752,0.068045,0.074827,-0.565969,-0.242487,-1.0
0.299156,0.383007,0.848181,0.644845,0.243758,0.397313,0.562473,0.224665,0.241167,0.405034,0.336913,-0.038184,-0.554426,0.120003,-0.926498
-0.245302,-0.937205,-0.749425,0.356517,0.257671,0.318067,0.147572,0.201431,0.153687,0.105605,-0.347558,-0.716258,0.127118,0.421435,-0.966162
0.522709,0.450865,-0.670702,0.823145,0.720043,0.760571,0.16582,0.463763,0.147818,0.177979,-0.486252,-0.731049,0.272984,0.448931,-0.902673
0.883164,-0.508742,0.350225,0.644429,-0.500912,0.225637,0.427191,0.993698,-0.403514,0.068407,0.50017,-0.161244,-0.466216,0.23054,-1.0
0.924167,0.253285,-0.662218,0.087463,0.091543,0.004161,0.516071,0.578979,0.415508,-0.064335,0.460936,0.120208,-0.539534,-0.091728,-0.915722
-0.13143,0.566499,0.080149,-0.765797,-0.279707,0.724479,0.360785,0.94072,-0.146346,0.272737,0.356967,-0.40821,-0.362081,0.462158,-1.0
-0.644818,-0.406928,0.8317,-0.37729,-0.209268,0.640444,0.319401,0.140417,-0.08963,0.279043,-0.167495,-0.621481,0.225177,0.503539,-0.988821
0.570263,-0.527579,-0.187776,-0.662367,0.239999,-0.954347,0.622912,0.807861,0.179242,-0.507244,0.264449,0.222058,-0.269016,-0.284863,-0.99981
0.907324,-0.566978,0.908173,-0.834312,-0.059779,-0.712798,0.53468,0.377707,0.024139,-0.417224,0.449885,0.083225,-0.483878,-0.042562,-1.0
0.617755,0.828327,-0.920706,0.893018,0.185388,0.914506,0.448504,0.663033,0.107594,0.37666,0.520959,-0.086789,-0.37199,0.197192,-0.986877
-0.718052,-0.173916,0.639475,-0.42644,-0.124516,-0.19446,0.6422,0.090017,-0.276265,-0.332828,-0.370952,0.013479,0.409925,0.081077,-0.924242
0.54296,-0.077781,0.061092,-0.940107,0.467134,0.644706,0.586376,0.707151,0.262669,0.426846,0.041117,-0.44069,-0.029857,0.454009,-1.0
-0.52357,0.906335,0.192188,-0.857403,0.00628,-0.159915,0.54796,0.681041,0.070576,-0.390407,-0.261493,0.349378,0.159124,-0.46698,-0.989402
0.516792,-0.350266,0.941499,0.956669,0.420414,-0.568854,0.209166,0.523287,0.058939,-0.074618,0.29365,0.638834,-0.171451,-0.4203,-1.0
0.514589,0.625739,0.6809,0.353822,0.185285,0.757164,0.209136,0.150582,0.049452,0.224527,0.664589,-0.279135,-0.512743,0.09115,-0.937541
0.652308,-0.363338,-0.135379,-0.339016,-0.155599,0.448007,0.419047,0.876457,-0.116852,0.368282,0.461785,-0.427294,-0.30958,0.25317,-0.939636
-0.522173,-0.298404,-0.326707,-0.668684,-0.79867,-0.281676,0.466793,0.169131,-0.339561,-0.201231,0.509788,-0.033275,-0.432174,0.098909,-0.944439
0.466922,-0.37893,-0.491996,-0.610099,-0.769989,-0.381155,0.749342,0.857739,-0.593364,-0.211636,0.313593,0.015029,-0.566683,-0.070277,-1.0
-0.08264,-0.368997,0.446256,-0.013715,-0.571814,-0.090579,0.482194,0.356655,-0.325111,-0.084987,0.458025,-0.209373,-0.485022,0.276031,-1.0
0.270612,-0.241179,0.317187,0.218972,0.007271,0.091885,0.593412,0.23245,0.068286,0.449694,0.228865,-0.332458,-0.257875,0.427302,-1.0
-0.934459,-0.713531,0.799666,0.262432,0.261531,-0.963371,0.463302,0.563711,0.164118,-0.290908,-0.500693,0.085955,0.412882,-0.232095,-0.907304
0.162632,-0.53453,0.284554,0.965586,0.562622,-0.278022,0.759084,0.763768,0.529975,-0.160994,-0.200392,-0.124819,0.535285,0.318894,-0.986897
-0.338784,0.599143,0.695327,0.079479,0.298206,0.550028,0.245099,0.438323,0.102724,0.222205,-0.744292,0.052312,0.451259,-0.012075,-0.944222
-0.469699,0.475668,-0.629463,0.788996,-0.92783,0.211919,0.99318,0.889252,-0.831255,0.202683,-0.002145,0.027089,-0.472724,-0.165607,-1.0
0.857929,-0.488407,0.920283,-0.715002,0.160337,-0.855164,0.381548,0.356871,0.035161,-0.2554,0.504491,0.239574,-0.436189,-0.182694,-1.0
-0.897781,0.403595,0.806085,-0.436499,-0.852273,0.725615,0.528653,0.544445,-0.349233,0.298673,-0.041162,-0.449137,0.108122,0.51054,-0.988634
0.607829,-0.481631,-0.863153,-0.322778,0.543549,0.035412,0.218277,0.689339,0.137501,0.035367,0.10391,-0.80427,0.034329,0.468281,-1.0
-0.046124,0.555604,-0.356431,0.972964,0.801573,0.317027,0.728164,0.219437,0.487858,0.325372,-0.195583,0.089844,0.424629,-0.182312,-0.969728
-0.458684,0.165802,0.056893,0.292343,-0.348212,-0.705199,0.691167,0.053263,-0.22538,-0.443366,-0.10536,0.322926,0.119718,-0.482337,-1.0
0.021903,0.61602,0.023372,0.834619,-0.098949,0.946129,0.496244,0.641949,-0.061075,0.465609,0.233929,-0.488848,-0.210909,0.53017,-0.934776
-0.49428,-0.401256,-0.149989,0.372154,0.823617,-0.433062,0.488116,0.053606,0.433948,-0.185597,-0.571906,-0.014674,0.484381,-0.052454,-1.0
-0.459474,-0.095079,0.469432,-0.064232,-0.872624,0.463674,0.328638,0.852816,-0.278007,0.062278,0.387721,-0.494069,-0.26247,0.454301,-1.0
-0.757467,-0.566736,0.226,-0.671099,-0.109905,0.067682,0.787363,0.78751,-0.505326,0.341997,-0.215691,-0.20262,0.452849,0.290509,-1.0
0.406865,-0.888734,-0.525265,0.950958,0.841175,-0.043117,0.510471,0.469172,0.367278,-0.031806,-0.278471,-0.368517,0.179709,0.439702,-0.977773
0.49238,0.535257,-0.387891,0.37778,-0.130401,-0.045077,0.602918,0.3431,-0.337177,-0.137861,0.341891,0.251947,-0.222751,-0.302243,-1.0
-0.973087,-0.401731,0.410676,0.773122,0.202975,-0.461191,0.786804,0.308664,0.299621,-0.595963,-0.177869,0.081131,0.486782,-0.025112,-1.0
0.33758,0.581389,0.913247,-0.857342,0.756719,-0.538875,0.284293,0.203799,0.232742,-0.147627,-0.310798,0.673085,0.157957,-0.385624,-0.985442
-0.652768,-0.973127,-0.491068,-0.1073,0.717084,0.963512,0.017441,0.69221,-0.081836,0.006924,-0.476075,-0.788275,0.277967,0.446956,-0.985725
-0.913368,-0.199385,-0.582511,0.664542,0.327581,-0.475887,0.412628,0.192463,0.176446,-0.364231,-0.623835,0.174592,0.405032,-0.153791,-0.969814
-0.327724,0.933873,0.105946,-0.689713,0.850403,0.981502,0.522352,0.335829,0.262524,0.358834,-0.47848,-0.046523,0.463584,0.060749,-1.0
-0.783297,0.843393,0.406421,-0.110366,-0.479827,-0.67231,0.628558,0.032877,-0.32427,-0.405915,-0.107023,0.367985,0.078188,-0.554013,-1.0
-0.328695,0.574022,-0.152332,-0.862011,-0.487031,-0.434023,0.163837,0.635835,-0.197641,-0.152861,0.07174,0.880427,-0.112193,-0.461713,-0.996915
-0.46327,0.576116,-0.637222,0.856506,-0.456443,-0.678616,0.438952,0.526843,-0.229076,-0.27937,-0.065878,0.501959,-0.112744,-0.534267,-0.990565
-0.197868,-0.505343,-0.907495,0.252795,0.077898,0.858599,0.671924,0.987443,0.086367,0.550237,-0.068224,-0.279726,0.095125,0.463733,-0.996591
0.29656,-0.00745,-0.355479,-0.340368,0.420195,0.529117,0.023536,0.513209,0.029387,0.034521,-0.208827,-1.0,0.131195,0.513803,-1.0
-0.759365,-0.717377,0.319524,0.328854,0.943425,-0.006762,0.775253,0.183688,0.65857,0.029066,-0.173164,-0.112837,0.457437,0.287238,-1.0
-0.507927,-0.951608,0.708854,-0.803396,0.099336,-0.581289,0.726381,0.923495,0.091152,-0.587009,-0.192286,-0.187419,0.458551,0.337443,-1.0
-0.071375,0.433628,-0.925498,-0.239623,0.917354,-0.632975,0.076361,0.458593,0.035023,-0.052511,-0.659003,0.739378,0.403384,-0.400398,-1.0
-0.019846,-0.386289,0.57894,0.387047,-0.044105,0.957279,0.356369,0.141256,-0.041993,0.221981,-0.006662,-0.634924,-0.031349,0.570371,-1.0
0.986613,0.373893,0.792235,0.050109,-0.73138,0.109575,0.315495,0.928771,-0.281677,-0.044647,0.689131,0.111248,-0.511758,-0.12031,-1.0
0.378793,-0.513915,0.446355,-0.614907,-0.032877,-0.471396,0.658539,0.936318,-0.051488,-0.550573,0.312438,-0.044716,-0.464133,0.08842,-0.995565
-0.511227,-0.226678,0.691554,0.546723,-0.44433,0.219538,0.863587,0.359976,-0.558519,0.339654,-0.033981,-0.154282,0.0583,0.403971,-1.0
0.08698,0.179948,-0.989178,-0.104453,-0.672428,-0.873214,0.656948,0.817089,-0.286495,-0.465742,0.164815,0.276944,-0.303609,-0.413155,-1.0
-0.858207,-0.33115,0.858597,-0.75807,0.344351,0.391921,0.412589,0.234637,0.12601,0.270559,-0.446454,-0.334151,0.377879,0.248524,-0.984807
-0.334765,0.343556,-0.233384,-0.319314,0.087781,0.964398,0.523212,0.833077,0.086551,0.412271,-0.221877,-0.444704,0.234866,0.436559,-1.0
0.953143,0.819079,0.051652,0.20757,-0.984598,0.764544,0.390968,0.96087,-0.401662,0.266903,0.654678,-0.050976,-0.530086,-0.12124,-1.0
0.827442,-0.289625,0.306778,0.186468,0.063852,0.172659,0.085216,0.230688,-0.00205,0.06017,0.771821,-0.490011,-0.362715,0.272186,-1.0
-0.321112,0.292758,-0.594741,-0.477656,-0.344614,-0.284933,0.941003,0.770503,-0.586039,-0.511578,-0.062246,0.060912,-0.03677,-0.619685,-1.0
0.349981,-0.188071,0.125134,-0.111121,0.022109,0.993951,0.672213,0.161388,-0.04641,0.573193,0.076092,-0.382661,-0.096538,0.54261,-1.0
0.477912,0.408629,0.128869,0.367722,-0.743892,-0.619901,0.403376,0.660403,-0.303421,-0.174968,0.512058,0.368713,-0.433961,-0.331762,-1.0
0.315983,-0.710677,-0.341867,-0.422976,-0.149475,-0.245349,0.238534,0.265484,-0.113487,-0.1054,0.60765,-0.591575,-0.366873,0.367125,-0.952882
0.129373,-0.296891,0.690474,0.865989,0.902691,0.530179,0.837062,0.329576,0.547,0.364643,-0.023719,-0.151902,0.526308,0.459891,-1.0
0.845655,-0.793627,-0.752733,-0.249609,0.973267,0.971665,0.391783,0.633882,0.212896,0.287111,-0.008423,-0.654552,0.047606,0.594475,-1.0
0.106028,-0.292368,-0.049663,-0.702597,-0.897618,-0.055823,0.712872,0.025795,-0.496384,0.004436,0.280068,-0.074623,-0.496486,0.085375,-1.0
-0.954591,-0.922836,-0.115118,0.782853,-0.318635,0.574609,0.319003,0.706814,-0.080516,0.262742,-0.254818,-0.651851,0.178655,0.524136,-1.0
0.992107,-0.766247,0.981235,-0.213269,0.934205,0.768436,0.966236,0.074968,0.641651,0.488264,-0.053474,-0.126513,0.011284,0.589711,-0.928913
0.787815,0.428298,0.445586,0.236458,-0.797478,-0.551281,0.705362,0.054747,-0.49701,-0.309343,0.221042,0.1615,-0.410678,-0.254698,-0.917833
-0.251043,0.323446,-0.627626,0.375029,0.432833,-0.198476,0.911977,0.58938,0.690336,-0.328421,-0.130083,0.049523,0.466897,-0.250635,-1.0
-0.81846,0.029297,-0.431332,0.551564,-0.825742,0.412671,0.86575,0.289431,-0.616206,0.207335,-0.085459,-0.191859,0.018941,0.455143,-1.0
-0.685191,-0.186983,-0.11642,-0.157565,0.634733,0.609082,0.207995,0.384868,0.146551,0.044241,-0.653632,-0.434413,0.375394,0.29346,-0.986962
0.08788,0.804881,-0.909525,0.250237,-0.536598,-0.132486,0.154767,0.477376,-0.119754,-0.120177,0.46165,0.678662,-0.321342,-0.451572,-1.0
0.202569,-0.252178,-0.16863,-0.774622,-0.374165,-0.082998,0.793148,0.081282,-0.644895,-0.198163,0.25913,-0.027296,-0.430078,0.055104,-0.966952
0.344421,0.133719,-0.299807,0.576446,0.73103,-0.427891,0.897608,0.67204,0.75034,-0.272529,-0.128306,0.171486,0.222637,-0.328197,-0.969661
0.256335,0.778061,0.262033,0.497689,0.153016,-0.343824,0.213484,0.917927,0.07416,-0.139816,0.041743,0.720587,-0.084797,-0.49792,-1.0
-0.7938,-0.974502,-0.199824,-0.49832,0.801579,-0.408368,0.172795,0.101599,0.164945,-0.074334,-0.859791,-0.243547,0.482287,0.114673,-1.0
-0.095481,-0.63258,0.534519,0.334295,0.705883,0.981306,0.702339,0.489237,0.414066,0.407979,-0.138821,-0.275112,0.264203,0.45798,-0.923696
0.557547,0.560638,0.557577,0.391656,-0.628505,-0.200155,0.482661,0.537922,-0.427796,-0.15052,0.462089,0.292435,-0.408393,-0.278926,-1.0
0.397633,-0.931121,0.909668,0.971984,-0.203094,0.077017,0.909098,0.113084,-0.68165,0.320153,0.072732,-0.038423,-0.21335,0.455593,-0.909668
-0.803469,-0.66179,0.696714,-0.443912,-0.741668,-0.039068,0.872909,0.349772,-0.748446,-0.002487,0.011283,-0.276921,0.014602,0.492754,-0.965706
-0.859756,0.669356,-0.924006,-0.305644,-0.36296,-0.152665,0.527549,0.678361,-0.382861,-0.192744,-0.213607,0.44341,0.375449,-0.461045,-1.0
0.035631,0.843972,-0.762871,-0.588611,0.381912,0.0963,0.789494,0.968873,0.712172,0.164555,-0.018105,0.300505,0.234731,-0.437855,-1.0
0.363918,0.227561,0.377137,-0.235466,-0.298788,0.327881,0.152479,0.353494,-0.114743,0.126733,0.772585,-0.154793,-0.41561,-0.00841,-0.964321
0.168952,0.732073,-0.127096,-0.373122,-0.48303,0.404243,0.472828,0.785923,-0.31107,0.224797,0.378975,0.291793,-0.527826,-0.240633,-0.948171
0.135932,0.776154,0.26449,-0.200644,0.237309,-0.800764,0.038009,0.674693,-0.007456,-0.055078,-0.097069,0.923126,0.000299,-0.512942,-0.99827
0.492853,0.635776,-0.344979,-0.778995,0.682822,0.159395,0.591473,0.786851,0.400498,0.056208,-0.169505,0.404034,0.232162,-0.512806,-1.0
0.622019,0.874857,0.568933,0.376329,-0.657156,0.306494,0.002067,0.059012,0.038233,0.023463,0.971335,0.368048,-0.487561,-0.192151,-0.945756
0.532872,0.271223,-0.303291,0.293476,0.321115,0.794991,0.141849,0.332586,0.009223,0.208265,0.262091,-0.818005,-0.100545,0.474722,-1.0
0.748418,-0.913183,-0.895662,-0.955782,-0.516371,0.985976,0.931316,0.181399,-0.388013,0.701679,0.021698,-0.053223,-0.359636,0.378804,-0.952742
-0.31441,-0.018004,-0.817102,0.051424,0.994093,-0.969428,0.492329,0.372304,0.22595,-0.208316,-0.385235,0.242027,0.358931,-0.310986,-1.0
-0.213012,-0.461812,0.936533,0.340932,-0.135597,-0.630459,0.443023,0.91527,-0.05897,-0.357933,-0.196284,0.473632,0.210521,-0.405128,-1.0
-0.417302,0.206786,-0.013915,0.575081,-0.523847,-0.917419,0.749178,0.339807,-0.33482,-0.560784,-0.008089,0.300537,-0.131131,-0.56309,-1.0
-0.218189,-0.385425,-0.497243,0.959153,-0.374335,-0.346682,0.472853,0.058554,-0.249923,-0.2891,0.517,-0.179011,-0.475358,0.225658,-0.94062
-0.269145,0.652495,-0.100322,-0.689958,0.567844,-0.796918,0.360219,0.634694,0.189119,-0.263139,-0.314345,0.585302,0.269697,-0.404921,-0.979244
-0.690959,-0.075207,-0.092392,-0.763033,0.083305,-0.008674,0.172934,0.777793,0.251645,-0.012327,-0.837023,-0.126679,0.461322,0.081012,-1.0
-0.326098,0.238733,0.757049,-0.735631,0.73179,-0.48886,0.223485,0.56965,0.069296,-0.120963,-0.719713,0.422772,0.385342,-0.267108,-0.986899
-0.399908,-0.19232,0.63266,0.241521,-0.42006,-0.375823,0.869157,0.34834,-0.505314,-0.423231,0.058817,0.135204,-0.102081,-0.605843,-1.0
0.879998,0.232851,0.159237,0.651256,-0.5274,-0.723985,0.21967,0.54626,-0.078733,-0.166712,0.578071,0.44871,-0.449765,-0.244335,-1.0
0.918613,0.383433,0.778885,0.576211,0.542773,0.934811,0.689702,0.355755,0.272531,0.41786,0.186926,-0.168931,-0.189347,0.394031,-0.955786
0.18734,0.132581,-0.032764,0.718637,0.719389,-0.905176,0.35164,0.646961,0.120796,-0.22215,-0.321749,0.522176,0.20053,-0.475287,-1.0
-0.996072,0.68241,-0.040413,-0.232276,-0.702969,-0.031435,0.470809,0.47028,-0.417981,-0.003841,-0.220732,0.53977,0.28891,-0.489737,-1.0
0.912329,-0.90593,-0.87796,0.393363,-0.869807,0.791292,0.869855,0.408497,-0.570142,0.539978,0.11618,-0.044557,-0.375308,0.414654,-1.0
-0.081371,0.747399,0.638756,-0.874673,-0.047318,0.035958,0.261831,0.326508,-0.051896,0.153879,-0.024176,0.776707,-0.05175,-0.431944,-0.994606
0.183354,-0.801124,0.960197,0.867136,0.597569,0.91731,0.119716,0.606078,0.039381,0.055042,-0.088672,-0.83168,0.06342,0.552274,-0.977412
-0.143485,-0.230836,0.098405,-0.005087,0.232747,0.84736,0.859959,0.516316,0.160035,0.569317,-0.023294,-0.119777,0.233848,0.457216,-1.0
0.118793,-0.227362,-0.818338,-0.580841,0.788335,-0.552327,0.098873,0.793254,0.018195,-0.048321,-0.802654,0.335344,0.391063,-0.174686,-1.0
0.310555,-0.69057,0.606574,-0.309738,0.865699,-0.744477,0.083751,0.724302,0.009347,-0.076531,-0.881377,-0.001571,0.494997,-0.095796,-1.0
0.638325,0.15588,-0.055348,0.045648,0.368739,-0.802484,0.156324,0.239718,0.086513,-0.159327,0.164393,0.792501,-0.079724,-0.504609,-1.0
0.256194,0.631369,-0.935021,-0.016981,-0.152385,0.390372,0.624427,0.887549,-0.235889,0.471812,0.315167,0.235795,-0.444755,-0.346201,-0.901259
-0.587055,0.113952,0.076603,-0.529936,-0.295193,0.095456,0.648629,0.148239,-0.438271,0.202769,-0.410248,0.019219,0.523371,0.032445,-1.0
0.71914,0.666775,-0.325636,-0.716782,-0.209368,-0.147221,0.461212,0.486419,-0.292012,-0.256013,0.422023,0.406282,-0.413335,-0.236363,-0.964212
-0.848183,-0.056942,0.048954,-0.563057,-0.290583,-0.160734,0.552624,0.969242,-0.492751,-0.248201,-0.471055,0.039104,0.561142,-0.194888,-0.998836
0.335106,0.637879,-0.272302,-0.287277,-0.49656,-0.583741,0.916096,0.956279,-0.444694,-0.477891,0.150763,0.184367,-0.269441,-0.38085,-0.984139
-0.898851,0.519938,0.677927,0.958213,-0.935924,-0.233539,0.247071,0.177306,-0.229998,0.005963,0.091818,0.827631,-0.000819,-0.447005,-0.936849
-0.788073,-0.428236,-0.514225,0.125054,-0.94875,-0.741087,0.991424,0.324312,-0.697123,-0.525961,0.076089,0.126292,-0.28933,-0.528274,-0.906675
-0.674435,0.166193,0.436882,-0.391568,0.499267,-0.854944,0.308655,0.013323,0.138431,-0.229793,-0.561758,0.428499,0.35832,-0.329826,-0.971063
-0.475253,-0.445413,0.84445,-0.940612,-0.155254,-0.769476,0.177581,0.95508,-0.018167,-0.114926,-0.587386,0.542849,0.348322,-0.379433,-0.964683
0.864531,-0.644151,0.280411,0.90466,0.154318,-0.618717,0.509734,0.187099,0.001299,-0.415926,0.464014,-0.048249,-0.516255,-0.030481,-0.971621
0.303457,0.503015,-0.346326,-0.612639,0.228262,0.975151,0.758866,0.775223,0.123158,0.669913,-0.008449,-0.311917,-0.022773,0.55378,-1.0
0.980771,0.712051,0.393866,-0.659365,-0.8199,-0.504569,0.11663,0.218044,-0.051876,0.000105,0.776056,0.501728,-0.339293,-0.261152,-1.0
-0.202527,0.553182,-0.615027,0.51259,-0.805975,-0.636248,0.891542,0.024729,-0.610031,-0.431611,0.030236,0.024016,-0.249201,-0.476587,-1.0
0.834768,0.652516,0.414661,-0.222277,0.590054,0.954342,0.969175,0.112805,0.445133,0.556775,0.040912,0.023458,-0.321204,0.448897,-1.0
-0.447069,-0.58753,-0.659534,0.742873,0.077128,0.905445,0.083869,0.989444,-0.022326,0.036413,-0.237087,-0.833401,0.16161,0.420116,-0.943715
-0.397437,0.823152,0.841246,-0.101145,-0.124206,-0.920321,0.611157,0.92246,0.071256,-0.497745,-0.03718,0.370184,0.113111,-0.636122,-1.0
0.769417,0.560708,0.519664,0.687775,0.566266,-0.066345,0.687553,0.751283,0.607092,-0.013917,0.059109,0.340587,-0.128969,-0.401777,-1.0
0.252433,-0.536932,0.571694,-0.861617,-0.986969,0.652737,0.665358,0.380489,-0.41196,0.257149,0.261874,-0.281857,-0.316626,0.346243,-1.0
0.673934,0.427259,0.621815,-0.201934,-0.236623,-0.156722,0.017138,0.267596,-0.044456,0.009763,0.845355,0.634849,-0.359952,-0.298529,-0.986927
0.09724,-0.640843,-0.358124,-0.078553,-0.313116,0.204738,0.072216,0.602226,-0.079247,0.008337,0.403911,-0.870058,-0.188478,0.488596,-1.0
0.909602,0.394349,0.420945,0.882632,-0.915488,-0.977431,0.938031,0.169402,-0.466834,-0.511502,0.042806,0.023522,-0.349453,-0.336412,-0.956027
0.602871,-0.96046,-0.8769,0.717981,0.427681,0.267789,0.218165,0.245785,0.111953,-0.00444,0.07737,-0.819771,-0.235495,0.480527,-1.0
0.140412,0.687547,0.464772,-0.39033,0.05751,-0.97126,0.940514,0.679359,0.067571,-0.745241,-0.082862,0.06814,-0.016619,-0.455954,-1.0
0.093449,-0.144341,0.889387,0.597704,0.413628,0.50038,0.767004,0.712096,0.469943,0.576677,-0.19126,-0.205157,0.209634,0.531922,-1.0
-0.44313,-0.238432,-0.642403,-0.447677,0.713426,-0.128662,0.219749,0.916365,0.208386,-0.087401,-0.758749,-0.139486,0.495882,-0.001589,-0.988581
0.182944,-0.762872,0.785778,0.966942,-0.402106,0.463493,0.325789,0.915429,-0.147059,0.207376,0.253411,-0.617267,-0.223438,0.368206,-0.98338
0.624547,-0.448299,0.116256,0.288577,0.380667,0.323928,0.961819,0.072947,0.578891,0.563976,-0.019773,0.016915,-0.071955,0.464359,-0.997114
0.319252,-0.238164,0.053149,-0.832339,0.362316,-0.25953,0.199242,0.783421,0.155481,-0.0226,-0.755579,0.399602,0.484575,-0.201319,-1.0
0.079028,-0.563023,-0.398571,0.19571,-0.926096,-0.058466,0.131126,0.330366,-0.080536,-0.048568,0.746099,-0.377263,-0.506464,0.240452,-0.996128
0.480313,-0.548076,-0.039729,-0.411851,-0.324706,-0.847825,0.883033,0.610634,-0.19562,-0.668373,0.158081,0.045472,-0.4538,-0.202805,-0.989186
0.244079,0.134986,0.002321,-0.492299,-0.985248,-0.352555,0.443374,0.734198,-0.26835,-0.186689,0.55713,0.179776,-0.486629,-0.26563,-0.997878
-0.079875,0.963459,0.309868,-0.877676,0.629042,-0.607022,0.053124,0.913741,0.035004,-0.025919,-0.49881,0.926502,0.244115,-0.403517,-1.0
0.103753,0.132857,-0.365247,0.138063,-0.384194,-0.789603,0.543153,0.694749,-0.062704,-0.380385,0.229451,0.434202,-0.256026,-0.404289,-1.0
0.379455,0.94101,-0.069047,-0.679142,0.404813,-0.242931,0.724809,0.330179,0.484838,-0.304773,-0.052729,0.27756,-0.017599,-0.528012,-0.954811
-0.335431,-0.346553,-0.249353,0.591945,-0.621817,-0.561947,0.64609,0.600723,-0.416932,-0.391288,0.277397,0.266905,-0.453931,-0.352687,-0.948284
-0.491246,-0.350696,0.999184,-0.895539,-0.668012,-0.241984,0.769808,0.207975,-0.573147,-0.23699,0.098377,-0.019923,-0.367889,0.247742,-0.970539
0.695358,-0.034579,-0.010472,0.026839,-0.301171,-0.489795,0.353397,0.950914,-0.125191,-0.234526,0.472934,0.26271,-0.484999,-0.147562,-0.995753
0.709462,0.769588,-0.028553,-0.045211,-0.953143,0.199702,0.472122,0.78151,-0.390633,0.084286,0.617849,0.180454,-0.378464,-0.084532,-1.0
-0.394418,0.315114,0.457936,-0.167466,-0.899106,0.537773,0.096863,0.643426,-0.071237,0.091519,0.82204,-0.339748,-0.508493,0.244469,-1.0
-0.639878,-0.305927,-0.626036,-0.747569,-0.16087,-0.413547,0.052088,0.798408,-0.032487,-0.172547,-0.842025,0.157427,0.572936,-0.183934,-1.0
0.186824,-0.249152,-0.601216,0.293122,0.777953,-0.802608,0.100854,0.131528,0.007257,-0.04718,-0.541717,0.635751,0.406826,-0.292139,-1.0
-0.51633,0.390387,-0.510944,-0.445467,0.926963,-0.702766,0.335867,0.726645,0.177001,-0.184078,-0.537377,0.380674,0.400525,-0.251419,-1.0
-0.023545,-0.275128,0.490159,-0.746829,0.507507,0.276216,0.567081,0.097614,0.445664,0.237309,-0.229079,-0.28776,0.314749,0.344874,-0.992214
-0.239731,-0.141287,-0.701338,0.875857,-0.955007,0.018726,0.927957,0.276132,-0.813694,-0.042154,0.062803,-0.027783,-0.500126,0.063918,-0.921578
0.914966,-0.479464,-0.303706,0.620335,-0.90962,-0.319176,0.46112,0.6618,-0.25945,-0.058198,0.541748,0.040399,-0.472818,0.059225,-1.0
0.091483,-0.56173,0.802305,0.483089,0.582779,-0.788673,0.088953,0.918115,0.05306,-0.129185,-0.905513,0.400186,0.415992,-0.197004,-1.0
-0.361652,0.350131,0.685222,0.524772,0.241533,0.509778,0.093565,0.352242,-0.031313,0.077217,-0.913786,-0.223484,0.504999,0.018763,-1.0
-0.755995,-0.174913,-0.541604,-0.131008,0.57247,0.535541,0.559682,0.078834,0.369158,0.290102,-0.326209,-0.164492,0.43447,0.369951,-0.931095
-0.631026,0.424655,-0.54085,0.293516,0.785379,-0.123345,0.926534,0.951762,0.737116,-0.141284,-0.147898,-0.000484,0.488211,-0.094791,-1.0
-0.229465,0.280167,0.184412,0.759002,-0.738135,0.831718,0.97391,0.2996,-0.507761,0.637586,-0.038946,0.014223,-0.441899,0.436895,-1.0
-0.514606,0.670428,0.814288,-0.511047,0.951957,-0.20368,0.605536,0.500632,0.561844,-0.046832,-0.313112,0.172786,0.351897,-0.201839,-1.0
-0.24485,-0.010609,0.869277,0.53339,-0.213472,-0.674825,0.365823,0.4253,-0.140882,-0.283441,-0.036419,0.609914,-0.032769,-0.508508,-0.987024
0.028793,-0.79234,0.677742,0.79702,-0.860176,-0.410618,0.281499,0.856109,-0.146519,-0.001784,0.710602,-0.25074,-0.549818,0.272955,-1.0
-0.114892,0.774471,0.825312,-0.695097,-0.415845,0.68646,0.818302,0.916174,-0.299558,0.480722,0.172408,0.059536,-0.470373,-0.153099,-0.902474
0.172415,-0.48139,0.787874,0.061622,-0.338121,-0.518215,0.92189,0.015658,-0.538365,-0.671918,0.189856,0.07125,-0.490807,0.018177,-0.948324
0.784098,-0.763677,0.158004,0.839212,-0.041804,-0.433828,0.961551,0.187342,-0.102809,-0.758167,-0.053275,0.013782,-0.473729,0.213296,-0.956189
-0.832448,0.218023,0.057436,0.74948,0.080836,0.811092,0.167214,0.64169,0.015496,0.079221,-0.687341,-0.497845,0.482839,0.283483,-0.977781
-0.266373,-0.018075,0.465273,-0.903232,0.350322,0.614837,0.252046,0.297827,0.134652,0.129566,-0.586561,-0.574633,0.339552,0.32472,-0.945809
-0.555369,-0.37137,0.8905,-0.579102,-0.657168,0.270874,0.602723,0.839419,-0.453626,0.235363,0.207805,-0.446267,-0.042218,0.518651,-0.988251
0.965371,0.076483,-0.609823,-0.716598,-0.215847,-0.276003,0.212047,0.789222,-0.124978,-0.136338,0.776514,0.134234,-0.512005,-0.158594,-1.0
0.20323,0.341904,-0.515909,0.2714,0.403251,0.008926,0.465433,0.906103,0.268092,0.001889,-0.361587,0.424747,0.223407,-0.409376,-0.949575
-0.981456,-0.682731,0.145843,-0.877478,-0.183519,-0.614692,0.986836,0.159368,-0.353333,-0.649259,0.036435,-0.009838,0.553097,0.074139,-0.970495
-0.843076,0.900425,-0.358655,-0.354892,-0.941501,0.227248,0.45202,0.070249,-0.260362,0.106256,0.201208,0.455421,-0.056154,-0.543376,-1.0
-0.937941,-0.887225,0.901927,0.503913,-0.519796,-0.078842,0.363217,0.957872,-0.25464,-0.109403,-0.301065,-0.560847,0.279181,0.402231,-0.974853
-0.1938,-0.926138,0.711058,0.332056,-0.731216,0.856882,0.617031,0.45521,-0.396281,0.363829,0.055376,-0.396247,-0.137506,0.492844,-0.959849
-0.766241,0.130351,-0.987622,0.165195,0.686706,-0.082629,0.099565,0.797355,0.082198,-0.057856,-0.872542,0.193458,0.438051,-0.029141,-1.0
0.835375,-0.96339,-0.857347,0.673832,0.722995,0.603034,0.211355,0.999085,0.115455,0.027974,0.078699,-0.868072,-0.022509,0.542144,-1.0
-0.110193,0.849884,0.823126,-0.743297,0.386452,-0.961369,0.355839,0.312952,0.110133,-0.23076,-0.175899,0.580414,0.194062,-0.485462,-1.0
0.605592,0.220655,-0.865824,-0.950712,0.992213,-0.571434,0.939553,0.822478,0.646032,-0.355819,0.008558,0.087107,0.180771,-0.490172,-0.962753
-0.01725,0.31623,0.673702,0.8266,0.99956,0.48497,0.023182,0.19894,0.03342,-0.000754,-0.993837,-0.222658,0.454176,0.088067,-0.944505
-0.944684,0.461846,0.589452,-0.327385,0.070373,0.660358,0.037891,0.115797,0.047801,-0.050742,-0.954042,-0.161329,0.430072,0.120352,-1.0
0.818788,-0.720337,-0.614378,0.283906,-0.454283,0.515637,0.956684,0.464676,-0.42881,0.539992,0.072811,-0.007657,-0.307504,0.33761,-1.0
-0.869585,0.320174,-0.930666,0.50995,0.986101,0.002424,0.439701,0.787209,0.405016,0.061505,-0.518,0.104663,0.505248,-0.118072,-0.976117
0.844703,-0.848543,0.140547,-0.784229,0.26544,-0.983494,0.410255,0.855216,0.163797,-0.28122,0.713254,0.109032,-0.468636,-0.012222,-0.977369
0.1923,0.972302,-0.589339,-0.140751,-0.298327,0.412083,0.312343,0.515996,-0.193377,0.187893,0.476632,0.511449,-0.324946,-0.374974,-1.0
0.000653,0.897584,0.923265,-0.210901,0.739185,-0.69738,0.652916,0.30758,0.325826,-0.32381,-0.158787,0.26828,0.135515,-0.401923,-1.0
0.001834,0.605913,-0.759913,0.797923,-0.489458,0.773925,0.160127,0.138339,-0.091069,0.170368,0.774685,-0.262909,-0.545654,0.163296,-1.0
0.59778,0.305319,-0.777941,0.113254,0.743217,0.761821,0.882256,0.835811,0.425617,0.536298,-0.052096,-0.119594,0.148228,0.469309,-0.919764
0.003583,-0.340864,0.425683,0.430548,-0.670947,-0.26372,0.023253,0.544036,0.018789,0.039532,0.978852,-0.016003,-0.520399,0.12274,-0.985034
-0.806749,-0.450608,-0.894642,0.31521,-0.845766,0.352035,0.230724,0.410433,-0.029894,0.03297,0.06114,-0.743138,-0.080023,0.582588,-1.0
0.482354,0.189954,0.413929,0.942424,0.830326,-0.263545,0.033605,0.900158,0.095073,-0.050785,-0.604238,0.803537,0.313324,-0.338011,-1.0
-0.563465,-0.910376,0.923033,-0.19275,0.86924,-0.952007,0.282925,0.719573,0.166085,-0.245834,-0.75525,0.084626,0.504705,-0.031047,-1.0
-0.732383,-0.420107,0.197922,0.97713,-0.171263,0.980876,0.909313,0.512583,-0.061421,0.630937,-0.049526,-0.050247,0.188965,0.427606,-1.0
0.531783,-0.255016,0.019934,0.959439,0.242294,0.136997,0.942113,0.514662,0.689452,0.413987,-0.004633,-0.11221,-0.319935,0.397218,-0.951017
-0.771602,0.617141,-0.388395,0.000354,0.582649,0.890104,0.995182,0.118769,0.484724,0.718433,-0.004639,0.001479,0.51162,0.080657,-0.933358
0.193771,-0.04056,-0.769406,0.981151,-0.711872,-0.719414,0.13199,0.612405,-0.106581,-0.001719,0.747305,0.535601,-0.451988,-0.319219,-0.982358
-0.072612,0.129719,-0.156048,0.742249,0.695817,-0.340835,0.919376,0.248341,0.695524,-0.290721,-0.123778,0.03265,0.430671,-0.305613,-1.0
-0.699741,-0.767416,0.859866,-0.85524,0.056217,0.061712,0.888164,0.001669,0.473469,0.543806,-0.01286,-0.063229,0.346221,0.373718,-0.943445
-0.5791,-0.300994,-0.89384,-0.66805,0.884815,-0.080904,0.84662,0.901259,0.75903,-0.027688,-0.226704,0.039963,0.51751,0.083603,-1.0
0.558634,0.493555,0.808422,0.625722,-0.265921,-0.598391,0.193265,0.830772,-0.077992,-0.144039,0.454649,0.608376,-0.391104,-0.394952,-1.0
-0.307124,0.558055,0.164888,-0.300834,0.131077,-0.745919,0.584304,0.145087,0.062,-0.42002,-0.09325,0.373461,0.187592,-0.53262,-0.930178
-0.96087,0.129138,-0.006026,-0.369901,-0.309252,0.20932,0.137618,0.229842,0.023178,0.023493,-0.887103,-0.157316,0.524604,0.162363,-0.955705
-0.479174,-0.733533,-0.126462,0.303727,-0.281299,-0.080212,0.352909,0.571386,-0.256245,-0.053016,-0.303481,-0.558988,0.1922,0.442657,-1.0
0.151551,-0.60173,-0.027993,-0.780228,-0.02003,-0.486879,0.02374,0.249611,0.030035,-0.102317,0.848763,-0.528195,-0.380005,0.233717,-1.0
0.884298,-0.985858,0.453921,-0.750108,-0.284628,-0.704175,0.804863,0.66866,-0.287619,-0.66661,0.169571,-0.01301,-0.470627,0.096545,-1.0
0.442265,0.369764,0.144227,0.133385,-0.284966,-0.38812,0.36012,0.323586,-0.067224,-0.18425,0.4308,0.422289,-0.386233,-0.401805,-1.0
0.550153,-0.969433,0.353706,-0.00862,-0.016689,0.789103,0.683444,0.065867,-0.044471,0.582097,0.132037,-0.28828,-0.110463,0.405606,-1.0
0.512955,0.166615,0.817607,-0.883555,-0.64055,-0.544548,0.69865,0.617203,-0.432345,-0.357862,0.265353,0.103336,-0.345537,-0.24722,-0.988489
0.963455,-0.502638,-0.72049,-0.118185,0.788313,0.955105,0.822987,0.333548,0.429198,0.501178,0.091859,-0.177401,-0.039291,0.413252,-1.0
0.57876,0.905834,0.646175,0.64014,-0.241338,0.607877,0.111558,0.3186,-0.100351,0.143596,0.751201,0.343997,-0.532951,-0.160827,-0.961862
-0.547231,-0.146816,-0.397867,-0.073493,-0.923457,0.079056,0.775254,0.772706,-0.619183,0.083318,0.195601,-0.162717,-0.445119,0.278349,-1.0
0.839974,0.587963,0.868229,-0.716502,0.943286,-0.1691,0.238582,0.794777,0.256909,0.023351,-0.185848,0.749717,0.041852,-0.497067,-0.963994
0.84746,-0.974762,-0.110664,-0.820764,-0.791472,-0.475929,0.791824,0.985672,-0.597377,-0.382824,0.126976,-0.044857,-0.482901,0.039387,-1.0
0.062818,-0.336138,0.764016,0.259436,0.302759,-0.514934,0.546516,0.855739,0.196192,-0.420727,-0.379197,0.26582,0.366306,-0.340116,-1.0
0.671715,-0.738434,0.42811,0.392927,-0.680406,0.951097,0.662634,0.814594,-0.339719,0.471,0.200513,-0.233999,-0.26668,0.381454,-0.915203
0.843874,0.268253,-0.903182,-0.514042,0.846652,-0.690521,0.992566,0.376842,0.656557,-0.647413,-0.023548,-0.021108,-0.033294,-0.525339,-1.0
-0.591814,0.792827,0.951273,-0.583372,0.213153,0.923223,0.845827,0.225613,0.15916,0.706787,-0.141505,0.010601,0.566133,0.132569,-0.911292
0.403381,0.01569,0.546574,-0.157131,0.745908,-0.26395,0.578311,0.787267,0.423112,-0.095547,-0.378235,0.311046,0.353475,-0.289889,-1.0
-0.469284,-0.711589,0.885661,-0.116701,-0.538747,-0.108776,0.837856,0.079502,-0.619808,-0.054485,-0.004877,-0.22503,-0.130165,0.500646,-1.0
-0.37415,-0.518818,0.661809,-0.012486,-0.198472,-0.319342,0.260573,0.945243,-0.083748,-0.2196,-0.481211,-0.665478,0.23663,0.412072,-1.0
0.555719,0.23803,0.499354,0.080179,-0.380583,0.56214,0.990902,0.623878,-0.434155,0.53191,0.066557,-0.014424,-0.489351,0.167532,-1.0
0.20874,0.137559,-0.4738,-0.912116,-0.801656,0.498333,0.368611,0.515146,-0.243356,0.208226,0.581243,-0.22441,-0.465052,0.226785,-0.94677
-0.605847,0.8571,0.95017,-0.954155,0.297755,0.506191,0.872041,0.875262,0.360876,0.525412,-0.094604,-0.001076,0.517427,-0.167494,-1.0
-0.263138,0.525142,-0.465856,-0.310641,0.332352,0.810124,0.430423,0.464674,0.171104,0.304959,-0.428961,-0.211145,0.379298,0.32157,-0.933365
0.197979,-0.932981,-0.073675,-0.035746,-0.183207,-0.569069,0.905457,0.21142,-0.099783,-0.829824,0.100126,-0.080134,-0.371502,0.365022,-0.992749
-0.54018,-0.261618,0.855826,0.654179,0.665015,0.954737,0.065534,0.852156,0.030568,0.057146,-0.5745,-0.717299,0.34023,0.377853,-0.912706
0.791939,0.127169,-0.925912,0.622895,0.622095,0.5381,0.244869,0.490271,0.198358,0.14251,0.232957,-0.6602,-0.147336,0.454937,-0.963733
-0.593463,0.000157,0.0509,-0.162764,-0.79541,0.644808,0.444811,0.240391,-0.305185,0.248836,0.151395,-0.58935,-0.177307,0.502283,-1.0
-0.787899,-0.389765,0.062851,-0.862532,0.523409,0.695693,0.863775,0.026318,0.429833,0.522485,-0.171487,-0.07967,0.482543,0.351207,-0.904593
0.229435,0.536172,-0.456385,0.799667,0.752626,-0.511585,0.611213,0.644031,0.375763,-0.26895,-0.223856,0.424808,0.182407,-0.427237,-0.980252
-0.849081,-0.213023,0.703792,-0.288623,-0.520544,-0.69605,0.333803,0.56477,-0.178505,-0.221234,-0.393208,0.510756,0.32762,-0.409627,-1.0
-0.789425,-0.600377,-0.864002,0.611823,-0.964907,0.234436,0.317488,0.278118,-0.246758,0.037993,0.214784,-0.63511,-0.066683,0.582138,-0.92939
-0.77253,0.513508,0.361012,0.169196,-0.743959,-0.535721,0.678507,0.142504,-0.517938,-0.358968,-0.159918,0.226265,-0.040287,-0.496458,-0.922638
-0.379479,-0.094803,-0.600897,-0.856995,0.812686,-0.909201,0.978962,0.24058,0.508874,-0.611757,-0.041076,-0.026403,0.418863,-0.338514,-1.0
-0.095105,-0.738976,0.85817,-0.137476,-0.327533,-0.465749,0.679266,0.815161,-0.29994,-0.400421,0.197853,-0.328785,-0.307844,0.451066,-0.999101
-0.412474,0.817399,0.237288,-0.84534,-0.8161,-0.694731,0.318305,0.197488,-0.25739,-0.047589,0.131587,0.661444,-0.124067,-0.495904,-1.0
-0.638639,0.660984,0.391108,-0.812106,-0.303108,0.234596,0.85452,0.812722,-0.517707,0.512389,-0.047406,0.073685,0.276506,-0.466191,-1.0
0.811645,0.665721,0.352709,-0.059359,-0.212876,-0.000239,0.03233,0.548618,-0.023603,0.025613,0.822899,0.521129,-0.418297,-0.252586,-1.0
-0.418143,0.858164,-0.509581,0.578545,-0.993842,-0.888122,0.061321,0.92217,-0.027159,-0.005457,0.308416,0.901349,-0.164337,-0.453344,-0.912875
-0.073159,0.207609,0.024413,-0.878147,0.138296,0.451558,0.619372,0.798192,0.206955,0.495085,-0.214564,-0.292086,0.354069,0.266181,-0.933686
-0.105973,-0.005117,0.25938,0.610891,0.159597,-0.138902,0.630788,0.282723,0.339703,-0.324046,-0.395708,0.245514,0.343629,-0.1742,-1.0
0.195251,-0.25967,0.29266,-0.935893,-0.528423,-0.600359,0.240906,0.716213,-0.196065,-0.179672,0.68256,0.340493,-0.391455,-0.186755,-0.944374
-0.986047,-0.345339,0.275655,0.947783,-0.931908,0.195681,0.037649,0.596411,-0.047429,0.005338,-0.141442,-1.0,0.038769,0.518543,-1.0
0.518177,-0.519275,-0.731954,-0.063527,-0.44854,0.769952,0.988183,0.370377,-0.548848,0.686236,0.083513,-0.121757,-0.317836,0.506561,-0.94778
-0.585824,0.526843,-0.160041,-0.948842,-0.538251,-0.720359,0.648382,0.226078,-0.269733,-0.444096,0.062006,0.481525,-0.093878,-0.53479,-0.968899
0.248193,-0.796374,0.991964,0.544666,-0.647657,0.669821,0.570503,0.280812,-0.231312,0.341476,0.257337,-0.385717,-0.275467,0.389666,-1.0
-0.805034,0.31813,-0.819679,0.477597,-0.485232,-0.955497,0.941235,0.21047,-0.366607,-0.66346,0.024119,0.067172,0.107317,-0.518374,-0.959362
0.138861,0.865133,-0.166732,-0.568179,-0.67107,-0.630999,0.623421,0.961573,-0.427432,-0.376368,0.218819,0.261514,-0.316003,-0.456713,-1.0
-0.799528,-0.346409,0.256405,0.467995,0.115218,0.57203,0.958288,0.484454,0.106978,0.718169,0.055526,-0.007,0.3622,0.301946,-1.0
0.182941,0.583546,0.986054,-0.549826,0.988031,-0.728072,0.822722,0.473913,0.559753,-0.361047,-0.162672,0.142605,0.259113,-0.321683,-1.0
0.545542,0.170944,-0.915514,-0.704914,-0.766144,-0.040708,0.066606,0.529663,-0.072372,-0.016421,0.916911,0.18476,-0.502511,-0.131123,-1.0
0.125767,0.921574,-0.467671,-0.376382,-0.375414,-0.437101,0.455758,0.820362,-0.277969,-0.298495,0.294006,0.521971,-0.151242,-0.520406,-1.0
0.615486,-0.059101,0.921674,-0.148135,0.518587,-0.167196,0.386223,0.42323,0.30209,-0.06144,0.326072,0.513266,-0.30268,-0.348456,-0.989303
0.790295,-0.136942,0.365249,0.159436,0.864055,0.251685,0.28708,0.538671,0.190017,0.083094,-0.085461,-0.773037,0.100755,0.3781,-0.965678
-0.78499,0.38738,-0.273452,-0.838578,-0.135526,-0.182539,0.552271,0.150276,-0.273348,-0.401711,-0.343342,0.214531,0.292826,-0.27135,-1.0
-0.992889,0.078236,0.479617,0.804001,0.755317,-0.366951,0.297679,0.574545,0.232074,-0.08211,-0.733436,0.142671,0.461213,-0.102186,-0.996665
-0.546996,0.480547,0.561422,0.295967,0.136271,-0.971704,0.067316,0.978499,0.074438,-0.134981,-0.504109,0.831418,0.253911,-0.399483,-1.0
-0.542717,0.611456,0.734058,-0.236841,-0.163041,-0.05297,0.807208,0.658612,-0.606631,-0.173076,-0.079989,0.152851,0.219122,-0.383928,-1.0
-0.903536,0.588533,-0.643973,0.623259,-0.347173,-0.950377,0.611464,0.4174,-0.201507,-0.464504,-0.186249,0.288999,0.071179,-0.414758,-1.0
0.308621,0.865475,0.39804,0.038897,0.785873,0.113476,0.146784,0.159923,0.10843,-0.04724,-0.54872,0.599591,0.347647,-0.436274,-0.971253
-0.076498,-0.584158,0.861043,0.051391,-0.429267,-0.230344,0.223692,0.881322,-0.105028,-0.116616,0.502196,-0.533443,-0.403432,0.38707,-0.946038
0.0987,-0.88464,0.000658,-0.784326,-0.728461,0.611357,0.724392,0.064123,-0.493208,0.318384,0.025804,-0.286722,-0.10271,0.476843,-0.990014
-0.287083,0.638261,0.439333,-0.614168,-0.344127,-0.295175,0.799112,0.732696,-0.530387,-0.45151,0.059708,0.169865,-0.037603,-0.563946,-0.997648
-0.057714,-0.064283,0.325762,0.151294,-0.305141,-0.635645,0.27382,0.279305,-0.098524,-0.209932,0.239667,0.713623,-0.202409,-0.400336,-0.960232
-0.861516,-0.254379,0.167071,-0.44875,0.934007,0.628928,0.067389,0.274425,0.037842,-0.078056,-0.893322,-0.52868,0.531795,0.23612,-1.0
-0.175673,-0.183562,-0.410467,0.769354,-0.788721,-0.234359,0.748562,0.667959,-0.681446,-0.22585,0.223199,-0.006523,-0.53116,-0.06466,-1.0
0.342035,-0.413324,-0.376419,0.523979,0.46591,0.751663,0.927533,0.328621,0.326889,0.744029,0.039823,-0.054659,-0.023109,0.466059,-1.0
0.74811,0.212212,0.815349,-0.9465,-0.268932,-0.905752,0.574529,0.418438,-0.197813,-0.500019,0.374013,0.203293,-0.260988,-0.309592,-0.991029
0.759626,0.839008,-0.625901,-0.894301,-0.006427,-0.924409,0.487111,0.229765,0.034333,-0.397794,0.16655,0.457495,-0.222897,-0.381715,-0.960213
-0.704004,0.042659,-0.660617,0.746774,-0.237029,0.68469,0.154681,0.206916,-0.085584,0.15443,-0.516418,-0.703595,0.2465,0.319603,-0.926549
0.412671,0.846506,-0.796269,-0.059591,0.076701,-0.354187,0.683771,0.860296,0.078195,-0.572035,0.095382,0.236775,-0.101141,-0.522603,-0.977081
0.715417,0.898823,-0.111833,0.302611,-0.148727,0.546517,0.47244,0.631537,-0.170225,0.356681,0.560463,0.192877,-0.415354,-0.118793,-1.0
0.165494,0.073633,-0.534667,0.345463,-0.932326,0.729751,0.063771,0.865829,-0.070572,0.019279,0.81504,-0.479881,-0.574896,0.273134,-0.960693
-0.789482,-0.796931,-0.60655,-0.836528,-0.297844,-0.224682,0.454043,0.662729,-0.271137,-0.271066,-0.379867,-0.458834,0.350746,0.355047,-1.0
0.886547,0.975298,-0.546314,-0.467034,0.206511,0.918328,0.896454,0.860197,0.046977,0.801323,0.234325,0.057548,-0.430183,-0.053795,-1.0
0.414567,0.518847,-0.882252,0.579394,-0.85677,-0.144881,0.793991,0.050288,-0.559913,-0.055629,0.129715,0.001711,-0.543735,-0.210246,-0.988359
0.744511,-0.734024,0.073062,0.417819,-0.39923,-0.457866,0.057653,0.466265,-0.062655,-0.057759,1.0,-0.221205,-0.487906,0.134641,-0.992641
-0.681327,-0.226289,0.414619,0.247576,-0.011512,-0.08889,0.18623,0.105068,0.055932,-0.132832,-0.811758,-0.111932,0.49413,0.064347,-0.966713
-0.459202,-0.274883,0.278559,-0.21784,0.052478,0.1303,0.518654,0.184136,0.150144,0.391089,-0.440406,-0.335467,0.34494,0.29118,-1.0
0.218458,-0.721809,-0.407619,0.409301,0.788597,-0.292356,0.545574,0.477169,0.363457,-0.102081,-0.317035,-0.232732,0.341978,0.335187,-1.0
0.737635,-0.901689,-0.690536,-0.228703,0.458506,-0.826878,0.362001,0.930653,0.177218,-0.275078,0.646419,-0.226152,-0.464578,0.130273,-0.891944
0.698437,0.873414,-0.254724,-0.728103,-0.572297,-0.238235,0.73056,0.562814,-0.456129,-0.197295,0.210796,0.104257,-0.440695,-0.437964,-1.0
-0.860451,0.333753,-0.03928,-0.280175,0.483933,0.592483,0.686766,0.217185,0.38459,0.409918,-0.297684,-0.025115,0.568335,0.145985,-0.993923
0.365386,0.883939,-0.035131,-0.756586,-0.699167,0.599695,0.123371,0.301064,-0.110318,0.152253,0.919357,0.158482,-0.507108,-0.104411,-1.0
0.562096,-0.776313,-0.335182,0.229876,-0.669264,-0.017977,0.164399,0.727499,-0.055565,-0.008413,0.728154,-0.480875,-0.421462,0.337021,-0.977562
-0.953129,-0.113565,0.399471,-0.272648,0.9549,-0.172965,0.672228,0.620152,0.485183,-0.192644,-0.424649,0.011533,0.532541,-0.112648,-0.972377
-0.495045,0.198712,0.208016,0.624203,-0.237813,0.750656,0.58289,0.52012,-0.195003,0.487911,-0.151602,-0.407243,0.232219,0.466579,-0.887645
-0.013182,-0.333629,-0.945643,0.531425,0.33304,0.809251,0.417864,0.311097,0.142479,0.287246,-0.171217,-0.552554,0.12888,0.456071,-0.978533
-0.759497,-0.720465,-0.826472,0.890813,-0.243332,0.868666,0.562331,0.226811,-0.036175,0.352268,-0.177915,-0.38243,0.121617,0.428026,-1.0
0.120369,-0.55008,0.97873,0.403633,0.362095,-0.262115,0.039689,0.882008,-0.034307,-0.005186,-0.696669,-0.75627,0.328887,0.313407,-0.954774
-0.17777,-0.395627,0.075939,-0.998901,-0.705862,0.569432,0.977923,0.699189,-0.644974,0.486125,0.08337,0.000893,-0.214463,0.420538,-0.934719
0.236414,0.865189,0.714418,-0.039821,-0.04755,0.166955,0.508306,0.979513,-0.199815,0.34905,0.21513,0.310165,-0.188349,-0.482875,-1.0
-0.96232,0.587946,0.35833,0.109413,0.863997,0.045683,0.371284,0.793522,0.264712,0.037929,-0.644823,0.179204,0.502091,-0.195561,-0.939618
-0.190115,-0.326456,-0.895825,-0.139317,-0.308577,-0.866748,0.579575,0.93477,-0.177241,-0.386932,0.052227,0.432042,-0.086102,-0.500716,-0.932156
0.305039,0.218497,-0.82525,-0.130589,0.852577,-0.071483,0.731068,0.781317,0.64133,-0.000513,-0.295956,0.105359,0.45167,-0.243035,-1.0
0.135105,0.293715,0.425528,-0.842873,-0.70399,0.21663,0.262715,0.242765,-0.146158,0.108612,0.76516,0.085712,-0.494425,0.019961,-1.0
0.931576,-0.785648,-0.380676,-0.865652,-0.385756,-0.795155,0.796702,0.911016,-0.25755,-0.558094,0.158311,0.0499,-0.508487,-0.069559,-0.988135
-0.250326,-0.684914,0.429937,-0.273015,-0.759841,-0.378673,0.803232,0.690113,-0.507045,-0.272497,0.194295,-0.062038,-0.558789,0.362938,-1.0
-0.144915,0.224135,0.634357,0.069557,0.535596,0.878227,0.011442,0.015008,-0.081771,0.034162,-0.740063,-0.731924,0.299278,0.469303,-1.0
-0.591062,0.811896,0.173755,0.206839,0.47043,-0.045771,0.062186,0.989759,0.001178,-0.030378,-0.72356,0.657796,0.345614,-0.295874,-1.0
-0.862763,-0.322014,-0.475158,-0.433117,-0.878943,-0.240964,0.54938,0.698466,-0.469903,-0.152057,0.05237,-0.40969,-0.089835,0.540984,-0.970148
0.734742,-0.544556,-0.376712,0.543912,-0.407226,-0.265873,0.837237,0.748276,-0.48303,-0.335118,0.26556,0.041939,-0.463916,0.173767,-0.987451
-0.897041,-0.330391,-0.990613,0.666871,-0.009515,0.245927,0.455487,0.101765,-0.037236,0.419442,-0.464996,-0.284992,0.349814,0.215614,-0.985382
0.169216,-0.922535,-0.760824,-0.412647,0.573218,0.810956,0.597361,0.645085,0.237341,0.345206,-0.07618,-0.391773,0.053263,0.493298,-0.981997
0.640975,0.475468,0.786518,0.528425,0.64463,-0.455573,0.080057,0.857141,0.068497,-0.071698,-0.008308,0.853284,-0.031026,-0.476959,-0.993851
-0.535343,-0.680905,-0.564623,0.170367,-0.592197,0.14354,0.081469,0.699603,-0.105409,-0.018366,0.06419,-0.93076,-0.005145,0.478929,-0.929221
-0.716973,0.273541,-0.08151,0.463209,0.553558,0.591227,0.928048,0.549561,0.481671,0.517244,-0.019624,-0.030143,0.451363,0.05987,-0.987758
0.501504,-0.954158,0.705752,0.249784,-0.500418,-0.528104,0.225102,0.643952,-0.080692,-0.171709,0.681785,-0.382131,-0.460962,0.174977,-0.94472
0.861594,0.954651,0.486411,0.663242,-0.237824,0.060802,0.855538,0.768578,-0.691011,0.155818,0.119754,0.146865,-0.294687,-0.347872,-0.994942
0.760051,-0.801993,-0.429634,0.147097,0.330489,0.054024,0.492366,0.116403,0.425619,0.12362,0.267504,-0.508445,-0.219083,0.439204,-1.0
-0.275181,0.815402,0.370708,-0.784411,0.5304,-0.975968,0.629475,0.493401,0.223932,-0.48458,-0.172013,0.262686,0.283287,-0.42128,-0.995235
0.794407,-0.322964,-0.269368,-0.234061,-0.868398,0.951308,0.388281,0.292132,-0.235133,0.222492,0.474482,-0.332559,-0.422659,0.340402,-1.0
0.418685,-0.91727,-0.483446,-0.240926,0.71451,0.344248,0.336863,0.535666,0.204695,0.116091,-0.20034,-0.677075,0.14578,0.548154,-0.974943
0.059816,-0.592703,0.738753,-0.750362,-0.221018,-0.514198,0.640566,0.628392,-0.196794,-0.500117,0.378074,-0.048992,-0.526563,0.263563,-1.0
0.862547,0.341538,0.098458,0.617123,-0.995322,-0.52792,0.572333,0.454109,-0.506087,-0.186875,0.421483,0.195239,-0.423445,-0.266969,-1.0
0.757301,0.351578,0.226398,-0.866878,0.158182,0.364323,0.515074,0.136614,0.133836,0.340301,0.487311,0.103097,-0.566456,0.002948,-1.0
0.803464,-0.591107,0.787418,-0.169549,0.611375,0.132229,0.929307,0.863225,0.719389,0.152563,0.000308,-0.082598,-0.138902,0.467278,-0.978158
-0.280294,0.446972,0.825652,-0.351652,-0.627908,-0.070396,0.487452,0.97655,-0.327966,-0.090072,0.35439,0.359666,-0.300381,-0.434481,-0.979103
-0.302848,0.090902,0.877055,0.886218,0.43952,0.940356,0.32367,0.032463,0.122467,0.370337,-0.38238,-0.510739,0.321832,0.331466,-1.0
0.284568,-0.416383,-0.165531,-0.493127,-0.329713,-0.403549,0.121146,0.988298,-0.08822,-0.001809,0.837974,0.006183,-0.486968,0.006753,-1.0
-0.51593,0.497745,0.561112,0.749894,0.848768,0.639001,0.165738,0.432118,0.116327,0.042905,-0.82962,-0.096583,0.562594,0.061219,-1.0
0.223988,-0.395856,0.327547,-0.702084,-0.287102,0.740339,0.354709,0.518724,-0.109454,0.293113,0.352567,-0.556448,-0.264485,0.489913,-0.958238
0.270004,-0.898685,0.540645,-0.061577,0.546491,0.251458,0.387652,0.168042,0.206133,0.099589,-0.135708,-0.537475,0.039448,0.563992,-0.924175
0.987159,-0.884937,0.326046,-0.15611,-0.141493,0.56759,0.394857,0.125194,-0.042023,0.301154,0.391752,-0.526526,-0.265007,0.379327,-0.938696
0.838313,-0.573501,0.708068,0.579774,0.846842,0.411371,0.743443,0.118085,0.593284,0.258769,-0.150053,-0.203618,0.015328,0.52156,-0.984649
0.184092,0.847175,0.413817,-0.21297,-0.532635,-0.347787,0.913172,0.143121,-0.668279,-0.31023,0.013485,0.133551,-0.236153,-0.3779,-1.0
-0.193477,0.756287,0.454619,-0.025818,0.745265,-0.43577,0.906218,0.46819,0.705898,-0.359262,0.123568,0.104432,0.348201,-0.429895,-0.915085
-0.95085,0.291684,-0.286496,-0.701051,-0.592194,0.269584,0.864526,0.155943,-0.638244,0.294284,-0.057362,0.032613,0.504015,-0.032738,-0.952832
-0.167552,-0.182189,-0.528683,-0.905265,-0.382324,0.289081,0.272282,0.520394,-0.164577,0.090483,0.269216,-0.708946,-0.232287,0.466968,-1.0
0.393526,0.712101,-0.083679,0.226888,0.04429,0.110192,0.606597,0.195029,0.245548,0.451172,0.234338,0.312161,-0.261905,-0.374087,-1.0
-0.254478,0.998615,-0.26225,-0.491433,-0.32525,0.082582,0.783848,0.174724,-0.654909,0.13625,-0.03286,0.184013,-0.078908,-0.476365,-1.0
0.697362,0.923399,-0.051089,0.701349,0.757956,-0.843567,0.829188,0.42484,0.455032,-0.486733,-0.040642,0.130798,-0.092514,-0.558589,-1.0
0.994788,0.871771,0.835625,-0.30733,0.939225,0.199962,0.688006,0.15629,0.545733,0.121182,0.10023,0.34923,0.042167,-0.431889,-0.959528
0.40733,0.727655,-0.469732,-0.85314,0.907705,-0.346376,0.834306,0.60419,0.545027,-0.255153,-0.088508,0.194623,0.170453,-0.466732,-0.976184
-0.752244,-0.102248,0.740694,-0.566245,-0.234891,-0.340865,0.53397,0.075975,-0.309743,-0.435906,-0.477517,0.231046,0.397493,-0.106064,-1.0
-0.741121,-0.542025,0.702071,0.686746,-0.69626,-0.357824,0.721345,0.411272,-0.439842,-0.13885,-0.089788,-0.395601,0.093829,0.475227,-1.0
0.111588,0.731463,0.996253,0.655858,-0.629643,-0.47592,0.713874,0.319165,-0.414316,-0.421396,0.146418,0.181158,-0.200937,-0.426783,-0.977401
-0.99598,0.579583,0.394759,0.652761,0.343426,-0.768507,0.887192,0.133728,0.298773,-0.671754,-0.145847,0.099205,0.312805,-0.437614,-0.93698
0.169534,-0.477271,-0.407766,-0.817907,-0.825117,0.659224,0.69003,0.503723,-0.474139,0.309051,0.170913,-0.243678,-0.299397,0.384782,-1.0
-0.177758,-0.795076,-0.056674,-0.906682,-0.187903,-0.201916,0.006784,0.238882,-0.020203,0.029528,0.010999,-0.98519,-0.037362,0.472328,-0.979649
0.506342,0.182432,-0.394283,-0.000125,-0.377828,-0.818214,0.278431,0.104526,-0.048769,-0.151115,0.4374,0.556415,-0.272626,-0.344833,-1.0
0.98953,0.15007,0.976755,-0.578394,-0.462932,-0.070137,0.4037,0.921953,-0.40419,-0.128959,0.561163,0.029105,-0.535227,-0.129386,-0.969849
0.442496,0.31767,-0.302601,-0.363251,0.285534,-0.178758,0.557834,0.51664,0.48945,-0.215733,0.105258,0.484605,-0.227276,-0.458169,-1.0
-0.340474,-0.066006,-0.458603,0.105186,-0.632435,0.52457,0.336819,0.608113,-0.254555,0.16416,0.263091,-0.618455,-0.200501,0.484766,-1.0
-0.39814,-0.95494,0.409229,-0.88243,0.641136,0.75552,0.902095,0.890389,0.477495,0.469447,0.000543,-0.046853,0.300699,0.378459,-1.0
0.122989,-0.365463,0.656981,-0.493089,-0.692208,0.735894,0.75021,0.304276,-0.314362,0.373277,0.01563,-0.161247,-0.286557,0.421692,-0.98809
-0.931338,-0.37443,0.317977,0.247345,0.263007,-0.311981,0.201623,0.958709,0.096426,-0.165818,-0.749236,-0.043741,0.511734,0.052371,-0.954168
-0.422715,-0.123879,0.881235,-0.150612,-0.879371,0.501666,0.654186,0.405462,-0.515914,0.369504,0.158627,-0.233649,-0.245789,0.36349,-1.0
0.514536,-0.852698,-0.214187,-0.809181,0.421384,-0.553849,0.695926,0.471648,0.381473,-0.482792,0.118178,-0.332025,-0.190452,0.437835,-0.983987
0.731867,-0.342942,-0.821043,-0.40324,-0.375103,0.834956,0.982163,0.389218,-0.402319,0.787062,0.048379,-0.083617,-0.295556,0.311155,-1.0
0.781169,0.911771,-0.504152,-0.633075,-0.130103,0.820743,0.123381,0.733894,-0.114564,0.147124,0.750714,0.111035,-0.465979,-0.009814,-1.0
-0.677684,-0.721728,-0.896213,-0.232998,-0.264955,0.017164,0.95618,0.797935,-0.76633,0.040012,-0.010856,-0.043521,0.260023,0.374231,-0.993069
-0.566708,0.04873,0.966872,0.570552,0.006765,-0.565475,0.642402,0.697008,-0.054465,-0.482041,-0.27233,0.233203,0.402336,-0.348893,-0.981171
-0.83831,0.766419,-0.465309,-0.806034,-0.178988,0.173273,0.345844,0.660303,-0.163888,0.16936,-0.523422,0.39127,0.436426,-0.356778,-0.987103
0.452024,-0.593916,-0.492049,-0.869672,0.108046,0.436949,0.36425,0.318649,0.056563,0.28705,0.14788,-0.604293,-0.23059,0.469543,-0.999927
-0.037817,0.399679,-0.17418,-0.094695,0.636292,0.8719,0.978123,0.184574,0.490072,0.619887,0.02936,-0.126742,0.44946,0.39785,-0.901525
-0.252091,0.079118,-0.524797,-0.811826,-0.638857,0.928448,0.093413,0.093886,-0.052887,0.129961,0.34588,-0.811895,-0.204567,0.457807,-0.98878
0.076638,-0.920269,-0.522023,0.522536,0.975378,0.841421,0.938698,0.647519,0.618618,0.406088,-0.025502,-0.165239,0.218284,0.468069,-0.9637
0.065016,-0.68846,-0.147111,-0.40713,0.240367,-0.855934,0.125612,0.08936,0.073825,0.070233,-0.589863,0.624009,0.351808,-0.342979,-0.9057
0.724348,0.031281,0.71327,0.000743,-0.242674,-0.71445,0.683431,0.311363,-0.134757,-0.472395,0.187822,0.182185,-0.446221,-0.201576,-1.0
-0.239006,0.456265,0.803924,-0.905079,0.961987,0.296684,0.623117,0.345214,0.549154,0.159535,-0.450946,0.030397,0.507485,-0.089945,-0.964821
0.663172,0.709798,0.113033,-0.967176,-0.868116,0.855846,0.671508,0.632561,-0.498687,0.371643,0.365775,0.031683,-0.490735,0.078188,-0.975053
-0.697605,0.071849,-0.819045,-0.01601,0.579792,-0.608732,0.833454,0.990624,0.465674,-0.547368,-0.113446,0.151409,0.462239,-0.202122,-0.931261
-0.392303,-0.837633,-0.676962,0.666852,0.683772,0.622123,0.967836,0.638822,0.544896,0.545261,-0.000777,-0.063459,0.251372,0.392334,-0.961951
0.901118,-0.601524,-0.511755,-0.957621,0.045118,0.34603,0.693739,0.541321,0.085456,0.570277,0.230376,-0.151686,-0.323069,0.357102,-0.967635
-0.543223,-0.178159,0.065544,-0.512274,-0.082544,-0.45039,0.082572,0.201341,0.001999,-0.034361,-0.818089,0.396005,0.47259,-0.314185,-0.919503
0.913454,0.407381,-0.016127,-0.484297,-0.325956,0.825472,0.145583,0.515303,0.000848,0.110953,0.767339,-0.339032,-0.542529,0.145005,-1.0
-0.599901,-0.415368,-0.512816,-0.424025,0.626711,0.799837,0.175072,0.737656,0.121592,0.265785,-0.605099,-0.611502,0.384125,0.384469,-1.0
0.667811,-0.881732,-0.065764,-0.231358,-0.131412,-0.665714,0.523074,0.54094,-0.084439,-0.419612,0.435539,-0.06284,-0.468189,0.128344,-1.0
-0.700548,-0.63917,-0.672048,-0.358557,-0.606564,-0.593989,0.453267,0.336956,-0.181121,-0.15853,-0.497231,-0.226281,0.500131,0.249077,-1.0
0.834969,0.489292,-0.001666,0.334001,0.376348,-0.605372,0.576987,0.416821,0.138713,-0.274129,0.204236,0.358865,-0.120958,-0.453327,-0.979113
0.060612,0.571723,-0.458584,0.509305,-0.706384,-0.312627,0.497421,0.955365,-0.4689,-0.167837,0.385132,0.416429,-0.324468,-0.343159,-0.980594
-0.221245,0.302404,-0.194631,-0.873486,0.490788,-0.69786,0.267668,0.399703,0.170524,-0.225865,-0.439155,0.670445,0.233323,-0.416206,-0.971159
0.990719,0.14413,0.025391,-0.849855,-0.346417,0.054843,0.846749,0.175849,-0.658021,0.149927,0.119157,-0.010349,-0.53592,-0.043936,-1.0
-0.060379,-0.630142,0.439619,0.389388,-0.899893,-0.706929,0.719156,0.647765,-0.412539,-0.369727,0.251332,0.027717,-0.443232,0.008208,-1.0
0.846714,0.277031,-0.638256,-0.294032,-0.061249,0.21618,0.098824,0.18448,0.00106,0.07371,0.886318,0.045579,-0.48785,-0.031362,-1.0
-0.169718,-0.128657,-0.046286,0.494494,0.720154,-0.955759,0.36239,0.807164,0.1505,-0.301902,-0.43338,0.535385,0.312544,-0.296819,-1.0
-0.164885,-0.276238,-0.356083,0.52738,-0.5855,0.235806,0.096161,0.30823,-0.109502,0.042937,0.581761,-0.727575,-0.366461,0.388359,-0.921875
-0.010946,0.06169,-0.956532,-0.19791,0.957905,0.644,0.896536,0.158188,0.638601,0.384849,-0.019552,-0.043019,0.386396,0.165516,-0.964155
0.18324,-0.077859,-0.775611,0.487621,0.48998,0.06554,0.50377,0.771668,0.364765,0.052954,-0.518689,-0.265206,0.568591,0.257671,-1.0
0.50395,0.102152,-0.577224,-0.759785,-0.131145,-0.103734,0.673452,0.136073,-0.519196,-0.265328,0.291796,0.073772,-0.466972,-0.227546,-0.889785
-0.775709,-0.42036,-0.697848,0.863191,0.145405,0.033923,0.664297,0.381017,0.463536,0.129069,-0.330064,-0.195717,0.472592,0.298925,-1.0
-0.874233,0.384704,-0.166075,0.494251,0.142595,-0.833268,0.162227,0.66012,0.019577,-0.099674,-0.491261,0.58902,0.25762,-0.411932,-0.982746
0.863398,-0.407531,0.755816,0.480174,0.01549,-0.932951,0.91144,0.380088,0.072764,-0.696067,0.02284,0.057992,-0.453313,-0.249109,-1.0
0.841435,0.288076,0.46521,-0.990197,-0.465123,0.021096,0.870357,0.250915,-0.65856,0.067967,0.099913,0.063547,-0.562023,-0.135568,-0.9595
0.617338,-0.719548,-0.382455,0.291787,-0.077804,0.334767,0.573436,0.135324,-0.126332,0.580515,0.211236,-0.420129,-0.290712,0.466646,-1.0
-0.310314,-0.963634,-0.226194,0.995435,0.698577,-0.819945,0.948792,0.799402,0.567873,-0.573357,-0.132195,-0.062159,0.486266,0.01572,-1.0
-0.261623,0.926933,-0.981785,-0.92168,-0.270307,-0.305749,0.551108,0.516838,-0.270588,-0.373158,0.014139,0.467998,-0.012192,-0.51927,-0.961073
-0.325378,-0.082935,-0.020493,0.590279,-0.118532,0.210747,0.364365,0.833053,-0.088296,0.23695,-0.306503,-0.492515,0.293146,0.487227,-1.0
0.372619,-0.067475,-0.843007,-0.312232,0.433609,-0.455231,0.012096,0.325015,0.052618,0.061634,-0.201457,1.0,0.113974,-0.489126,-0.932029
-0.858648,-0.914236,-0.649922,-0.50842,-0.995984,0.892164,0.588942,0.557381,-0.382763,0.390625,-0.033234,-0.393661,0.012143,0.4873,-0.998074
-0.660721,-0.674839,-0.038474,-0.76104,-0.086624,0.13064,0.949255,0.029535,-0.361871,0.596484,0.006837,0.060382,0.338297,0.399957,-0.944813
-0.743003,-0.709226,0.077797,-0.578744,-0.894482,0.727039,0.95785,0.106375,-0.633263,0.561552,0.06653,0.00521,-0.091066,0.421807,-0.996375
0.554547,0.755991,-0.096165,0.084835,-0.39714,0.205189,0.401839,0.999279,-0.255052,0.221188,0.578356,0.272386,-0.43812,-0.251982,-1.0
-0.859031,0.05464,-0.684418,-0.942371,-0.518282,-0.933441,0.757213,0.614088,-0.250945,-0.487416,-0.095426,0.179691,0.167214,-0.398474,-1.0
0.435619,0.254444,-0.337944,0.434861,0.287599,-0.900484,0.02199,0.415702,-0.003753,0.021815,0.173208,0.968627,-0.030463,-0.437964,-0.98883
0.248642,0.25659,0.993885,-0.025731,-0.303421,-0.841999,0.143215,0.046527,0.056302,-0.080578,0.297631,0.767018,-0.136045,-0.475236,-1.0
-0.472238,0.231546,-0.72676,-0.899228,-0.604458,0.665622,0.08581,0.639486,-0.089154,-0.023915,0.297398,-0.879404,-0.209459,0.430781,-1.0
0.149345,0.448517,0.449251,0.972415,-0.804112,-0.165863,0.942631,0.268555,-0.772566,-0.094711,0.131017,0.022578,-0.296169,-0.193004,-1.0
-0.440538,0.137505,0.644045,-0.02722,-0.003265,-0.236135,0.536733,0.533039,-0.096444,-0.448174,-0.351184,0.376218,0.268548,-0.41281,-1.0
0.163969,0.110805,-0.580906,0.906026,0.006194,-0.212815,0.820657,0.78479,0.040144,-0.678305,0.096392,0.229607,-0.206817,-0.436892,-1.0
-0.011083,0.415983,0.780139,0.906998,-0.61407,0.422417,0.269129,0.820619,-0.204534,0.174858,0.682662,-0.09228,-0.520835,-0.001955,-1.0
0.403091,0.013114,-0.84392,0.340878,0.677751,0.12021,0.659713,0.280598,0.56095,0.105098,-0.333517,-0.1058,0.480697,0.125649,-0.998213
0.846754,-0.609257,-0.615783,-0.241026,0.201217,-0.242267,0.392629,0.548098,0.249191,-0.209977,0.459747,-0.197271,-0.409215,0.235601,-1.0
0.446183,-0.906749,-0.673658,0.210315,0.286636,-0.411038,0.934913,0.394996,0.429775,-0.611712,0.063104,-0.039585,-0.118333,0.503904,-1.0
-0.380647,0.669636,0.378403,0.064363,-0.914077,0.669883,0.281832,0.749331,-0.209326,0.018643,0.746952,0.053172,-0.501117,-0.003745,-1.0
0.48921,-0.00917,-0.524506,0.327639,0.585981,-0.349748,0.951456,0.313942,0.709316,-0.442292,0.080239,0.145776,0.108238,-0.391605,-1.0
-0.65732,-0.875603,0.041368,-0.626556,-0.829714,-0.079851,0.493713,0.961311,-0.323092,0.05066,0.125721,-0.514557,-0.11975,0.480017,-1.0
-0.814568,0.410576,0.56247,-0.838862,0.275587,-0.420072,0.033838,0.302754,0.088115,-0.083525,-0.79238,0.524651,0.323012,-0.258816,-1.0
0.248862,-0.219169,0.834524,-0.216773,0.142288,0.908345,0.597054,0.183155,0.070948,0.491344,-0.047588,-0.433897,-0.131718,0.57446,-1.0
-0.22026,0.653667,0.064885,0.575845,0.169345,0.117303,0.379221,0.671022,0.237657,0.162163,-0.36384,0.474941,0.334889,-0.425223,-1.0
-0.780673,-0.083439,0.256833,-0.594407,0.340528,-0.753233,0.384506,0.560084,0.133374,-0.297988,-0.494144,0.331334,0.394644,-0.236413,-1.0
-0.982671,0.420069,0.274773,0.241716,-0.911167,-0.958791,0.258062,0.888424,-0.064809,-0.16629,-0.105462,0.780626,0.06421,-0.414088,-0.997519
0.948386,0.109618,0.287004,0.255453,-0.17935,0.153623,0.917556,0.130075,-0.602274,0.461304,0.06369,0.0089,-0.554813,-0.098154,-0.957106
0.132445,-0.836658,0.649239,-0.826898,0.778808,0.598335,0.454616,0.309551,0.202919,0.212233,-0.217438,-0.536873,0.225277,0.441124,-1.0
0.561703,0.707203,0.322801,0.979373,0.98166,-0.159896,0.132798,0.2781,0.139427,0.02085,-0.360851,0.818149,0.259341,-0.412242,-0.96713
-0.153337,0.356097,0.746563,-0.843488,-0.73717,-0.162423,0.44668,0.859522,-0.287548,-0.020812,0.46175,0.325702,-0.400534,-0.300659,-0.976097
-0.120128,-0.489389,-0.311715,-0.529961,0.10852,-0.536528,0.195693,0.937783,0.06357,-0.127896,-0.782703,0.142701,0.515066,-0.150018,-0.940102
-0.76942,0.212488,0.749902,-0.391193,0.405226,0.831884,0.59527,0.554773,0.220688,0.377766,-0.378424,-0.262211,0.499736,0.277596,-1.0
0.729272,0.321686,0.267636,0.194839,0.159219,-0.880137,0.640925,0.13614,0.024072,-0.532071,0.141898,0.379738,-0.144149,-0.452514,-1.0
-0.151206,0.763883,-0.083179,0.910534,0.064522,0.667515,0.929878,0.144242,0.096626,0.845124,-0.144246,0.053244,0.455114,-0.216539,-1.0
0.364153,-0.260513,-0.326916,0.31242,-0.318315,0.829563,0.053633,0.026301,-0.058826,0.079113,0.471541,-0.767693,-0.295432,0.369013,-1.0
0.129452,-0.354662,0.653748,0.574134,0.101445,0.83384,0.842006,0.197171,0.062749,0.696359,-0.058686,-0.147446,-0.046611,0.453754,-1.0
-0.342753,0.298467,-0.305671,0.126979,0.594267,0.042529,0.373238,0.577194,0.291538,0.035642,-0.613114,0.208472,0.4197,-0.202093,-1.0
0.239523,0.47025,0.299033,-0.837583,0.162822,-0.669404,0.673886,0.137462,0.169247,-0.520984,0.057899,0.378978,-0.068123,-0.462539,-0.994339
-0.395088,0.424566,-0.210457,0.824168,-0.715428,0.563215,0.557954,0.526561,-0.297227,0.263221,0.39359,-0.142256,-0.533513,0.205402,-0.910978
0.862931,-0.363677,0.296282,0.118384,0.198984,-0.936921,0.540574,0.567524,0.122531,-0.525211,0.311277,0.351378,-0.379137,-0.457829,-0.932671
-0.54531,-0.216846,0.563955,0.696477,0.589922,-0.193237,0.746392,0.657136,0.56504,-0.168435,-0.303769,-0.049605,0.504524,-0.052366,-1.0
0.370179,-0.404326,0.769765,0.301182,0.173877,-0.394982,0.249444,0.107058,0.118497,-0.251285,0.674715,-0.011787,-0.506055,0.060882,-0.998916
0.013893,-0.569569,-0.35164,-0.795547,-0.840012,-0.101878,0.575805,0.235094,-0.420988,-0.069056,0.35046,-0.243443,-0.480399,0.297039,-1.0
0.435148,0.42488,0.407889,0.526375,-0.890356,0.601251,0.129037,0.993382,-0.066299,-0.034986,0.869752,-0.061319,-0.516402,0.018645,-1.0
-0.224642,0.128314,-0.180732,-0.127556,-0.430157,-0.287832,0.458848,0.794696,-0.292098,-0.140617,0.296736,0.459763,-0.168583,-0.481289,-1.0
0.569582,-0.938791,-0.027081,0.21266,0.003187,-0.026601,0.270664,0.798639,0.036617,-0.237111,0.325328,-0.639192,-0.289163,0.398342,-0.970122
0.21985,-0.550296,0.89642,0.803374,0.749724,-0.072148,0.605549,0.487409,0.493708,-0.064466,-0.20548,-0.257622,0.330468,0.304151,-1.0
-0.094301,0.423719,0.167605,0.473901,-0.458732,0.438291,0.834429,0.339954,-0.51193,0.427837,0.129078,-0.094993,-0.531894,0.090106,-0.991566
0.630219,-0.4506,-0.967534,0.248152,-0.960874,-0.668339,0.994165,0.482204,-0.640065,-0.461649,0.007965,-0.034546,-0.480015,-0.110477,-0.908108
0.617968,0.528168,0.719842,-0.786715,-0.520817,-0.481155,0.364474,0.202715,-0.201679,-0.18161,0.397187,0.457803,-0.413401,-0.263732,-0.965349
0.558818,-0.347297,-0.404957,-0.39659,-0.603217,0.434125,0.708102,0.170072,-0.394088,0.319116,0.305794,-0.070773,-0.419272,0.31776,-1.0
0.872178,0.602331,0.039493,0.689647,-0.417171,0.362986,0.714345,0.110224,-0.484519,0.455206,0.264544,-0.001508,-0.38298,-0.122718,-0.978033
-0.556722,-0.406384,-0.706644,-0.258607,0.215754,-0.967063,0.337059,0.094318,0.016418,-0.308477,-0.504604,0.366833,0.391511,-0.206885,-1.0
0.496569,-0.685734,0.343594,0.712167,-0.277202,-0.879856,0.52607,0.485579,-0.027766,-0.383932,0.458084,0.095781,-0.481503,-0.1683,-1.0
-0.985087,-0.663727,-0.163486,-0.921723,-0.123484,-0.937338,0.097307,0.362252,-0.056427,-0.130442,-0.867067,0.262623,0.390251,-0.203816,-0.991317
0.664139,-0.295277,0.588064,-0.740069,-0.45944,0.214859,0.849932,0.659921,-0.538518,0.269178,0.176395,-0.096172,-0.464784,0.199907,-0.967669
0.341523,0.197219,-0.407817,0.455819,0.993128,-0.400282,0.936398,0.183854,0.774331,-0.210737,-0.030285,-0.017576,0.401279,-0.310873,-1.0
0.202913,-0.494719,0.63867,-0.156806,0.279114,-0.441578,0.140526,0.902766,0.048486,-0.043428,-0.711455,-0.464624,0.462005,0.235855,-1.0
-0.368256,-0.019314,-0.393669,0.649316,-0.613348,0.770919,0.485132,0.266708,-0.313244,0.406348,0.16093,-0.50397,-0.199174,0.377846,-0.949336
-0.9656,-0.326032,0.306579,0.826565,0.81841,0.28856,0.55765,0.51094,0.437344,0.142223,-0.484866,-0.165305,0.449512,0.077419,-1.0
-0.464278,-0.729332,-0.870015,-0.079891,-0.488644,-0.027013,0.003294,0.942848,-0.076978,-0.004969,0.102862,-0.920403,0.003176,0.498599,-0.975585
0.092631,0.193225,-0.457063,0.602661,0.409916,-0.982256,0.943288,0.237239,0.303052,-0.635522,-0.019578,0.109629,0.12954,-0.474309,-0.995453
0.459573,0.004047,-0.374456,-0.836466,-0.310337,0.129905,0.022253,0.123125,-0.009268,0.027735,0.969293,-0.213529,-0.480619,0.019863,-1.0
0.194995,-0.928061,0.192983,0.929911,-0.820832,-0.391864,0.713988,0.416473,-0.569099,-0.328332,0.211462,-0.209993,-0.426944,0.214085,-1.0
0.69016,0.121023,-0.636658,0.06184,0.325562,-0.187263,0.262473,0.666381,0.137941,-0.104823,0.613903,0.52095,-0.419083,-0.348586,-1.0
0.408823,0.375822,-0.089923,-0.899471,-0.565801,0.793911,0.050114,0.552741,0.016417,0.074945,0.902226,-0.328785,-0.551041,0.275841,-1.0
-0.983181,0.966912,-0.342821,0.070698,0.847643,-0.261956,0.763479,0.910197,0.53676,-0.093267,-0.19521,0.151815,0.381359,-0.310594,-1.0
-0.111187,0.547297,0.831813,0.077819,-0.617293,0.718943,0.236323,0.300105,-0.133117,0.11909,0.72965,-0.226059,-0.41772,0.141189,-0.939472
-0.94438,0.748726,0.453591,-0.547071,0.562214,0.515348,0.087749,0.867823,-0.026248,0.117122,-0.781209,0.266106,0.49905,-0.09626,-1.0
-0.048227,0.620581,-0.659415,-0.475009,0.967162,-0.635732,0.053016,0.754469,0.023269,-0.014461,-0.637873,0.74629,0.32881,-0.438757,-0.990862
0.593782,0.200427,0.189144,0.107648,0.161204,0.315148,0.415258,0.523283,0.197998,0.288933,0.597678,-0.199292,-0.477772,0.165318,-0.994275
0.8344,-0.914644,0.174064,-0.003873,-0.105417,-0.920658,0.171937,0.203538,-0.048278,-0.103883,0.777325,0.027339,-0.496135,-0.022227,-0.937237
0.70336,0.062033,-0.66583,0.68018,0.569395,0.229359,0.48154,0.165621,0.373918,0.088151,0.234402,-0.439009,-0.283879,0.384254,-1.0
0.329465,0.275187,0.93789,-0.659337,-0.5675,0.152835,0.909477,0.954676,-0.724261,0.171358,0.154585,0.046607,-0.527889,-0.014038,-0.988911
0.777145,-0.774439,-0.169536,0.976259,0.170617,-0.412733,0.927648,0.304279,0.385566,-0.609837,0.019425,-0.025919,-0.327605,0.328917,-1.0
0.330562,-0.978656,0.126659,0.180002,-0.678498,-0.229347,0.572814,0.948856,-0.463429,-0.166423,0.390421,-0.22989,-0.341214,0.340123,-0.946104
-0.958221,0.142641,0.606311,0.955104,0.805206,-0.304547,0.824079,0.053083,0.706874,-0.272832,-0.163739,0.109556,0.475408,-0.140527,-0.96747
0.157258,-0.07097,0.767915,0.736859,0.135785,0.862385,0.119576,0.533794,0.008294,0.078434,-0.015553,-0.833554,0.060633,0.505298,-1.0
0.484261,-0.750792,0.495681,-0.929728,-0.813828,0.02408,0.312308,0.071796,-0.202833,-0.10329,0.596477,-0.353261,-0.41249,0.276184,-1.0
0.041039,0.761396,0.656308,0.494669,-0.038811,-0.291236,0.881667,0.208177,-0.170876,-0.645926,0.005705,0.088961,0.013913,-0.501995,-1.0
0.998725,-0.79773,-0.0449,-0.457966,-0.626419,0.377878,0.649658,0.864445,-0.415239,0.31976,0.212491,-0.27752,-0.453026,0.387589,-0.914488
-0.142851,-0.943165,-0.868036,-0.468669,-0.939605,0.997715,0.234646,0.977049,-0.101949,0.022038,0.346408,-0.768153,-0.168364,0.465476,-0.949161
0.019095,0.636559,-0.652041,0.589427,-0.404603,-0.983232,0.433726,0.775987,-0.003711,-0.245986,0.085786,0.511744,-0.143031,-0.470184,-0.9949
0.974982,0.458279,0.480222,0.409982,0.348861,0.923052,0.380064,0.465557,0.032191,0.302361,0.486337,-0.366956,-0.420693,0.324823,-0.91865
0.673854,0.66481,0.475108,0.774843,0.997717,0.092298,0.257523,0.280311,0.104893,0.071148,-0.345944,0.642868,0.209042,-0.558534,-1.0
0.061282,0.299325,-0.106814,-0.781402,0.344384,0.97121,0.395957,0.359236,0.052907,0.299113,-0.192892,-0.593219,0.136434,0.457161,-0.928294
-0.107077,0.245959,-0.626363,0.287252,-0.634414,0.367317,0.478707,0.67696,-0.267719,0.217444,0.392799,-0.200475,-0.444836,0.127525,-0.975487
-0.781625,0.739023,-0.000806,-0.383044,-0.384,0.262195,0.036871,0.454261,-0.009643,0.124685,-0.582756,0.740444,0.326697,-0.36457,-0.97184
0.947095,-0.156463,-0.753435,0.765787,0.818911,0.957008,0.365089,0.323836,0.130741,0.33037,0.088168,-0.649857,-0.097504,0.475372,-0.957468
0.872774,-0.677173,-0.267649,-0.074892,-0.521832,0.036573,0.38192,0.146223,-0.370754,-0.013072,0.475599,-0.334345,-0.390318,0.247212,-1.0
0.01253,-0.355624,-0.115614,-0.352479,-0.581528,-0.333376,0.763912,0.550141,-0.578579,-0.397665,0.254897,-0.028619,-0.507838,-0.042113,-1.0
-0.1948,-0.480781,0.388642,-0.545547,0.981845,-0.772431,0.127782,0.750594,0.134587,-0.124065,-0.904935,0.233591,0.431611,-0.076456,-1.0
0.676313,-0.628999,0.006412,0.717602,-0.146944,0.450526,0.568268,0.337295,-0.145546,0.428093,0.26363,-0.31061,-0.295225,0.429201,-0.96262
-0.137362,0.050482,-0.174066,-0.999791,0.628413,-0.52548,0.530306,0.686618,0.355138,-0.329082,-0.31451,0.293825,0.345123,-0.316608,-1.0
0.34875,0.963041,0.290929,-0.956504,0.271525,0.322326,0.046354,0.415572,-0.007451,0.097416,0.124238,0.956073,-0.105577,-0.49914,-0.979597
-0.889473,-0.516886,-0.243382,-0.474704,0.809217,-0.380147,0.453129,0.031279,0.31513,-0.016955,-0.568488,-0.099751,0.493121,0.098638,-1.0
-0.508677,0.379449,0.084784,0.389412,0.03598,0.752111,0.021893,0.632374,0.02253,0.035888,-0.84624,-0.583062,0.427446,0.226935,-1.0
0.449747,-0.863673,0.732835,-0.614881,-0.963139,-0.799927,0.341087,0.338959,-0.247357,-0.110162,0.698767,-0.104783,-0.52771,0.028813,-0.901825
0.557937,0.408676,0.803761,-0.740473,0.907516,-0.997261,0.00722,0.070577,-0.002427,-0.026392,-0.219609,0.890182,0.108092,-0.454094,-0.978684
-0.741153,-0.667079,0.054014,-0.573076,-0.74162,0.969415,0.433304,0.831446,-0.229547,0.154492,0.020131,-0.5454,0.054225,0.488953,-0.942456
-0.407514,0.013802,0.09556,0.751709,-0.719231,0.79938,0.329488,0.104329,-0.217879,0.247618,0.213651,-0.675029,-0.239846,0.39221,-1.0
-0.181474,-0.348668,0.492152,-0.211645,0.126643,0.718185,0.38542,0.186538,-0.000516,0.248441,-0.15182,-0.544956,0.180914,0.481506,-0.966465
-0.035916,-0.729888,0.040858,-0.609136,-0.418375,0.007496,0.246032,0.996118,-0.138572,-0.052503,0.422209,-0.647418,-0.208617,0.533211,-1.0
-0.278879,0.79295,0.59678,0.765693,-0.894231,0.848061,0.822546,0.651437,-0.499066,0.539646,0.188005,-0.042593,-0.486393,0.075071,-0.994623
-0.192973,-0.123996,0.0536,0.554409,-0.435801,-0.638696,0.029085,0.199445,-0.073606,-0.087592,0.435501,0.884149,-0.210738,-0.453129,-0.928517
-0.578867,0.19861,0.074623,-0.207721,-0.49185,-0.296831,0.492569,0.228769,-0.391252,-0.273535,-0.066407,0.404197,0.076666,-0.551326,-1.0
0.046696,-0.430222,0.348075,0.438458,0.536358,-0.508845,0.861862,0.375371,0.554771,-0.40828,-0.092869,-0.024876,0.505901,-0.115483,-1.0
-0.055417,0.141518,-0.300274,0.215124,0.718328,0.507119,0.091306,0.404486,-0.029146,0.052752,-0.854492,-0.402197,0.428103,0.147435,-0.987279
0.362628,0.537275,-0.197849,0.338888,-0.26604,-0.417283,0.567811,0.717592,-0.27141,-0.381762,0.302259,0.370232,-0.296318,-0.448523,-1.0
-0.01728,-0.548488,-0.766612,-0.029573,-0.206345,-0.567861,0.600334,0.061711,-0.225769,-0.468239,0.411921,-0.001025,-0.496966,-0.113626,-1.0
-0.264307,-0.830582,0.906894,0.707856,-0.447683,-0.782241,0.307488,0.051782,-0.162522,-0.205189,0.692398,-0.084169,-0.419002,0.202145,-0.940559
0.147503,0.817664,0.528353,0.445539,0.570862,-0.249122,0.142107,0.829376,0.156019,0.001024,-0.343019,0.707217,0.137602,-0.382147,-1.0
-0.394057,0.729451,-0.208488,0.726622,0.600214,-0.537688,0.641542,0.107917,0.35209,-0.318554,-0.165185,0.31597,0.359323,-0.390123,-0.945886
0.976073,0.453004,0.750364,-0.616245,-0.627583,0.911634,0.608911,0.018185,-0.349851,0.468168,0.355507,-0.195557,-0.442346,0.127036,-1.0
-0.037109,0.196553,-0.025063,0.43702,-0.614164,-0.94861,0.965922,0.654118,-0.484992,-0.628129,-0.027328,-0.016556,-0.198217,-0.467509,-1.0
0.718757,-0.774313,0.126579,0.94649,-0.014815,-0.221133,0.086668,0.12283,0.046055,-0.044749,0.724137,-0.547921,-0.339703,0.311006,-0.885727
0.661806,0.346671,-0.646928,-0.937964,-0.725239,0.820404,0.554603,0.9029,-0.290151,0.295413,0.48284,-0.133052,-0.399714,0.172145,-0.976426
0.237299,0.830209,0.960678,0.938625,-0.864644,-0.367762,0.062085,0.227198,-0.012887,0.030547,0.517715,0.763225,-0.400098,-0.333936,-1.0
-0.842942,0.890375,-0.916167,-0.472974,-0.936984,0.500814,0.02491,0.934527,0.023007,-0.070126,0.214571,0.955623,-0.159421,-0.50703,-1.0
-0.71465,0.35857,0.014939,0.824176,0.103351,-0.374266,0.009023,0.276331,0.074574,-0.011521,-0.768721,0.65109,0.415408,-0.300611,-0.933006
-0.201299,-0.578482,0.432262,0.105503,-0.949169,-0.533851,0.237867,0.650196,-0.104601,-0.114058,0.709052,0.012442,-0.419441,0.021055,-1.0
-0.466343,-0.935896,0.782705,0.024709,-0.303157,-0.280134,0.630503,0.451332,-0.30533,-0.3282,-0.094266,-0.441258,0.135931,0.443321,-0.971606
-0.158157,-0.29567,0.489519,0.687181,0.502873,-0.090054,0.67499,0.559834,0.600489,-0.085398,-0.244906,-0.065402,0.4869,0.09224,-1.0
0.708605,-0.138809,0.051231,-0.913831,0.253944,0.219512,0.235355,0.480776,0.071666,0.169148,0.588922,-0.503689,-0.415453,0.265569,-1.0
0.875067,-0.983821,0.719561,0.195609,0.49182,-0.372544,0.144749,0.263,0.129263,0.001312,0.455241,-0.68337,-0.263614,0.373592,-0.935437
-0.962816,-0.865981,0.684339,-0.203529,-0.173051,-0.350501,0.60194,0.319845,-0.218584,-0.486657,-0.31873,-0.272519,0.433685,0.335169,-0.98542
-0.24419,0.586006,-0.612006,0.841025,0.964957,-0.690683,0.397989,0.389606,0.331971,-0.073125,-0.4106,0.390192,0.330152,-0.408747,-0.919794
-0.55738,-0.999616,0.484556,-0.542014,-0.041584,-0.830838,0.026673,0.342547,-0.090091,-0.130144,-0.857944,-0.231763,0.454308,0.142531,-0.970515
-0.081775,0.12844,-0.323773,-0.649826,-0.625722,-0.356792,0.565357,0.180365,-0.512525,-0.244444,0.443933,0.209565,-0.457979,-0.300011,-1.0
0.815423,0.476687,-0.791427,-0.833962,0.262583,0.92108,0.805943,0.23338,0.208878,0.654332,0.124967,-0.101001,-0.427947,0.248183,-1.0
-0.26617,-0.061296,-0.162877,-0.903812,0.781489,-0.046032,0.036838,0.40082,-0.07992,0.040514,-0.944069,-0.061671,0.506668,-0.035668,-1.0
-0.138128,-0.036316,-0.490901,0.687529,-0.27172,0.240898,0.468945,0.75272,-0.312887,0.31612,0.19335,-0.498042,-0.135891,0.485152,-0.966671
-0.363161,-0.894383,-0.287227,-0.864653,0.860058,-0.946637,0.507338,0.902246,0.266535,-0.237499,-0.455983,-0.005116,0.501455,-0.06851,-1.0
-0.349499,0.539695,-0.771083,0.801931,0.765408,0.55022,0.648385,0.652653,0.342774,0.372427,-0.336384,-0.048029,0.601062,-0.136721,-1.0
-0.872447,-0.779221,-0.187912,0.799346,0.47775,-0.12072,0.56076,0.217191,0.516664,-0.187609,-0.445682,-0.237904,0.429274,0.185563,-1.0
-0.799893,-0.714703,0.542888,-0.273807,0.472118,-0.725903,0.353316,0.490377,0.10955,-0.290493,-0.642668,-0.046298,0.467061,-0.024375,-1.0
0.756547,0.440214,-0.041824,0.59003,-0.277712,-0.171956,0.885911,0.985474,-0.578828,-0.349593,0.138758,0.063318,-0.461067,-0.327706,-0.98263
0.950452,-0.888731,-0.868697,-0.347818,-0.277729,0.760626,0.621187,0.985762,-0.236426,0.568064,0.306676,-0.284032,-0.318718,0.376017,-1.0
0.558553,0.413252,0.828667,0.520146,-0.168355,-0.092606,0.119947,0.292854,-0.053559,-0.027595,0.78953,0.51584,-0.406708,-0.321242,-1.0
-0.900134,0.312553,-0.423744,0.149742,-0.437047,-0.334315,0.321079,0.524878,-0.202306,-0.054753,-0.301005,0.497751,0.333548,-0.363224,-0.988511
0.364133,0.927333,0.101474,0.798293,0.237149,-0.805124,0.087882,0.326967,0.031912,-0.001917,0.047706,0.869735,-0.018789,-0.571851,-0.975357
0.70963,-0.190098,-0.498288,0.280682,0.606501,0.317759,0.081998,0.56513,0.032388,0.022935,0.315949,-0.858868,0.004657,0.50729,-0.894691
-0.770312,0.954494,0.684157,0.368364,0.446473,-0.021784,0.791514,0.839083,0.614025,-0.083771,-0.21632,0.043567,0.291118,-0.273819,-0.997449
0.045042,-0.555211,-0.38837,0.466332,-0.805224,-0.976603,0.212176,0.543728,-0.146974,-0.098485,0.617786,0.387103,-0.439244,-0.203229,-0.922598
-0.348654,0.493432,0.971726,0.145638,0.53183,0.532064,0.520397,0.983999,0.256995,0.374169,-0.531374,0.011381,0.483194,0.04222,-0.934721
0.693388,-0.449555,0.646076,-0.322381,-0.739393,-0.88162,0.060463,0.654386,-0.053276,-0.028829,0.766223,0.221294,-0.459638,-0.18361,-0.999611
-0.166685,0.252515,-0.369273,-0.224604,0.87519,0.867248,0.120554,0.577675,0.067988,0.104143,-0.935093,-0.49682,0.461818,0.293588,-1.0
-0.135311,0.60071,-0.204275,0.59379,-0.291846,0.077986,0.27139,0.951074,-0.170907,0.100626,0.226628,0.641445,-0.132036,-0.525365,-1.0
0.418564,-0.493083,0.480487,-0.414362,0.547789,-0.012107,0.186715,0.438856,0.142079,-0.039281,-0.156338,-0.799913,0.121893,0.513385,-0.890871
0.807843,0.313547,0.570688,-0.300532,0.109674,0.267302,0.943409,0.057863,0.351829,0.726028,0.017658,-0.016019,-0.490435,-0.068461,-0.974457
-0.800274,0.970025,-0.184645,0.84265,0.115201,0.731455,0.438483,0.467523,-0.003357,0.413744,-0.582634,0.099996,0.635277,-0.14025,-1.0
0.519964,-0.991942,0.358427,-0.401222,0.819082,-0.347293,0.354051,0.155207,0.279909,-0.166921,-0.287028,-0.616978,0.22174,0.485026,-1.0
0.64491,-0.299689,0.312563,-0.014689,-0.014049,-0.340137,0.861346,0.310433,-0.10233,-0.674869,0.077176,-0.061697,-0.551563,-0.056948,-1.0
-0.637165,0.00952,-0.879328,-0.664515,0.377492,-0.452813,0.007438,0.72678,-0.064822,0.044252,-0.848253,0.418048,0.455197,-0.211287,-0.926451
-0.081488,-0.337314,0.995835,-0.762625,-0.411861,-0.01223,0.825171,0.650195,-0.687619,-0.049859,0.190608,-0.089522,-0.348719,0.302819,-0.977755
-0.988837,0.8982,0.706752,-0.725046,-0.059973,0.168209,0.751698,0.316848,-0.129154,0.537926,-0.188835,0.267499,0.336423,-0.377041,-0.986784
-0.107458,-0.462931,0.351482,0.877666,0.123712,0.378123,0.165529,0.288309,0.032527,0.120974,-0.23793,-0.766988,0.150491,0.481188,-1.0
-0.603033,0.359728,0.259711,-0.538,-0.987688,-0.210501,0.730665,0.526413,-0.534397,-0.129368,0.092672,0.286667,-0.324802,-0.444962,-0.932438
-0.830206,0.640061,0.542333,-0.731581,-0.299579,0.473384,0.35337,0.400265,-0.038242,0.30756,-0.602827,0.189678,0.521735,-0.202859,-0.970307
0.340425,-0.844832,0.612477,0.247527,0.934267,-0.589175,0.895471,0.306991,0.495246,-0.262473,-0.101175,-0.115594,0.457286,0.199269,-0.990011
-0.692772,0.250092,0.841936,0.555053,-0.201806,-0.376329,0.488952,0.337474,-0.162643,-0.388903,-0.284833,0.481099,0.295966,-0.319752,-1.0
0.950774,-0.683289,0.462502,0.565382,0.692718,0.062307,0.200124,0.789725,0.210236,-0.100419,0.243105,-0.806725,-0.178878,0.540256,-0.98636
0.402862,0.148563,-0.805872,-0.98577,0.312493,-0.276559,0.03102,0.620869,0.076302,0.003751,0.250161,1.0,-0.104607,-0.575421,-0.983054
-0.999098,-0.67862,0.010389,-0.147373,-0.468056,0.742499,0.361741,0.527436,-0.184212,0.2731,-0.186756,-0.623028,0.203736,0.4638,-0.915299
0.020507,-0.055463,0.173735,0.714228,0.930631,0.239288,0.423048,0.105423,0.191224,0.094524,-0.481494,-0.164425,0.441945,0.20139,-0.971534
-0.590891,-0.984382,0.980412,0.068181,0.698349,0.690952,0.3137,0.85935,0.171368,0.152967,-0.362522,-0.700058,0.293319,0.327678,-0.965814
-0.621439,0.051811,0.312909,-0.704901,0.414622,0.002816,0.145363,0.194546,0.171734,0.047919,-0.769862,0.040033,0.527834,-0.104741,-1.0
-0.393664,-0.482972,0.4562,0.003946,-0.780601,-0.670827,0.718286,0.044867,-0.474418,-0.358876,0.207669,0.145347,-0.473314,-0.275568,-0.980829
0.806034,-0.01621,-0.17563,0.416379,-0.420108,0.177952,0.342445,0.222037,-0.243381,0.178071,0.667423,-0.034037,-0.517331,0.13449,-1.0
-0.008373,-0.592735,-0.056478,-0.506165,0.557965,-0.516404,0.086401,0.058919,-0.153613,-0.053889,-0.842486,-0.090605,0.52052,0.191861,-0.983166
0.121053,-0.214102,0.543342,0.956682,0.822298,0.519295,0.698591,0.976804,0.454753,0.340952,-0.194302,-0.229038,0.341706,0.388469,-0.911021
0.764604,-0.410309,-0.741542,0.890086,0.816459,0.151206,0.669732,0.080913,0.515286,0.127937,-0.006391,-0.340187,-0.037037,0.494354,-0.989179
-0.311646,0.612927,-0.463747,0.399758,-0.311657,-0.456553,0.163928,0.29843,-0.050535,-0.161792,-0.004096,0.832375,-0.010304,-0.493614,-1.0
-0.875381,0.883766,0.958446,-0.996931,-0.815649,-0.371709,0.726767,0.817081,-0.551257,-0.221843,0.044447,0.29115,0.065719,-0.44924,-0.978928
-0.588809,-0.863398,0.31718,-0.935677,-0.516129,0.974363,0.316939,0.872081,-0.138119,0.259688,-0.110481,-0.64557,0.037585,0.401229,-0.996929
-0.681819,-0.455855,0.202398,-0.597295,0.682328,0.185745,0.202748,0.836613,0.22229,0.063522,-0.735935,-0.333679,0.452599,0.156147,-1.0
-0.708311,0.231513,0.955975,-0.362697,-0.712093,0.176764,0.967553,0.574889,-0.777636,0.131362,0.076854,0.069272,-0.007676,-0.563811,-0.899065
0.454519,-0.130778,0.764654,0.269527,-0.144238,0.839103,0.332078,0.269149,-0.018186,0.224117,0.38089,-0.545622,-0.250716,0.42615,-1.0
0.257214,0.039777,-0.775918,-0.242803,-0.926073,0.486422,0.292304,0.865872,-0.168498,0.095162,0.666081,-0.131775,-0.435168,0.187725,-0.953484
-0.783601,0.225468,0.880534,0.119844,0.671572,0.055139,0.751542,0.937555,0.514632,0.029896,-0.149969,0.132703,0.499661,-0.123715,-1.0
-0.897767,-0.501304,0.627406,0.6258,-0.735185,-0.186225,0.520381,0.618206,-0.410964,-0.106478,-0.163349,-0.522309,0.180181,0.48533,-0.986321
-0.950698,-0.201861,0.900827,0.964341,0.532756,0.978913,0.043767,0.732173,-0.001748,-0.016198,-0.73987,-0.531845,0.416588,0.282965,-1.0
-0.412663,-0.02624,-0.818608,0.016998,-0.861193,0.913368,0.413281,0.696536,-0.182787,0.285717,0.168893,-0.561027,-0.318144,0.371385,-0.926609
0.181056,0.459681,0.456823,-0.209621,-0.043324,0.197091,0.710284,0.44307,-0.201974,0.660718,0.188555,0.285615,-0.391767,-0.376727,-0.981764
0.66497,0.017737,-0.126186,-0.739776,-0.459162,-0.462006,0.287371,0.683765,-0.121905,-0.221337,0.613748,0.357326,-0.386968,-0.218696,-0.974146
-0.448493,-0.373509,-0.305934,0.538957,0.121455,0.851969,0.050834,0.485918,-0.048028,0.042052,-0.36822,-0.893767,0.199543,0.444621,-0.935451
0.892649,-0.235022,0.181964,0.256505,-0.093543,-0.732771,0.107812,0.603491,0.035161,-0.059739,0.867674,0.377362,-0.446497,-0.202091,-0.987267
-0.273836,0.591873,0.236724,0.063495,0.335949,-0.338158,0.239847,0.236366,0.200377,-0.129859,-0.391609,0.627695,0.198459,-0.454864,-0.980458
-0.737264,0.055565,-0.658511,-0.277698,0.473629,0.380647,0.506719,0.847687,0.215498,0.172379,-0.532209,-0.113499,0.404699,0.165055,-0.94329
0.302101,0.385573,-0.547831,-0.083134,0.402021,-0.880902,0.651104,0.934289,0.213536,-0.372393,0.019801,0.338248,0.007714,-0.501146,-0.981268
0.31864,-0.994404,0.294178,-0.073636,0.588863,-0.539631,0.894784,0.417207,0.474209,-0.461679,-0.071505,-0.095938,0.182325,0.425984,-1.0
-0.650798,-0.823159,-0.758307,0.723853,0.721282,-0.142511,0.034214,0.11509,0.083519,-0.028812,-0.889576,-0.45742,0.558019,0.223092,-1.0
-0.332287,0.239624,0.594823,0.091721,-0.967291,-0.063356,0.446837,0.400582,-0.331352,-0.019078,0.505369,0.202856,-0.491986,-0.235717,-1.0
-0.988576,0.542793,-0.88061,0.575346,-0.217867,-0.415566,0.760433,0.785679,-0.197964,-0.635819,-0.1231,0.217889,0.379908,-0.452504,-0.963897
-0.283294,0.310219,0.751843,0.77919,0.234083,-0.837191,0.813488,0.354221,0.122992,-0.623269,-0.022033,0.254202,0.227989,-0.424163,-0.96516
0.97584,-0.54989,-0.187667,-0.338357,-0.474747,-0.278087,0.503378,0.585808,-0.320233,-0.200618,0.474122,-0.132656,-0.511353,0.118879,-1.0
0.118283,-0.994365,0.45162,0.468955,-0.940672,-0.646299,0.915461,0.65256,-0.510065,-0.320944,0.189452,-0.033394,-0.602691,0.220516,-1.0
-0.280804,-0.482055,-0.983784,0.429207,0.975966,0.412035,0.139445,0.591698,0.055261,0.082533,-0.730849,-0.51315,0.414136,0.268579,-0.982071
0.098789,0.88457,-0.116212,-0.739833,0.286507,-0.083497,0.03876,0.508861,0.057543,-0.053528,-0.119849,0.910198,0.0503,-0.390037,-0.994119
-0.455086,-0.05057,-0.260231,-0.677095,0.035778,0.675376,0.773181,0.590959,-0.027472,0.546884,-0.193865,-0.221465,0.286672,0.32246,-1.0
-0.903434,-0.733525,-0.56314,-0.418211,0.557828,0.149055,0.486074,0.545203,0.398376,0.069934,-0.440437,-0.267199,0.481564,0.232413,-1.0
0.516046,-0.437567,0.418012,0.986058,0.708794,0.010127,0.584069,0.154562,0.520899,-0.018833,-0.201423,-0.414146,0.290265,0.465848,-1.0
0.494364,-0.47677,0.083986,-0.710595,0.657256,-0.941508,0.543444,0.737682,0.249273,-0.418717,-0.186866,0.436579,0.154835,-0.530386,-0.999232
-0.066213,0.201349,0.512111,0.516596,-0.497879,-0.019223,0.300029,0.280825,-0.266814,0.026243,0.666718,0.367312,-0.517914,-0.285942,-1.0
-0.741034,-0.774103,-0.137458,-0.801744,-0.189709,-0.887877,0.132786,0.55882,-0.023819,-0.07582,-0.808711,0.092412,0.448767,-0.10495,-1.0
-0.252821,-0.844142,-0.253523,-0.289604,-0.037767,0.960498,0.017964,0.622569,-0.046592,-0.076666,-0.051567,-1.0,0.077376,0.456718,-1.0
0.618759,-0.906959,-0.945265,-0.56753,0.69357,-0.985965,0.405638,0.107982,0.149476,-0.243144,-0.378507,0.450385,0.298612,-0.323451,-0.976752
0.486379,-0.714034,0.09943,-0.361537,0.80922,0.76896,0.272564,0.437736,0.122335,0.13207,-0.132404,-0.732239,0.071789,0.434066,-1.0
-0.100739,0.724282,-0.642265,0.936325,0.648235,0.49006,0.249826,0.464927,0.223755,0.144313,-0.802794,0.202151,0.445616,-0.089327,-1.0
0.09556,-0.965819,-0.616625,-0.982062,-0.902605,0.580269,0.36339,0.818998,-0.290037,0.142127,0.441927,-0.552161,-0.293438,0.373687,-1.0
0.441775,-0.188291,0.509779,0.809666,-0.412827,0.229923,0.313822,0.965587,-0.186635,0.083733,0.551162,-0.347843,-0.496277,0.271856,-0.956577
-0.11637,-0.885636,0.337542,0.673266,-0.110983,-0.97862,0.722648,0.686307,-0.046755,-0.609509,-0.016411,0.219238,-0.037527,-0.443743,-0.950553
0.61322,-0.302225,-0.417742,-0.032458,-0.642623,0.29984,0.480004,0.514475,-0.370878,0.166736,0.525252,-0.214484,-0.474852,0.103996,-0.987167
-0.462531,-0.851436,-0.165871,0.752482,0.433381,-0.24173,0.967018,0.689399,0.571692,-0.367425,0.001591,0.017679,0.491341,0.2218,-1.0
0.267395,0.348208,-0.733281,0.022901,0.566236,0.146971,0.157474,0.222484,0.131013,0.086249,-0.725733,0.415557,0.460417,-0.313219,-0.965259
0.674311,-0.382502,0.397636,-0.560198,-0.629653,-0.53076,0.07156,0.66002,-0.101974,-0.122068,0.962403,0.108281,-0.529327,-0.054072,-1.0
-0.023703,0.887854,0.625365,0.481316,0.423709,0.061621,0.193721,0.085029,0.103296,0.031459,-0.336135,0.728744,0.285453,-0.397895,-1.0
-0.012473,0.123133,-0.161976,0.676359,-0.53955,-0.299907,0.249655,0.687067,-0.201756,-0.063749,0.551689,0.481441,-0.485447,-0.274163,-1.0
0.686878,-0.582672,0.775966,-0.445145,-0.11339,0.523501,0.61828,0.994746,-0.120341,0.461164,0.20943,-0.390046,-0.302761,0.354143,-1.0
-0.498118,-0.708616,-0.845435,0.947742,-0.409614,-0.082433,0.680932,0.851593,-0.526849,-0.168881,-0.102226,-0.327868,0.013782,0.492632,-0.96268
0.884365,0.324296,-0.857181,-0.157076,0.79146,-0.63433,0.650885,0.730219,0.43607,-0.297554,0.037949,0.298796,-0.07907,-0.482768,-1.0
0.121279,0.624674,0.055665,-0.875791,0.158827,-0.891397,0.783935,0.409231,0.245137,-0.632375,-0.084554,0.19896,0.049725,-0.564033,-0.963642
-0.264552,-0.961008,-0.191499,-0.01397,-0.394151,-0.698013,0.641175,0.452392,-0.341406,-0.479402,0.133719,-0.211941,-0.199633,0.41337,-1.0
0.102575,0.470183,0.483002,-0.485614,0.313288,-0.983705,0.337355,0.490519,0.113733,-0.323219,-0.132685,0.692458,0.089961,-0.60004,-1.0
0.858387,0.699007,-0.223295,-0.493787,-0.382273,-0.752935,0.790552,0.908599,-0.298337,-0.495098,0.127112,0.156097,-0.314685,-0.424947,-0.992246
-0.028818,0.683813,0.025087,-0.976445,0.205124,-0.804325,0.413434,0.003864,0.072455,-0.291142,-0.198219,0.600236,0.19605,-0.553457,-1.0
0.538263,0.431045,-0.740151,-0.138421,-0.525694,0.302266,0.090832,0.202492,-0.166576,-0.050135,0.823256,0.143615,-0.377242,-0.096945,-1.0
-0.740748,0.963755,0.810355,0.744552,-0.88997,0.403945,0.523841,0.178799,-0.319006,0.134337,0.100244,0.580605,-0.087834,-0.436724,-0.936186
-0.472359,0.931398,0.311478,-0.196248,-0.289738,-0.069793,0.754584,0.26421,-0.632188,-0.096214,-0.03031,0.198898,0.11862,-0.469227,-1.0
0.406744,0.107752,0.528568,-0.557775,-0.145716,-0.883205,0.240478,0.004715,-0.113407,-0.170709,0.338167,0.563462,-0.255137,-0.385227,-1.0
0.404305,0.029505,-0.605432,0.305777,0.896477,-0.787505,0.581889,0.370643,0.399459,-0.2104,-0.165317,0.332949,0.275627,-0.403249,-0.916408
-0.92719,-0.976123,0.143762,0.250588,0.791724,0.231676,0.98396,0.865649,0.776513,0.181454,-0.025265,-0.003508,0.466361,0.312874,-1.0
-0.294762,-0.892743,0.835223,-0.865615,-0.626703,0.974715,0.12778,0.022464,-0.07521,0.069271,0.168085,-0.9174,-0.169814,0.564544,-0.970861
0.968732,0.194012,-0.60469,-0.606076,-0.985003,-0.729472,0.61672,0.326074,-0.443616,-0.231726,0.355315,0.120445,-0.413951,-0.199432,-0.974435
-0.990304,-0.116922,-0.834694,-0.485519,0.527613,-0.790903,0.083276,0.144406,0.089415,-0.0631,-0.841225,0.295672,0.521181,-0.220342,-0.985029
-0.288517,0.283964,-0.024499,0.717303,-0.690516,-0.069665,0.723165,0.608197,-0.499276,-0.078482,0.224353,0.263392,-0.420796,-0.389694,-1.0
-0.096863,0.456853,-0.058263,-0.902074,-0.509795,-0.014741,0.560039,0.654606,-0.426671,-0.03499,0.284639,0.350659,-0.391675,-0.334859,-1.0
-0.768361,-0.329569,0.539545,-0.524485,0.015035,-0.931351,0.195966,0.365569,-0.006758,-0.240351,-0.612891,0.465021,0.373118,-0.310213,-1.0
-0.160957,-0.308499,0.222544,-0.075906,-0.396209,0.522247,0.282505,0.063406,-0.115314,0.218428,0.184798,-0.652605,-0.101149,0.396456,-0.946622
-0.91318,-0.988465,0.478245,0.73468,-0.25202,-0.433825,0.018434,0.210168,-0.000114,-0.00286,-0.771951,-0.573682,0.395174,0.28317,-1.0
0.190611,0.900748,-0.380102,0.836409,0.877528,-0.418465,0.324761,0.983639,0.208275,-0.123976,-0.279694,0.551151,0.311517,-0.513325,-0.971189
0.56377,0.499324,0.66133,-0.846526,-0.44027,0.069351,0.024386,0.604423,-0.052898,-0.056127,0.942849,0.392832,-0.48292,-0.133341,-1.0
-0.464336,-0.919825,0.885187,-0.037368,-0.016068,0.277347,0.021724,0.841106,0.064723,0.057558,-0.420808,-0.955195,0.125313,0.433735,-1.0
-0.092485,-0.485606,-0.414838,-0.087437,0.358345,0.366764,0.423949,0.673594,0.219128,0.268309,-0.272553,-0.548496,0.171212,0.49962,-1.0
-0.475721,-0.30372,0.889262,0.114122,-0.551034,-0.127883,0.74855,0.931621,-0.720856,-0.072988,0.211549,-0.196376,-0.099304,0.45374,-1.0
0.222684,0.043134,-0.804967,-0.236362,-0.146352,-0.722346,0.758454,0.996234,-0.125545,-0.641234,0.179707,0.175893,-0.185001,-0.49936,-0.971119
-0.284208,-0.933315,-0.226744,-0.922023,-0.227676,-0.198709,0.516686,0.570856,-0.307929,-0.263702,0.037422,-0.508202,0.032198,0.49286,-1.0
0.786964,0.080593,0.927914,-0.185205,-0.601701,0.504691,0.138574,0.888898,-0.086252,0.061558,0.903679,-0.281132,-0.510572,0.126224,-0.953722
0.086454,0.646569,-0.621053,-0.316846,-0.560347,-0.850252,0.220143,0.532526,-0.086294,-0.101525,0.307425,0.750188,-0.189493,-0.453491,-1.0
-0.626284,-0.895459,0.057683,-0.982425,0.944384,-0.798684,0.363976,0.791629,0.152738,-0.117245,-0.688569,0.02997,0.467408,0.054735,-0.926927
0.786371,-0.648172,0.215833,-0.42964,-0.972257,0.243073,0.635891,0.178066,-0.468292,0.083366,0.349093,-0.221864,-0.458643,0.200184,-0.940905
0.45376,-0.402497,0.224038,0.819818,0.256038,0.063637,0.145835,0.208749,0.042392,0.005354,0.33476,-0.717329,-0.208238,0.427038,-0.98409
-0.62916,-0.603219,0.095643,0.078984,-0.519362,-0.848076,0.838331,0.018246,-0.325572,-0.681479,-0.023293,0.120829,0.22283,-0.398764,-1.0
-0.465424,-0.346205,-0.661171,-0.304489,-0.989946,-0.237326,0.686359,0.54492,-0.590092,-0.201555,0.352785,-0.029639,-0.595693,0.005289,-1.0
0.510526,0.710073,0.870549,-0.746651,0.771319,0.645285,0.243881,0.970185,0.142226,0.135824,-0.80499,0.227918,0.446069,-0.060591,-0.979365
0.296822,-0.791858,-0.102787,-0.182176,-0.476523,-0.217929,0.28446,0.049355,-0.170426,-0.048179,0.576032,-0.465956,-0.390282,0.272959,-0.970241
0.562011,0.829146,-0.04871,-0.595067,0.428273,0.436181,0.656249,0.683174,0.346378,0.368204,0.128967,0.35493,-0.121201,-0.479675,-0.988809
0.701643,-0.623714,-0.398399,-0.547046,0.876919,0.762477,0.86059,0.5245,0.537897,0.493951,-0.046484,-0.154474,0.049107,0.523216,-0.931181
0.014001,-0.462969,-0.426982,0.498684,-0.637287,0.641368,0.696663,0.423348,-0.37395,0.423274,0.139659,-0.19486,-0.254459,0.379387,-0.973589
0.424409,0.786667,0.499463,0.397722,-0.486723,0.065033,0.67132,0.697852,-0.541404,0.041133,0.241198,0.227745,-0.356221,-0.331286,-1.0
-0.741762,0.345793,-0.566033,-0.397228,0.176617,-0.954546,0.33428,0.877967,-0.032383,-0.134111,-0.427062,0.593515,0.30463,-0.380923,-1.0
-0.888189,0.064267,0.746815,-0.346588,0.132235,-0.973628,0.93214,0.70407,0.140525,-0.713144,-0.070735,0.063684,0.367819,-0.31903,-0.897008
0.371477,-0.276557,-0.171623,-0.036368,0.220374,-0.054795,0.61916,0.69003,0.535192,-0.050672,0.260157,-0.3344,-0.168607,0.405878,-0.926631
0.29113,-0.195735,-0.28554,0.795386,-0.025733,-0.43129,0.549282,0.870377,0.015652,-0.46716,0.388021,0.276447,-0.403007,-0.23263,-0.985376
0.729865,-0.431745,0.66687,0.036347,0.096142,-0.477914,0.861661,0.912619,0.111319,-0.542564,0.19842,0.020722,-0.490804,-0.07546,-1.0
0.602307,-0.318071,0.524359,0.011795,-0.510176,-0.920128,0.65822,0.252571,-0.216442,-0.485251,0.257756,0.182318,-0.553677,-0.336483,-1.0
0.237061,0.873375,0.574395,-0.647122,-0.347953,0.817208,0.485871,0.789337,-0.102829,0.269772,0.495813,0.017513,-0.510518,-0.052736,-1.0
0.61619,-0.049467,0.091138,0.993951,-0.907687,-0.0791,0.110214,0.428598,-0.110722,-0.044937,0.933638,-0.035137,-0.53843,0.016897,-0.932287
-0.99321,0.746431,-0.961474,-0.540295,0.636778,-0.951674,0.283363,0.86978,0.09522,-0.135403,-0.412865,0.42573,0.282976,-0.384167,-1.0
-0.453994,0.239439,0.573713,-0.013344,0.390517,-0.963289,0.650702,0.366774,0.279586,-0.537272,-0.163798,0.244563,0.277512,-0.37613,-1.0
0.605158,-0.653239,0.322209,0.555304,-0.271455,-0.301978,0.910834,0.043251,-0.499926,-0.440885,0.051673,-0.09559,-0.521077,0.120858,-0.894562
0.670229,-0.509298,0.308628,0.930063,0.229444,0.127528,0.499207,0.428311,0.277091,0.162821,0.26631,-0.378046,-0.346108,0.358751,-0.995592
0.575738,-0.5636,-0.729963,0.847692,0.523995,0.853354,0.903755,0.282303,0.217281,0.591915,-0.098842,-0.13135,0.016124,0.478488,-1.0
0.464136,0.94217,0.809339,0.309037,-0.761425,0.163683,0.706655,0.764214,-0.492127,0.091316,0.266461,0.172213,-0.516187,-0.311409,-0.89575
-0.736869,0.57807,-0.120912,-0.934515,-0.691984,-0.655365,0.517988,0.705471,-0.348036,-0.274462,-0.032887,0.433243,0.056724,-0.531217,-0.975267
-0.540283,0.291434,-0.141672,-0.914591,0.032229,0.628247,0.734888,0.085392,0.036654,0.562688,-0.215249,-0.141258,0.467035,0.201464,-1.0
0.797488,0.930612,-0.511872,0.584884,-0.284305,-0.053814,0.237457,0.749443,-0.085037,-0.035456,0.550052,0.469287,-0.304568,-0.315265,-0.99417
0.8682,-0.653585,-0.725179,-0.830063,0.109183,0.907034,0.910404,0.440457,0.067606,0.62382,0.050843,-0.099154,-0.259273,0.515233,-1.0
0.560959,0.24158,-0.922296,-0.729043,-0.528104,0.251855,0.844632,0.222228,-0.609413,0.343312,0.163123,0.02086,-0.541375,0.113318,-1.0
-0.5229,0.935273,0.332755,0.009368,0.8943,-0.823027,0.626688,0.551819,0.485997,-0.31103,-0.157396,0.30079,0.234845,-0.325489,-0.980076
0.710982,0.651753,-0.809667,0.330828,-0.32165,0.833416,0.026998,0.145084,-0.077305,0.030625,1.0,-0.24398,-0.531334,0.22047,-1.0
-0.855759,-0.998074,-0.037804,0.360155,-0.731761,0.087733,0.317792,0.945169,-0.206546,0.095494,-0.096366,-0.697372,0.005787,0.520269,-1.0
0.430521,0.363703,-0.154315,0.516082,-0.321035,0.426187,0.231563,0.098618,-0.00825,0.12562,0.779804,-0.109245,-0.482816,0.010044,-0.979504
-0.721417,-0.711842,0.204808,-0.030187,0.838462,-0.38174,0.462975,0.923055,0.275754,-0.200776,-0.543823,-0.025036,0.510712,0.059045,-1.0
0.134764,0.575841,0.350363,0.682698,0.843038,0.450893,0.623787,0.902693,0.411805,0.296769,-0.304194,0.125814,0.366543,0.015002,-0.933324
0.642515,-0.643356,0.565478,0.647722,0.105496,-0.722327,0.230804,0.527402,0.057436,-0.197163,0.728427,0.1554,-0.540453,-0.093599,-1.0
-0.301839,-0.990072,0.406098,-0.976928,-0.568069,-0.253384,0.562565,0.964874,-0.410342,-0.167174,0.168699,-0.435673,-0.193556,0.427559,-0.945311
-0.482569,-0.775627,-0.851907,-0.152466,-0.82028,-0.113556,0.824359,0.654293,-0.75984,-0.044873,0.085081,-0.007367,-0.144667,0.414151,-1.0
0.753794,-0.017129,0.483472,0.728318,-0.841359,0.214997,0.289351,0.431595,-0.276458,0.081624,0.618157,-0.18807,-0.437618,0.050944,-0.980288
-0.385693,-0.539353,-0.374731,0.617568,0.408723,0.147354,0.274247,0.907748,0.195219,0.025314,-0.480433,-0.465778,0.372534,0.269764,-0.985696
-0.677276,0.77035,-0.890912,-0.126128,-0.636865,0.280604,0.559875,0.337014,-0.226419,0.143907,-0.106389,0.36552,0.08422,-0.56839,-0.943725
-0.069336,-0.662144,0.028626,0.386512,0.354168,-0.820609,0.937989,0.89358,0.241418,-0.652541,0.021055,0.043759,0.431609,-0.129429,-1.0
-0.389526,-0.139139,-0.72053,-0.256072,0.39749,0.139014,0.734739,0.998092,0.610736,0.130396,-0.263985,-0.061248,0.428519,0.114272,-1.0
0.884406,0.808101,-0.810721,-0.923887,-0.351619,0.789808,0.190237,0.921734,-0.083227,0.079876,0.697312,-0.030809,-0.400348,0.000453,-0.948281
-0.582875,-0.858872,0.329378,-0.774654,-0.949857,-0.077899,0.341071,0.726394,-0.263186,-0.06252,0.283022,-0.526754,-0.247357,0.419593,-1.0
-0.496985,-0.740299,-0.994548,0.907506,-0.604652,0.720924,0.768435,0.885999,-0.469144,0.573449,0.026949,-0.346282,-0.000196,0.588988,-1.0
0.155252,-0.764556,-0.415701,-0.981475,0.80128,-0.393963,0.342609,0.0795,0.273785,-0.137869,-0.489264,-0.273283,0.322197,0.273571,-1.0
-0.071802,0.394952,-0.847022,-0.072575,0.856723,-0.553395,0.176948,0.291752,0.099489,-0.204762,-0.507405,0.591345,0.349986,-0.332554,-0.992506
-0.629233,0.511288,-0.796585,0.543033,0.009727,0.320961,0.366214,0.095216,0.021661,0.353355,-0.50312,0.109321,0.49171,-0.042891,-1.0
-0.715742,-0.007901,0.641605,0.557963,-0.538586,-0.295863,0.318705,0.450497,-0.258561,-0.027827,-0.323574,0.542963,0.287906,-0.379342,-0.970028
-0.689766,-0.392462,0.410754,-0.904215,-0.142502,-0.505442,0.915891,0.030833,-0.219109,-0.76152,-0.090002,0.08003,0.522505,-0.080324,-1.0
0.214909,-0.865119,-0.160908,-0.0463,-0.716245,-0.77894,0.676961,0.20693,-0.305578,-0.35044,0.288515,-0.009273,-0.556735,0.04006,-0.98241
0.679221,0.610552,0.466103,-0.78352,0.734327,0.126847,0.344962,0.619411,0.323929,-0.000664,-0.094425,0.661769,0.030672,-0.443064,-0.957891
-0.955562,-0.672231,0.967054,0.26457,0.245561,-0.917351,0.905465,0.605154,0.224323,-0.631788,-0.068075,-0.009169,0.432405,-0.106749,-0.949971
-0.704702,0.111113,-0.956637,0.319832,0.943762,-0.403842,0.993447,0.729336,0.797703,-0.238858,0.053632,0.071671,0.472195,-0.211365,-1.0
-0.001245,0.386335,-0.137611,0.300446,0.399201,-0.281161,0.068405,0.82131,0.032625,0.034006,-0.41835,0.81408,0.217128,-0.499668,-0.995558
-0.082362,0.687129,0.127044,-0.749572,0.916068,-0.794676,0.571661,0.769748,0.356035,-0.311672,-0.256523,0.364794,0.286301,-0.377958,-1.0
-0.917316,-0.056786,-0.343698,0.986439,0.392251,-0.430371,0.949105,0.248179,0.598731,-0.51351,-0.036184,0.04446,0.423395,-0.141865,-1.0
0.870922,0.702073,-0.93981,0.471905,0.52142,0.974592,0.088044,0.522023,0.014631,0.047413,0.793723,-0.4752,-0.338072,0.283669,-1.0
0.60986,0.937254,0.000484,0.38711,0.106956,0.479806,0.07172,0.126609,-0.015013,0.105792,0.688026,0.600459,-0.346647,-0.311928,-1.0
0.497889,0.939602,-0.165663,0.182885,0.349594,0.634202,0.561066,0.669232,0.25945,0.351229,0.128653,0.362872,-0.177882,-0.406586,-0.995191
-0.393837,-0.160452,-0.214547,-0.528643,-0.957029,0.183432,0.592984,0.317978,-0.474917,0.140215,0.454218,-0.15548,-0.455606,0.272275,-1.0
0.284119,-0.918036,0.960117,0.986635,-0.294745,-0.387883,0.007989,0.215497,0.049434,0.035551,0.805324,-0.677517,-0.385267,0.305988,-0.979452
0.364051,0.691335,0.1162,-0.034271,-0.999505,-0.568875,0.971936,0.163965,-0.694149,-0.307053,0.044362,-0.049355,-0.304546,-0.331978,-1.0
0.080465,-0.769741,0.159244,-0.948005,0.902854,0.273692,0.991671,0.638865,0.71434,0.237921,-0.083501,0.043523,0.371284,0.360622,-0.970647
0.322837,0.640673,0.347982,-0.32584,0.482991,0.957474,0.48131,0.547727,0.17678,0.265157,-0.225874,-0.478056,0.213378,0.48585,-0.99825
-0.677396,0.12121,0.824165,0.615171,-0.765066,-0.186178,0.666745,0.559102,-0.503568,-0.090878,0.109851,0.431477,-0.132079,-0.47793,-1.0
0.384861,-0.353603,0.779649,0.100329,-0.755342,0.741425,0.686584,0.814089,-0.41478,0.412553,0.196318,-0.182692,-0.193362,0.327115,-1.0
0.920879,0.542585,-0.633304,0.415363,0.60536,0.013844,0.092861,0.818024,0.076708,-0.027123,0.404509,0.744352,-0.282191,-0.415702,-0.918104
0.438038,0.47203,-0.922075,0.276374,-0.033899,-0.758596,0.803791,0.481014,-0.067845,-0.684143,0.060017,0.188567,-0.11278,-0.424527,-1.0
-0.162676,-0.805489,0.32976,-0.037684,0.8957,0.7664,0.724831,0.497919,0.423165,0.442716,-0.220343,-0.239308,0.360815,0.428746,-1.0
-0.368356,0.997699,0.5466,0.092646,0.71309,-0.474302,0.115366,0.586007,0.103263,-0.006662,-0.506262,0.732905,0.223601,-0.445716,-0.961694
-0.407362,0.595638,-0.609969,-0.128982,-0.798192,0.184316,0.745526,0.786215,-0.516872,0.141072,0.249507,0.119848,-0.393419,-0.389344,-0.946082
-0.68266,0.26824,0.168202,0.125389,-0.278757,0.375176,0.943681,0.417666,-0.40737,0.658823,-0.015478,0.002097,0.494226,0.139663,-1.0
-0.303517,0.890564,0.711286,0.162049,0.833421,-0.77141,0.538436,0.168928,0.378424,-0.256014,-0.317944,0.349259,0.295396,-0.368804,-0.965013
-0.187,0.029977,-0.180759,-0.545696,-0.615539,0.164693,0.941061,0.651974,-0.642669,0.241177,0.138691,-0.028686,-0.468049,0.149369,-0.992336
0.375111,-0.273323,-0.957302,-0.01984,0.086478,-0.787616,0.758721,0.219199,0.148214,-0.567347,0.092395,0.206159,-0.283157,-0.408934,-0.983666
-0.04184,-0.082915,0.905138,0.338896,0.422421,0.161961,0.696733,0.559991,0.476681,0.319053,-0.287772,-0.106559,0.510596,0.199852,-1.0
0.142971,0.58455,0.464081,0.446768,0.15141,0.131614,0.240873,0.19482,0.140002,0.171374,-0.001843,0.756716,0.072045,-0.472884,-1.0
-0.22229,-0.427199,0.464653,-0.330502,-0.112666,-0.015889,0.572583,0.60239,-0.459039,-0.139498,-0.072675,-0.503593,0.064147,0.47504,-0.991035
-0.352961,-0.822841,-0.599135,0.345135,-0.848605,-0.360664,0.08517,0.902552,-0.128608,0.041281,0.752338,-0.649293,-0.352861,0.301906,-0.970494
-0.467792,0.036673,0.051759,-0.718923,0.150302,0.973062,0.137754,0.523175,0.045052,-0.021005,-0.47777,-0.710168,0.191187,0.401216,-1.0
0.629598,0.377261,0.23464,0.902634,-0.748044,0.34167,0.611508,0.627818,-0.470672,0.296373,0.31553,0.006315,-0.580061,-0.054015,-1.0
0.736569,-0.568261,-0.738573,-0.341507,0.839867,0.596841,0.141317,0.222482,0.106736,-0.020141,-0.049292,-0.867599,0.084804,0.565037,-1.0
-0.557231,-0.165555,-0.741715,0.941835,-0.441944,0.038924,0.576925,0.558993,-0.413055,-0.019406,-0.270909,-0.268087,0.217414,0.435054,-0.932663
0.432847,-0.543514,0.222489,0.887892,0.421005,-0.353908,0.326749,0.951192,0.250886,-0.118654,0.065835,-0.617259,-0.063081,0.529585,-1.0
-0.677984,-0.101482,-0.36584,-0.748155,0.207574,-0.361586,0.813101,0.10989,0.352555,-0.549057,-0.119961,0.031272,0.455498,-0.072947,-0.95339
0.734837,-0.900829,-0.685198,-0.933857,-0.764497,-0.764093,0.841612,0.264624,-0.396733,-0.493266,0.221775,0.004841,-0.502157,0.137116,-1.0
-0.882456,-0.073263,-0.588653,-0.54369,-0.297751,0.938537,0.291524,0.015089,-0.054451,0.240541,-0.41566,-0.514874,0.191455,0.411308,-1.0
0.710755,0.119725,0.233873,-0.411382,0.539593,-0.294955,0.425814,0.999943,0.212376,-0.1713,0.255616,0.508312,-0.208299,-0.475618,-0.989154
-0.901615,-0.355508,0.151622,0.563023,0.977042,-0.166584,0.879187,0.684044,0.691393,-0.00903,-0.167754,-0.001239,0.444064,0.112457,-0.896059
0.055599,-0.938387,0.613906,0.784237,-0.33694,-0.320988,0.182454,0.309429,-0.176016,-0.106557,0.439336,-0.643744,-0.248324,0.456499,-0.931666
-0.452783,0.148279,-0.597342,-0.612765,0.679337,-0.577964,0.43932,0.167337,0.291518,-0.277979,-0.468734,0.333923,0.517797,-0.209798,-0.98788
-0.36233,0.656934,-0.872312,-0.411259,-0.299833,-0.157468,0.494477,0.455834,-0.381348,-0.129757,-0.024518,0.560103,0.009259,-0.52918,-1.0
0.993612,-0.41673,0.678338,0.139495,0.821206,-0.217661,0.800013,0.194933,0.661028,-0.228881,0.022298,-0.084512,-0.262078,0.294475,-0.999106
-0.792457,-0.684429,0.153268,0.439639,-0.382885,0.938456,0.312777,0.668579,-0.107727,0.230153,-0.135127,-0.684592,0.17927,0.513773,-0.877219
0.044731,-0.840855,-0.566817,0.1011,-0.009637,-0.494195,0.547221,0.078313,-0.029385,-0.49401,0.037802,-0.510705,-0.066599,0.392179,-1.0
0.499929,-0.707724,-0.834084,0.472856,0.892716,-0.469571,0.958305,0.219602,0.786483,-0.339558,0.045672,0.062947,0.503174,0.275832,-1.0
0.969234,-0.266946,-0.069956,-0.295428,0.590248,-0.980516,0.160612,0.890361,0.063389,-0.198114,0.335608,0.777893,-0.242586,-0.458239,-1.0
-0.414228,-0.818805,0.737346,0.93224,0.513476,0.641127,0.050724,0.409783,-0.027845,0.047187,-0.469715,-0.670879,0.283375,0.528855,-1.0
0.235418,0.299976,0.663447,-0.898518,0.026082,-0.891622,0.824676,0.217087,0.038988,-0.676098,0.035947,0.277844,-0.22538,-0.485327,-0.997545
-0.631471,0.552708,-0.946619,0.52258,-0.642765,0.622513,0.340224,0.52918,-0.229412,0.116683,0.127113,-0.661795,-0.09561,0.396259,-1.0
-0.380773,0.716848,0.594426,-0.272266,0.854465,-0.596589,0.335838,0.657144,0.262109,-0.11379,-0.410248,0.511212,0.350418,-0.449528,-0.962619
-0.876356,0.501899,0.902267,0.092486,0.494448,-0.147726,0.52295,0.629464,0.398367,-0.151588,-0.457851,0.045042,0.443757,-0.227657,-0.895617
0.687827,0.652773,0.069071,-0.209653,0.681248,0.664258,0.701112,0.603295,0.475242,0.361497,0.129326,-0.26213,-0.351988,0.417895,-1.0
0.313741,-0.374463,0.621939,-0.286031,-0.856742,-0.70193,0.654269,0.900327,-0.427656,-0.230358,0.36386,0.012656,-0.474676,-0.108162,-0.955255
0.99304,-0.905558,0.839429,-0.891824,0.24281,0.274261,0.606637,0.382082,0.276131,0.38766,0.271175,-0.343988,-0.301605,0.437431,-0.978496
-0.220757,-0.872035,-0.495487,0.881955,-0.153991,0.122964,0.543135,0.438117,-0.393542,0.307426,-0.111178,-0.548825,0.012258,0.527787,-1.0
-0.688142,-0.318658,0.07205,0.175099,0.338905,-0.747098,0.277766,0.842907,0.166023,-0.223579,-0.678935,0.341551,0.515612,-0.168618,-1.0
-0.439693,0.708095,0.211532,0.116286,0.202587,-0.581117,0.052822,0.369567,-0.024213,-0.068574,-0.489766,0.866661,0.306859,-0.518377,-0.970835
-0.984832,-0.757354,0.961082,0.430583,-0.352506,0.046192,0.245796,0.038801,-0.211273,0.018131,-0.509035,-0.605433,0.241171,0.452949,-1.0
-0.096351,0.307654,-0.529414,0.347732,-0.5058,-0.01435,0.574349,0.301844,-0.451635,-0.011495,0.29247,0.199206,-0.449055,-0.289368,-1.0
-0.324849,0.31734,-0.883208,-0.734595,-0.067496,-0.978198,0.260952,0.782348,-0.028713,-0.137822,-0.170513,0.660479,0.106111,-0.471304,-1.0
-0.897035,0.901788,0.243574,0.653934,-0.180048,-0.428977,0.541021,0.616873,-0.153941,-0.403535,-0.225502,0.422868,0.238135,-0.434844,-0.989723
-0.083086,-0.042635,-0.580502,0.424005,-0.212145,-0.452359,0.513159,0.656877,-0.095503,-0.332154,0.158409,0.471436,-0.161032,-0.532888,-1.0
-0.180313,-0.135214,0.166866,-0.351852,0.488952,-0.773867,0.165914,0.997884,0.132044,-0.154284,-0.608932,0.606407,0.433543,-0.401771,-0.994826
0.171593,0.687169,-0.414603,-0.513283,-0.945415,0.425984,0.26914,0.677897,-0.249341,0.009353,0.759825,0.157426,-0.579225,-0.121958,-1.0
-0.176772,0.664262,0.056708,-0.511322,0.391525,0.948979,0.953047,0.475675,0.211979,0.737111,-0.028311,-0.005965,0.427545,0.230218,-0.97148
0.934169,-0.270669,-0.448679,-0.222269,-0.693928,0.849508,0.535826,0.41748,-0.244246,0.347217,0.36298,-0.219226,-0.383453,0.210263,-1.0
0.527464,0.64253,-0.588973,-0.222108,-0.491223,-0.376099,0.250932,0.183797,-0.095485,-0.131182,0.458997,0.496912,-0.395026,-0.324769,-1.0
-0.810471,-0.236356,0.729983,-0.972261,-0.215661,0.446591,0.275208,0.566461,-0.118153,0.079735,-0.474208,-0.51363,0.332499,0.389942,-1.0
-0.26656,0.324001,-0.165006,-0.83152,0.862265,-0.056377,0.360886,0.514392,0.23977,-0.00337,-0.597574,0.194094,0.479369,-0.217531,-1.0
0.412057,-0.916751,0.462011,0.444446,0.409327,-0.558957,0.657724,0.789304,0.319484,-0.398262,0.027645,-0.433274,0.050144,0.503893,-0.958927
0.089847,-0.4953,-0.794065,-0.279144,-0.389599,-0.918543,0.395192,0.831984,-0.108004,-0.324967,0.464116,0.349962,-0.399126,-0.373973,-0.941627
0.9016,-0.255287,0.6801,0.581171,-0.168048,0.441395,0.179061,0.54771,-0.042815,0.177531,0.695718,-0.406355,-0.372133,0.186808,-0.992488
0.217303,-0.05885,0.068629,-0.58864,-0.100109,0.831608,0.503787,0.361302,-0.05533,0.441044,0.165252,-0.408624,-0.148608,0.541939,-1.0
-0.602875,-0.984702,0.405493,-0.96837,0.594598,-0.375018,0.355136,0.847364,0.204316,-0.088558,-0.574559,-0.246457,0.449596,0.156315,-0.983502
-0.771505,0.761038,-0.51948,-0.392587,-0.314554,0.272981,0.740318,0.951275,-0.434484,0.392868,-0.173766,0.21658,0.405463,-0.394857,-1.0
0.274831,0.708743,-0.061193,0.748654,-0.382145,-0.963404,0.770633,0.69924,-0.265828,-0.504651,0.07625,0.175191,-0.196442,-0.452353,-0.902244
0.314181,0.050543,-0.294462,0.837879,-0.766987,-0.900252,0.702181,0.555465,-0.377743,-0.464595,0.210216,0.225726,-0.389578,-0.377828,-1.0
-0.914674,0.285672,-0.919362,-0.748487,0.72926,-0.070263,0.462251,0.32484,0.369133,0.02542,-0.546039,0.109844,0.526866,-0.200744,-0.971392
-0.136288,0.189547,0.665515,0.721233,0.718659,0.392067,0.363313,0.049594,0.34082,0.128882,-0.688981,-0.065323,0.545656,0.238324,-1.0
-0.884387,0.348116,-0.404882,0.781221,0.891427,-0.968644,0.277173,0.425249,0.08976,-0.286544,-0.609845,0.382622,0.489782,-0.251136,-0.945053
0.318056,-0.114425,-0.313044,-0.078997,0.38885,0.348898,0.334428,0.328211,0.237457,0.207396,-0.194788,-0.647052,0.138379,0.46011,-0.922734
0.962395,-0.482119,0.882777,0.973124,0.458817,0.233964,0.339282,0.632201,0.216226,0.126546,0.442106,-0.538567,-0.338341,0.458597,-1.0
0.740821,-0.120649,-0.32109,0.408236,-0.760597,-0.699419,0.115709,0.760824,-0.128686,0.004126,0.810804,0.272551,-0.51799,-0.097213,-1.0
0.048615,0.652573,0.874543,0.295085,-0.256403,0.056034,0.790468,0.189405,-0.618982,0.161073,0.062598,0.230419,-0.259934,-0.347958,-0.968549
-0.233675,-0.029379,-0.73678,0.696525,-0.72069,-0.343122,0.828767,0.637086,-0.573903,-0.196146,0.167647,0.09639,-0.495451,-0.333701,-1.0
0.610186,-0.995142,0.034933,-0.971632,-0.815955,0.351471,0.734164,0.95656,-0.550515,0.234352,0.2899,-0.128214,-0.323657,0.336333,-0.938806
-0.424769,0.597955,-0.905297,-0.648066,0.515763,-0.053076,0.648724,0.617438,0.568207,-0.029865,-0.280928,0.118799,0.36084,-0.321583,-1.0
-0.484218,-0.642712,-0.893698,-0.070301,0.592327,-0.079853,0.638993,0.999996,0.537416,0.037657,-0.283732,-0.054826,0.392071,0.302752,-1.0
-0.664391,-0.738959,-0.541484,-0.363699,0.463131,-0.259443,0.248661,0.051773,0.088976,-0.028446,-0.597394,-0.249066,0.532982,0.279903,-1.0
0.533563,0.046443,-0.2222,0.914678,-0.934642,-0.453313,0.377502,0.834287,-0.337486,-0.174925,0.616882,0.310292,-0.443322,-0.18393,-0.966126
-0.484839,0.749194,0.290388,-0.706686,-0.879706,-0.317615,0.407869,0.3731,-0.346294,-0.164683,0.132158,0.527185,-0.168167,-0.453375,-0.925952
0.400744,-0.821783,0.632957,-0.708619,0.939092,-0.173329,0.872942,0.4603,0.752467,-0.118551,-0.092849,-0.18721,0.266633,0.345539,-0.960266
0.079569,-0.412328,0.622748,0.313785,0.235569,-0.305128,0.613038,0.296779,0.293314,-0.352701,-0.295237,-0.264986,0.422691,0.289275,-0.898841
0.884221,0.03562,0.26157,0.449097,-0.657961,-0.491697,0.380928,0.173655,-0.260411,-0.201964,0.596618,0.217687,-0.487249,-0.178545,-1.0
0.108146,0.193744,0.069322,-0.027574,-0.709813,-0.444427,0.458765,0.455026,-0.212814,-0.237736,0.415808,0.333074,-0.336394,-0.286691,-1.0
-0.86857,0.942122,-0.755254,0.577376,-0.922036,0.713837,0.787689,0.955392,-0.547116,0.386544,-0.000542,0.250341,-0.109102,-0.472466,-0.9725
-0.660991,-0.700374,0.749546,0.298867,-0.023279,-0.740899,0.381475,0.744476,-0.020574,-0.36337,-0.639388,0.016408,0.470057,-0.048394,-1.0
0.388168,0.872942,0.034354,0.918323,-0.666789,0.049727,0.198903,0.442519,-0.15036,-0.055615,0.65693,0.491058,-0.443427,-0.372111,-0.946049
0.921443,-0.193822,-0.995019,-0.166728,0.119309,0.327801,0.448135,0.555194,0.132109,0.26743,0.443365,-0.296096,-0.444089,0.237927,-1.0
-0.062223,0.188164,0.772445,0.313163,0.239403,0.361957,0.082562,0.201434,-0.024791,0.121952,-0.911957,-0.412939,0.371596,0.257875,-1.0
-0.837847,-0.910848,0.877898,-0.833855,-0.524477,0.117462,0.75268,0.111959,-0.555208,0.130707,-0.078866,-0.227138,0.170691,0.440689,-1.0
-0.174098,-0.426323,0.129663,0.207218,0.151866,0.30959,0.625432,0.173922,0.18081,0.406917,-0.097746,-0.363242,0.137381,0.505171,-1.0
0.955254,0.39678,0.632169,-0.640765,-0.040198,0.463898,0.057607,0.969255,-0.095916,0.117215,1.0,-0.113745,-0.380206,0.093764,-1.0
-0.498662,0.788335,-0.353152,-0.413831,-0.767616,-0.593148,0.023526,0.231246,0.022372,0.046608,0.172448,0.991268,-0.132007,-0.534956,-0.972797
0.341285,0.609932,0.391591,0.099925,-0.938259,0.669783,0.84764,0.172839,-0.597609,0.439511,0.156153,-0.092348,-0.6273,0.066664,-1.0
-0.997368,-0.906989,-0.08438,-0.903619,0.320683,0.686946,0.026744,0.135388,-0.035185,-0.044528,-0.585402,-0.74048,0.321728,0.375491,-0.996154
0.155106,-0.372602,-0.436556,0.541424,-0.816886,0.334492,0.713476,0.637888,-0.56497,0.241119,0.182715,-0.191594,-0.512122,0.230507,-1.0
0.516532,-0.411825,-0.267441,-0.74992,-0.102842,-0.719996,0.618876,0.727929,-0.108145,-0.57956,0.321816,0.239336,-0.511092,-0.293948,-0.946845
-0.864589,0.58451,0.440999,0.844635,-0.076201,0.354833,0.223857,0.851244,-0.007746,0.221901,-0.720063,0.281941,0.501449,-0.144837,-0.997403
0.373151,0.145545,0.125743,-0.447409,-0.682375,-0.03407,0.665971,0.388929,-0.511487,-0.071388,0.28052,0.035218,-0.633167,-0.147069,-0.961686
0.648227,-0.780517,0.477242,0.078867,0.487599,0.064842,0.777562,0.010203,0.65026,0.049791,0.060322,-0.196339,-0.137571,0.5789,-0.924701
0.780521,-0.384365,-0.406096,0.110632,-0.700223,0.585522,0.131331,0.928597,-0.140344,0.059309,0.704408,-0.450473,-0.42918,0.389074,-1.0
0.195425,-0.11017,0.545387,0.526354,-0.084985,0.527888,0.400786,0.705813,-0.04053,0.263091,0.32736,-0.458232,-0.103685,0.503933,-0.917668
0.604898,0.402705,-0.684253,-0.391202,0.881756,0.183236,0.800879,0.506377,0.582242,0.16993,-0.163519,0.110922,0.440551,-0.299267,-1.0
-0.11048,-0.406272,0.20249,-0.655501,-0.913847,0.053227,0.719033,0.77279,-0.603175,0.07793,0.191937,-0.112811,-0.459142,0.253989,-1.0
-0.337056,0.46917,0.489769,-0.87651,0.009992,0.343084,0.490723,0.373956,-0.102906,0.420787,-0.542988,0.072562,0.473288,-0.165861,-0.939755
0.228093,-0.464986,0.293535,0.186617,0.779932,-0.75165,0.891705,0.292779,0.552372,-0.396745,-0.069677,0.135766,0.520179,-0.2642,-0.94855
0.58403,0.139481,-0.051859,-0.937619,0.528054,0.907848,0.367743,0.309374,0.113004,0.241706,0.038194,-0.612331,-0.137583,0.52554,-0.957546
0.071273,0.479431,0.305982,-0.007671,0.375238,0.844091,0.570758,0.293866,0.183534,0.388064,-0.317635,-0.267307,0.395862,0.440242,-1.0
0.800629,-0.337017,-0.828773,-0.256058,-0.529207,0.635386,0.285348,0.605835,-0.237155,0.128998,0.620751,-0.420119,-0.413571,0.316232,-0.997507
0.092006,-0.456469,0.961216,0.149114,0.972239,0.276077,0.596454,0.630386,0.396105,0.128328,-0.36761,-0.216132,0.381308,0.419256,-0.959244
0.803741,-0.165961,-0.572774,0.165523,-0.933693,0.392383,0.591535,0.222598,-0.479021,0.166588,0.319087,-0.198308,-0.467244,0.202915,-1.0
-0.664607,-0.979954,-0.625296,-0.129578,-0.902586,-0.653093,0.53074,0.249882,-0.324497,-0.22123,0.249881,-0.376136,-0.256593,0.528864,-0.960963
-0.999985,-0.727732,-0.087097,-0.217282,0.984293,-0.785144,0.980938,0.916585,0.598667,-0.458096,-0.029747,0.028353,0.493353,0.053759,-0.972219
0.986902,0.188347,-0.287651,0.307065,-0.414929,0.404496,0.645373,0.265695,-0.426487,0.426877,0.389739,-0.156437,-0.545548,0.172685,-0.948579
-0.135847,-0.289565,-0.67505,-0.897399,-0.324675,0.551833,0.38334,0.108056,-0.19106,0.328425,0.094784,-0.578197,-0.063926,0.535287,-0.970188
-0.29683,-0.300396,0.282839,-0.170696,0.664259,0.233472,0.216654,0.681943,0.165199,0.138777,-0.646226,-0.350147,0.445894,0.266009,-1.0
0.092438,0.356124,0.308488,-0.317455,-0.602941,-0.248695,0.917194,0.381618,-0.645072,-0.309705,-0.019795,-0.009525,-0.444938,-0.356977,-1.0
-0.899809,0.957629,-0.185731,0.615188,-0.638922,-0.44629,0.209437,0.121872,-0.11823,-0.09478,-0.148489,0.78233,0.066717,-0.53366,-0.984632
0.532957,-0.760982,-0.52485,0.19635,-0.34861,0.946997,0.632137,0.451744,-0.174106,0.477392,0.152761,-0.326082,-0.2273,0.381895,-0.912769
-0.799762,0.706149,-0.542165,-0.964102,-0.107436,-0.911468,0.436384,0.493121,-0.05098,-0.314469,-0.261755,0.493338,0.24966,-0.501846,-0.963819
-0.227549,-0.382689,0.253969,-0.621777,-0.425026,0.177762,0.303716,0.698016,-0.276182,0.075097,0.205372,-0.643514,-0.115408,0.361367,-1.0
-0.148903,-0.899242,0.188155,-0.161142,0.980581,0.345099,0.674837,0.302298,0.508517,0.117457,-0.156298,-0.278165,0.356801,0.388478,-1.0
-0.674032,0.127223,-0.217914,-0.803334,0.628469,-0.012334,0.78763,0.909101,0.588849,-0.013424,-0.163882,-0.028456,0.508152,-0.124726,-0.975064
0.552217,-0.204485,-0.546904,-0.001825,-0.817041,-0.163884,0.974926,0.079037,-0.815699,-0.143039,0.0667,0.054359,-0.563306,-0.049309,-1.0
0.931123,0.44353,-0.184658,0.856698,0.582551,0.067071,0.764541,0.707585,0.581964,0.128706,0.193735,0.180969,-0.301661,-0.377697,-0.951835
-0.473972,-0.821293,-0.515075,0.90082,0.179284,-0.15543,0.41855,0.56377,0.235521,-0.215418,-0.439176,-0.423138,0.330769,0.37378,-1.0
-0.988789,0.804149,-0.182317,0.291195,0.355767,0.641874,0.334207,0.643934,0.18468,0.215878,-0.533097,0.090775,0.441675,0.000301,-1.0
0.225643,-0.67177,-0.517719,-0.34639,0.422232,0.199216,0.410463,0.901525,0.27768,0.252101,-0.088435,-0.585624,0.206394,0.446326,-1.0
-0.914081,0.929395,0.256528,0.547755,0.363512,0.296409,0.332835,0.489103,0.207267,0.267255,-0.580336,0.312324,0.332582,-0.197264,-1.0
0.573584,-0.740203,-0.465764,0.099677,-0.501324,0.432346,0.258815,0.957643,-0.251322,0.189654,0.562839,-0.582964,-0.281617,0.39594,-1.0
-0.293234,-0.157665,0.723383,-0.066039,0.498421,-0.765741,0.988394,0.231528,0.423914,-0.674355,-0.078586,-0.026271,0.42736,-0.291017,-1.0
0.121674,0.026442,0.163339,0.585466,0.052207,-0.677177,0.556468,0.34142,0.030443,-0.450773,0.136213,0.427167,-0.050916,-0.504048,-1.0
-0.034535,0.888304,0.067971,-0.985439,0.496062,0.973239,0.69119,0.514388,0.347061,0.540297,-0.274867,-0.070513,0.444991,0.117528,-0.991255
-0.227182,0.220972,-0.802482,0.444215,0.674651,-0.058158,0.175174,0.943175,0.163033,-0.041604,-0.77932,0.196643,0.401302,-0.183488,-0.964368
0.728876,0.856895,0.069121,0.519887,0.136794,0.25704,0.787531,0.800104,0.294271,0.581722,0.151297,0.194069,-0.323388,-0.380295,-1.0
-0.152291,-0.221299,-0.496257,-0.574666,0.822691,0.143412,0.248746,0.017749,0.194838,0.112264,-0.72053,-0.242264,0.377823,0.163549,-1.0
-0.975305,0.739075,0.851107,0.118756,0.532529,0.387253,0.42214,0.461976,0.22493,0.180126,-0.639244,0.098436,0.481065,-0.103421,-0.987234
0.883956,0.39493,-0.16513,-0.404774,0.675073,0.071545,0.086237,0.073814,0.01986,0.03877,0.408472,0.824268,-0.302646,-0.330582,-1.0
-0.858557,0.806284,-0.538198,-0.455781,0.681315,0.43472,0.255026,0.84909,0.108912,0.164416,-0.701492,0.112853,0.50632,-0.131327,-0.954853
0.430681,-0.75658,-0.472598,0.039294,-0.481148,0.705855,0.163623,0.723353,-0.064169,0.107338,0.446081,-0.755768,-0.236824,0.451284,-0.986393
-0.345344,0.169341,0.469547,-0.600466,0.036818,0.467645,0.294975,0.17607,0.037291,0.272923,-0.545891,-0.504961,0.395398,0.327105,-0.939431
0.440704,0.957352,-0.903504,0.265881,0.126893,-0.695432,0.287772,0.033319,-0.018277,-0.207689,0.068554,0.700394,-0.030344,-0.50378,-0.925227
-0.919633,-0.582906,-0.236171,0.140209,0.112402,0.647796,0.948263,0.05667,0.151416,0.81011,-0.079086,-0.020266,0.324861,0.316751,-0.921446
0.936018,0.848117,0.352172,-0.705945,0.277286,-0.439845,0.016192,0.522004,0.050223,-0.081159,0.442131,0.799306,-0.169588,-0.471123,-0.950362
0.832196,0.325055,-0.930163,-0.005176,0.358849,-0.356928,0.678293,0.711955,0.50557,-0.427994,0.18494,0.337667,-0.301037,-0.385471,-1.0
-0.183349,-0.697424,-0.618457,-0.575583,-0.030227,0.397194,0.697344,0.563134,0.018505,0.583984,-0.050225,-0.376547,0.094414,0.438427,-0.990771
-0.24092,0.032489,0.195142,-0.007299,-0.367273,-0.453082,0.652242,0.013126,-0.396317,-0.397664,0.079659,0.337799,-0.078146,-0.418496,-1.0
-0.390853,0.889513,0.689764,0.974012,0.529542,0.033511,0.987411,0.380191,0.826463,0.027888,0.039595,0.034788,0.306529,-0.321596,-1.0
-0.267357,0.896059,0.832,-0.412271,-0.931234,0.522341,0.329198,0.388038,-0.178088,0.119072,0.652009,0.336866,-0.522644,-0.299979,-1.0
-0.350261,0.472215,0.230687,0.566751,-0.945075,0.219182,0.762947,0.459667,-0.66719,0.076576,0.188338,0.08016,-0.490245,-0.194439,-1.0
-0.795397,0.74569,-0.340002,0.022444,0.801171,0.350923,0.483993,0.3577,0.289877,0.197677,-0.448434,0.207674,0.487478,-0.037142,-1.0
0.835831,0.12575,-0.172232,-0.740786,0.319466,0.155317,0.223541,0.539389,0.113311,0.048742,0.8424,-0.058177,-0.525131,0.018395,-1.0
0.257256,-0.630104,-0.441378,-0.744868,-0.001592,0.308105,0.680582,0.023396,0.041986,0.531337,0.035848,-0.31718,-0.071211,0.432031,-0.914796
-0.440372,0.46674,-0.810992,-0.270626,-0.425515,-0.189705,0.680025,0.517697,-0.459775,-0.270647,-0.024377,0.348428,0.104733,-0.494057,-0.995279
0.73277,0.276433,-0.24713,0.073169,0.809946,0.443608,0.756458,0.59891,0.435661,0.205942,-0.005586,-0.175086,0.274878,0.397887,-0.974286
-0.879193,-0.294263,0.065629,-0.376345,-0.904072,0.423676,0.249892,0.236607,-0.189905,0.045584,-0.057093,-0.674402,-0.07134,0.499099,-0.998408
0.223044,0.780013,0.948301,0.888998,-0.574354,0.838968,0.092073,0.278222,-0.019881,0.02707,0.977293,-0.040278,-0.480546,0.044581,-1.0
-0.877451,0.493371,-0.047887,0.488932,0.549785,-0.888982,0.258274,0.933314,0.051994,-0.168014,-0.521702,0.520006,0.396036,-0.296173,-0.984011
-0.348774,0.157083,0.764393,-0.653247,0.102605,0.620901,0.812917,0.629555,0.004808,0.722915,-0.109172,-0.191617,0.363303,0.402638,-0.946182
-0.539335,0.433064,0.584648,-0.207022,-0.407776,0.625047,0.565789,0.269605,-0.180661,0.364,-0.177539,-0.353796,0.267433,0.448855,-0.940363
-0.857448,-0.359163,0.888277,0.519035,0.363544,0.753427,0.489286,0.978622,0.145811,0.385614,-0.473737,-0.342377,0.399742,0.269021,-1.0
0.46662,-0.229665,-0.033076,0.411279,0.630923,-0.921722,0.365711,0.770448,0.177292,-0.187605,-0.078387,0.647865,0.12244,-0.513694,-1.0
-0.012369,-0.6815,-0.025162,-0.84058,-0.65265,-0.367139,0.314388,0.288511,-0.276314,-0.08873,0.569851,-0.238812,-0.50232,0.207397,-1.0
-0.148249,0.129345,0.354181,-0.975291,0.977388,-0.533319,0.034297,0.589457,0.118304,-0.070645,-0.803376,0.447569,0.422446,-0.365626,-0.999244
0.58647,-0.071895,-0.641812,0.151428,-0.060848,-0.499648,0.264159,0.381167,-0.037137,-0.193692,0.53372,0.38902,-0.392463,-0.388432,-1.0
0.121149,-0.434697,-0.016978,-0.120456,-0.826785,-0.252308,0.87793,0.650065,-0.616523,-0.158489,0.135937,0.042986,-0.478106,-0.024751,-1.0
0.949772,0.936143,-0.890498,0.7438,-0.683439,0.811734,0.375679,0.953337,-0.134462,0.176266,0.67,0.066986,-0.533992,-0.007188,-1.0
0.754062,-0.768449,-0.97542,0.946682,-0.182869,-0.40014,0.043591,0.109019,-0.007547,0.036551,0.867848,-0.401438,-0.475125,0.148231,-0.975481
-0.022069,0.855076,-0.757934,0.546536,-0.222732,0.656261,0.331738,0.229144,-0.091213,0.268854,0.565376,0.485781,-0.364666,-0.332307,-0.992742
0.256033,0.569841,0.509414,0.420757,0.641902,-0.427764,0.559917,0.250755,0.284861,-0.21742,-0.149641,0.438616,0.185697,-0.443858,-0.969326
-0.924946,-0.509163,0.31913,0.13661,0.565487,-0.504652,0.886382,0.809543,0.488812,-0.44955,-0.091895,-0.005431,0.542035,-0.106183,-1.0
-0.11696,0.415662,0.440012,0.146638,-0.521214,0.457899,0.431839,0.642164,-0.296601,0.234149,0.590489,-0.067977,-0.484754,0.027178,-0.924378
-0.592461,-0.717703,0.876793,0.588543,-0.037653,0.877819,0.672413,0.479515,-0.06209,0.518101,-0.113676,-0.371041,0.147038,0.403073,-0.967099
-0.558895,-0.325257,-0.340507,-0.364471,0.4235,-0.55391,0.52964,0.909035,0.274659,-0.375979,-0.553585,0.066801,0.479048,-0.120543,-0.920225
0.164038,-0.210529,-0.222047,-0.92222,0.782248,0.7113,0.736477,0.016524,0.48641,0.304119,-0.168169,-0.294023,0.267519,0.417593,-1.0
0.423524,0.963877,0.605592,0.98424,-0.773587,-0.060648,0.388784,0.411261,-0.253553,-0.028125,0.431882,0.401418,-0.345084,-0.360448,-0.989001
-0.490655,-0.070571,-0.281445,-0.21891,0.801005,0.995504,0.302609,0.678221,0.086791,0.258479,-0.492894,-0.451951,0.364226,0.287441,-1.0
-0.46631,-0.403586,0.757117,-0.861265,0.34368,0.778033,0.650542,0.128336,0.189333,0.450416,-0.285855,-0.275386,0.243384,0.369589,-1.0
-0.080757,0.613558,0.408279,0.993625,0.332804,0.767646,0.864592,0.107983,0.252011,0.621637,-0.135597,-0.054087,0.454568,0.05822,-0.996546
0.894957,-0.126069,-0.410353,-0.564863,-0.270698,0.091391,0.358502,0.573827,-0.271044,0.110279,0.74844,-0.125913,-0.50971,-0.027026,-0.926385
-0.71437,0.031912,-0.138725,-0.005303,-0.470263,0.986562,0.6906,0.3021,-0.258827,0.496676,-0.051036,-0.252842,0.098851,0.553794,-1.0
-0.5446,0.113849,0.551333,-0.410311,-0.755667,0.443369,0.485347,0.066218,-0.329951,0.18153,0.221085,-0.369424,-0.312115,0.353811,-1.0
0.372647,0.72843,-0.304928,-0.082826,-0.409248,-0.637222,0.933934,0.733076,-0.443674,-0.571253,-0.024776,0.049697,-0.260245,-0.426394,-0.959397
-0.227879,-0.938126,0.517337,0.807875,-0.00991,0.416007,0.374912,0.541328,-0.014593,0.140757,-0.123438,-0.552359,0.055053,0.516075,-0.950205
-0.330102,0.910159,0.918544,-0.072456,0.756561,0.046729,0.412969,0.290352,0.338976,0.094397,-0.544916,0.40943,0.394206,-0.24356,-1.0
-0.821349,0.935398,-0.483186,0.184005,0.241817,0.179057,0.906955,0.441668,0.622839,0.406185,-0.065963,-0.017769,0.346314,-0.365538,-0.929178
-0.457218,-0.141628,0.071111,-0.93942,0.365612,0.189353,0.836088,0.728554,0.618258,0.383539,-0.170634,-0.122199,0.443716,0.205093,-0.998861
-0.584946,-0.423537,0.124151,0.790708,-0.992703,-0.326652,0.588033,0.408767,-0.368821,-0.212793,0.431174,-0.10157,-0.329582,0.18735,-0.984662
0.043041,0.743069,0.391245,0.908491,-0.174159,-0.950256,0.257966,0.670612,-0.07741,-0.22382,0.113085,0.742025,-0.105119,-0.533894,-0.962413
0.662655,-0.023277,0.702172,-0.742268,-0.554183,-0.913745,0.470176,0.066784,-0.150627,-0.30124,0.452264,0.364965,-0.390047,-0.265913,-1.0
-0.026296,-0.822916,0.076026,0.529382,-0.242571,0.246109,0.701624,0.985003,-0.400368,0.4361,0.069412,-0.251987,-0.150029,0.441658,-1.0
0.438069,0.550696,-0.885802,-0.452286,0.118353,0.836204,0.317642,0.553597,0.043921,0.198863,0.459132,-0.47192,-0.411306,0.352857,-1.0
-0.538362,0.210453,0.01082,-0.397585,0.970202,0.263149,0.544101,0.328591,0.398339,0.149472,-0.488565,-0.039978,0.393158,0.016068,-0.974869
0.27099,0.192679,0.70497,-0.167796,0.053354,0.938602,0.405781,0.81186,0.028979,0.263476,0.21867,-0.494157,-0.11685,0.497299,-1.0
0.283291,0.296021,-0.386977,0.791823,-0.170417,0.927943,0.535396,0.180591,-0.132904,0.44983,0.266388,-0.3337,-0.287782,0.44675,-1.0
0.388354,-0.811622,0.824971,-0.083373,-0.440745,-0.640381,0.906673,0.075153,-0.450847,-0.579707,0.096052,-0.058104,-0.537213,0.103822,-1.0
0.724691,0.923001,-9.4e-05,-0.841401,-0.542537,0.466453,0.973926,0.054562,-0.605805,0.472623,-0.039265,-0.025302,-0.564038,-0.21221,-1.0
-0.262589,0.572854,0.005065,0.647946,-0.736541,-0.452033,0.606138,0.016099,-0.392362,-0.228558,0.115505,0.333814,-0.186513,-0.44539,-1.0
-0.408358,-0.101382,-0.206719,-0.101568,0.280713,-0.269578,0.06866,0.933676,0.094137,-0.031994,-0.941326,0.192684,0.443759,-0.088962,-0.981411
-0.141781,-0.390183,0.152156,0.17459,0.265974,0.8061,0.017382,0.120314,-0.064422,0.082358,-0.314722,-0.861933,0.047794,0.459297,-1.0
0.430508,-0.248097,-0.573031,0.17403,-0.391885,-0.193575,0.207062,0.233627,-0.104388,-0.038758,0.79598,-0.062301,-0.568036,-0.044455,-0.994017
0.207133,0.41383,0.907251,-0.490224,-0.198186,-0.039888,0.013622,0.68479,-0.045339,0.038522,0.57645,0.680707,-0.441907,-0.305818,-0.98694
0.208606,-0.566572,0.130068,0.278247,0.563798,0.733123,0.323924,0.151486,0.223332,0.29347,-0.168492,-0.581679,0.179903,0.513411,-0.937817
0.844585,0.689962,-0.947115,0.770021,-0.233631,0.901857,0.289754,0.517243,-0.044831,0.253697,0.704081,-0.092619,-0.547595,0.091674,-0.972256
-0.36535,0.422515,0.60554,0.063328,-0.191061,-0.467416,0.084327,0.856166,-0.061484,-0.068309,-0.060877,0.813365,0.048608,-0.437044,-1.0
-0.444152,0.898195,0.972853,0.813416,-0.837706,0.378497,0.969981,0.552817,-0.683485,0.303411,-0.051528,0.100415,-0.263532,-0.420313,-1.0
-0.685779,0.954172,0.051731,-0.710487,-0.167646,0.117003,0.939758,0.492474,-0.656923,0.432287,-0.106283,0.131087,0.287549,-0.335885,-0.974188
0.142617,0.776317,0.568169,0.023118,-0.236961,0.606844,0.058878,0.482748,0.015255,0.049,0.792581,0.359126,-0.405939,-0.211919,-1.0
-0.845097,-0.389089,0.62667,-0.373534,0.770852,0.781804,0.502301,0.855248,0.265696,0.300289,-0.397918,-0.321529,0.432815,0.256859,-1.0
0.75295,-0.071053,0.538356,-0.63634,-0.260541,0.591684,0.735924,0.39747,-0.216939,0.525965,0.291929,-0.069717,-0.451184,0.317121,-0.954859
0.270299,0.063102,-0.603011,0.88348,0.475784,-0.726139,0.81016,0.998582,0.232082,-0.541488,-0.058893,0.163899,0.138467,-0.518293,-1.0
0.160519,0.04939,0.111956,0.755958,0.904351,-0.504259,0.754451,0.705656,0.571626,-0.262672,-0.138079,0.156048,0.417706,-0.338883,-0.936876
-0.604496,-0.624407,0.698291,-0.704739,0.234731,0.967457,0.910739,0.347394,0.144148,0.71694,-0.077604,-0.012784,0.156573,0.432562,-0.978996
0.370987,-0.261926,-0.169924,0.752325,-0.666515,-0.696989,0.830773,0.487945,-0.469586,-0.471829,0.12799,0.117661,-0.560644,-0.216735,-0.946927
-0.985651,0.717376,-0.168417,-0.019441,0.264517,-0.202975,0.81429,0.161427,0.468126,-0.399666,-0.254466,0.112344,0.363175,-0.235781,-0.919824
0.465406,0.1537,0.344269,0.009671,0.838139,-0.340463,0.9838,0.688,0.822972,-0.34706,0.006107,-0.003824,0.290672,-0.493204,-1.0
0.045066,-0.899608,0.265831,-0.629475,-0.76229,-0.180284,0.99386,0.127994,-0.855927,-0.161207,-0.019088,-0.024682,-0.297225,0.410131,-1.0
-0.300056,0.772009,0.969971,-0.086333,-0.069411,-0.755305,0.045983,0.271674,-0.023413,-0.033249,-0.112115,0.957487,0.026915,-0.47333,-1.0
0.604006,0.994376,-0.970477,-0.153693,0.555936,-0.113982,0.596552,0.169201,0.383917,-0.136273,-0.015091,0.378204,0.045708,-0.449968,-0.964576
-0.69955,-0.07001,-0.040889,-0.879642,-0.456393,0.939873,0.253306,0.583498,0.028717,0.196818,-0.172353,-0.69433,0.174533,0.473815,-1.0
-0.777379,0.469816,0.153245,0.050899,0.880517,-0.668832,0.727821,0.317125,0.423215,-0.237763,-0.297911,0.100471,0.38295,-0.260971,-0.966221
0.984354,0.111808,-0.828999,0.707026,-0.496344,-0.712231,0.498276,0.98522,-0.253625,-0.380437,0.507577,0.173799,-0.376317,-0.300803,-1.0
0.936974,0.66743,0.045804,-0.387775,0.328177,0.154083,0.188351,0.324629,0.154382,0.031974,0.599307,0.52639,-0.395358,-0.345825,-1.0
0.566782,-0.953511,-0.400478,-0.670713,-0.543224,-0.256383,0.818528,0.627697,-0.584856,-0.18983,0.176006,-0.137005,-0.357113,0.329806,-1.0
-0.491239,0.693586,0.719355,-0.583281,-0.766884,0.273744,0.10581,0.097711,-0.154742,0.038243,0.50531,0.846086,-0.241366,-0.39553,-1.0
0.338754,-0.84309,0.589871,0.897198,-0.847514,-0.120467,0.975665,0.120247,-0.746196,-0.161761,0.033017,0.005788,-0.35314,0.296035,-1.0
-0.309192,-0.935528,0.073601,-0.769438,-0.644337,0.239206,0.66453,0.599499,-0.505297,0.184341,0.134444,-0.34316,-0.105009,0.500169,-0.933414
0.207115,0.338112,-0.551136,-0.292719,-0.427293,0.769258,0.814088,0.338419,-0.24079,0.631708,0.138992,-0.080641,-0.468853,0.275409,-0.948908
0.888933,0.797871,0.337721,0.258311,0.485872,-0.719521,0.034481,0.088066,-0.115817,-0.051132,0.229895,0.919012,-0.038458,-0.321939,-1.0
0.948186,0.688518,0.419788,0.310237,0.944652,-0.306035,0.00486,0.98555,0.039894,0.031207,-0.030327,0.909474,0.008681,-0.501062,-0.96455
0.927554,0.722873,0.365219,-0.945504,-0.538107,0.200186,0.008014,0.213662,0.028306,-0.021388,0.975578,0.317129,-0.440111,-0.158021,-0.913132
0.715658,0.99257,0.473498,0.49804,0.257878,0.056941,0.336679,0.869998,0.301165,-0.010698,0.411923,0.601691,-0.210865,-0.370945,-0.987674
-0.428022,0.794436,-0.372637,0.569439,0.295139,0.994344,0.384671,0.141971,0.078237,0.214254,-0.599799,-0.147533,0.437887,0.10557,-0.953477
-0.390255,0.263582,0.578262,0.333223,-0.149574,0.4718,0.867118,0.082583,-0.144253,0.741263,-0.167733,-0.081027,0.408472,0.249736,-0.852317
-0.862772,-0.527731,-0.998421,0.911592,0.556309,0.664472,0.679058,0.150197,0.466031,0.403397,-0.283547,-0.167453,0.403278,0.355631,-1.0
-0.371328,-0.577864,0.485228,0.382197,-0.28894,0.359614,0.657322,0.679374,-0.380643,0.353971,0.032693,-0.343408,0.023406,0.449262,-1.0
-0.60809,0.16901,0.474188,0.889506,0.317953,0.019346,0.443796,0.465104,0.285767,0.030228,-0.493275,-0.001942,0.455264,-0.090375,-0.878035
0.690472,0.880593,-0.156623,-0.717261,0.826187,0.657535,0.460586,0.171792,0.2461,0.295774,-0.328974,0.449833,0.275945,-0.470955,-0.98725
-0.522928,-0.948444,-0.5413,-0.439023,-0.295627,0.757536,0.142962,0.319052,-0.043427,0.152422,-0.131453,-0.847292,0.01875,0.508684,-0.983139
0.019523,-0.240771,0.099504,-0.236574,0.913295,-0.205001,0.711922,0.453347,0.570339,-0.10279,-0.349394,0.030405,0.506634,0.019923,-1.0
0.126336,0.594045,-0.401158,-0.944726,-0.141604,-0.319923,0.750801,0.933554,-0.216415,-0.435688,0.077772,0.242664,-0.22527,-0.525514,-1.0
0.024599,-0.237098,-0.319959,-0.246856,0.259293,0.561138,0.720695,0.423219,0.234941,0.507644,-0.028134,-0.23463,0.168131,0.464496,-1.0
-0.756258,0.958136,-0.070927,0.410415,-0.303415,-0.26861,0.827714,0.018265,-0.480521,-0.464032,-0.102921,0.114412,0.163008,-0.529814,-0.955529
0.177408,-0.29898,-0.877145,-0.461578,0.754943,0.498974,0.719744,0.739917,0.531675,0.322618,-0.179601,-0.281996,0.303677,0.451749,-1.0
0.422269,0.21667,0.630333,-0.879022,-0.081888,-0.189174,0.183929,0.581725,-0.044058,-0.055652,0.581015,0.589284,-0.287013,-0.325887,-1.0
-0.910532,-0.264603,-0.867405,-0.696987,0.617357,0.386215,0.197144,0.143362,0.07559,0.155917,-0.743161,-0.280056,0.448562,0.218492,-0.985545
-0.011006,-0.632761,-0.964654,-0.725948,-0.192323,0.565424,0.440146,0.100043,-0.070681,0.388366,0.031892,-0.481372,-0.073247,0.497374,-0.946323
-0.036774,0.135346,-0.813911,-0.394897,0.161819,-0.231546,0.153708,0.820893,0.114619,-0.132262,-0.435993,0.775014,0.292809,-0.491801,-1.0
-0.794074,-0.703972,-0.591049,-0.054704,-0.960966,0.132782,0.426179,0.255809,-0.371434,0.109658,0.094786,-0.646486,-0.025682,0.550328,-1.0
0.993664,-0.001888,0.095627,0.449638,0.473583,-0.150243,0.049196,0.24617,0.064873,-0.044925,0.975398,0.212278,-0.38534,-0.263519,-0.978817
-0.379885,-0.918608,0.949567,-0.352454,-0.105007,0.579712,0.98581,0.819938,-0.122547,0.840846,0.074545,-0.004466,0.082962,0.504657,-0.988588
0.551412,0.147458,0.862443,0.605245,-0.450499,-0.894199,0.056345,0.349287,-0.01063,-0.091883,0.607077,0.628725,-0.34737,-0.373192,-1.0
0.830852,0.150641,0.202725,-0.832447,0.029206,0.672581,0.61078,0.602873,-0.003535,0.468569,0.349615,-0.172443,-0.37782,0.258621,-1.0
-0.401758,-0.070426,-0.405738,0.445166,0.350271,-0.99957,0.83181,0.878941,0.174527,-0.583156,-0.101749,0.157935,0.367094,-0.400753,-1.0
-0.015824,0.059391,0.471949,0.621942,-0.492165,0.022224,0.22158,0.70519,-0.127595,0.018744,0.703065,0.100983,-0.447982,-0.039488,-1.0
0.015591,0.534063,-0.008556,0.870685,0.409336,-0.472132,0.494462,0.745248,0.343292,-0.391016,-0.073471,0.450584,0.23101,-0.41501,-0.946062
-0.892227,-0.493601,0.964934,-0.117502,0.370139,0.359693,0.186318,0.316712,0.068739,0.056127,-0.635488,-0.414481,0.40384,0.343957,-1.0
-0.055859,0.456125,0.53836,-0.409512,0.150162,-0.612938,0.082804,0.837194,0.056486,-0.038839,-0.200732,0.904103,0.079706,-0.460184,-1.0
-0.495765,-0.134562,-0.613021,-0.072605,0.074203,-0.198042,0.869501,0.901585,0.30173,-0.687471,-0.154898,-0.078006,0.485187,-0.121307,-0.953657
-0.303842,0.589039,0.436267,0.648985,-0.004487,-0.294145,0.412486,0.414094,-0.08577,-0.26418,-0.133063,0.594001,0.117832,-0.587509,-1.0
-0.131719,-0.28793,0.811123,-0.858221,0.51177,-0.243803,0.031754,0.165127,0.027784,-0.019735,-1.0,-0.052528,0.488564,0.028112,-1.0
-0.002684,-0.186383,-0.876276,-0.029516,-0.995348,0.155384,0.081465,0.263795,-0.188473,0.07658,0.876656,-0.289579,-0.382181,0.089071,-1.0
0.073324,-0.021939,0.334102,-0.221888,0.3203,-0.647816,0.450141,0.293243,0.166495,-0.222539,-0.267167,0.555263,0.228252,-0.520636,-1.0
0.104238,0.041335,-0.328102,-0.994008,0.964231,0.039119,0.421644,0.010927,0.27946,0.090767,-0.560962,-0.069698,0.494295,-0.068441,-0.973729
-0.056683,-0.786375,-0.825766,0.769637,-0.950415,0.519616,0.765507,0.15557,-0.526183,0.330895,0.180983,-0.252905,-0.292371,0.495458,-0.997655
0.633867,-0.929896,0.784634,0.876213,0.582034,0.677697,0.929533,0.008721,0.519961,0.482281,-0.092536,-0.089508,-0.018988,0.423102,-1.0
-0.581216,-0.298013,-0.854392,-0.757719,-0.189831,0.810178,0.517832,0.162804,-0.047466,0.354326,-0.149818,-0.42692,0.136331,0.576082,-1.0
0.835887,0.522227,-0.375713,-0.466106,-0.258974,-0.753358,0.934663,0.281932,-0.178482,-0.673894,0.099156,0.013841,-0.372575,-0.382706,-0.915662
0.960826,-0.010095,0.975994,0.058115,-0.305533,-0.539481,0.547563,0.14327,-0.19372,-0.370157,0.419613,0.165796,-0.619724,-0.248443,-0.955287
-0.61862,0.877121,-0.255511,0.941667,-0.78534,0.923434,0.547357,0.854895,-0.198783,0.357783,0.451152,-0.116649,-0.456199,0.217484,-1.0
-0.361132,0.848561,-0.200539,-0.334009,-0.767694,-0.357588,0.499822,0.006787,-0.36128,-0.209853,0.138057,0.50151,-0.321606,-0.390805,-1.0
0.662466,0.654124,-0.64545,-0.362891,0.65383,-0.581743,0.731228,0.828195,0.326253,-0.37445,-0.070093,0.343788,0.040753,-0.409134,-1.0
0.485199,-0.505574,0.498886,0.539371,-0.983716,0.602037,0.34852,0.830119,-0.24144,0.155475,0.465091,-0.334869,-0.314865,0.264839,-1.0
0.172339,-0.504464,0.994712,-0.754927,0.965885,0.73499,0.745668,0.191054,0.47859,0.300728,-0.15924,-0.293808,0.226315,0.490228,-0.972022
-0.83319,-0.484575,0.306697,0.356529,-0.244649,0.676137,0.988859,0.656414,-0.273976,0.786232,-0.032669,-0.088389,0.295812,0.401668,-1.0
-0.75333,-0.2139,-0.551391,0.136173,-0.957829,-0.338674,0.25108,0.483301,-0.176798,-0.078134,0.752308,0.396839,-0.38653,-0.197401,-0.926742
-0.068201,-0.59657,-0.236596,-0.864868,-0.779264,-0.228574,0.343031,0.876512,-0.209501,-0.081537,0.584091,-0.261044,-0.39569,0.241347,-1.0
0.12024,-0.60233,-0.487645,-0.190418,0.649539,0.715827,0.633342,0.382549,0.292585,0.374447,-0.09866,-0.344621,0.18973,0.42653,-1.0
-0.403649,-0.773127,-0.287832,-0.458417,0.368635,0.698368,0.945849,0.546425,0.293325,0.684188,0.015273,-0.127979,0.319871,0.512647,-1.0
0.609101,0.080398,-0.245997,-0.538505,-0.130688,0.409125,0.177058,0.584983,0.024916,0.178093,0.808222,-0.288752,-0.423654,0.182868,-0.999108
0.989203,0.414764,-0.764407,-0.482162,-0.39329,-0.555373,0.334794,0.376435,-0.080734,-0.192944,0.588852,0.397299,-0.445487,-0.284184,-1.0
-0.379099,-0.59833,-0.338095,-0.594128,-0.138801,-0.334256,0.399147,0.668583,-0.154576,-0.302323,-0.353631,-0.421909,0.328798,0.345318,-0.967249
0.598772,-0.696732,-0.603309,-0.858692,0.201374,-0.015022,0.88065,0.084346,0.689368,-0.043042,0.156429,-0.061108,-0.3217,0.340552,-0.954876
-0.290451,-0.144103,0.880388,-0.300736,0.557321,0.689159,0.39639,0.819744,0.228794,0.329395,-0.488914,-0.460052,0.40214,0.28657,-1.0
-0.683531,0.216423,-0.794965,0.743702,0.082128,-0.081156,0.983806,0.419778,0.61246,-0.548403,-0.067969,-0.007854,0.474607,-0.242645,-0.904548
-0.457808,0.686867,-0.16697,0.04216,-0.584206,0.260008,0.951276,0.229779,-0.754181,0.287943,-0.055022,0.077867,-0.235091,-0.50481,-0.973883
-0.694736,0.919418,-0.929163,-0.859966,-0.091455,0.517199,0.399888,0.885082,-0.015224,0.332021,-0.442698,0.245121,0.45407,-0.326739,-0.99064
-0.294325,-0.140227,0.081658,0.460092,-0.147773,0.565555,0.801108,0.741442,-0.186446,0.663,-0.020483,-0.199412,0.188893,0.456097,-0.877302
0.895464,-0.611839,0.773596,0.020919,0.013721,0.838897,0.125678,0.93406,0.054194,0.166106,0.454286,-0.707624,-0.270959,0.420912,-1.0
0.564793,0.38961,-0.61095,0.347626,-0.416878,0.979235,0.443769,0.099012,-0.180087,0.285446,0.514266,-0.290058,-0.3808,0.291308,-1.0
-0.16464,-0.48556,0.167431,-0.370978,-0.667139,0.800404,0.620604,0.357601,-0.345739,0.424429,0.016938,-0.365355,-0.050499,0.404358,-0.990794
-0.569959,0.069388,0.833917,-0.67072,0.015404,0.238502,0.658507,0.252938,0.078493,0.541888,-0.28063,-0.175678,0.518126,-0.031993,-0.92219
0.535939,0.973016,-0.2815,-0.259571,-0.083889,0.582768,0.076348,0.981418,0.081866,0.075431,0.823178,0.516768,-0.397436,-0.233073,-1.0
-0.775119,0.579621,-0.546954,0.921472,-0.318666,-0.898461,0.7437,0.286569,-0.181212,-0.598509,-0.113755,0.367925,0.086389,-0.492957,-0.964597
-0.57337,-0.668332,0.57089,0.111284,0.964112,-0.555014,0.058742,0.179597,-0.008165,0.019357,-1.0,-0.010562,0.541619,-0.054657,-1.0
-0.781152,0.623169,-0.899808,0.153712,0.057507,0.286545,0.418585,0.093639,0.041021,0.312898,-0.530606,0.216737,0.390331,-0.251489,-0.983643
-0.002556,-0.837939,-0.40014,-0.721658,0.366919,-0.014147,0.660579,0.495741,0.525052,0.016872,-0.222328,-0.257195,0.17065,0.444194,-1.0
0.943977,-0.085032,0.110712,-0.671903,0.132442,0.553612,0.861996,0.414483,0.123782,0.737894,0.087919,-0.177403,-0.334178,0.292976,-0.994464
-0.310321,0.675004,0.644843,0.453065,-0.144421,-0.02305,0.084091,0.82486,-0.105363,-0.005392,-0.285781,0.907094,0.191259,-0.395602,-1.0
-0.716102,0.092539,-0.110415,0.81138,0.798419,0.945192,0.577164,0.729576,0.324267,0.398192,-0.364929,-0.23021,0.425116,0.235878,-0.939953
0.514413,-0.774768,0.923913,-0.262997,-0.409107,-0.077498,0.720162,0.903044,-0.549453,0.006164,0.250042,-0.264991,-0.34123,0.236497,-1.0
-0.842289,-0.093716,0.380824,0.017846,-0.213989,0.655069,0.913252,0.915559,-0.169411,0.664427,-0.079011,-0.075079,0.269706,0.197848,-0.992715
0.63437,-0.151134,0.120926,0.797226,0.830717,0.152624,0.05888,0.194838,0.11202,0.07072,-0.477292,-0.814179,0.213441,0.421666,-1.0
0.811192,0.837198,-0.420485,0.947936,0.150843,-0.529526,0.355615,0.699535,0.077766,-0.170509,0.319083,0.52812,-0.290753,-0.500011,-0.90156
-0.8208,-0.23533,-0.064677,0.022463,-0.374256,0.891861,0.504886,0.163182,-0.198608,0.34963,-0.179898,-0.510275,0.200906,0.412347,-0.961236
0.24487,-0.127476,-0.130933,0.876066,-0.070007,-0.860232,0.88266,0.115602,-0.097048,-0.58094,0.150877,0.099446,-0.204351,-0.52513,-0.994862
0.677003,-0.167436,0.636668,0.765015,0.189745,-0.545059,0.549913,0.822921,0.203184,-0.492573,0.342404,0.249536,-0.399885,-0.228532,-1.0
0.607972,-0.100209,-0.772774,0.563,-0.454719,0.599689,0.769514,0.006394,-0.340614,0.543146,0.168625,-0.110235,-0.501004,0.324745,-0.918413
-0.455468,0.256205,0.966632,0.56131,0.327479,0.910205,0.554026,0.422196,0.034564,0.372423,-0.292958,-0.272685,0.374798,0.353454,-1.0
0.459569,0.839277,-0.068602,0.079644,-0.989054,-0.948898,0.595831,0.526149,-0.328945,-0.315918,0.190969,0.2969,-0.31538,-0.422092,-1.0
0.193531,-0.352333,0.707616,0.585431,-0.304494,0.570533,0.387433,0.591134,-0.206588,0.281371,0.29955,-0.5682,-0.244659,0.419351,-1.0
-0.709258,-0.439444,-0.011396,-0.847299,-0.043237,0.730025,0.880901,0.060837,-0.03542,0.724636,-0.083736,-0.051638,0.242788,0.536549,-1.0
0.357556,-0.014397,0.48119,0.116321,-0.016076,-0.644435,0.169988,0.037872,0.019268,-0.115447,0.246692,0.679961,-0.298335,-0.453019,-1.0
0.774064,0.032636,-0.94319,0.568296,-0.517424,-0.94461,0.983109,0.676978,-0.351786,-0.600245,-0.006094,-0.080347,-0.399054,-0.262354,-0.991485
0.303562,-0.966792,0.931109,-0.657979,0.38572,-0.156875,0.478703,0.454679,0.341447,-0.148121,-0.130252,-0.584993,0.091915,0.525649,-0.969521
0.766923,-0.185654,-0.222926,-0.13421,0.044693,-0.853669,0.039626,0.92782,0.056042,-0.030351,0.677975,0.60578,-0.34047,-0.334413,-1.0
0.770859,0.287422,0.051864,-0.412154,-0.747051,0.985884,0.900068,0.886162,-0.332986,0.529713,0.104863,-0.069312,-0.540785,0.107601,-1.0
-0.789774,-0.109691,0.949727,0.500571,0.487114,-0.978989,0.326923,0.830109,0.197264,-0.196762,-0.505303,0.412451,0.454564,-0.283147,-0.932021
0.012252,0.133593,-0.465525,-0.059026,-0.203234,-0.023651,0.653109,0.841925,-0.503564,-0.062396,0.292246,0.320365,-0.404507,-0.304942,-0.946211
-0.457996,-0.694512,-0.191898,0.810004,0.058144,-0.995805,0.61181,0.159879,0.025398,-0.429865,-0.326323,0.212474,0.455702,-0.251518,-0.945865
0.804917,0.548418,0.859138,0.024139,-0.242182,-0.38247,0.468628,0.300504,-0.235039,-0.293033,0.364039,0.400204,-0.302376,-0.386021,-1.0
0.316248,-0.920515,0.466663,-0.80098,-0.469067,-0.531327,0.370834,0.047567,-0.188743,-0.186425,0.648395,-0.298282,-0.50059,0.232466,-1.0
-0.992233,-0.190774,0.135313,-0.777277,-0.589019,0.280347,0.750738,0.303474,-0.502902,0.260007,-0.207619,-0.250655,0.431825,0.381277,-0.904385
-0.89779,0.968698,-0.597761,-0.838633,0.137984,0.503748,0.533904,0.811949,0.072733,0.391408,-0.36173,0.10582,0.509056,-0.201699,-0.986967
0.430656,0.164512,0.11714,0.660827,-0.7429,0.825297,0.836604,0.047919,-0.487149,0.452606,0.155318,-0.107843,-0.347503,0.236075,-0.93716
-0.579368,0.228156,-0.813053,-0.267799,-0.227818,0.381875,0.037876,0.96294,-0.016806,-0.01734,-0.80549,-0.350253,0.49742,0.221853,-1.0
0.710747,-0.994292,0.140371,0.597951,0.75113,0.23059,0.954103,0.124221,0.806966,0.169487,-0.077666,-0.116954,0.001595,0.478657,-0.879729
-0.959368,0.650427,-0.523912,-0.181516,0.628195,0.92684,0.980071,0.369363,0.398634,0.684581,0.032979,-0.045889,0.496711,0.049083,-0.970886
-0.617608,-0.83014,0.374559,-0.729741,0.776486,-0.289238,0.543613,0.105972,0.491425,-0.169997,-0.393026,-0.197047,0.534763,0.208713,-1.0
-0.794811,-0.591618,-0.806735,-0.144563,-0.288564,0.764218,0.644364,0.081968,-0.205359,0.448709,-0.148641,-0.270096,0.092794,0.455694,-0.960502
0.887383,-0.753028,0.87449,-0.09028,-0.037833,-0.854258,0.390738,0.991201,0.077916,-0.284933,0.590661,0.044706,-0.498936,-0.032814,-0.965819
-0.316139,0.662629,-0.710952,-0.913892,0.348117,0.994543,0.103378,0.321736,-0.070438,0.061062,-0.761815,-0.392215,0.426369,0.161602,-1.0
-0.795263,0.97247,-0.134904,-0.167416,-0.778484,0.115874,0.982726,0.181358,-0.719724,0.073756,0.013646,-0.051991,0.025315,-0.443205,-0.972545
0.677713,-0.06816,-0.905392,0.314517,-0.973725,-0.217156,0.256212,0.754565,-0.223504,-0.036681,0.793917,0.058306,-0.574857,-0.119736,-0.962979
-0.260576,0.779229,0.019621,-0.278865,0.56957,-0.734671,0.543343,0.321762,0.237703,-0.399267,-0.235755,0.294991,0.216315,-0.385988,-1.0
-0.182053,0.230493,-0.309059,0.997755,-0.543634,0.023276,0.1473,0.871411,-0.209363,0.040759,0.725924,0.339599,-0.281618,-0.177567,-0.978114
-0.838376,-0.485629,0.16354,0.325436,-0.237671,0.160736,0.938451,0.53111,-0.617463,0.377829,-0.048374,-0.043981,0.299677,0.36795,-0.956048
0.165411,0.756688,-0.306433,-0.386936,0.786529,-0.414348,0.671949,0.935094,0.438,-0.174545,-0.201076,0.342192,0.223653,-0.395979,-0.963113
0.756494,0.487955,0.090395,0.319033,0.227973,0.618867,0.280167,0.100545,0.03022,0.250181,0.66719,-0.159838,-0.49487,0.111099,-1.0
0.546847,0.213484,-0.864591,0.438533,-0.209263,-0.376622,0.292875,0.329869,-0.144324,-0.282946,0.504876,0.389751,-0.319855,-0.30439,-0.940202
0.181274,0.265275,0.34242,-0.30848,0.225323,0.181999,0.498251,0.926798,0.428353,0.228035,-0.210724,0.423363,0.259946,-0.49744,-1.0
0.494068,0.057467,0.692876,-0.166744,0.154919,0.983091,0.895887,0.267468,0.201451,0.665377,0.059716,-0.117699,-0.15804,0.499376,-1.0
-0.26906,-0.73059,0.70224,0.596091,0.021996,0.185718,0.01247,0.112573,-0.08387,0.070022,-0.324107,-0.941261,0.174231,0.49393,-0.938315
-0.532861,-0.48329,-0.487525,0.593217,-0.643537,-0.772131,0.636805,0.942702,-0.386153,-0.349661,0.140375,0.315221,-0.131851,-0.465341,-1.0
-0.880185,0.537176,0.593,0.620054,-0.069351,0.200273,0.070069,0.256266,0.036158,0.057311,-0.971095,0.426142,0.473725,-0.159858,-0.994799
0.601494,-0.139424,0.93533,0.577759,0.757023,-0.646515,0.890384,0.680208,0.552966,-0.468105,-0.067179,0.11549,0.168066,-0.565934,-0.941861
-0.052913,-0.028156,0.801397,-0.718635,0.501174,-0.225235,0.617591,0.357556,0.393426,-0.233772,-0.3787,0.11087,0.388412,-0.196874,-0.991231
0.583624,0.926464,-0.388474,0.715279,0.443789,0.592871,0.09132,0.142793,-0.027109,0.026723,0.29462,0.853713,-0.131381,-0.491894,-1.0
0.117778,0.716096,-0.398763,0.809353,0.477186,-0.743864,0.010645,0.062811,-0.082955,0.049768,-0.243459,1.0,0.17647,-0.48639,-0.964912
0.691453,-0.129786,-0.584228,-0.027545,0.49155,-0.525722,0.687898,0.436879,0.338334,-0.440673,0.210823,0.312403,-0.17635,-0.436511,-0.928246
-0.101898,-0.87546,0.399189,-0.0669,0.798242,-0.793116,0.934328,0.961079,0.576369,-0.525092,-0.037616,-0.066885,0.484119,0.039036,-1.0
0.606412,0.971121,-0.407123,-0.322516,-0.977675,0.840072,0.039335,0.51339,-0.006525,0.120423,0.896795,0.167699,-0.470755,-0.10116,-1.0
0.402418,-0.067117,0.542713,0.670543,-0.365821,-0.917219,0.005603,0.004579,0.002917,0.104707,0.606553,0.802159,-0.260287,-0.287931,-0.89796
0.104609,0.523375,0.284356,-0.587266,0.40176,0.999028,0.45615,0.421118,0.130203,0.356776,-0.288884,-0.424405,0.212518,0.367826,-0.999661
0.588201,-0.321992,0.28352,-0.372346,-0.24683,0.924988,0.351183,0.995367,-0.140021,0.251628,0.317315,-0.506961,-0.241191,0.423456,-0.975679
-0.930133,0.259649,0.114464,0.440229,0.243545,0.542981,0.147819,0.49623,0.066201,0.09447,-0.835227,-0.168879,0.478917,0.20784,-0.904157
-0.401431,0.289041,-0.167152,0.682122,-0.770866,-0.316811,0.447287,0.074982,-0.31301,-0.079066,0.327912,0.427043,-0.290584,-0.375809,-0.977355
-0.937156,-0.20714,0.956697,-0.266957,-0.0663,-0.730201,0.001832,0.769195,-0.040968,-0.014222,-0.896766,0.58027,0.325291,-0.273946,-0.952471
-0.754202,-0.977046,-0.114721,0.171481,-0.065799,-0.810894,0.157869,0.547977,0.06043,-0.089052,-0.777581,-0.161815,0.506388,0.152598,-1.0
0.711512,0.722833,-0.156776,-0.356972,0.047234,-0.683738,0.239607,0.03519,0.004348,-0.158023,0.296715,0.703567,-0.207149,-0.491808,-0.983457
-0.382031,-0.906726,-0.258525,0.585794,0.243063,0.339078,0.694825,0.452211,0.346291,0.468295,-0.117152,-0.405263,0.209961,0.353463,-1.0
0.268044,-0.410682,0.530294,-0.642263,-0.493835,0.616068,0.370192,0.802796,-0.181709,0.152293,0.339853,-0.509715,-0.27933,0.434464,-0.965366
0.656059,-0.128876,0.170307,0.823801,-0.195736,0.720792,0.655291,0.312284,-0.1192,0.533486,0.324092,-0.265615,-0.353222,0.380068,-0.954141
0.699204,0.351479,0.806803,0.769864,0.157305,-0.472698,0.153148,0.292669,-0.007859,-0.202806,0.488023,0.77839,-0.258063,-0.401427,-0.939457
0.073341,-0.059488,-0.289495,-0.834451,0.440689,-0.827445,0.742554,0.754854,0.272063,-0.574576,-0.160985,0.234862,0.160693,-0.405986,-0.935997
0.668589,-0.733625,-0.33227,0.013438,0.681308,0.679587,0.019151,0.525433,-0.053313,0.02248,-0.055173,-1.0,-0.081926,0.483906,-0.998581
0.613198,-0.505462,-0.184277,0.440527,0.01383,-0.881047,0.942902,0.921704,0.053815,-0.689215,0.095073,0.001687,-0.384728,-0.302536,-1.0
0.641626,-0.075649,0.456453,-0.294027,-0.633036,-0.597275,0.711051,0.890766,-0.342797,-0.377668,0.28041,0.131018,-0.445627,-0.274221,-0.945275
-0.774495,-0.390722,0.61429,0.351121,0.72877,-0.131595,0.500628,0.915239,0.355071,-0.096834,-0.460828,-0.125365,0.479829,0.014146,-1.0
0.963343,-0.310203,-0.657412,0.427724,0.091355,0.704368,0.732611,0.829693,0.038035,0.529376,0.15443,-0.159216,-0.252721,0.364351,-0.89042
0.375255,-0.815796,0.875657,-0.946515,0.648285,0.907943,0.771643,0.151525,0.324109,0.559615,-0.092861,-0.324506,0.004264,0.48103,-1.0
-0.377785,0.9675,-0.574481,-0.860437,-0.233489,-0.037636,0.28591,0.271021,-0.235424,-0.087322,-0.054949,0.77894,0.101388,-0.524076,-1.0
0.117749,0.400218,0.070062,0.784804,0.766448,-0.781466,0.97361,0.067681,0.555843,-0.446911,0.048106,-0.022865,0.258721,-0.430707,-1.0
-0.259892,-0.496724,-0.172936,-0.676353,0.472988,0.773438,0.998477,0.663516,0.441902,0.652739,0.004572,0.005488,0.218641,0.437253,-1.0
-0.056734,0.456912,-0.308271,-0.249783,-0.447521,0.611258,0.313279,0.744746,-0.088147,0.264287,0.675441,-0.255427,-0.49145,0.188894,-1.0
-0.680713,0.281162,0.45716,-0.385161,0.173779,0.609676,0.12044,0.152266,-0.039876,0.099557,-0.854418,-0.416438,0.489357,0.204446,-0.990351
-0.509187,0.327029,0.758916,-0.480114,0.243723,-0.442108,0.052956,0.289624,-0.002165,0.034871,-0.639462,0.794799,0.389205,-0.319866,-1.0
8.1e-05,0.095753,0.803947,0.108696,0.599579,-0.883524,0.579809,0.19853,0.302888,-0.403005,-0.270149,0.386361,0.226406,-0.432522,-0.953038
0.616542,0.093126,0.205685,0.389057,-0.654437,0.436627,0.783381,0.519558,-0.574846,0.377392,0.127971,-0.11193,-0.556649,0.188774,-1.0
0.133805,0.147668,0.278977,-0.519789,0.069282,0.884783,0.351045,0.99223,0.008365,0.375128,0.098592,-0.603184,-0.019709,0.531078,-0.980786
-0.98671,-0.317992,-0.366566,0.546198,0.278483,0.706862,0.48254,0.206693,0.15409,0.272494,-0.346758,-0.1154,0.412281,0.327464,-1.0
-0.191864,-0.320528,0.183375,0.622974,-0.040281,-0.262092,0.292933,0.556487,-0.059812,-0.274268,-0.654385,-0.209418,0.393363,0.110005,-0.970413
0.209232,-0.803426,0.875104,-0.418381,0.598669,0.496499,0.780927,0.522314,0.448463,0.354349,-0.101875,-0.214225,0.188306,0.495155,-1.0
-0.716507,0.925348,0.138859,0.476421,-0.909258,0.594584,0.412435,0.745828,-0.278033,0.17627,0.347325,0.498675,-0.250739,-0.438447,-0.945486
0.652334,0.084573,-0.699852,0.269656,0.8661,0.111418,0.097053,0.418824,0.047703,-0.007032,-0.879508,-0.098286,0.496578,0.042423,-0.946247
-0.169869,-0.748375,0.589592,0.135228,0.283666,-0.757524,0.563667,0.414248,0.097426,-0.389729,-0.47856,0.073907,0.500335,0.02961,-1.0
-0.4599,-0.9504,0.764888,-0.118398,-0.858541,0.806291,0.23953,0.041279,-0.1517,0.177101,0.109028,-0.811675,-0.147482,0.456862,-0.964526
-0.823891,-0.934614,-0.79768,0.959886,-0.097313,-0.401695,0.992607,0.155597,-0.071232,-0.745147,-0.009891,-0.035814,0.422697,0.179105,-1.0
-0.599903,0.186451,-0.86136,-0.858228,-0.704572,-0.599789,0.560681,0.813384,-0.388493,-0.310431,0.002408,0.395808,-0.037129,-0.513341,-1.0
-0.936419,-0.725451,-0.153354,0.687369,0.04616,0.08483,0.720107,0.683763,0.393729,0.507709,-0.282218,-0.232734,0.421632,0.293124,-0.998746
-0.104305,0.576432,0.84845,0.034518,-0.631439,0.019105,0.095836,0.401403,-0.112987,-0.038696,0.579016,0.617524,-0.3145,-0.289115,-0.980759
-0.759072,0.60614,0.302512,-0.543253,0.849596,0.728108,0.081326,0.845146,0.089858,0.0557,-0.891296,-0.044088,0.452822,-0.013569,-1.0
0.381679,-0.750593,0.653198,-0.209054,0.490345,0.079873,0.857975,0.27828,0.713293,0.180243,-0.05986,-0.179854,0.100975,0.530959,-0.931529
0.326471,0.900298,-0.176419,-0.059471,-0.498641,0.697519,0.064236,0.523601,0.065869,0.011823,0.919018,0.176929,-0.373638,-0.044108,-1.0
-0.852283,0.345127,0.146261,-0.958507,0.727023,-0.317289,0.520754,0.77199,0.438977,-0.281576,-0.485983,0.158251,0.550277,-0.275856,-1.0
-0.50178,0.126934,-0.513053,-0.828308,0.993603,0.506939,0.755383,0.577672,0.564039,0.325076,-0.260206,-0.111282,0.491726,0.140922,-0.983028
0.107875,0.161285,0.326793,0.24291,-0.058935,-0.470286,0.980062,0.902817,0.034623,-0.757654,-0.084607,-0.01083,-0.081543,-0.415758,-1.0
0.197516,-0.870156,-0.660098,0.341771,-0.758242,-0.909156,0.373527,0.977253,-0.21344,-0.11581,0.673224,-0.027506,-0.460277,-0.020355,-0.952135
-0.379255,-0.971253,0.86219,0.047228,0.080188,-0.89899,0.458983,0.663629,0.018863,-0.42605,-0.370966,-0.057704,0.507844,0.130405,-0.983459
0.325027,-0.02636,0.447831,0.388209,-0.504558,-0.153557,0.285654,0.552952,-0.266121,-0.074077,0.708783,0.048665,-0.503652,-0.097476,-1.0
0.078163,0.6314,0.106263,-0.779262,0.125906,-0.525784,0.114888,0.226728,-0.000573,-0.090361,-0.078939,0.972839,0.096017,-0.441013,-0.95745
-0.221463,-0.325699,0.305879,0.029013,-0.429116,-0.203592,0.56653,0.49002,-0.423661,-0.186735,0.445915,-0.111076,-0.509391,0.179696,-0.987807
-0.292411,0.756814,-0.25882,-0.903847,0.738545,0.458345,0.837944,0.154132,0.576614,0.322866,-0.229986,0.005075,0.429054,-0.165827,-1.0
0.578673,-0.901464,-0.943671,-0.861078,-0.629807,0.744255,0.128679,0.995797,-0.033785,0.089657,0.477689,-0.708849,-0.298352,0.423229,-1.0
-0.777636,-0.593271,-0.647176,0.456465,-0.454021,-0.56103,0.164176,0.405323,-0.12985,-0.156828,-0.903111,-0.165942,0.491785,0.02283,-1.0
0.461274,0.698363,0.563881,0.38056,-0.797945,-0.519653,0.078671,0.621207,-0.067408,-0.074977,0.618594,0.602857,-0.37636,-0.299908,-0.992154
-0.773078,0.837867,0.641899,-0.849004,0.92857,-0.918298,0.139831,0.811158,0.176196,-0.061922,-0.71913,0.6595,0.339214,-0.377898,-0.99432
0.604417,-0.655125,0.600636,-0.659193,0.633928,0.485905,0.461529,0.328414,0.30457,0.252568,-0.029016,-0.523737,0.057584,0.487616,-0.986531
0.425286,-0.879737,-0.581192,0.12206,-0.650391,-0.526707,0.65672,0.370202,-0.414193,-0.307126,0.235228,-0.111699,-0.493212,0.1551,-0.988891
0.421565,-0.692193,-0.624392,0.28908,-0.315461,0.887745,0.485088,0.203224,-0.158178,0.38048,0.192016,-0.505599,-0.157916,0.379488,-1.0
0.645742,0.746948,-0.706227,0.840284,-0.600917,-0.722046,0.456838,0.513869,-0.208743,-0.31721,0.328876,0.417781,-0.305931,-0.39662,-0.934372
-0.471337,0.623137,0.171793,0.352275,-0.785981,-0.448917,0.90025,0.758346,-0.696656,-0.451827,0.008852,0.018742,-0.209235,-0.500301,-1.0
-0.524157,-0.439563,-0.230798,-0.841044,-0.218485,-0.97545,0.01873,0.679496,0.011536,0.03461,-0.469697,0.850396,0.260587,-0.471999,-1.0
-0.970351,-0.70553,-0.407221,0.668102,0.207074,-0.944362,0.106026,0.682494,0.039207,-0.118768,-0.814592,0.13987,0.471105,-0.113286,-1.0
-0.625991,-0.291772,-0.870937,0.128216,-0.091137,0.144306,0.707758,0.15821,-0.400379,0.397111,-0.286927,-0.251458,0.324319,0.3419,-1.0
-0.457716,-0.521582,-0.439052,0.619917,0.081499,0.886444,0.037233,0.88597,0.01224,0.006599,-0.327967,-0.878238,0.176608,0.496066,-1.0
0.247942,0.993606,-0.89047,-0.498244,0.281294,-0.508529,0.740066,0.3737,0.293253,-0.476381,0.075833,0.242407,0.035434,-0.462942,-0.998683
-0.375459,0.206018,-0.441251,0.304433,-0.409323,0.067058,0.534632,0.172879,-0.439602,0.080207,0.150012,0.43042,-0.171515,-0.560589,-1.0
0.64752,-0.644657,-0.144291,-0.481082,-0.938223,0.077894,0.635692,0.689965,-0.487863,0.047481,0.292938,-0.155336,-0.529348,0.344719,-0.991976
-0.650677,-0.49848,-0.062881,-0.966825,-0.63353,0.344314,0.013624,0.553118,0.059691,-0.065092,0.024206,-1.0,0.006774,0.509503,-0.976036
0.552292,0.158713,0.772511,0.407055,0.146288,-0.593879,0.086567,0.748909,-0.017169,-0.075506,0.395392,0.800282,-0.259033,-0.467471,-0.940759
0.649955,-0.092218,-0.838987,-0.831148,-0.036164,-0.402797,0.170838,0.74156,-0.020022,-0.010342,0.711704,0.387998,-0.355984,-0.127715,-0.991559
-0.177902,0.368132,0.239515,-0.624031,-0.581005,0.501646,0.550722,0.342452,-0.34567,0.272983,0.420985,-0.16009,-0.554572,0.164839,-0.96983
-0.418218,0.648214,0.255343,0.322891,0.854157,-0.161004,0.168927,0.510207,0.189813,-0.118471,-0.733544,0.551818,0.351056,-0.204979,-0.966958
0.34327,0.291725,0.754904,0.030503,0.019553,-0.296462,0.008867,0.335289,-0.050553,-0.071799,0.465341,0.875906,-0.255592,-0.427652,-1.0
-0.012939,0.403024,-0.75066,0.526101,-0.601475,0.573228,0.863618,0.584161,-0.493609,0.457384,0.181405,0.000734,-0.525601,0.073292,-0.905794
-0.355802,-0.906733,0.886647,0.888792,-0.281422,-0.648021,0.992898,0.509966,-0.247949,-0.659731,0.003872,0.011521,0.171028,0.461815,-0.965916
0.383272,-0.611331,-0.223822,-0.196452,-0.757091,0.057876,0.924754,0.194248,-0.710308,0.129941,-0.04648,-0.048506,-0.482145,0.207402,-0.950309
0.706067,-0.053253,-0.871583,0.152287,0.687982,-0.741624,0.803321,0.649439,0.412627,-0.527409,0.008987,0.18343,0.016305,-0.527475,-0.952356
0.557826,-0.775707,-0.441176,0.497774,0.282705,0.165408,0.469434,0.585256,0.302265,0.204296,0.086771,-0.533161,-0.052394,0.431786,-0.978891
0.379946,0.564221,0.442072,-0.807643,-0.318783,0.677708,0.359373,0.275161,-0.080922,0.298849,0.713187,-0.154343,-0.479457,0.058248,-1.0
0.235725,-0.961277,0.585751,-0.159165,0.485513,-0.29608,0.079828,0.286518,0.03511,-0.077225,-0.40026,-0.90365,0.173592,0.493217,-0.976518
-0.261412,0.807738,-0.084744,0.6377,0.849741,0.300447,0.66499,0.517139,0.410704,0.136344,-0.250251,0.107684,0.462726,-0.109805,-1.0
0.38528,0.032176,-0.872438,-0.345529,-0.096663,-0.838107,0.494315,0.805535,-0.143339,-0.395752,0.23774,0.458728,-0.256161,-0.436316,-0.961873
-0.391787,0.101316,-0.171592,-0.515575,0.01839,0.756762,0.214095,0.084206,-0.021468,0.208384,-0.512066,-0.712555,0.265388,0.390142,-0.950077
-0.898861,0.526648,0.063999,-0.047028,-0.661976,-0.276823,0.09769,0.133631,0.004889,0.004496,-0.2624,0.851898,0.183262,-0.448833,-1.0
-0.925779,-0.204127,0.502008,-0.546881,-0.267861,0.198797,0.426307,0.703606,-0.22833,0.249164,-0.517697,-0.331261,0.426003,0.158508,-0.939945
-0.214128,0.949632,-0.742886,0.842594,-0.605717,-0.781317,0.178213,0.970341,-0.082742,-0.016903,0.211515,0.83122,-0.133092,-0.523392,-0.926292
0.569371,-0.32031,-0.599012,0.809298,0.559343,-0.938737,0.75537,0.082914,0.284282,-0.486764,0.079135,0.272413,0.039505,-0.539246,-1.0
-0.489392,0.614631,-0.420588,0.489419,0.237629,-0.332112,0.226186,0.438808,0.039642,-0.093925,-0.488269,0.625755,0.267406,-0.379934,-0.993277
-0.323907,-0.137772,-0.767735,0.012341,-0.198688,0.926676,0.878865,0.213147,-0.081378,0.629512,0.042724,-0.09357,0.027895,0.46762,-1.0
-0.670209,0.903791,0.77155,-0.199667,0.116726,-0.054349,0.003157,0.241508,-0.04097,0.030062,-0.632874,0.776828,0.236606,-0.38828,-0.931055
0.989658,-0.255906,-0.65793,-0.391827,0.529499,0.47518,0.605469,0.013092,0.395343,0.419077,0.284451,-0.20792,-0.226862,0.444854,-0.890408
0.300395,0.611123,0.752082,-0.804055,-0.480867,0.885765,0.100943,0.34129,-0.067686,0.098798,0.874864,-0.250917,-0.445612,0.154456,-1.0
-0.507699,0.263387,0.442821,0.912663,-0.720427,-0.07246,0.129626,0.216342,-0.171981,0.040876,0.363814,0.787057,-0.220977,-0.463177,-1.0
-0.973463,0.091158,0.453077,-0.014148,-0.936524,0.515909,0.313936,0.062783,-0.293225,0.154655,-0.047421,-0.706469,-0.010277,0.446548,-1.0
-0.645381,-0.174701,-0.002336,0.147369,-0.419642,0.00927,0.624513,0.390775,-0.581713,0.001224,-0.325362,-0.264072,0.355051,0.415063,-1.0
0.099287,0.971272,0.988944,0.80053,-0.870947,0.382731,0.079322,0.55516,-0.026944,0.024445,0.763037,0.539009,-0.429291,-0.18926,-1.0
-0.705972,0.840833,-0.8509,0.713054,0.25654,-0.607341,0.558348,0.800198,0.123301,-0.396084,-0.34094,0.327652,0.25913,-0.249318,-0.985764
0.272102,0.539082,0.898359,0.556441,0.324406,-0.194086,0.856671,0.19042,0.65065,-0.344213,0.005757,0.146134,0.047996,-0.567196,-0.932552
0.542673,0.722147,0.169569,-0.66921,0.54995,-0.899999,0.019955,0.06941,-0.118439,-0.045908,-0.11978,0.931681,-0.037519,-0.638044,-1.0
-0.461608,0.856827,-0.905515,-0.026434,-0.216728,0.798212,0.938355,0.577388,-0.232031,0.717461,-0.096767,-0.075469,0.443296,-0.097002,-1.0
0.459128,-0.233974,0.985747,-0.410148,0.909137,-0.295581,0.45026,0.078434,0.325889,-0.143338,-0.553017,0.096238,0.514742,-0.068604,-0.967074
-0.776365,-0.547657,0.218317,-0.142247,-0.422651,-0.895733,0.306372,0.195076,-0.080838,-0.240233,-0.460614,0.561251,0.370207,-0.342368,-0.951594
0.3622,-0.630568,-0.802847,0.602719,0.556988,-0.438893,0.651565,0.679671,0.417373,-0.226895,-0.188247,-0.155679,0.367512,0.368117,-1.0
0.249697,0.575116,-0.433192,0.571339,-0.584279,-0.090969,0.970853,0.891305,-0.762582,-0.240522,0.02816,0.073712,-0.338134,-0.291398,-0.986931
0.302461,0.14134,-0.154227,0.933712,-0.335396,0.962718,0.227819,0.88967,-0.11365,0.185376,0.372909,-0.598388,-0.271938,0.410053,-1.0
0.019165,0.708756,0.152107,-0.874394,-0.347214,0.117312,0.07172,0.091479,-0.024271,0.031194,0.505788,0.798374,-0.282638,-0.470033,-0.976723
0.07306,0.256844,0.905642,0.570248,0.965529,0.974819,0.380409,0.220074,0.287099,0.178629,-0.497781,-0.254811,0.429267,0.272618,-0.99942
-0.337043,-0.958708,-0.279833,0.420168,-0.668784,0.728517,0.217632,0.502828,-0.051979,0.172598,0.118925,-0.853976,-0.032886,0.534005,-1.0
-0.811088,-0.511707,-0.133079,-0.306154,-0.74259,0.018375,0.637626,0.353508,-0.54444,-0.000742,-0.061358,-0.37329,0.065368,0.482304,-0.909022
0.921463,-0.504413,0.987837,-0.194842,0.655458,-0.642835,0.101465,0.5874,0.024493,-0.03928,0.87713,0.447169,-0.386195,-0.148604,-0.960544
0.416158,-0.514805,-0.684897,-0.574239,-0.492885,0.248847,0.771926,0.988563,-0.473507,0.331804,0.164164,-0.082008,-0.348671,0.315436,-1.0
0.619705,0.400376,-0.514468,0.470622,-0.075594,-0.496055,0.601986,0.134402,-0.049033,-0.472196,0.265247,0.335269,-0.324915,-0.403453,-0.989369
-0.511447,-0.805558,-0.622849,0.823201,0.680642,0.19801,0.241183,0.053897,0.072771,0.030668,-0.527323,-0.383176,0.417056,0.357227,-0.964363
-0.588662,0.815622,-0.776616,-0.477618,0.283362,0.075148,0.494439,0.167805,0.388917,0.159545,-0.40141,0.246173,0.366318,-0.305272,-0.960467
0.950616,0.339447,-0.884668,-0.916823,0.210238,0.913628,0.034465,0.254723,-0.023019,0.034922,0.79644,-0.517363,-0.32413,0.308254,-0.97153
-0.636602,0.277662,0.983047,0.570672,-0.81529,0.126042,0.580632,0.707076,-0.574833,0.162312,0.345256,0.248443,-0.411391,-0.349479,-1.0
0.91183,-0.382364,0.380436,-0.087415,-0.162484,-0.221209,0.956824,0.545614,-0.453563,-0.655243,0.046093,-0.067819,-0.50391,0.071439,-0.969248
-0.559101,0.169502,-0.589645,-0.148415,-0.993908,0.770846,0.480388,0.429085,-0.405999,0.212475,0.336251,-0.398725,-0.419689,0.414363,-1.0
-0.266255,-0.227638,0.227971,-0.287041,-0.118417,-0.446422,0.751816,0.431246,-0.16244,-0.574715,-0.146453,0.248915,0.267092,-0.466786,-0.98679
0.364795,0.260799,-0.798269,0.197982,0.159465,0.697365,0.017132,0.091868,-0.03175,0.031148,0.507035,-0.877956,-0.144108,0.377926,-0.954726
0.313615,-0.015595,-0.33686,-0.261403,-0.105713,0.432295,0.335822,0.979079,-0.06208,0.23887,0.401051,-0.445384,-0.354308,0.430756,-0.980619
0.705491,0.765409,0.566246,0.970854,-0.239647,0.256014,0.027618,0.833805,0.025118,0.019139,0.922242,0.464886,-0.42912,-0.252436,-0.975939
0.402396,-0.361975,-0.316212,0.862767,0.304314,-0.33707,0.571107,0.21457,0.238622,-0.318437,0.38781,-0.048224,-0.491943,0.150802,-1.0
-0.857376,-0.840642,0.020635,-0.842426,0.438114,0.952885,0.14249,0.657823,0.00866,0.11055,-0.463184,-0.621969,0.185596,0.397479,-1.0
-0.632416,0.422703,0.392522,0.700986,-0.942444,-0.479562,0.059931,0.638462,-0.007362,0.01748,0.360546,0.914884,-0.158735,-0.416144,-1.0
0.795295,0.437202,0.589672,-0.098778,-0.952228,-0.203381,0.016097,0.969822,-0.010292,0.00247,0.971713,0.258328,-0.455818,-0.155004,-0.965577
-0.739413,-0.410049,-0.882771,-0.479409,0.351968,0.511849,0.999405,0.914711,0.403626,0.65168,-0.070232,0.016763,0.428988,0.245211,-1.0
0.594205,-0.081823,-0.36475,0.831957,0.00527,-0.733804,0.134363,0.062205,-0.052139,-0.138409,0.6097,0.577837,-0.355934,-0.380804,-1.0
0.28952,0.10922,0.216464,0.536527,-0.638628,0.218817,0.727503,0.051277,-0.494388,0.28478,0.197338,-0.103423,-0.450468,0.091542,-0.954718
0.51321,0.389347,0.991436,-0.26727,0.947945,-0.360921,0.644164,0.313863,0.482862,-0.2046,-0.287759,0.384177,0.226971,-0.493139,-0.903488
0.949215,0.166734,0.145399,0.96942,0.771714,0.420634,0.989846,0.475008,0.62735,0.362039,0.015224,-0.013229,-0.313697,0.432839,-0.966709
-0.371941,0.85313,-0.165402,-0.401232,0.803171,-0.796819,0.271145,0.332829,0.25641,-0.231394,-0.417347,0.592632,0.323105,-0.338215,-1.0
0.471232,0.209748,0.294752,-0.521744,0.032338,0.012604,0.369242,0.145668,0.405101,0.099028,0.548553,0.289727,-0.407978,-0.223763,-0.980869
0.246952,0.63227,0.145008,0.637969,0.61653,-0.414535,0.481622,0.521674,0.321451,-0.282351,-0.221158,0.439957,0.219519,-0.494872,-0.942253
-0.044117,0.464292,-0.392105,0.993737,-0.072486,-0.724496,0.186053,0.054828,-0.063818,-0.11216,0.080938,0.716408,-0.021404,-0.572824,-0.975938
-0.11197,0.006008,-0.609431,0.66549,0.219159,-0.925288,0.368419,0.280444,-0.002907,-0.322888,-0.194856,0.602031,0.181789,-0.556021,-0.999024
-0.119069,0.949232,-0.259166,0.10322,-0.210515,-0.793315,0.972641,0.98817,-0.168864,-0.741258,0.060323,0.090046,-0.037973,-0.455416,-1.0
0.587917,0.832365,0.675288,-0.961354,-0.326693,0.898175,0.259086,0.645217,-0.139566,0.246979,0.765334,-0.084058,-0.491322,0.001266,-0.993978
-0.938322,-0.437002,0.854341,-0.895227,-0.994016,0.286862,0.769756,0.795946,-0.548788,0.246568,0.040718,-0.177259,-0.061916,0.515289,-1.0
0.240243,-0.103412,0.542886,-0.701541,-0.675635,0.619195,0.059223,0.623293,-0.049309,0.105322,0.735934,-0.52172,-0.374332,0.204429,-1.0
-0.482455,-0.839565,0.989947,-0.457457,0.063984,-0.636958,0.237357,0.963713,0.021718,-0.071042,-0.641255,-0.256552,0.509966,0.122894,-0.880297
-0.213004,-0.307662,-0.95235,0.964888,-0.624472,-0.232658,0.632626,0.47894,-0.586849,-0.120618,0.349432,0.011837,-0.425246,0.187943,-1.0
0.929784,-0.451597,0.662293,-0.594681,-0.46355,-0.024432,0.354808,0.293817,-0.395469,-0.039095,0.688302,-0.218423,-0.44174,0.181339,-0.955972
0.719064,-0.296791,-0.667704,-0.559821,-0.806533,-0.550335,0.963494,0.626464,-0.653509,-0.304133,-0.011584,-0.030233,-0.48021,-0.055498,-1.0
-0.702715,-0.956572,-0.416073,0.210407,-0.377275,0.620562,0.94988,0.776907,-0.357871,0.684792,-0.022234,-0.169896,0.255365,0.467116,-0.965132
-0.139695,0.301131,-0.965049,0.737772,0.296753,-0.017691,0.923597,0.156473,0.705957,-0.026556,0.065161,0.073363,0.37391,-0.250676,-1.0
-0.092761,0.05672,0.509534,-0.155256,0.301669,-0.485958,0.403551,0.577532,0.176523,-0.253841,-0.382071,0.535122,0.406313,-0.317993,-1.0
-0.976549,0.193998,0.555199,0.854918,0.594088,-0.968106,0.34935,0.261163,0.137935,-0.243423,-0.546951,0.415149,0.400842,-0.137243,-1.0
0.957707,0.131875,0.224817,-0.18329,0.901418,0.734383,0.826634,0.226734,0.564476,0.420957,0.060448,-0.084246,-0.021168,0.490279,-0.850543
-0.656824,-0.547975,0.659806,0.909091,-0.806907,-0.876806,0.401628,0.744312,-0.209204,-0.370057,0.223998,0.550899,-0.196421,-0.518872,-0.992726
0.658109,-0.144979,-0.966812,0.731046,0.006546,-0.051802,0.658572,0.180308,0.101274,-0.472781,0.316283,0.017744,-0.481251,0.09771,-1.0
0.120263,-0.482111,-0.408547,0.059003,0.830624,-0.185487,0.576168,0.237187,0.507126,-0.09401,-0.244209,-0.137078,0.463791,0.131087,-0.9864
-0.169902,0.020656,-0.955341,-0.938079,-0.885898,0.992805,0.411017,0.965869,-0.236389,0.269536,0.363314,-0.508405,-0.265865,0.316308,-0.985787
-0.079127,0.179165,-0.959573,-0.499097,0.356375,-0.912643,0.260866,0.875075,0.080997,-0.083049,-0.32361,0.76524,0.174984,-0.359751,-0.96061
0.106016,0.290717,-0.457259,0.893695,-0.205462,-0.157072,0.387298,0.250445,-0.283929,-0.241728,0.389087,0.533091,-0.347796,-0.463962,-0.963545
-0.883012,0.201213,-0.228226,0.098575,0.301005,0.237193,0.43642,0.288407,0.313474,0.251408,-0.498162,0.027489,0.505067,0.024456,-1.0
-0.290672,-0.937095,-0.427179,-0.761485,-0.641568,-0.426896,0.382385,0.431,-0.364868,-0.052665,0.389999,-0.451983,-0.317302,0.385303,-0.956014
-0.639774,-0.035812,0.383509,0.870828,-0.947132,-0.208741,0.170783,0.160608,-0.174027,-0.090839,0.75324,0.459055,-0.423839,-0.18353,-1.0
-0.677311,0.853643,-0.664874,-0.388481,0.873563,-0.961771,0.892336,0.477654,0.43932,-0.490397,-0.124178,0.056094,0.204228,-0.441888,-0.99082
-0.648009,-0.263639,0.372336,0.536917,-0.772981,-0.708964,0.174423,0.783208,-0.076618,-0.086269,0.155036,0.869928,-0.113179,-0.408213,-0.940254
-0.144476,0.418839,-0.002323,0.519023,-0.101042,-0.470733,0.31614,0.450584,-0.020943,-0.255581,0.051612,0.731249,0.014011,-0.583217,-1.0
-0.819773,-0.304502,0.593559,-0.532345,-0.266635,-0.961936,0.624552,0.33122,-0.186685,-0.505253,-0.225831,0.274649,0.383416,-0.398764,-1.0
0.500208,-0.748089,0.741439,-0.780941,-0.434849,-0.45003,0.448075,0.600002,-0.212364,-0.238778,0.60542,-0.153818,-0.453279,0.246157,-0.997366
0.742859,-0.335444,0.604783,0.469967,0.068729,0.235625,0.023903,0.221861,-0.065981,0.031476,0.83279,-0.571285,-0.31428,0.329669,-1.0
0.414114,-0.118975,0.377971,-0.639167,0.745174,-0.779617,0.547214,0.510341,0.289426,-0.395192,-0.137954,0.427805,0.292289,-0.425878,-0.98903
0.626565,-0.490515,0.890066,0.086857,-0.071869,0.095979,0.382442,0.902076,-0.156972,0.313138,0.562115,-0.458699,-0.352708,0.290468,-1.0
0.285254,-0.170416,-0.119229,-0.866253,-0.586714,0.955281,0.905006,0.081033,-0.325559,0.639598,0.048117,-0.14109,-0.28962,0.393918,-0.976756
-0.626049,-0.915025,0.973079,0.666958,0.80459,-0.932737,0.68636,0.60612,0.268916,-0.429774,-0.29052,0.076361,0.498141,-0.026986,-1.0
-0.76659,0.451233,0.552151,0.941827,-0.466852,0.989752,0.553406,0.766117,-0.220625,0.383896,-0.140133,-0.346508,0.370787,0.353205,-0.933721
-0.314351,-0.532833,-0.539682,0.39773,-0.352101,-0.41756,0.567902,0.166102,-0.208458,-0.31526,0.02974,-0.441947,-0.076493,0.549197,-0.985651
-0.041518,-0.171455,0.664825,-0.772887,0.553471,-0.652752,0.735928,0.006393,0.367371,-0.463406,-0.175059,0.211935,0.369536,-0.290045,-1.0
-0.61755,0.625948,0.702713,-0.984985,-0.32141,0.750336,0.907169,0.49228,-0.275984,0.676537,-0.010765,0.071452,0.445539,0.191857,-1.0
0.456366,0.647882,0.247715,0.195166,-0.508555,-0.521216,0.421525,0.632878,-0.223053,-0.208973,0.343625,0.413161,-0.311712,-0.411664,-0.941266
-0.879024,-0.439186,-0.80505,0.133212,-0.252952,-0.800001,0.341974,0.160833,-0.058854,-0.264955,-0.558056,0.310572,0.362064,-0.241427,-1.0
0.428844,0.945862,0.160504,0.941672,-0.153018,0.128709,0.529871,0.67976,-0.312906,0.256423,0.228084,0.348747,-0.165558,-0.453633,-1.0
0.059784,0.14753,0.570083,0.24353,0.196153,-0.77733,0.383435,0.980685,0.044033,-0.366849,-0.156479,0.496146,0.101913,-0.370641,-1.0
0.306913,0.80156,0.589983,-0.752607,-0.766873,-0.705585,0.598432,0.130172,-0.338738,-0.317441,0.172145,0.264667,-0.338225,-0.454021,-0.982491
-0.690157,-0.942454,0.125663,0.416218,0.36255,0.973701,0.229243,0.711388,0.019854,0.068697,-0.397937,-0.625972,0.279189,0.466721,-1.0
0.725775,0.818169,-0.220563,-0.494233,0.873761,0.610428,0.635172,0.119641,0.534241,0.263068,-0.157901,0.276389,0.276441,-0.438368,-1.0
0.954443,-0.292785,0.172128,-0.216357,-0.232647,0.161527,0.298396,0.809906,-0.161543,0.135209,0.634074,-0.29267,-0.490655,0.151714,-0.974226
0.994453,0.392041,0.438882,0.92657,0.142244,-0.917351,0.090661,0.7143,-0.045261,-0.108083,0.458336,0.74808,-0.24948,-0.469398,-0.952275
-0.414043,-0.942147,0.847783,-0.727106,-0.081097,0.02458,0.293171,0.27968,-0.210187,-0.009526,-0.230112,-0.612927,0.149042,0.428411,-1.0
0.254985,0.32269,0.918775,0.868123,0.007155,-0.648995,0.999813,0.454935,0.108802,-0.780699,-0.027787,0.046706,-0.139544,-0.445703,-1.0
-0.243221,0.53341,0.604949,-0.532839,0.093305,0.556046,0.38016,0.827448,0.049451,0.213869,-0.57461,-0.049828,0.621369,0.006296,-0.959023
-0.39934,0.137204,0.602237,-0.423046,-0.02299,0.432082,0.575223,0.758157,-0.094634,0.452596,-0.360598,-0.280845,0.405277,0.276666,-1.0
-0.232367,-0.570444,-0.327401,0.588771,0.877947,0.548752,0.624272,0.65852,0.432658,0.226138,-0.334217,-0.275575,0.416143,0.314244,-1.0
0.904107,-0.772198,-0.308385,0.112983,0.464516,0.172622,0.297071,0.980276,0.267,0.070334,0.281603,-0.611904,-0.382719,0.498633,-0.95937
0.662062,-0.687344,-0.849693,0.993739,-0.980337,-0.810251,0.564467,0.701879,-0.340948,-0.352918,0.50756,0.006986,-0.563886,-0.041567,-1.0
-0.367467,0.994901,0.741063,0.949557,-0.371319,0.781639,0.342109,0.052608,-0.139167,0.272845,0.08355,0.673295,-0.051049,-0.479655,-1.0
0.728749,-0.177217,-0.521836,-0.355701,-0.962095,-0.708741,0.441164,0.223107,-0.232556,-0.174276,0.554514,0.188765,-0.517465,-0.122393,-0.888989
-0.935132,-0.477414,0.861543,-0.507939,0.285333,0.283191,0.350642,0.996349,0.221517,0.123176,-0.542926,-0.260939,0.434183,0.243484,-1.0
0.384336,0.466713,0.535561,0.713005,0.592769,-0.445631,0.270442,0.699553,0.229759,-0.189395,-0.201258,0.659677,0.175047,-0.429165,-0.955675
-0.544276,-0.985496,-0.057818,0.611102,0.099262,0.489923,0.507205,0.679846,0.120791,0.381337,-0.252435,-0.46452,0.233041,0.425271,-0.998213
0.752468,0.176871,0.092588,-0.684155,0.090838,0.823006,0.271043,0.523757,-0.028009,0.264433,0.583913,-0.58968,-0.342557,0.401182,-0.98873
0.320177,-0.231179,-0.377968,-0.324899,0.532698,-0.199048,0.700486,0.061983,0.562395,-0.304725,-0.26224,-0.090876,0.436321,0.003276,-1.0
0.242013,0.059463,0.610948,-0.931377,-0.984352,-0.907086,0.603538,0.60058,-0.318508,-0.261035,0.245155,0.263349,-0.368331,-0.282165,-1.0
0.012746,-0.953233,-0.777268,0.344534,0.332388,-0.255977,0.876759,0.933323,0.541892,-0.460782,-0.163572,-0.092565,0.182532,0.464239,-1.0
-0.740956,-0.443361,-0.503308,-0.895817,0.316937,0.476571,0.801678,0.763215,0.318393,0.603248,-0.209795,-0.066352,0.336978,0.315696,-0.950242
-0.686004,0.745058,0.042731,0.332864,-0.445009,-0.034286,0.6209,0.620994,-0.576467,0.008223,-0.096893,0.377981,0.118025,-0.492368,-0.994616
0.463104,-0.425326,0.547141,-0.10438,0.108596,0.096134,0.495055,0.967824,0.315598,0.294929,0.375864,-0.451651,-0.243275,0.444476,-1.0
-0.080644,0.441486,-0.287424,0.499046,-0.935101,0.343733,0.771006,0.231039,-0.61661,0.222144,0.265208,0.064199,-0.476094,-0.129078,-0.950317
-0.265001,-0.601779,-0.204633,0.801184,0.578551,0.825744,0.846448,0.902585,0.461222,0.604131,-0.041134,-0.196872,0.185231,0.450895,-1.0
0.229625,0.063299,-0.104104,0.236952,-0.430454,0.108569,0.353916,0.040959,-0.231949,0.019327,0.745332,-0.197148,-0.481606,-0.053509,-1.0
0.96854,0.329944,-0.715812,-0.183438,-0.57948,-0.481431,0.385187,0.355234,-0.306815,-0.252886,0.617709,0.311433,-0.417243,-0.284137,-0.953811
-0.324276,-0.008798,0.009151,-0.669337,-0.583158,0.358593,0.835479,0.646196,-0.641118,0.418544,0.146383,-0.136687,-0.296528,0.413878,-0.960703
0.561791,0.874044,0.879073,-0.265898,-0.690012,0.603994,0.765367,0.620324,-0.368373,0.456958,0.248188,0.069586,-0.448809,-0.073728,-0.885015
0.808244,0.186444,0.111772,0.862976,-0.626135,0.569212,0.035811,0.648945,0.014391,0.002591,0.955691,-0.198199,-0.37683,0.071343,-0.990247
-0.292937,-0.008851,-0.01069,0.915961,0.435845,-0.105593,0.27303,0.322811,0.142913,-0.04373,-0.829912,0.104415,0.433739,-0.055521,-1.0
0.451885,0.108171,-0.391805,0.858692,-0.147586,-0.963777,0.100427,0.917926,0.027847,-0.087326,0.474932,0.734851,-0.277129,-0.542562,-1.0
0.137392,-0.949765,-0.335952,0.152665,-0.975752,0.199801,0.357217,0.75726,-0.259655,0.029804,0.423991,-0.496137,-0.34656,0.404872,-0.982421
-0.82839,-0.648958,0.377332,0.118374,-0.199802,-0.144157,0.596428,0.216529,-0.31113,-0.231457,-0.338379,-0.203063,0.500208,0.3243,-0.970913
-0.526481,0.810995,0.410472,-0.505921,0.975205,-0.02612,0.938506,0.438212,0.717519,-0.113748,-0.08297,0.006814,0.510801,-0.261533,-1.0
-0.689817,0.025995,0.966302,-0.279452,-0.833878,0.121683,0.652526,0.735784,-0.491257,0.168167,0.315558,-0.136122,-0.396062,0.303552,-0.973421
-0.297851,0.726863,-0.506965,-0.328257,0.77342,-0.043276,0.882027,0.381372,0.733713,-0.027152,-0.161487,0.042634,0.378378,-0.238713,-0.951646
0.12618,0.800342,-0.1561,0.802581,0.353323,-0.057142,0.01474,0.704083,-0.009185,-0.001302,-0.30215,0.886377,0.161349,-0.539347,-1.0
0.694204,0.37339,-0.077022,0.735224,-0.074367,-0.788962,0.728498,0.519609,0.016259,-0.572967,0.135486,0.228636,-0.362165,-0.450887,-0.925386
0.289868,-0.857217,-0.220972,-0.120984,0.789716,-0.838014,0.871393,0.915039,0.523244,-0.482452,-0.126657,-0.059181,0.463807,0.039705,-1.0
-0.225932,-0.256044,-0.82246,-0.795089,-0.495608,0.650947,0.348112,0.986519,-0.127351,0.165858,0.131494,-0.617313,-0.176379,0.515636,-0.970373
0.836692,-0.674457,0.547942,0.368304,-0.877851,0.66274,0.498335,0.177634,-0.386099,0.2506,0.374181,-0.254326,-0.453772,0.330322,-1.0
-0.958148,-0.883925,-0.725503,0.233673,0.892583,-0.167643,0.828153,0.069354,0.632327,-0.164884,0.00656,0.005356,0.433488,0.144355,-1.0
-0.743332,0.19965,-0.605082,0.247959,-0.078028,0.718669,0.839767,0.288632,-0.034498,0.570629,-0.082785,-0.088027,0.306678,0.357529,-0.966321
-0.644486,0.684334,0.266963,-0.690205,0.584499,-0.974712,0.056482,0.111384,0.114833,0.05,-0.591036,0.733821,0.333499,-0.464366,-1.0
0.919505,0.391182,0.577161,0.461865,0.359503,-0.336147,0.889076,0.884161,0.493085,-0.566915,0.034887,0.111854,-0.346942,-0.426402,-0.98416
-0.612214,0.983144,0.405738,-0.018946,-0.425712,-0.332481,0.126938,0.273147,-0.1088,-0.0797,-0.146401,0.931573,0.095949,-0.445971,-0.929008
0.104431,-0.387455,0.473578,0.048401,0.956135,-0.262752,0.600895,0.035298,0.477109,-0.098471,-0.365741,-0.046947,0.479078,0.060103,-0.946537
0.871769,-0.352801,-0.446751,0.83509,0.708465,-0.622593,0.997811,0.777579,0.652329,-0.394906,0.005234,-0.014518,-0.257781,-0.373904,-1.0
-0.026297,-0.179978,-0.417944,-0.409801,-0.5104,0.047986,0.080235,0.154008,-0.086872,0.024772,0.834905,-0.413944,-0.412079,0.252354,-0.974748
-0.81134,-0.661685,-0.647604,0.167108,-0.254535,0.163161,0.714158,0.667558,-0.42935,0.302947,-0.197677,-0.199798,0.329618,0.388351,-1.0
0.697534,-0.663886,0.298677,0.70682,-0.038796,-0.010467,0.063859,0.756576,-0.064685,-0.009003,0.717655,-0.636996,-0.352054,0.295429,-0.950997
0.832436,-0.866563,-0.411996,0.932013,-0.617911,-0.110373,0.782856,0.751161,-0.791607,-0.134745,0.145009,-0.125053,-0.435135,0.177225,-1.0
0.727833,0.023807,0.152533,-0.741843,0.478707,-0.45532,0.009537,0.555395,-0.109153,0.050702,0.481773,0.88706,-0.26537,-0.415336,-0.990795
0.619476,0.347111,0.400881,0.767072,-0.922002,-0.920889,0.583863,0.853979,-0.34294,-0.364554,0.334801,0.277273,-0.443696,-0.347353,-1.0
-0.797466,0.224933,-0.885968,-0.014847,0.638615,0.39411,0.0423,0.584811,0.07346,-0.00923,-0.964211,-0.092374,0.476333,0.039998,-1.0
0.530733,0.568819,-0.94518,0.342453,0.660123,-0.118746,0.508253,0.769087,0.401245,-0.055265,-0.060264,0.425923,0.148609,-0.52517,-1.0
-0.612044,-0.297684,-0.953199,0.967393,-0.66968,-0.331509,0.682541,0.938564,-0.43334,-0.188894,0.2388,0.09442,-0.474181,-0.343608,-1.0
0.588312,-0.561132,-0.162368,-0.406173,0.928018,-0.629291,0.321075,0.264595,0.209726,-0.09029,-0.724883,0.177059,0.484329,-0.12036,-1.0
-0.633712,0.702744,0.767197,0.884338,-0.680289,-0.618385,0.036588,0.926841,-0.046408,-0.019738,-0.038228,1.0,-0.060217,-0.533492,-0.981596
0.403584,-0.946629,-0.964653,0.729419,-0.524092,-0.257605,0.218204,0.356332,-0.111431,-0.171945,0.646211,-0.501269,-0.333507,0.43723,-0.912832
0.297653,-0.768385,-0.937902,0.773512,0.422419,-0.790505,0.482714,0.225985,0.139005,-0.356276,-0.480397,0.109526,0.483711,-0.048111,-0.869878
0.186204,-0.353458,-0.389811,0.197474,-0.13836,-0.777036,0.852829,0.899894,-0.208679,-0.666429,0.108798,0.164352,-0.288405,-0.410958,-0.974549
0.674937,0.573129,0.280828,-0.879515,0.529201,0.958868,0.779441,0.37395,0.222805,0.564315,0.09921,-0.227418,-0.175407,0.520689,-0.987026
0.03303,0.308492,0.850766,-0.640109,0.951224,-0.290059,0.543573,0.075984,0.400774,-0.179054,-0.370773,0.209189,0.391835,-0.287866,-1.0
0.050833,0.666139,0.129677,-0.689751,-0.198774,-0.355446,0.063419,0.675597,0.015048,0.012432,0.244558,0.923152,-0.05989,-0.565469,-1.0
0.060639,-0.547894,0.790773,-0.267324,-0.25756,-0.586758,0.265594,0.782994,-0.065946,-0.163882,0.765827,0.116736,-0.467324,-0.086692,-0.994651
-0.123924,-0.895988,0.519775,0.221861,-0.748042,0.043266,0.732156,0.774517,-0.54769,0.057501,0.200024,-0.257723,-0.284373,0.354964,-1.0
-0.86593,0.301531,-0.183886,0.751293,-0.151967,0.323469,0.034178,0.921016,-0.085404,-0.000479,-1.0,-0.04978,0.413685,-0.012449,-0.996223
-0.10807,-0.643134,-0.226925,0.322913,0.113993,0.718668,0.193784,0.025401,-0.009016,0.166058,-0.085357,-0.790322,0.067779,0.527587,-0.983512
0.43385,0.318744,0.012965,-0.704057,-0.740936,-0.875517,0.099503,0.64026,-0.08075,-0.011755,0.592972,0.581728,-0.338633,-0.377573,-0.975078
0.681296,0.123546,-0.65147,-0.886588,-0.022627,0.919288,0.428633,0.463957,0.070202,0.405573,0.336381,-0.422534,-0.321381,0.357737,-0.945017
-0.785473,-0.312998,0.02092,-0.191726,-0.416904,0.643459,0.272907,0.537823,-0.07756,0.220004,-0.227627,-0.709308,0.150014,0.407472,-1.0
0.762336,-0.190328,0.176394,-0.977378,-0.635014,-0.374869,0.356472,0.395571,-0.269179,-0.225652,0.60994,0.143866,-0.480851,-0.143257,-1.0
0.742718,-0.477504,-0.893491,-0.667794,0.759163,0.411794,0.261804,0.590207,0.09024,0.066048,-0.043708,-0.739054,-0.049191,0.515426,-1.0
0.597019,0.558589,0.91003,-0.08171,-0.32429,0.265215,0.883378,0.883746,-0.564407,0.440294,0.116581,-0.035245,-0.480453,-0.062559,-0.902543
-0.479739,0.962763,0.727785,0.746747,0.456083,0.663081,0.466186,0.75854,0.220507,0.238397,-0.462603,0.082404,0.519808,-0.137989,-0.921964
0.627776,-0.460741,-0.714835,0.825804,-0.86971,0.446321,0.109158,0.849738,-0.059958,0.072951,0.785213,-0.483152,-0.459743,0.373844,-0.981534
0.15725,-0.204227,-0.452168,-0.833466,0.453705,0.154431,0.703019,0.946614,0.510026,0.136989,-0.186861,-0.193191,0.325364,0.379047,-0.989088
-0.836924,0.375189,0.475638,-0.365633,0.59341,0.235851,0.003902,0.965256,0.04935,-0.018768,-0.982857,0.076574,0.582463,-0.04393,-1.0
0.842409,0.496557,-0.699095,0.168272,-0.349991,0.477322,0.683425,0.114688,-0.339339,0.376613,0.297182,-0.03242,-0.522689,-0.0017,-1.0
-0.109878,0.051216,0.54641,0.102286,0.099394,0.902876,0.833752,0.080324,0.023579,0.670245,0.01023,-0.087052,0.158951,0.456322,-1.0
-0.528926,0.753295,0.25356,0.204261,7.6e-05,0.050002,0.57378,0.98788,0.043148,0.55964,-0.219873,0.306268,0.281642,-0.465916,-0.950803
0.078288,0.424819,-0.153347,-0.372698,-0.3995,-0.627362,0.041754,0.949518,0.006239,-0.066796,0.453707,0.940218,-0.225901,-0.470231,-1.0
0.791021,-0.586478,-0.449098,-0.009835,-0.96879,0.899764,0.559449,0.958739,-0.319683,0.394281,0.323857,-0.328668,-0.380078,0.319205,-1.0
-0.276569,-0.936969,0.781772,-0.304417,-0.524554,0.674787,0.370874,0.073702,-0.185908,0.295568,0.135671,-0.561201,-0.041994,0.455832,-1.0
-0.704624,-0.140351,0.318954,0.943145,-0.131323,-0.7217,0.167395,0.300528,-0.067749,-0.186149,-0.624772,0.59153,0.430677,-0.289441,-0.940945
-0.08967,-0.456136,-0.247843,0.495243,-0.903774,0.235191,0.190313,0.089531,-0.187931,0.034158,0.524385,-0.5433,-0.458255,0.26473,-1.0
0.930043,0.733856,0.603041,0.511248,-0.747139,-0.174191,0.790868,0.054715,-0.525873,-0.217261,0.081555,0.092915,-0.370358,-0.205671,-0.982789
0.357985,0.843408,0.736108,-0.148094,0.588965,-0.343611,0.43732,0.423534,0.286761,-0.178537,-0.109773,0.533598,0.091195,-0.507303,-1.0
-0.903877,0.245822,-0.704037,-0.186654,0.79375,-0.758872,0.343657,0.300226,0.188554,-0.150511,-0.538966,0.277452,0.455812,-0.26939,-1.0
0.38343,-0.155534,0.184007,0.980312,-0.925575,0.304066,0.686696,0.248599,-0.555432,0.206237,0.288882,-0.079168,-0.447713,0.206388,-0.923248
-0.56908,0.604294,-0.954514,-0.171648,0.412062,0.549476,0.94895,0.944746,0.361747,0.580094,0.04778,-0.010661,0.481408,-0.063991,-0.999057
0.45541,-0.833078,0.645182,-0.866991,0.434431,-0.141414,0.765763,0.683729,0.592144,-0.088841,-0.011945,-0.168043,0.061062,0.532459,-1.0
-0.647755,-0.615791,0.237834,-0.868991,0.221893,-0.927317,0.083644,0.751746,0.079733,-0.120168,-0.855041,0.286775,0.489778,-0.095987,-0.988642
-0.638319,-0.247239,0.325754,-0.353068,0.818791,0.995171,0.152154,0.425134,0.111258,0.12293,-0.651321,-0.52524,0.400577,0.31484,-1.0
-0.486986,0.075669,-0.803083,-0.006183,-0.929234,-0.289391,0.799374,0.294374,-0.631614,-0.194759,0.208824,0.073117,-0.408065,-0.315546,-0.992874
0.040587,-0.154804,-0.069263,0.724755,-0.954037,-0.788995,0.215435,0.174253,-0.149561,-0.070661,0.699945,0.574724,-0.309955,-0.252584,-0.931658
-0.772055,-0.61326,0.426106,0.689856,0.698971,0.573861,0.386323,0.195507,0.27781,0.163639,-0.464945,-0.318405,0.413628,0.264814,-0.995059
-0.767064,0.167283,0.382606,-0.593132,0.672995,-0.16898,0.807844,0.678955,0.543597,-0.236183,-0.092559,0.115842,0.505415,-0.102689,-1.0
-0.271591,0.581855,0.520753,-0.2305,0.425034,-0.057698,0.404532,0.209036,0.263656,-0.068759,-0.446575,0.541131,0.387886,-0.399631,-1.0
-0.517775,0.277663,0.115763,0.913825,-0.336208,-0.329692,0.393951,0.111117,-0.263874,-0.284793,-0.119289,0.544536,0.122649,-0.418643,-0.98292
-0.268327,-0.786631,-0.880205,-0.005492,-0.000574,0.796713,0.818423,0.045826,-0.01705,0.638014,-0.085546,-0.135263,0.063358,0.450768,-0.967489
0.176925,-0.01601,-0.206988,0.605505,-0.257588,-0.481541,0.710336,0.509602,-0.238534,-0.5235,0.271377,0.216379,-0.330937,-0.394431,-0.955118
-0.456194,0.501825,-0.235267,-0.325889,-0.959769,0.535522,0.552728,0.940834,-0.42404,0.133536,0.512856,-0.02979,-0.553323,0.09638,-1.0
0.922068,0.205346,-0.082289,0.545438,0.21781,-0.859956,0.88921,0.929075,0.185379,-0.741943,-0.056727,0.133229,-0.268278,-0.527836,-1.0
0.011465,0.254303,-0.891432,0.601287,-0.763842,-0.393636,0.573094,0.316436,-0.293335,-0.140107,0.360522,0.223313,-0.394709,-0.301717,-1.0
0.718442,-0.17215,-0.745452,-0.906278,0.823109,-0.920157,0.877179,0.299783,0.434728,-0.57855,-0.223523,0.101688,0.083726,-0.558675,-1.0
-0.365462,-0.507083,-0.811187,-0.545079,-0.882248,0.797834,0.571627,0.41897,-0.345541,0.346264,0.093001,-0.437782,-0.091367,0.540765,-1.0
0.690435,0.932831,0.275635,-0.763425,-0.249942,0.579258,0.089481,0.784279,-0.159829,0.077757,0.817735,0.288333,-0.456523,-0.169338,-0.945028
-0.363731,0.656872,0.180733,0.893658,0.141714,-0.927885,0.809459,0.367572,0.007714,-0.68273,-0.066399,0.195939,0.147134,-0.44741,-0.921213
0.94455,0.741192,-0.86375,-0.54316,-0.04669,0.751578,0.32315,0.487585,-0.069226,0.172718,0.754488,-0.016692,-0.430597,-0.014609,-1.0
-0.25002,-0.833368,-0.818546,-0.66197,0.421818,0.925626,0.932101,0.636562,0.29293,0.652434,0.029611,-0.087825,0.180425,0.498789,-1.0
0.471899,-0.058113,-0.457466,0.168524,0.956386,0.884353,0.799861,0.725323,0.502651,0.418325,-0.069133,-0.15979,0.193676,0.378746,-0.984021
0.864063,-0.803584,0.630372,-0.672241,0.647789,-0.687482,0.817107,0.726687,0.475351,-0.482145,0.140386,-0.081682,-0.443434,0.217936,-1.0
0.154856,-0.394572,0.630935,-0.642103,-0.664208,0.983897,0.009464,0.485701,-0.047208,0.03387,0.475651,-0.865381,-0.300472,0.450702,-0.97748
-0.900175,-0.152086,0.629446,-0.400713,-0.001165,-0.088001,0.868031,0.234601,0.013713,-0.741874,-0.125789,-0.001075,0.442252,0.056776,-0.985879
0.913697,-0.710651,-0.204795,0.678823,-0.076139,0.328951,0.511266,0.084674,-0.132648,0.389686,0.317196,-0.355631,-0.458656,0.437317,-1.0
-0.233659,-0.520254,-0.272843,-0.711618,-0.137482,0.724343,0.332854,0.181667,-0.073887,0.217397,0.026372,-0.59712,0.021108,0.534695,-1.0
0.343555,-0.006357,0.422528,-0.646744,0.955771,0.9249,0.433765,0.626973,0.173569,0.254751,-0.394729,-0.471728,0.309484,0.443084,-0.977344
0.605883,0.569823,-0.201155,-0.141747,-0.695234,-0.073417,0.095284,0.362686,-0.069729,-0.004722,0.816922,0.409521,-0.408226,-0.252459,-1.0
-0.703074,-0.081063,-0.100541,-0.680685,-0.880294,-0.138023,0.208527,0.839368,-0.126261,0.046309,0.779664,0.250125,-0.476207,-0.196166,-0.931045
0.053958,-0.735117,0.440311,-0.856768,-0.818632,0.326323,0.408573,0.430734,-0.359321,0.099861,0.366469,-0.432564,-0.340157,0.37173,-1.0
0.883486,0.444755,0.702829,-0.467018,-0.428204,-0.976059,0.417745,0.614529,-0.006194,-0.330683,0.383991,0.474327,-0.338817,-0.359304,-0.998958
0.79388,0.567994,-0.629158,-0.293772,0.575556,-0.4279,0.018205,0.155993,0.044042,0.005908,0.327153,0.979523,-0.053096,-0.511259,-0.906201
0.992657,-0.368565,-0.60258,-0.167494,-0.62281,-0.762671,0.562613,0.714736,-0.282672,-0.270124,0.401281,0.021804,-0.48897,-0.073957,-1.0
0.870119,0.865764,-0.815762,0.230428,0.070549,0.007443,0.024389,0.459399,0.058828,0.04676,0.662036,0.683642,-0.317028,-0.4161,-0.95428
0.742863,-0.492582,-0.399936,-0.890357,0.056119,-0.692618,0.952826,0.091618,0.065459,-0.717364,-0.01211,0.041837,-0.504005,-0.090399,-1.0
-0.552382,-0.289756,0.512672,-0.611497,-0.550254,0.388853,0.726127,0.141196,-0.481548,0.333189,0.042999,-0.296598,0.028822,0.548137,-0.944236
-0.262263,-0.65326,-0.886126,0.425881,-0.193248,0.020803,0.058354,0.779134,-0.105877,0.032998,-0.071792,-0.988175,0.090149,0.407533,-0.882401
0.715845,-0.340513,0.207092,-0.42878,0.28485,0.815041,0.561414,0.127877,0.138575,0.478229,0.183293,-0.244035,-0.188316,0.507981,-1.0
0.892474,0.012437,-0.081667,0.909902,0.275116,0.858192,0.850519,0.576686,0.182739,0.719899,0.096236,-0.138292,-0.273236,0.354928,-1.0
-0.695939,-0.283679,0.859429,-0.882858,-0.971316,0.446037,0.450674,0.759908,-0.321695,0.17123,0.143806,-0.478995,-0.150571,0.369653,-0.91045
-0.777578,0.173763,0.946646,0.766342,-0.155902,-0.082753,0.492251,0.853701,-0.356929,-0.213238,-0.461214,0.163535,0.430915,-0.126444,-1.0
0.020856,0.642992,-0.466292,0.406463,-0.480802,-0.395988,0.653718,0.47985,-0.392873,-0.321276,0.166173,0.192283,-0.243874,-0.564061,-1.0
-0.43285,0.222334,0.088982,0.760366,0.422193,0.9144,0.479652,0.664191,0.143851,0.309939,-0.463994,-0.297758,0.432176,0.304829,-1.0
0.44144,-0.930839,-0.320646,0.547677,-0.817081,0.278876,0.769598,0.860858,-0.670088,0.151998,0.225436,-0.103104,-0.369365,0.380251,-1.0
0.731872,0.205853,0.18552,0.192602,0.5573,-0.12882,0.370597,0.383461,0.22854,-0.131763,0.324482,0.596072,-0.173982,-0.381073,-0.950354
-0.008129,-0.482145,0.014994,-0.321284,0.861782,-0.044542,0.94243,0.529913,0.720789,-0.127412,-0.046674,-0.056683,0.445893,0.186243,-1.0
0.916149,0.050347,0.628793,0.253109,-0.745371,-0.099199,0.684607,0.852126,-0.524444,-0.024761,0.394693,0.052544,-0.446325,-0.106256,-0.975229
-0.431886,0.44936,0.680906,-0.630384,-0.699167,0.746398,0.487367,0.898343,-0.279479,0.213621,0.416944,-0.382188,-0.361628,0.270922,-1.0
0.436439,-0.999713,-0.825007,-0.259451,0.925614,0.79342,0.140063,0.333497,0.013895,-0.035726,-0.162327,-0.837124,0.134019,0.493841,-1.0
0.711363,-0.178904,0.237287,-0.220713,0.151207,0.101575,0.424201,0.880977,0.3278,0.222628,0.517698,-0.294716,-0.554209,0.229835,-1.0
0.021333,0.101091,-0.093559,0.331033,-0.894867,0.147148,0.186673,0.573411,-0.122854,-0.054472,0.864863,0.012811,-0.513038,0.150369,-0.983503
-0.624064,0.064925,0.148205,0.979834,-0.193204,-0.022287,0.263078,0.283518,-0.2623,0.002058,-0.745135,0.116494,0.50317,-0.075151,-0.99751
0.892503,-0.525155,0.263039,-0.65518,-0.207582,-0.328114,0.079233,0.492763,-0.113136,-0.020872,0.934412,-0.101431,-0.534175,0.069754,-0.986943
0.382783,0.879079,0.521156,0.131801,-0.182985,0.299708,0.043624,0.640077,-0.023824,0.112513,0.621303,0.724436,-0.355516,-0.403055,-1.0
-0.383026,-0.582923,0.050763,-0.636137,-0.479798,-0.426133,0.160582,0.991733,-0.117638,-0.11638,0.466217,-0.767111,-0.220889,0.421071,-1.0
0.625343,0.113197,-0.905048,-0.210214,-0.112212,0.935865,0.602834,0.605545,-0.07424,0.489543,0.306576,-0.209173,-0.247223,0.409931,-1.0
-0.271602,0.877,-0.017447,-0.980086,0.300859,-0.717566,0.915099,0.503681,0.252687,-0.657871,-0.017796,0.144471,0.266316,-0.434862,-0.920091
0.645964,0.627683,0.126208,-0.133094,-0.904058,0.28489,0.936845,0.714683,-0.703228,0.203379,0.030269,-0.027641,-0.471898,-0.119909,-1.0
-0.599423,-0.494725,-0.702072,0.376183,0.113624,-0.512318,0.090181,0.818798,-0.004829,-0.011508,-0.878472,0.043766,0.474901,-0.031078,-1.0
-0.482602,0.067846,-0.317866,0.406327,0.915674,-0.809964,0.043295,0.371921,-0.031495,0.007458,-0.922743,0.561341,0.41659,-0.319726,-1.0
0.563952,0.484734,-0.892067,0.79505,0.012288,0.093423,0.658235,0.431547,0.054844,0.528053,0.213715,0.229271,-0.363603,-0.275625,-1.0
0.625399,-0.255636,-0.875311,-0.314383,0.521207,-0.78575,0.610868,0.494606,0.281067,-0.373991,0.048126,0.450506,-0.090501,-0.505893,-1.0
0.956333,-0.353649,0.065354,0.255894,0.265927,0.837854,0.626636,0.324385,0.14902,0.533089,0.201033,-0.363742,-0.247323,0.508095,-1.0
-0.663304,-0.929668,0.898411,-0.536094,-0.228482,0.059488,0.534052,0.174399,-0.463932,0.089129,-0.207968,-0.421595,0.162371,0.50346,-0.977023
0.247014,0.81938,0.706665,-0.576568,-0.945633,0.98952,0.825222,0.186902,-0.409196,0.512435,0.165415,0.037087,-0.524904,0.14471,-0.962447
0.650387,-0.005105,0.884961,-0.739321,0.411419,-0.886576,0.43103,0.094234,0.065346,-0.328912,0.048537,0.478883,-0.090076,-0.609626,-0.99989
0.977777,-0.879989,0.427526,-0.687978,0.65949,-0.185858,0.035794,0.53397,0.047553,0.07293,0.412901,-0.881663,-0.235152,0.430281,-0.969363
0.515824,0.97943,-0.946385,0.934882,0.775145,0.859693,0.43563,0.671457,0.22159,0.222428,-0.442474,0.204428,0.493551,-0.248454,-0.952987
-0.556979,-0.547099,-0.690261,-0.840776,-0.29244,-0.911958,0.763532,0.712676,-0.212799,-0.583705,-0.121758,0.212902,0.261048,-0.405888,-1.0
0.398343,-0.844484,-0.42553,0.168854,0.43258,-0.818874,0.375281,0.921656,0.107366,-0.256643,-0.49229,-0.423928,0.391925,0.262927,-1.0
0.207324,-0.822273,-0.913848,0.68562,-0.169575,0.375788,0.051402,0.6275,0.010048,-0.027049,0.298848,-0.94172,-0.119729,0.497217,-1.0
-0.846221,0.799403,-0.150563,-0.618415,-0.891345,-0.855338,0.137307,0.350463,-0.071857,-0.08486,-0.022305,0.890085,-0.04293,-0.411783,-1.0
0.492051,0.939691,0.084666,-0.073466,-0.580483,0.878151,0.568467,0.620913,-0.234787,0.39779,0.467466,-0.028422,-0.500506,-0.058749,-1.0
-0.819728,-0.936228,0.206689,0.931389,0.918635,-0.971344,0.776563,0.912363,0.447612,-0.3701,-0.268211,-0.016744,0.603209,-0.015168,-0.996318
0.848493,-0.039327,-0.405182,-0.756988,0.665383,0.758061,0.505031,0.096802,0.266979,0.359943,0.085553,-0.571379,-0.07217,0.468349,-1.0
0.738665,0.32166,-0.083159,-0.583314,0.312631,-0.288633,0.070338,0.987099,0.071823,-0.012765,0.481145,0.761631,-0.289187,-0.457671,-0.984108
-0.956237,0.955486,0.315319,0.712901,-0.354209,0.338761,0.779643,0.942389,-0.469931,0.33776,-0.220655,0.169359,0.391436,-0.333944,-0.994808
-0.674451,-0.942113,-0.227464,0.115024,-0.129197,0.54993,0.819426,0.533096,-0.032346,0.731516,-0.108552,-0.155482,0.174342,0.459582,-1.0
-0.861441,0.288241,0.64949,0.093238,0.603409,0.262237,0.973943,0.624663,0.701356,0.264384,-0.012954,-0.025027,0.457142,8.9e-05,-0.953616
-0.747965,-0.330666,-0.045154,0.407544,-0.026653,-0.285876,0.969241,0.236619,-0.053525,-0.79562,0.014267,-0.007451,0.46442,-0.02134,-0.984335
0.861467,0.121376,-0.028908,0.669942,-0.85524,0.044372,0.097368,0.157173,-0.09653,0.105245,0.863848,0.059589,-0.486206,-0.048948,-0.919173
-0.975098,-0.068486,-0.61102,0.306876,0.999741,0.139115,0.210048,0.890641,0.261391,0.082168,-0.783637,-0.136119,0.495694,0.056987,-1.0
-0.267127,0.872027,0.518902,-0.895565,0.3223,-0.056275,0.180191,0.775816,0.197654,-0.108334,-0.47421,0.720402,0.262772,-0.447438,-0.930691
0.683405,-0.330072,0.590057,0.382644,-0.531969,0.084049,0.090156,0.208987,-0.073686,0.056885,0.863849,-0.291351,-0.451796,0.185924,-0.913141
-0.160255,-0.512494,0.521286,0.608006,0.639328,-0.162483,0.807108,0.369395,0.662437,-0.097649,-0.139774,-0.136096,0.51107,0.212787,-1.0
0.797718,-0.461924,-0.76813,0.719709,-0.006607,0.838331,0.618361,0.265494,0.051142,0.555958,0.130532,-0.335822,-0.316005,0.299256,-0.962886
0.146448,-0.033494,-0.204592,0.450317,-0.566102,0.03259,0.158831,0.011942,-0.203501,0.021407,0.738913,-0.035668,-0.473785,0.027234,-0.979499
0.83198,-0.973808,0.869886,0.174711,0.122764,0.165172,0.358527,0.931389,0.106551,0.174134,0.333894,-0.488679,-0.231128,0.431166,-1.0
0.538817,-0.659739,0.415979,0.050366,0.729662,0.618077,0.844339,0.14074,0.559536,0.463311,-0.084404,-0.221028,0.149317,0.555189,-1.0
0.298931,-0.566575,0.128174,0.334397,0.717452,-0.003061,0.961314,0.294169,0.802199,0.082359,-0.147462,0.016251,0.258564,0.449782,-1.0
0.271164,0.175706,-0.459737,-0.182407,-0.399286,-0.264609,0.384299,0.988528,-0.230136,-0.244458,0.531333,0.316925,-0.40817,-0.222284,-0.955294
-0.598423,-0.132994,0.678715,0.249667,-0.76709,0.690001,0.481522,0.855449,-0.270434,0.251498,0.123979,-0.654978,-0.127512,0.492745,-1.0
0.188191,-0.929354,-0.182096,0.801097,0.595087,0.021514,0.88514,0.783784,0.743362,0.021718,-0.031649,-0.105849,0.135256,0.489779,-0.936629
-0.194022,0.784509,0.965887,-0.196301,0.290771,-0.126394,0.216731,0.06395,0.095295,-0.131601,-0.353592,0.773643,0.293058,-0.499377,-1.0
0.620258,-0.253959,0.94658,-0.509948,-0.459822,0.18157,0.959414,0.751949,-0.738579,0.311798,0.085036,-0.010532,-0.404371,0.214376,-0.976304
-0.284274,-0.015704,0.400127,0.022269,0.107044,-0.443622,0.514499,0.337094,0.182708,-0.489437,-0.391603,0.389189,0.317486,-0.438811,-1.0
-0.515432,-0.094963,0.946586,0.575088,0.579309,-0.793531,0.666022,0.389707,0.273283,-0.45066,-0.17388,0.135824,0.283071,-0.214341,-1.0
0.540276,0.054586,-0.445901,0.59244,-0.709277,-0.21696,0.767831,0.21836,-0.616335,-0.179755,0.187091,0.127286,-0.555402,-0.116082,-1.0
-0.134748,-0.052095,-0.411044,-0.437455,0.103793,-0.377094,0.398283,0.845957,0.159324,-0.347869,-0.257669,0.498559,0.292745,-0.41244,-0.989598
-0.247775,-0.266752,0.491299,-0.460911,0.399049,-0.881778,0.587887,0.945642,0.23575,-0.415342,-0.302358,0.287352,0.468365,-0.292363,-0.945609
-0.324463,0.468142,0.845,-0.830649,-0.260352,0.082964,0.439357,0.011525,-0.283489,0.122415,-0.176177,0.531565,0.065433,-0.457644,-0.945329
0.373938,0.995657,0.802182,0.857247,-0.89895,-0.422843,0.473088,0.459334,-0.359644,-0.133751,0.357815,0.479106,-0.208657,-0.410537,-1.0
0.012102,-0.009607,-0.699097,-0.494655,0.324831,0.618006,0.626137,0.805606,0.242103,0.516175,-0.260881,-0.227017,0.201672,0.412803,-0.971569
0.278113,-0.098943,0.182247,-0.445421,-0.424909,0.05577,0.447909,0.391588,-0.396149,0.037244,0.577677,-0.085752,-0.556244,0.172857,-0.944914
-0.323544,0.406669,-0.599447,-0.336225,0.59174,0.110568,0.948932,0.5454,0.725752,0.100923,0.053848,0.011268,0.470608,-0.166054,-0.972953
-0.920481,0.804707,0.215271,0.44549,-0.123591,0.78898,0.269259,0.698673,-0.018664,0.164068,-0.729632,0.082815,0.487424,-0.019655,-1.0
0.467707,0.195143,0.004587,0.322581,0.014386,-0.456581,0.441511,0.601283,-0.030826,-0.334581,0.299528,0.411949,-0.293326,-0.380841,-0.85957
-0.516481,-0.358872,-0.339261,0.175096,-0.976121,0.503092,0.671992,0.188493,-0.448677,0.229963,0.152268,-0.376086,-0.118564,0.418954,-0.957621
-0.283123,-0.296685,0.55642,-0.907884,-0.952339,0.356431,0.1285,0.089067,-0.091458,0.04127,0.690353,-0.545321,-0.298399,0.381676,-1.0
-0.39843,-0.989907,-0.578967,-0.359046,0.350602,0.887955,0.751952,0.620909,0.180898,0.537825,-0.079072,-0.210709,0.228052,0.516367,-0.981679
-0.328911,-0.314892,0.88067,0.388549,0.303122,-0.368761,0.716708,0.031946,0.327501,-0.389098,-0.269746,0.118847,0.448294,-0.031029,-0.978913
-0.598957,0.49478,-0.449869,0.951362,-0.354182,-0.268299,0.075917,0.440508,-0.026085,0.006668,-0.329369,0.914967,0.102105,-0.470172,-1.0
-0.352405,0.950887,0.209239,0.984766,-0.499187,-0.320429,0.313434,0.905173,-0.162241,-0.13892,0.179849,0.738505,-0.059921,-0.473448,-0.989091
0.930554,0.129141,-0.290663,0.922092,0.069412,-0.50217,0.248606,0.869785,-0.004163,-0.248238,0.63525,0.332929,-0.316534,-0.348592,-0.94923
-0.114588,-0.270325,0.09378,-0.215376,0.625336,0.913784,0.520246,0.398976,0.244443,0.314754,-0.239366,-0.470339,0.188865,0.419705,-0.924939
-0.574693,-0.438097,0.745429,0.32285,-0.304409,-0.234451,0.44567,0.937901,-0.310174,-0.2032,-0.407572,-0.310183,0.339002,0.290062,-0.995224
0.012658,-0.817041,0.08124,-0.789309,0.478239,-0.657706,0.988625,0.502648,0.492108,-0.604169,0.015912,-0.021481,0.427625,0.235981,-1.0
-0.065725,0.95844,-0.719839,-0.78365,0.106267,-0.378029,0.37159,0.191448,0.017792,-0.310224,-0.004564,0.686488,0.041108,-0.519557,-0.964726
0.004107,-0.274405,0.719675,0.819181,0.393547,0.62846,0.448674,0.730951,0.126534,0.379897,-0.156296,-0.480261,0.233219,0.48418,-1.0
-0.521807,0.060259,0.455413,0.192503,-0.061963,-0.410558,0.929468,0.095421,-0.15905,-0.614776,-0.117357,0.009887,0.358626,-0.311951,-1.0
-0.047696,0.30887,0.300772,0.342397,-0.34498,0.120866,0.086612,0.060228,-0.038071,0.028324,0.707355,0.494252,-0.450565,-0.314906,-1.0
0.144649,-0.841079,-0.054398,0.268772,0.222518,-0.010991,0.831742,0.774674,0.643996,-0.039743,0.096323,-0.139062,0.030151,0.511469,-0.951257
0.093255,-0.025266,-0.656528,-0.581258,-0.607942,0.608606,0.516854,0.297732,-0.3193,0.285234,0.348217,-0.381531,-0.389647,0.327686,-1.0
-0.058012,-0.624138,-0.15083,-0.29128,-0.135888,0.723571,0.446006,0.537794,-0.096042,0.414572,-0.015271,-0.573287,-0.050251,0.427666,-1.0
0.11091,-0.957263,-0.8934,-0.310545,-0.321285,0.471413,0.22553,0.990949,-0.162591,0.107741,0.169329,-0.775636,-0.164598,0.501114,-0.920044
-0.914647,0.390059,0.416247,-0.025288,-0.231303,-0.844934,0.813379,0.948086,-0.175017,-0.511206,-0.101753,0.188286,0.203093,-0.468927,-0.996586
0.283202,-0.163065,-0.485733,-0.959328,-0.818906,-0.214183,0.128095,0.66509,-0.095888,0.03047,0.940984,0.022235,-0.545547,-0.067809,-1.0
0.41764,-0.27529,-0.908596,-0.966461,0.954489,-0.902575,0.073372,0.101393,0.035108,-0.017781,-0.511303,0.738386,0.407147,-0.446529,-1.0
-0.355385,0.061833,0.898263,-0.145351,0.940347,-0.385791,0.139245,0.041974,0.085526,0.019425,-0.824345,0.281745,0.551226,-0.126547,-0.907897
-0.928886,-0.434254,-0.363046,-0.702153,0.449755,-0.071839,0.851361,0.165416,0.73623,-0.147,-0.0584,-0.006469,0.534009,0.136561,-1.0
-0.916398,-0.843353,-0.251585,-0.950256,-0.846342,-0.143396,0.686743,0.602295,-0.483867,-0.114922,0.00461,-0.38693,0.039168,0.49805,-1.0
0.425909,-0.984774,-0.339512,0.130066,-0.451095,-0.233283,0.158267,0.395342,-0.097229,-0.044953,0.645911,-0.565083,-0.445072,0.271685,-1.0
-0.183857,-0.050974,-0.017683,0.04916,0.217316,0.596815,0.479708,0.632399,0.054811,0.345605,-0.195361,-0.45789,0.227672,0.471415,-0.995337
0.224232,0.94426,0.642214,0.27268,-0.607503,-0.663261,0.101043,0.450826,-0.056292,0.044485,0.465869,0.821524,-0.293951,-0.454406,-1.0
0.006346,0.624424,-0.349172,0.365104,0.871159,-0.284395,0.539203,0.937992,0.418939,-0.0723,-0.318413,0.255879,0.372279,-0.389854,-1.0
0.569104,0.973559,0.601206,0.473875,-0.060156,-0.438205,0.337673,0.867872,0.002132,-0.319866,0.331104,0.667962,-0.195538,-0.4756,-1.0
0.909925,0.187824,0.953069,0.106072,-0.063288,-0.873573,0.286661,0.996504,-0.047196,-0.248796,0.471568,0.515114,-0.24455,-0.387637,-0.930681
-0.381475,0.837699,-0.343679,0.710818,0.540064,-0.687417,0.848817,0.326781,0.484264,-0.567388,-0.135017,0.067858,0.201312,-0.428841,-1.0
-0.102833,0.183342,-0.90175,-0.714702,0.223251,-0.94879,0.153489,0.567764,0.04987,-0.14941,-0.279576,0.908393,0.180766,-0.48396,-1.0
0.284898,0.391303,-0.239466,-0.728053,0.01906,-0.254615,0.063635,0.058357,0.012317,-0.026193,0.297741,0.854967,-0.169702,-0.485615,-1.0
-0.900596,0.83171,-0.486415,-0.314969,0.273587,-0.564066,0.81499,0.106645,0.286728,-0.498522,-0.099276,0.183138,0.276416,-0.374822,-1.0
0.734809,-0.213799,0.727642,0.743543,-0.362719,-0.662637,0.077491,0.316698,-0.038937,-0.036809,0.832022,0.277253,-0.482139,-0.202211,-0.971912
-0.953837,-0.79713,0.311006,-0.721815,0.080206,-0.985102,0.109272,0.124689,-0.00336,-0.140377,-0.935717,0.123217,0.390327,0.013697,-0.968255
0.977547,-0.804163,-0.298951,0.928257,-0.44305,0.018617,0.159106,0.389463,-0.085227,0.002059,0.728907,-0.4214,-0.495706,0.214493,-1.0
-0.942301,0.616044,-0.101437,-0.881044,-0.034281,0.488579,0.693795,0.404383,-0.027681,0.496251,-0.351036,0.058719,0.489737,-0.036501,-0.94217
0.680769,0.273769,-0.461146,-0.192346,0.711238,-0.81618,0.862227,0.45685,0.448621,-0.530549,-0.008239,0.125044,0.030957,-0.577157,-0.943629
-0.99536,-0.678332,-0.225047,0.319255,0.995302,0.029523,0.693836,0.35349,0.531301,-0.036337,-0.257303,-0.12642,0.434695,0.189225,-0.868081
0.212144,-0.495722,0.220742,-0.656992,-0.894615,-0.481019,0.098877,0.450642,-0.041481,-0.022329,1.0,0.026572,-0.436012,-0.006342,-0.95674
-0.087444,-0.657308,-0.360953,0.187068,0.543928,-0.929082,0.28616,0.085979,0.144597,-0.225521,-0.542997,0.332059,0.470471,-0.18228,-0.924096
-0.807485,0.279655,0.194493,0.224495,0.209231,0.282215,0.453167,0.296158,0.296188,0.286524,-0.493539,0.014829,0.550441,0.054141,-1.0
-0.063542,0.960702,-0.006134,-0.929738,-0.810432,0.3497,0.469341,0.677506,-0.296982,0.142649,0.388164,0.298514,-0.414119,-0.29601,-0.98997
-0.170796,0.75737,0.312047,-0.938487,-0.529569,-0.043012,0.574795,0.15743,-0.424467,-0.041174,0.134992,0.424652,-0.248549,-0.48051,-1.0
0.464214,-0.085136,-0.010795,0.636558,0.746055,0.053975,0.220181,0.613531,0.19253,-0.003929,-0.694749,-0.346859,0.500698,0.32296,-1.0
0.311737,0.004102,-0.801252,0.42879,0.61249,0.12665,0.764944,0.01493,0.581981,0.0674,-0.250195,-0.194451,0.478916,0.22588,-0.826627
-0.979245,-0.875067,-0.293975,-0.193233,0.48512,0.525183,0.406945,0.99006,0.221288,0.204505,-0.43999,-0.4427,0.343403,0.273196,-0.974636
-0.452927,0.212043,0.259601,0.416463,-0.682814,0.403794,0.021977,0.90676,0.104907,-0.019069,0.74598,-0.715734,-0.435656,0.250788,-1.0
-0.478658,-0.292796,-0.262542,0.609324,0.500396,-0.019614,0.171458,0.477104,0.168685,-0.034243,-0.810928,-0.147955,0.559872,0.128172,-0.924367
0.386659,-0.191433,-0.20941,0.107458,0.046429,-0.104641,0.067966,0.129572,0.101678,-0.06084,0.874868,-0.269045,-0.475618,0.154571,-0.954007
0.650822,-0.38064,-0.508696,0.873961,-0.452313,0.947747,0.418771,0.895782,-0.164612,0.365518,0.423307,-0.526687,-0.279596,0.325634,-1.0
0.848234,-0.075014,0.345508,0.497492,-0.943247,0.922904,0.428871,0.397262,-0.191042,0.342512,0.555252,-0.360038,-0.362102,0.305443,-0.941874
-0.160962,-0.236804,-0.616943,0.488069,-0.25499,-0.715208,0.95631,0.614205,-0.274244,-0.653435,0.007257,0.007292,-0.0679,-0.427294,-0.979841
-0.504551,0.159673,-0.026884,0.545573,0.207625,0.896977,0.103684,0.376602,0.031945,0.086408,-0.641631,-0.6892,0.325603,0.296855,-1.0
0.78363,-0.323708,0.665919,-0.089505,-0.931081,0.816976,0.698842,0.607948,-0.402944,0.34566,0.291401,-0.230006,-0.363028,0.255833,-1.0
-0.808587,0.49243,0.060509,-0.029878,-0.020255,0.001412,0.33951,0.37877,-0.237938,-0.030975,-0.522585,0.335803,0.405515,-0.347502,-1.0
-0.312935,0.237664,-0.089193,0.907384,-0.314163,-0.60287,0.630339,0.015244,-0.262264,-0.361832,0.00518,0.44868,-0.026821,-0.484987,-0.988528
0.145039,-0.664003,0.168915,0.812487,-0.472867,0.194258,0.330436,0.046307,-0.284352,0.130275,0.465094,-0.460966,-0.25892,0.432404,-0.996847
0.326075,0.907239,0.740965,-0.258812,-0.38058,0.447143,0.548033,0.589856,-0.357536,0.355408,0.408772,0.298247,-0.433126,-0.316197,-1.0
0.988596,-0.292827,0.096028,-0.477962,0.689787,0.565081,0.017109,0.3555,0.054864,0.009262,0.24692,-0.963788,-0.160912,0.479733,-1.0
-0.76665,-0.486659,0.254142,-0.044896,-0.997777,-0.219423,0.666709,0.067134,-0.618434,-0.087586,0.312151,-0.271624,-0.365331,0.368681,-1.0
0.719502,-0.273993,-0.929296,0.543106,0.397811,-0.926414,0.752113,0.680198,0.231918,-0.547813,0.097902,0.304424,-0.207926,-0.419163,-1.0
-0.122575,0.027738,-0.77804,0.905171,-0.552269,0.586734,0.531129,0.575085,-0.305417,0.377074,0.254974,-0.325277,-0.274476,0.315091,-0.885981
0.625048,-0.074143,0.167465,0.438797,0.779018,0.169421,0.31288,0.007144,0.282896,0.094823,-0.387601,-0.568608,0.289049,0.352792,-1.0
0.142178,-0.187104,-0.140846,-0.240918,-0.650139,-0.539748,0.250163,0.11612,-0.153946,-0.076441,0.700821,0.332913,-0.543881,-0.14969,-1.0
-0.071026,-0.266829,0.369275,0.840348,-0.003865,-0.716746,0.948675,0.988312,0.084866,-0.747731,0.037623,-0.06914,0.120572,-0.539603,-0.928603
-0.57351,-0.855952,-0.202133,-0.34508,0.290678,0.978801,0.608844,0.598453,0.171686,0.448599,-0.152129,-0.348214,0.237394,0.47913,-0.988996
-0.742093,-0.168669,-0.333664,-0.612423,-0.333169,-0.485748,0.679979,0.838956,-0.278724,-0.432811,-0.173835,0.23439,0.343322,-0.229561,-1.0
0.334656,-0.293276,-0.927766,-0.63386,0.897875,-0.074982,0.574832,0.132822,0.528103,0.004159,-0.389839,-0.101933,0.510995,0.063994,-0.90068
0.797915,-0.429053,0.599559,-0.933401,0.597034,-0.400481,0.828313,0.866893,0.534055,-0.371977,0.215475,-0.070489,-0.450942,0.060132,-0.985666
0.411843,-0.250402,-0.20274,-0.815643,-0.466447,0.673701,0.028486,0.347957,-0.070971,-0.038815,0.699708,-0.770357,-0.359362,0.389386,-1.0
0.714744,0.43363,-0.657412,-0.49119,0.718829,0.71061,0.216364,0.521223,0.078786,0.068141,0.006244,-0.783064,-0.003816,0.533685,-1.0
-0.477846,0.317761,-0.366602,0.525596,-0.148151,0.334014,0.842446,0.064649,-0.240394,0.645975,-0.172173,0.13897,0.517876,0.034669,-1.0
0.700105,0.619011,0.600291,0.183973,0.578028,0.275774,0.937806,0.394014,0.792844,0.363674,0.042368,-0.034898,-0.109912,-0.423156,-1.0
-0.591763,-0.076398,-0.067995,0.502336,-0.016128,-0.487948,0.017077,0.031859,-0.042095,0.02261,-0.830605,0.595509,0.464358,-0.264837,-0.947936
-0.483447,0.622304,-0.873128,0.685242,-0.841062,0.478647,0.157088,0.378415,-0.049752,0.068094,0.751342,0.320392,-0.495435,-0.205468,-1.0
-0.219262,0.368443,0.585977,-0.266432,0.908559,-0.618018,0.570881,0.404474,0.374649,-0.220329,-0.268879,0.2839,0.470129,-0.333501,-0.96098
0.030816,-0.462627,0.67708,0.02593,-0.549694,0.426542,0.512605,0.593188,-0.310333,0.252642,0.318171,-0.42317,-0.23783,0.477556,-1.0
0.240676,-0.306667,0.24083,0.060244,0.029862,0.204983,0.971837,0.622868,0.133022,0.681277,0.033742,-0.019148,-0.160086,0.407758,-0.979868
-0.440896,-0.338965,-0.412276,-0.729702,0.93916,0.921935,0.669481,0.774009,0.393803,0.371231,-0.258313,-0.182069,0.421835,0.353117,-0.961872
0.130581,-0.294522,0.949726,0.120846,0.536459,-0.702938,0.307054,0.92019,0.125555,-0.177086,-0.408505,0.487123,0.333096,-0.318634,-0.987028
0.57329,0.470953,0.027922,0.149918,0.064934,0.936193,0.64415,0.475946,0.018361,0.519349,0.340998,-0.124506,-0.316226,0.385644,-0.978962
0.172265,0.357928,-0.795777,-0.982828,-0.281387,0.7198,0.441092,0.292258,-0.161203,0.31401,0.388541,-0.410883,-0.454294,0.338591,-1.0
-0.388553,-0.870514,0.342758,-0.250068,0.555722,-0.962847,0.355186,0.226723,0.164036,-0.175765,-0.655199,0.124831,0.485196,-0.010901,-0.959274
0.080144,0.535953,-0.256811,0.08041,0.689888,0.197992,0.969154,0.609117,0.696061,0.20264,-0.018975,0.007054,0.455642,-0.155777,-0.980998
-0.42299,-0.548542,0.17363,0.871961,0.527077,-0.639015,0.6837,0.551556,0.349626,-0.392986,-0.208069,0.052655,0.521947,-0.01448,-1.0
-0.229368,-0.334873,0.07823,-0.874934,-0.30036,-0.491343,0.91648,0.800544,-0.347246,-0.579417,0.072868,0.138859,-0.150501,-0.46849,-1.0
0.69342,-0.954474,0.373077,0.122802,0.523252,-0.964204,0.536096,0.549844,0.287572,-0.414802,0.375579,0.042884,-0.380529,-0.036775,-1.0
0.780606,0.510398,-0.48521,-0.832911,-0.371236,0.658449,0.765359,0.769887,-0.335337,0.466949,0.303386,0.015558,-0.408122,0.078858,-1.0
-0.878918,-0.272933,-0.071086,0.960863,0.366414,-0.390153,0.686706,0.956487,0.450981,-0.299615,-0.265472,0.006325,0.507067,-0.071858,-0.950979
0.947448,-0.658558,-0.224638,0.36439,0.467285,-0.755135,0.966961,0.358441,0.409594,-0.620415,0.055419,0.068894,-0.589841,-0.093032,-0.984983
0.286734,0.669882,0.8892,-0.447794,0.104761,0.362248,0.187678,0.279541,0.014962,0.197969,0.407597,0.698261,-0.321773,-0.46035,-0.909086
0.104362,-0.092634,-0.326676,0.482329,-0.328898,0.217657,0.478958,0.441169,-0.289467,0.258784,0.347443,-0.22942,-0.352047,0.369118,-1.0
0.098202,0.485797,0.498596,-0.450062,-8.4e-05,0.492495,0.556296,0.017476,-0.005955,0.478981,0.413778,-0.079116,-0.499802,0.003568,-1.0
0.16188,-0.304791,0.544077,-0.320471,-0.196858,-0.97835,0.595954,0.144664,-0.117731,-0.421161,0.208173,0.354257,-0.252731,-0.490835,-0.897105
-0.166415,-0.105649,0.426352,0.101135,-0.343942,-0.897149,0.34957,0.646122,0.002387,-0.272996,0.055033,0.596201,-0.159219,-0.4749,-0.97764
-0.27028,0.712795,-0.494614,-0.876343,0.454636,-0.924399,0.759725,0.843289,0.30529,-0.528615,-0.050535,0.272182,0.24484,-0.365053,-1.0
-0.763766,0.124977,0.670863,-0.269707,-0.139026,-0.393606,0.084673,0.571626,0.082822,-0.074518,-0.693412,0.56817,0.429753,-0.313447,-1.0
0.308213,-0.935901,0.860786,0.97538,0.680103,-0.016648,0.029233,0.346115,-0.003058,0.004725,-0.446218,-0.883967,0.193982,0.462164,-1.0
0.768385,0.056951,-0.811638,0.036504,0.059303,-0.322539,0.042292,0.546499,-0.031608,-0.01289,0.840366,0.473941,-0.499021,-0.201842,-1.0
-0.89101,0.198848,0.617926,0.004937,0.269302,-0.33659,0.19986,0.968342,0.02685,-0.092229,-0.703774,0.453936,0.508496,-0.185878,-1.0
0.789006,-0.078831,0.021959,-0.504691,-0.663443,-0.114327,0.154934,0.311927,-0.038573,0.006825,0.766883,0.034122,-0.503573,-0.044896,-1.0
-0.268631,0.333401,0.399754,-0.129288,-0.398419,-0.011421,0.47234,0.711526,-0.351107,0.068685,0.212965,0.443825,-0.205578,-0.453865,-0.99182
-0.150532,0.424116,0.358752,0.951963,0.834923,-0.732839,0.757502,0.699703,0.423372,-0.457752,-0.120825,0.260638,0.394498,-0.362597,-0.97045
-0.906838,0.518229,0.369644,-0.571263,0.112475,-0.362,0.763776,0.740118,0.103579,-0.532118,-0.142008,0.261265,0.432705,-0.320311,-1.0
-0.644899,0.129685,0.15967,-0.856698,0.68143,0.02698,0.301865,0.951784,0.288097,0.007088,-0.732613,0.07208,0.431382,-0.012246,-1.0
0.054454,-0.297286,-0.88132,-0.09948,0.622861,-0.886309,0.620113,0.176982,0.299311,-0.340749,-0.231626,0.266936,0.369497,-0.330513,-0.975275
-0.178426,-0.126247,0.078382,0.878662,0.081518,-0.143713,0.752497,0.015229,0.234575,-0.565506,-0.259795,0.00293,0.493546,-0.012903,-0.959337
-0.869348,-0.907635,-0.839054,0.613688,-0.167151,0.611437,0.949122,0.449399,-0.231107,0.614178,-0.076589,-0.04089,0.259622,0.498611,-0.998543
-0.378883,0.113654,0.589661,-0.772144,0.257488,0.225209,0.696643,0.930569,0.492094,0.446643,-0.285018,-0.032908,0.528495,0.115453,-0.962524
0.522357,-0.988629,0.320843,-0.117148,0.109679,-0.896043,0.820681,0.906767,0.116359,-0.603889,0.137233,-0.069003,-0.439027,0.080044,-0.99843
-0.577708,-0.10517,-0.283188,-0.15943,-0.052548,0.53005,0.928854,0.852371,-0.07154,0.750665,-0.031315,-0.07968,0.313985,0.442677,-1.0
-0.538712,0.353179,-0.708549,-0.058552,0.897626,0.89826,0.531203,0.153667,0.237267,0.330846,-0.419244,-0.106158,0.387703,0.061436,-1.0
0.235687,0.79621,0.199611,0.299311,0.944599,0.439668,0.078486,0.330821,0.000916,0.015074,-0.904062,0.346675,0.343193,-0.212189,-1.0
-0.283132,0.490938,-0.20805,0.060133,-0.286909,0.475557,0.916859,0.968938,-0.403602,0.549454,0.066395,0.035044,-0.207383,-0.515986,-1.0
0.439672,-0.40802,0.484305,0.901609,0.483711,-0.442269,0.917124,0.065715,0.541493,-0.431429,-0.074341,0.010678,0.351973,-0.316736,-0.99638
-0.767209,-0.70448,-0.790852,0.917234,0.970626,-0.731748,0.175098,0.19012,0.136594,-0.092696,-0.825915,-0.031839,0.514385,-0.046625,-1.0
-0.607884,-0.10019,0.062848,-0.361057,-0.834804,0.865868,0.665939,0.816491,-0.285248,0.353439,0.098764,-0.16772,-0.088837,0.510624,-1.0
-0.933315,0.857729,-0.537282,-0.64584,0.07127,-0.40739,0.224211,0.639145,0.017044,-0.184937,-0.503051,0.600774,0.311478,-0.360361,-0.94923
0.478659,-0.963437,-0.129592,-0.191435,0.006165,-0.970468,0.974956,0.510946,0.025358,-0.784371,0.069483,-0.063078,-0.503232,-0.004036,-1.0
0.055096,0.445584,0.073979,0.382713,0.281494,-0.168872,0.516315,0.695365,0.330646,-0.229652,-0.1826,0.411668,0.203188,-0.527883,-1.0
-0.460255,-0.924962,0.117865,-0.908039,-0.462023,-0.91087,0.160772,0.514803,-0.07596,-0.073228,0.136431,-0.741981,-0.167815,0.556259,-0.95712
-0.348733,-0.967138,0.466318,0.67634,-0.212081,0.228287,0.343536,0.464372,-0.140849,0.232407,-0.045593,-0.599493,0.065517,0.469446,-1.0
-0.951925,-0.404309,0.099861,0.037536,-0.486537,-0.079205,0.77484,0.766823,-0.732015,-0.024914,-0.173789,-0.076939,0.386399,0.302055,-0.984386
0.708441,0.070066,-0.620917,-0.603659,0.319214,-0.195232,0.267787,0.038777,0.123665,-0.111783,0.570465,0.458313,-0.441531,-0.322335,-1.0
0.189651,-0.11066,0.300008,0.48582,-0.292294,0.829415,0.901915,0.264219,-0.241027,0.711663,-0.011378,-0.152962,-0.184813,0.473613,-0.991933
0.880666,-0.570459,-0.515966,0.848955,-0.918269,0.849478,0.967578,0.403063,-0.603794,0.562127,-0.004834,0.090508,-0.410391,0.241981,-1.0
0.370379,0.190344,-0.614307,-0.382871,0.121439,-0.24495,0.664224,0.124304,0.256318,-0.466278,0.173912,0.287217,-0.32778,-0.410722,-0.912879
-0.353816,0.313531,-0.069863,-0.474154,0.881851,-0.956874,0.130079,0.266496,0.158254,-0.222026,-0.635513,0.669593,0.300168,-0.282039,-1.0
-0.146259,-0.888687,-0.270171,0.760627,-0.443392,-0.512205,0.498394,0.424373,-0.15445,-0.21535,0.332444,-0.387524,-0.248637,0.359543,-0.944543
-0.450778,-0.779813,0.129654,0.553414,-0.778491,-0.513195,0.195427,0.654819,-0.114353,-0.043416,0.633133,-0.40357,-0.39104,0.30796,-1.0
0.609581,0.21868,0.748626,-0.665591,-0.814519,-0.21197,0.40053,0.59687,-0.340049,-0.039833,0.670035,0.162591,-0.485753,-0.135216,-0.945771
0.229983,-0.223361,-0.622753,0.353504,0.667925,0.008192,0.546366,0.067804,0.484646,0.048718,-0.408059,-0.178305,0.469843,0.238537,-1.0
0.63334,0.109273,0.472981,0.462959,0.98658,-0.073971,0.533002,0.004841,0.404882,-0.023165,-0.421505,0.170064,0.429965,-0.200667,-0.966
-0.107782,-0.018685,-0.908796,0.871504,0.623953,-0.432123,0.67956,0.454362,0.492587,-0.258509,-0.238882,0.166666,0.482843,-0.265932,-0.948803
-0.800246,-0.44428,-0.322169,0.404199,-0.406619,-0.535433,0.759774,0.763552,-0.394079,-0.457703,-0.228129,0.031014,0.383378,-0.039863,-0.902822
0.896556,0.707958,0.798762,0.610367,-0.613849,-0.492293,0.30901,0.436912,-0.176072,-0.066827,0.609054,0.420898,-0.40762,-0.372735,-0.969316
0.857562,0.842315,0.064969,-0.114697,-0.356699,0.288274,0.488908,0.724778,-0.222926,0.284376,0.446629,0.222438,-0.517852,-0.169052,-1.0
0.437088,0.988503,-0.68482,-0.624266,0.435319,0.775659,0.595496,0.708482,0.264837,0.449196,0.041043,0.41804,0.060547,-0.537723,-0.997468
0.075234,-0.703393,-0.312716,-0.82686,-0.240863,-0.952546,0.700407,0.896063,-0.004209,-0.565894,0.222534,0.143798,-0.366884,-0.408085,-0.932085
-0.725648,-0.668778,-0.589038,0.016321,-0.814059,-0.855906,0.326092,0.246978,-0.064813,-0.214384,0.310121,0.61161,-0.136595,-0.438397,-1.0
0.152926,-0.911028,-0.631055,0.212237,-0.488049,-0.915386,0.737416,0.098423,-0.20015,-0.535781,0.270298,-0.022274,-0.534925,0.043093,-0.980879
-0.326279,-0.849397,0.416786,0.751491,-0.426144,-0.604147,0.740586,0.372872,-0.283207,-0.43029,0.126295,-0.253104,-0.11567,0.380262,-0.931347
-0.611395,0.252237,-0.735924,-0.467586,-0.50106,-0.252146,0.253677,0.550146,-0.14663,-0.093015,-0.217957,0.686004,0.075766,-0.612572,-0.897937
-0.501618,-0.819517,0.884302,-0.636099,-0.47449,0.2378,0.687977,0.920639,-0.4782,0.267582,0.032978,-0.358884,0.032529,0.54572,-0.986257
-0.85856,-0.358694,0.197242,-0.198152,-0.655275,-0.987046,0.454259,0.135074,-0.178466,-0.36307,-0.155862,0.502834,0.21614,-0.455959,-1.0
0.093466,0.933988,-0.773855,0.322525,-0.189175,-0.959247,0.250403,0.317302,0.032847,-0.314836,0.122475,0.760555,-0.083049,-0.575917,-1.0
-0.513223,0.720342,0.760574,-0.761806,0.615387,0.795975,0.141405,0.22577,0.083857,0.048081,-0.89036,-0.067332,0.427839,-0.078002,-0.985756
-0.589899,0.543246,-0.233059,0.752338,-0.568609,0.933612,0.898472,0.522442,-0.354177,0.64566,0.036792,-0.16209,0.13115,0.548992,-0.992329
-0.11983,0.492042,-0.567987,0.775936,-0.144601,-0.30417,0.689503,0.392628,-0.168828,-0.543497,-0.040198,0.35206,-0.106515,-0.451583,-1.0
-0.329026,-0.738364,-0.45327,-0.106251,-0.976252,-0.826629,0.325944,0.656023,-0.30162,-0.156326,0.639683,0.189063,-0.560845,-0.082781,-1.0
0.144919,-0.350677,0.442597,-0.102592,0.874811,0.492256,0.361394,0.979961,0.214925,0.114899,-0.352037,-0.463318,0.304202,0.330672,-0.956188
-0.860979,-0.938274,-0.348892,-0.469843,-0.133929,0.325131,0.502985,0.423849,-0.224317,0.325465,-0.273577,-0.388581,0.171091,0.479261,-1.0
-0.73974,-0.301929,-0.23552,0.854335,-0.878411,0.243009,0.186441,0.608629,-0.077209,-0.002351,0.329898,-0.782763,-0.129647,0.53516,-1.0
-0.138895,-0.878458,0.572717,-0.537735,-0.272317,-0.776927,0.932602,0.342993,-0.257595,-0.793144,0.041176,0.064092,-0.407701,0.209082,-1.0
0.079615,0.349505,-0.400163,0.848396,-0.29872,0.052331,0.877453,0.77105,-0.646795,0.108544,0.111743,0.12033,-0.409241,-0.156076,-1.0
0.55412,0.36874,-0.780751,0.585296,0.933262,0.702367,0.00914,0.949273,-0.011292,-0.022021,-0.737475,-0.607537,0.407924,0.382262,-0.919775
-0.606482,-0.238772,-0.736898,0.884392,0.431542,0.376384,0.993553,0.765571,0.599963,0.570824,-0.008852,0.050838,0.471317,0.167493,-1.0
-0.035966,-0.564297,-0.460686,-0.030107,0.78901,0.836532,0.522689,0.126106,0.323161,0.347064,-0.188628,-0.466015,0.186826,0.512378,-0.938413
0.20701,-0.640659,-0.765866,-0.192795,0.022178,0.024841,0.709777,0.779753,0.394911,0.43975,0.08391,-0.262388,-0.238357,0.505028,-1.0
-0.107941,-0.360294,-0.959231,0.490976,-0.426092,0.632858,0.67456,0.0988,-0.32183,0.483133,0.164031,-0.2633,-0.196908,0.474535,-0.988774
-0.561326,-0.26705,0.217415,-0.369943,0.973045,-0.382056,0.047626,0.150186,0.053798,-0.104191,-1.0,0.15554,0.480573,1.9e-05,-1.0
-0.249171,0.953941,-0.22434,-0.894423,0.875911,-0.87685,0.681692,0.641873,0.419207,-0.436221,-0.23359,0.300839,0.26427,-0.512181,-1.0
-0.64563,0.844339,-0.689865,-0.504779,0.845519,-0.505121,0.139183,0.47201,0.136354,0.044755,-0.667632,0.549588,0.299796,-0.293936,-1.0
-0.129009,0.640567,-0.722676,-0.161206,0.353503,0.945166,0.253987,0.399502,0.060467,0.175562,-0.681636,-0.487645,0.433402,0.276543,-1.0
-0.623112,0.404777,-0.508969,0.722631,0.334284,0.953729,0.611582,0.741698,0.157875,0.426936,-0.325898,-0.242924,0.43452,0.292192,-1.0
0.640832,-0.9789,-0.443846,0.869187,0.295691,0.101354,0.824914,0.065182,0.573386,0.244747,0.050735,-0.128355,-0.220512,0.478988,-1.0
-0.359924,-0.238522,0.443386,0.927382,-0.730375,0.010745,0.536131,0.694453,-0.456236,0.014634,0.383513,-0.358071,-0.490549,0.285104,-1.0
0.228667,0.276499,-0.155679,-0.511043,0.721546,0.1509,0.641949,0.408741,0.516143,0.060161,-0.335342,0.128622,0.51799,-0.141876,-0.974268
-0.386173,-0.688239,0.310556,0.525935,-0.592736,0.581013,0.490609,0.26545,-0.314301,0.218031,0.147628,-0.467113,-0.139006,0.470632,-0.922173
-0.075446,-0.555934,0.183796,0.634159,0.696794,0.855957,0.185726,0.794219,0.109228,0.076183,-0.57623,-0.829378,0.206629,0.401271,-0.997871
0.059614,-0.592679,0.567943,0.533255,-0.504243,0.114062,0.415261,0.100142,-0.356367,0.102971,0.40347,-0.454007,-0.247783,0.354537,-0.967337
0.195547,0.911208,0.335115,-0.23985,-0.413331,-0.206905,0.124825,0.742488,-0.104882,-0.014855,0.428053,0.752127,-0.245641,-0.415783,-0.990712
0.004835,0.260758,0.533672,0.784516,0.1544,-0.945202,0.852111,0.765608,0.157028,-0.713474,-0.097548,0.155174,0.046705,-0.591273,-0.963805
0.506664,0.974328,0.61719,0.101234,-0.84964,0.642323,0.755938,0.70392,-0.567903,0.467091,0.261827,0.039806,-0.508024,-0.16017,-0.980511
0.048734,0.724506,0.224689,-0.734221,-0.19566,-0.434113,0.230477,0.719271,-0.16188,-0.17245,0.077826,0.700759,-0.09791,-0.568508,-0.917491
0.857168,0.05993,0.334076,-0.930168,-0.617833,-0.211466,0.597785,0.799772,-0.387499,-0.18569,0.415072,0.106654,-0.475153,-0.100078,-1.0
0.59998,0.538305,-0.003218,0.85666,0.848275,0.710916,0.768333,0.30701,0.522161,0.35597,-0.193781,-0.171882,0.390258,0.303073,-0.946527
0.418967,-0.778311,0.311567,0.684127,0.793434,-0.963053,0.767441,0.434533,0.431336,-0.44441,-0.196156,0.119778,0.451635,-0.334724,-0.937191
0.565256,0.59327,-0.2447,-0.02686,-0.018066,0.378983,0.344476,0.819989,-0.103208,0.321783,0.562224,0.170214,-0.472172,-0.164722,-1.0
0.431033,0.884161,0.255699,0.006338,0.315467,0.963692,0.65236,0.432146,0.150699,0.44895,0.242177,-0.162305,-0.410915,0.229205,-1.0
-0.935133,0.401059,0.565996,0.648038,0.09641,0.555794,0.749596,0.67723,0.129613,0.606119,-0.361136,0.05802,0.286397,0.121417,-0.947907
-0.370228,-0.423153,0.069793,-0.545236,-0.045969,0.756248,0.139139,0.06713,-0.02118,0.155841,-0.306087,-0.863895,0.141151,0.52065,-0.973052
0.492045,-0.037058,0.24824,-0.569727,0.365386,-0.293278,0.295445,0.690269,0.09868,-0.165216,0.298027,0.615265,-0.16442,-0.519471,-0.97557
-0.011153,-0.463697,0.547637,-0.038434,0.773961,-0.306311,0.649395,0.708635,0.509331,-0.116755,-0.355197,-0.106355,0.487179,0.082327,-0.962033
-0.168869,0.463508,0.627624,0.73667,0.431423,-0.768364,0.727678,0.591759,0.255047,-0.425921,-0.153613,0.251406,0.222588,-0.434129,-1.0
0.631856,0.610135,0.938164,0.918531,-0.56409,0.833999,0.86953,0.300417,-0.362544,0.702146,0.090679,-0.109784,-0.50311,0.203504,-1.0
-0.165091,-0.797419,-0.033875,0.700597,0.562908,0.568977,0.327938,0.023389,0.178983,0.191557,-0.25684,-0.548741,0.204313,0.401871,-0.939604
-0.26383,0.892551,-0.413826,-0.063899,0.779085,0.846875,0.523168,0.436828,0.266507,0.370286,-0.539241,-0.064573,0.420052,0.012727,-0.943779
0.31061,-0.322452,-0.39434,0.419296,0.270614,-0.834492,0.746221,0.068301,0.285959,-0.536032,-0.027018,0.320822,-0.106254,-0.409108,-0.946674
-0.103796,-0.741616,0.998636,0.888402,0.50966,-0.712292,0.53169,0.255936,0.340926,-0.31744,-0.474254,-0.051643,0.547568,-0.013747,-1.0
0.185074,0.321841,-0.232412,-0.865477,0.847265,0.312843,0.358378,0.423077,0.178978,0.150458,-0.62318,-0.050788,0.453098,-0.10859,-1.0
-0.215238,-0.331685,-0.870117,0.601067,-0.095539,0.69602,0.625581,0.537776,-0.148567,0.536368,0.014774,-0.365508,0.080621,0.54151,-1.0
0.147837,0.409004,0.768904,-0.784504,-0.638645,-0.498382,0.268916,0.154878,-0.209534,-0.053819,0.454619,0.56593,-0.308324,-0.290459,-0.990019
0.255444,-0.748951,-0.975834,-0.64485,0.67581,0.344401,0.703525,0.97306,0.473102,0.272163,-0.065301,-0.249893,0.124407,0.426891,-0.994898
-0.747682,0.616919,-0.593601,0.473086,0.125692,-0.666612,0.961458,0.908305,0.138218,-0.702026,0.006368,0.070364,0.198028,-0.424343,-0.996434
0.1653,0.639164,-0.184327,0.563841,-0.369346,0.37118,0.268705,0.741615,-0.177484,0.177609,0.722329,0.415,-0.384595,-0.194111,-0.944086
0.38838,0.15817,-0.806817,-0.638321,-0.902517,0.615753,0.580582,0.81366,-0.466731,0.289657,0.413736,-0.095958,-0.532969,0.257525,-1.0
0.748924,-0.904189,0.169609,0.667238,0.976648,0.220486,0.473966,0.922353,0.406609,0.058942,-0.14671,-0.569418,0.095857,0.491353,-0.973129
-0.57374,-0.9481,-0.316539,-0.744444,0.026641,-0.503447,0.104076,0.707802,0.082176,0.004788,-0.774869,-0.6068,0.283599,0.30441,-0.980584
0.276056,-0.542703,0.861821,0.918477,0.95909,0.470101,0.617371,0.04285,0.393382,0.209408,-0.145178,-0.326713,0.235155,0.447465,-0.995395
0.621369,-0.940904,-0.369741,-0.931505,-0.954431,-0.227626,0.50436,0.836891,-0.415673,-0.099221,0.39771,-0.333154,-0.441899,0.138923,-0.991848
-0.88861,0.719079,-0.874024,-0.953951,0.704981,0.872568,0.988252,0.9148,0.466849,0.516469,-0.007553,0.057087,0.452258,0.041246,-1.0
-0.116075,0.734771,-0.264143,0.800141,0.664993,-0.937683,0.240693,0.637919,0.064485,-0.253802,-0.329916,0.651914,0.24635,-0.480609,-0.960043
-0.852475,-0.195289,0.830944,0.724083,0.044508,-0.02457,0.748337,0.473149,0.473327,-0.236847,-0.178397,0.010308,0.449421,0.16187,-0.977456
0.03583,-0.4657,-0.609083,0.023555,0.591294,0.331691,0.701695,0.213982,0.512405,0.303488,-0.330647,-0.171148,0.322114,0.292743,-0.992213
-0.071767,-0.08577,-0.844443,0.959641,0.07922,-0.960476,0.009074,0.486287,0.037621,0.034298,-0.135519,1.0,0.093997,-0.50149,-1.0
-0.002301,-0.400806,0.271316,-0.288988,-0.508415,0.82438,0.612872,0.649135,-0.260432,0.402237,0.180111,-0.426782,-0.213426,0.410891,-1.0
-0.278736,-0.221623,-0.858562,-0.744817,0.331176,0.437757,0.531161,0.960499,0.25204,0.286983,-0.325065,-0.283783,0.355823,0.398199,-0.95532
-0.914971,0.02266,0.843914,0.965381,-0.86116,-0.479249,0.038993,0.922564,-0.01897,0.022176,-0.192272,0.978439,0.080452,-0.491191,-1.0
-0.554593,-0.796288,-0.564608,-0.764637,-0.76109,0.500453,0.304806,0.324527,-0.178909,0.133322,0.065324,-0.695121,-0.08018,0.568724,-1.0
-0.401074,0.67156,0.531518,0.166066,0.705717,-0.614391,0.397372,0.108214,0.251712,-0.162186,-0.458002,0.499655,0.319506,-0.429065,-1.0
-0.365362,0.09094,0.669721,-0.029132,-0.769191,-0.697499,0.731891,0.682411,-0.380286,-0.391694,0.101529,0.165579,-0.261486,-0.442866,-1.0
-0.138469,0.796037,0.180248,0.071107,0.805739,-0.392406,0.720407,0.484323,0.453271,-0.264264,-0.29674,0.242144,0.274701,-0.425107,-0.943297
-0.033056,0.633723,-0.859233,-0.716841,0.255717,0.898476,0.292111,0.408156,0.107725,0.199774,-0.593435,-0.502537,0.359572,0.273279,-0.93764
-0.597893,-0.711185,0.17728,-0.865696,-0.532458,-0.818681,0.738018,0.24744,-0.396107,-0.49176,-0.096674,0.251027,0.214767,-0.494511,-1.0
-0.10765,-0.429423,-0.084005,0.357598,0.325131,0.183904,0.992582,0.738916,0.685023,0.390159,0.034651,-0.024258,0.32836,0.468021,-1.0
0.371525,0.52546,0.458755,0.703927,-0.739371,-0.682768,0.700029,0.441148,-0.432456,-0.399631,0.175159,0.19203,-0.266386,-0.405436,-0.943836
-0.835742,0.582592,0.418204,0.910479,-0.779365,-0.962194,0.997779,0.540992,-0.464039,-0.661454,-0.020511,-0.000896,-0.102145,-0.525028,-0.991758
-0.687691,-0.316046,0.189639,0.757767,0.820611,0.261951,0.125076,0.183081,0.071779,0.033723,-0.871059,-0.246846,0.439445,0.130136,-1.0
0.374815,-0.970579,0.068315,-0.464225,0.745273,0.38329,0.112724,0.214898,0.041798,0.019872,-0.237466,-0.819198,0.162799,0.499641,-1.0
-0.258379,-0.289831,0.242252,0.584381,-0.895316,0.730041,0.369976,0.045221,-0.204896,0.260334,0.23266,-0.49799,-0.294087,0.451853,-1.0
-0.123636,-0.840376,0.257933,-0.125581,-0.688162,0.694785,0.163058,0.954744,-0.187376,0.08477,0.427315,-0.710908,-0.091613,0.427245,-0.934322
-0.997673,-0.807917,-0.744751,0.53553,-0.674682,0.665153,0.693635,0.79699,-0.331632,0.448217,-0.07871,-0.335102,0.045871,0.572975,-1.0
0.056011,-0.575734,-0.959327,0.37727,0.546054,-0.098998,0.438847,0.707774,0.351708,-0.050685,-0.381524,-0.40308,0.302081,0.351043,-0.998823
0.11126,-0.675233,0.162946,0.768872,0.176143,0.559084,0.554087,0.101626,0.033404,0.413723,-0.024644,-0.441957,-0.009662,0.459207,-0.967335
-0.819847,-0.501378,-0.657986,-0.902285,-0.601251,-0.141007,0.903331,0.965834,-0.673398,-0.220755,-0.00332,-0.066723,0.209492,0.448179,-0.956602
0.347731,0.632792,0.323033,-0.044549,0.336533,0.158618,0.441718,0.302277,0.267008,0.174212,-0.043122,0.54143,-0.052415,-0.477168,-1.0
-0.782088,-0.482294,-0.734485,0.901841,-0.026038,-0.155691,0.601365,0.259331,-0.112018,-0.471208,-0.296433,-0.204658,0.409595,0.229036,-0.967466
0.796355,0.834191,-0.811364,-0.866909,-0.915283,0.346947,0.050236,0.474048,-0.035185,0.09849,0.89437,0.214132,-0.439256,-0.081701,-0.982443
-0.449516,-0.872219,0.023717,-0.156356,0.355733,-0.347516,0.346867,0.98654,0.245425,-0.158015,-0.469892,-0.3272,0.35086,0.293837,-1.0
0.239413,-0.622728,-0.14322,-0.192099,-0.669159,-0.497627,0.161727,0.911358,-0.076396,-0.049858,0.864394,-0.066544,-0.517064,0.042673,-1.0
0.134493,-0.404319,0.585239,0.925784,-0.539857,-0.759663,0.922342,0.218487,-0.411345,-0.5689,0.034471,0.103079,-0.443711,-0.281364,-1.0
-0.735195,-0.064311,-0.15811,-0.373979,0.925467,0.883927,0.414639,0.997586,0.239021,0.285109,-0.509358,-0.367484,0.417173,0.289201,-0.973081
-0.873559,-0.438833,0.160061,0.883649,-0.561731,-0.926522,0.461174,0.48648,-0.176638,-0.308692,-0.2298,0.470659,0.291686,-0.365282,-0.98299
-0.870836,-0.238678,0.865976,-0.429878,-0.188409,-0.261547,0.017867,0.097213,-0.103051,0.040287,-1.0,0.065052,0.438697,0.084407,-0.940873
0.91196,-0.196704,-0.560188,0.782071,0.009599,-0.947471,0.286762,0.274489,0.046624,-0.070372,0.57017,0.383141,-0.407461,-0.282666,-1.0
0.000854,0.357679,-0.628143,-0.391089,0.654783,-0.366156,0.942871,0.190597,0.637573,-0.362471,-0.0438,0.057479,0.348034,-0.390306,-0.911784
0.424777,-0.219717,0.978657,-0.566166,0.135619,0.389625,0.728017,0.479408,0.185075,0.504876,0.070006,-0.275575,-0.213074,0.512586,-1.0
-0.124163,0.731562,0.893485,-0.56089,0.026077,0.413818,0.039221,0.736555,0.007193,0.007641,-0.338567,0.76428,0.250078,-0.447943,-0.97608
-0.874176,-0.728276,0.240528,0.467104,0.640877,-0.703264,0.835004,0.00037,0.555415,-0.442871,-0.218342,0.051824,0.494055,0.005848,-0.934217
0.529416,0.853786,-0.079513,0.901667,0.180441,0.681132,0.381382,0.405503,0.136058,0.350711,0.516706,0.295653,-0.475161,-0.2458,-0.953953
-0.745471,-0.532301,-0.428795,0.957181,0.016637,0.112937,0.222254,0.200466,0.071682,0.17431,-0.477195,-0.514576,0.333441,0.27922,-1.0
-0.349716,0.960062,0.869013,0.497643,0.498185,-0.86797,0.738052,0.869926,0.292818,-0.592643,-0.088543,0.246619,0.156775,-0.484653,-0.999144
0.976037,0.790511,0.823051,-0.38469,-0.384239,0.505,0.219717,0.295951,-0.074628,0.236486,0.71475,0.112836,-0.404246,-0.127648,-0.997172
-0.484498,-0.855374,-0.14529,0.207629,0.167643,-0.826266,0.643339,0.650387,0.138667,-0.479472,-0.344229,-0.025707,0.501323,0.029481,-0.918728
-0.414921,0.242008,-0.957933,0.755309,0.437093,-0.351057,0.507684,0.498638,0.364664,-0.24404,-0.410134,0.283009,0.438979,-0.312752,-0.941908
0.314923,-0.004901,-0.02939,0.350658,0.120446,-0.351519,0.981343,0.59549,0.167846,-0.755232,0.011887,0.02034,-0.275655,-0.393419,-1.0
-0.993346,0.722886,0.366743,-0.292711,0.292624,0.472164,0.06629,0.746913,0.059567,0.114199,-0.973669,0.096644,0.566234,-0.099104,-0.968662
-0.812937,0.560987,0.559307,-0.337012,0.74811,-0.422663,0.518627,0.192502,0.334869,-0.279396,-0.460585,0.277811,0.437387,-0.166693,-0.940645
0.6618,0.85131,0.473009,-0.78992,-0.989848,-0.161252,0.71544,0.081116,-0.595269,-0.041406,0.208847,0.213775,-0.439824,-0.248036,-1.0
0.801258,0.755549,0.976459,0.49684,0.650564,0.753294,0.447367,0.633503,0.258258,0.269403,0.474848,0.002569,-0.604847,-0.025655,-0.993961
-0.239549,0.161967,-0.417955,0.562577,-0.430412,0.188738,0.36659,0.674425,-0.266313,0.175875,0.616023,-0.060405,-0.498242,0.035089,-1.0
-0.407706,-0.789051,0.44609,0.533517,-0.626391,0.725781,0.221464,0.68651,-0.019017,0.208894,0.214208,-0.807743,-0.037996,0.589865,-1.0
-0.326704,0.075566,0.098577,-0.972568,-0.973219,-0.071097,0.667968,0.123243,-0.5725,-0.001975,0.351351,0.090402,-0.526186,-0.119634,-0.996954
0.737286,-0.306097,0.391672,-0.011182,-0.653251,0.168744,0.163099,0.116571,-0.058278,-0.037457,0.863645,-0.284644,-0.497567,0.209463,-1.0
-0.299953,0.34338,-0.632928,0.634197,0.342191,-0.317348,0.027072,0.468385,0.016003,-0.060842,-0.790925,0.729487,0.353664,-0.388192,-0.899152
0.941866,-0.834214,-0.482724,-0.670353,0.918065,-0.013977,0.174002,0.938743,0.150725,-0.049736,-0.020359,-0.841314,-0.071701,0.506964,-1.0
0.639476,0.461232,0.776262,0.671284,-0.409498,-0.459283,0.411975,0.809491,-0.234613,-0.325626,0.49965,0.361596,-0.336808,-0.323024,-1.0
-0.557065,0.571306,-0.623871,0.67454,0.502106,-0.532026,0.520055,0.625547,0.23542,-0.340871,-0.379285,0.310666,0.393076,-0.382868,-1.0
0.070544,-0.932336,0.241342,-0.685577,0.405933,0.740339,0.26752,0.039885,0.111926,0.197105,-0.149817,-0.623532,0.141975,0.408293,-0.990924
0.853802,0.254309,0.288359,0.882811,0.932516,-0.510304,0.048231,0.215761,0.071884,0.001304,-0.020965,0.962124,0.121576,-0.532134,-0.990427
0.798198,0.542906,-0.296859,0.638523,-0.382137,-0.52307,0.628496,0.419417,-0.265401,-0.424989,0.348892,0.222718,-0.420728,-0.283913,-0.945116
0.345856,0.986567,-0.319693,-0.170046,-0.66807,0.436054,0.280311,0.352015,-0.131685,0.079291,0.613808,0.302098,-0.465019,-0.135711,-0.964877
-0.857264,0.584326,0.293202,0.916894,0.752453,0.129525,0.823514,0.661238,0.763992,0.066904,-0.192477,0.044194,0.466177,-0.121404,-1.0
-0.103252,0.556609,0.178609,0.253688,-0.779467,0.986727,0.605094,0.453404,-0.292939,0.39669,0.358339,-0.176603,-0.460597,0.290893,-0.965836
-0.939528,-0.449306,-0.654032,0.708292,-0.916609,-0.308227,0.430005,0.275231,-0.381693,-0.146739,-0.11623,-0.564964,-0.016447,0.439904,-0.979127
0.230652,0.54313,0.507325,0.715229,0.877052,0.774209,0.079545,0.450183,0.018194,0.04607,-0.808237,-0.33951,0.480614,0.231167,-0.997635
0.984405,0.522001,-0.367585,0.428783,0.167481,0.819086,0.980413,0.992125,0.151422,0.766279,-0.05235,-0.065401,-0.487059,0.191045,-0.960862
-0.749142,0.922788,-0.864488,-0.335836,-0.886136,-0.581404,0.889696,0.888445,-0.628621,-0.379241,0.12276,0.115772,-0.068081,-0.486792,-0.988216
0.37761,0.669199,0.397005,0.083767,0.276244,0.095742,0.833476,0.031865,0.57041,0.263416,0.013697,0.172161,-0.060742,-0.402748,-1.0
-0.196172,0.886928,0.906354,0.488061,0.63659,0.392815,0.355978,0.647036,0.201622,0.18085,-0.608441,0.363113,0.484631,-0.212588,-1.0
-0.9448,0.642038,-0.507703,0.794347,-0.499297,0.564115,0.061996,0.823844,-0.074584,0.015353,-1.0,0.145345,0.424101,-0.146408,-0.934736
0.766228,0.215094,-0.926833,0.838383,-0.087763,-0.556124,0.388902,0.164244,-0.070963,-0.317193,0.400255,0.421801,-0.411988,-0.358365,-1.0
-0.387524,0.725646,0.990183,-0.886496,0.748403,0.584862,0.200204,0.182883,0.09497,0.009242,-0.790466,0.103598,0.560387,-0.120608,-0.992634
0.621896,0.413313,-0.204703,0.363561,-0.415974,0.669379,0.488561,0.293897,-0.309875,0.284418,0.571416,-0.076727,-0.445537,0.145703,-1.0
-0.952573,0.588182,-0.557277,-0.544579,0.84633,-0.479287,0.448717,0.542125,0.309407,-0.10682,-0.489648,0.283344,0.401216,-0.270773,-0.882363
0.194135,-0.921202,-0.98259,-0.517725,-0.251375,-0.463836,0.66424,0.170541,-0.282967,-0.514018,0.201194,-0.389497,-0.416928,0.366065,-0.961335
0.498738,-0.946569,-0.498403,0.264614,0.456862,0.118371,0.192619,0.520749,0.209466,0.021577,0.05257,-0.829987,-0.052725,0.535959,-0.93302
0.430058,-0.22342,-0.763345,-0.102277,-0.562455,-0.095791,0.33836,0.379764,-0.253165,0.061838,0.634258,-0.080963,-0.493859,0.024335,-1.0
0.213454,0.885041,-0.828136,0.421666,-0.140536,0.912747,0.11664,0.79852,-0.015791,0.146807,0.883252,-0.054621,-0.531307,0.081995,-1.0
-0.019858,0.042237,0.014612,-0.707749,0.322981,-0.393189,0.902292,0.642557,0.543419,-0.537528,-0.06881,0.120351,0.284888,-0.368504,-1.0
-0.81151,0.456209,0.984829,0.830651,-0.538606,0.567246,0.132833,0.88817,-0.055558,0.007399,-0.854101,-0.345024,0.437897,0.201544,-0.915393
-0.22788,-0.277079,0.286211,0.677877,-0.946658,-0.094237,0.319997,0.933974,-0.23917,-0.094144,0.581919,-0.164405,-0.497902,0.132496,-0.998281
0.200673,-0.77293,0.035305,-0.812606,0.676715,0.66446,0.679807,0.134626,0.363835,0.375531,-0.10829,-0.260139,0.153042,0.479691,-0.976529
-0.379314,-0.063268,-0.508842,-0.994201,-0.81794,-0.995415,0.482877,0.756779,-0.210917,-0.328929,0.143217,0.460578,-0.199544,-0.427882,-1.0
0.746664,-0.860164,0.414108,-0.630454,0.197403,-0.336443,0.507632,0.636688,0.21061,-0.320626,0.300107,-0.344759,-0.463009,0.340633,-0.976766
-0.673972,-0.466532,0.259107,0.735248,0.998005,-0.457505,0.790813,0.42126,0.590979,-0.212532,-0.255419,0.004533,0.520054,0.018307,-0.922614
-0.444385,-0.452278,-0.468999,-0.272061,0.378186,-0.166556,0.759551,0.074536,0.504097,-0.259963,-0.225395,-0.140995,0.43061,0.059131,-1.0
-0.808988,-0.797931,0.21474,-0.135867,0.041394,0.278209,0.550849,0.406847,0.088079,0.400025,-0.206455,-0.36577,0.282509,0.383568,-1.0
-0.527499,-0.652643,-0.106795,0.659611,-0.880767,-0.270405,0.677533,0.723954,-0.566571,-0.278663,0.248962,-0.252577,-0.323607,0.394075,-0.979222
-0.465058,0.539569,-0.375089,0.097134,0.987972,-0.39157,0.493393,0.918237,0.309817,-0.146726,-0.521527,0.240542,0.470476,-0.204988,-1.0
-0.373682,0.301878,0.474368,0.865164,-0.221072,0.51119,0.84225,0.466156,-0.287808,0.681297,-0.037189,-0.170309,0.209769,0.413772,-1.0
-0.395016,-0.335027,-0.908391,0.989426,0.41381,0.766212,0.979346,0.427288,0.398926,0.737075,-0.110977,-0.019691,0.375067,0.487167,-1.0
-0.334519,0.465846,-0.280788,0.974072,0.295426,-0.885003,0.338351,0.479418,0.106429,-0.329358,-0.310496,0.678695,0.152429,-0.372919,-0.961143
0.010584,-0.587302,-0.560573,-0.872825,0.093194,-0.793404,0.036388,0.145592,0.035113,-0.042621,-0.434918,0.973776,0.121475,-0.437327,-1.0
0.118488,0.342099,-0.025145,-0.728844,0.782754,0.13376,0.576284,0.421509,0.519406,0.125426,-0.434457,0.125781,0.483328,-0.095393,-1.0
-0.219036,-0.68024,0.039299,0.473781,0.396834,0.691697,0.021918,0.686917,0.026935,-0.058897,-0.39979,-0.903384,0.211776,0.556079,-1.0
0.452097,0.300718,-0.499617,0.755745,0.931254,-0.666497,0.16387,0.797426,0.034441,-0.089883,-0.371831,0.793215,0.170494,-0.480375,-0.993202
0.71133,0.540535,-0.058916,-0.690525,-0.449009,-0.824128,0.949848,0.924966,-0.305158,-0.609959,0.008199,0.021638,-0.264455,-0.378571,-0.99753
0.730016,0.199793,0.300605,-0.447859,-0.626942,-0.535133,0.895722,0.629836,-0.470334,-0.540381,0.031329,0.078953,-0.53041,-0.219805,-1.0
0.735352,-0.856813,-0.193715,-0.448753,0.751568,0.30224,0.228808,0.888939,0.199618,0.075353,0.073575,-0.725421,0.058029,0.442278,-0.984795
-0.702352,-0.029433,-0.374494,0.695369,0.132326,-0.384765,0.625518,0.965007,0.174632,-0.471751,-0.337791,0.135582,0.493731,-0.168042,-0.976903
-0.984831,0.809709,0.784013,0.782508,0.577768,-0.936278,0.147975,0.210572,0.092096,-0.12587,-0.628241,0.656534,0.343836,-0.342783,-0.980422
0.800506,0.249277,0.951228,0.141972,-0.874438,-0.422603,0.140194,0.251358,-0.147312,-0.104567,0.732507,0.316402,-0.509454,-0.227701,-1.0
0.71706,-0.160635,0.323787,-0.538998,-0.365757,0.194897,0.928442,0.651734,-0.691516,0.284349,0.083499,0.000452,-0.467169,0.268313,-0.959327
-0.992055,-0.491659,0.850481,0.401443,0.126878,0.438939,0.367057,0.436586,0.139029,0.297844,-0.43577,-0.450763,0.366227,0.311511,-1.0
-0.712075,-0.629013,-0.742495,-0.818386,-0.026511,-0.280103,0.439815,0.655988,-0.054224,-0.278155,-0.458181,-0.340813,0.425499,0.18031,-1.0
-0.121923,-0.105975,0.467571,0.146451,0.786052,-0.754007,0.39647,0.068849,0.210836,-0.248297,-0.559039,0.285182,0.420006,-0.264797,-0.899935
0.62295,0.169894,0.52264,0.99995,-0.681745,-0.295421,0.999826,0.335046,-0.692875,-0.328238,-0.087631,0.089052,-0.454458,-0.126181,-0.951148
-0.844814,-0.471316,-0.30338,0.077536,-0.315944,-0.559196,0.879054,0.873064,-0.288706,-0.618888,-0.141287,0.008668,0.441707,-0.162133,-0.958955
0.627443,-0.607895,-0.134181,0.123631,0.774189,-0.453204,0.917625,0.635857,0.661464,-0.342554,-0.072344,-0.098842,0.266835,0.355796,-0.970493
-0.558177,0.183534,0.572452,0.953172,0.379605,0.47177,0.991032,0.189424,0.521349,0.612731,-0.006168,0.016789,0.489652,0.129107,-1.0
0.38966,0.386555,0.597031,-0.216401,-0.630952,0.724294,0.821712,0.206943,-0.437627,0.429707,0.235525,-0.061625,-0.458222,0.107894,-1.0
0.230415,-0.993678,0.321578,-0.699638,0.332505,-0.682211,0.285509,0.201952,0.084793,-0.118832,-0.245884,-0.694232,0.177126,0.467221,-0.932261
0.631223,-0.699567,-0.430021,0.496045,0.726021,0.245969,0.757008,0.870987,0.5647,0.237182,-0.023605,-0.199465,0.091335,0.471997,-1.0
-0.705029,0.263913,0.950732,-0.041792,-0.465197,0.706485,0.455817,0.957136,-0.273984,0.190229,-0.277099,-0.394978,0.282471,0.480305,-1.0
0.822028,-0.188998,-0.396611,0.512599,0.016512,0.868887,0.685082,0.637975,-0.129137,0.599246,0.256815,-0.315628,-0.362912,0.330391,-0.976495
-0.273341,-0.884967,-0.089659,-0.796923,-0.879603,-0.702552,0.046113,0.136467,-0.113469,-0.033004,0.989809,-0.299218,-0.415413,0.140065,-1.0
0.810379,-0.058572,0.332312,-0.807423,-0.522254,0.606617,0.732375,0.484027,-0.419204,0.384934,0.203871,-0.163937,-0.512721,0.254086,-0.922169
0.511308,-0.00763,-0.181891,-0.775702,0.115603,0.129471,0.100111,0.680662,0.098215,0.053627,0.807725,-0.266033,-0.541237,0.176946,-1.0
0.806856,-0.715147,-0.85806,-0.014141,0.182254,0.218573,0.487599,0.183717,0.194868,0.20195,0.359153,-0.521454,-0.236524,0.466392,-0.996524
0.321008,0.321931,0.024213,0.021738,0.904465,0.457432,0.57358,0.394351,0.444113,0.234173,-0.413786,-0.130844,0.536274,0.108795,-0.994224
0.526709,0.014581,-0.973996,0.291458,0.332513,-0.700255,0.872225,0.766184,0.339067,-0.643272,0.003504,0.096834,-0.129397,-0.453016,-1.0
0.436487,0.138166,-0.706035,-0.136618,-0.026417,0.651352,0.787834,0.047495,-0.004287,0.597329,0.209413,-0.18095,-0.426599,0.352039,-1.0
0.798072,0.232751,-0.623366,0.927668,0.397812,-0.322875,0.936715,0.303851,0.648134,-0.498345,0.099831,0.023236,-0.309915,-0.410719,-0.998345
0.923814,0.281417,0.924802,-0.491557,-0.260392,0.703362,0.084155,0.479313,-0.001894,0.064185,0.811866,-0.353238,-0.42797,0.23673,-1.0
0.244236,-0.284419,0.006807,0.028495,-0.331579,0.386411,0.518428,0.317004,-0.283979,0.338336,0.274708,-0.279217,-0.286419,0.373128,-1.0
-0.369587,-0.366888,0.696456,0.689344,-0.100537,-0.685876,0.906256,0.833226,-0.089173,-0.68577,-0.060268,0.027253,0.227231,-0.350591,-1.0
-0.573172,0.945902,0.88253,0.921986,0.602066,0.742568,0.496124,0.653032,0.269024,0.364422,-0.590399,0.104206,0.544875,-0.055286,-1.0
0.825505,0.173374,-0.727051,0.761801,0.609368,0.340514,0.403457,0.691474,0.257744,0.188977,0.469592,-0.304362,-0.407689,0.266197,-1.0
-0.316184,0.588734,-0.866616,0.025374,0.73471,0.778949,0.041756,0.873148,0.124712,-0.033467,-0.887021,-0.259456,0.559951,0.082814,-1.0
0.864903,0.616126,-0.916474,0.91802,-0.511247,0.705234,0.792737,0.972639,-0.323248,0.488604,0.231271,0.022291,-0.516213,0.093619,-0.941579
-0.282436,0.352343,0.918104,-0.817418,0.071624,0.995259,0.318907,0.070168,0.020303,0.189444,-0.316701,-0.665265,0.163684,0.387288,-0.987668
0.105088,-0.626713,-0.495083,0.88449,-0.466853,0.511183,0.97228,0.768507,-0.589108,0.570607,-0.086844,-0.003345,-0.18066,0.473879,-1.0
-0.624476,0.711641,0.518683,0.961897,0.614851,-0.488754,0.339585,0.564203,0.296577,-0.151422,-0.513596,0.484144,0.374467,-0.340989,-1.0
0.771644,0.248464,-0.289192,0.571572,-0.634658,-0.780488,0.899845,0.629731,-0.41907,-0.559953,0.072927,0.104085,-0.329855,-0.304433,-0.954116
-0.359974,-0.680643,0.221415,-0.214672,0.47425,0.442739,0.907372,0.845454,0.486318,0.491724,-0.062136,-0.067593,0.302523,0.316804,-1.0
0.081972,0.51893,-0.580777,-0.617669,0.26896,-0.421251,0.580518,0.133406,0.287553,-0.366327,-0.10255,0.351773,0.042513,-0.478629,-1.0
0.186847,0.979035,0.867193,-0.404337,0.742834,-0.866497,0.797195,0.335951,0.326977,-0.52558,-0.1138,0.228181,0.071596,-0.436923,-1.0
-0.787618,0.521721,-0.273002,0.578869,-0.003575,-0.615265,0.244436,0.252517,0.004378,-0.209144,-0.404171,0.617948,0.248275,-0.412311,-1.0
-0.877988,0.744295,0.658161,-0.483115,0.579285,-0.472047,0.048635,0.391574,0.080556,-0.046604,-0.735981,0.614734,0.362882,-0.322736,-1.0
0.402796,0.093469,-0.266578,-0.154527,0.8594,-0.967382,0.336609,0.341948,0.236759,-0.10773,-0.323682,0.591171,0.217082,-0.419847,-0.902443
-0.18825,0.864581,0.359266,-0.287164,0.388513,0.910519,0.896934,0.001096,0.233663,0.658513,-0.13921,-0.01747,0.538455,-0.086171,-0.994217
0.250934,0.819089,0.510198,-0.797216,0.859194,0.30771,0.907595,0.413739,0.643227,0.15837,-0.093241,0.030204,0.361773,-0.337479,-1.0
-0.152477,-0.70817,0.29628,0.346795,0.561196,-0.784767,0.68254,0.724164,0.283654,-0.418702,-0.257119,-0.073526,0.464868,-0.104687,-0.963725
0.276636,0.563621,-0.590686,0.329135,-0.330992,0.881354,0.874436,0.807285,-0.233121,0.718408,0.191342,-0.058972,-0.442872,0.228491,-1.0
0.500447,0.458119,-0.797061,-0.151583,-0.097039,0.905731,0.998352,0.895748,-0.152726,0.74313,-0.008916,0.063956,-0.445245,0.320691,-0.938865
0.461323,-0.914215,0.846715,0.630699,0.976543,0.869099,0.523694,0.214723,0.336098,0.276659,-0.182477,-0.491972,0.168838,0.469741,-0.977725
-0.579075,0.357602,-0.731184,0.086084,0.777684,-0.87489,0.179272,0.731455,0.066397,-0.179467,-0.612747,0.561468,0.388688,-0.281547,-1.0
-0.179663,0.683002,-0.595339,0.89277,-0.960772,-0.953505,0.091532,0.995612,-0.007746,-0.085881,0.412158,0.857652,-0.16168,-0.340475,-1.0
0.307327,-0.836584,-0.262295,-0.690876,0.265745,-0.654687,0.34455,0.312854,0.119987,-0.26323,0.226477,-0.753349,-0.174964,0.500773,-1.0
-0.344973,0.60872,0.797843,0.068637,-0.584253,0.110978,0.970223,0.490982,-0.818063,0.117512,0.052199,0.037641,-0.186895,-0.400866,-1.0
-0.642409,0.428388,0.672327,0.503768,0.467488,-0.454849,0.698747,0.874261,0.371631,-0.428402,-0.250418,0.282006,0.296135,-0.266044,-1.0
0.92535,0.075688,-0.699518,-0.857403,-0.834312,-0.431748,0.178488,0.461195,-0.070247,0.018332,0.720429,0.218854,-0.441607,-0.133082,-1.0
0.173775,-0.46903,-0.619149,-0.864378,-0.929492,0.533621,0.230415,0.03249,-0.128837,0.18786,0.507376,-0.53185,-0.335277,0.352775,-0.989633
0.670124,-0.890043,-0.579298,0.556406,-0.140155,-0.627899,0.749555,0.758908,-0.189641,-0.613948,0.224711,0.003956,-0.450439,0.151138,-0.982786
0.234516,-0.422957,-0.860603,0.847664,-0.237184,0.087314,0.534161,0.295428,-0.423137,0.155434,0.307666,-0.267033,-0.273053,0.309682,-1.0
-0.41205,-0.553911,-0.398902,-0.462895,-0.033104,-0.777777,0.043924,0.839631,-0.002899,0.002286,-0.750852,0.51185,0.434817,-0.19355,-0.979848
0.224696,0.007566,-0.119796,0.942577,0.54167,-0.911102,0.347716,0.557344,0.102732,-0.286626,-0.235632,0.505037,0.094201,-0.570187,-1.0
0.911337,0.977086,0.16028,-0.842936,0.310989,0.781994,0.909029,0.128802,0.243056,0.574317,-0.048253,-0.040529,-0.482082,-0.149349,-1.0
-0.895051,0.262128,0.622511,-0.458478,-0.35049,0.470972,0.899917,0.78315,-0.412162,0.568442,-0.119287,-0.069042,0.482119,0.200379,-0.939008
-0.673565,-0.459266,0.787552,0.292902,-0.044051,-0.871036,0.845749,0.608582,-0.023424,-0.63887,-0.163862,0.12547,0.501223,-0.249637,-0.930994
-0.771804,-0.17106,0.141857,0.193195,0.155471,-0.774848,0.087863,0.31125,0.101892,-0.088248,-0.816211,0.509354,0.447991,-0.268428,-1.0
0.109703,-0.938149,-0.464337,-0.757599,-0.771492,-0.231579,0.610985,0.647508,-0.492851,-0.143326,0.337847,-0.188175,-0.405897,0.314432,-1.0
-0.032532,0.347179,0.722007,-0.4485,0.573575,0.545932,0.740687,0.931415,0.438072,0.336826,-0.202761,-0.066495,0.483628,0.194956,-1.0
0.13261,-0.70781,0.157698,-0.649305,0.135083,-0.775023,0.091336,0.484655,0.043663,0.038871,-0.040903,0.836527,0.061872,-0.496704,-0.997154
-0.424624,-0.182559,-0.971693,-0.300207,-0.916432,-0.905271,0.36342,0.819772,-0.146397,-0.256214,0.324909,0.422704,-0.281621,-0.323089,-1.0
-0.72424,-0.896888,0.749787,0.645074,0.90396,-0.803319,0.826138,0.950728,0.525035,-0.443638,-0.109036,0.046026,0.502927,0.042983,-0.928008
0.21361,-0.548375,0.582199,0.042747,0.604677,0.452571,0.783,0.495228,0.496071,0.368475,-0.09124,-0.219812,0.066559,0.572695,-0.977732
0.216924,0.951497,0.833813,0.440195,-0.138037,0.276257,0.383817,0.499609,-0.2617,0.29689,0.347196,0.570777,-0.26279,-0.438911,-1.0
0.344764,-0.907546,-0.225291,0.521594,0.767329,0.785921,0.330558,0.087568,0.260682,0.232954,-0.116398,-0.626028,0.129716,0.459528,-0.975656
-0.30938,0.07562,0.610059,0.373644,0.325725,0.765348,0.364954,0.308574,0.008766,0.29782,-0.423329,-0.530837,0.361517,0.474924,-1.0
-0.320151,-0.411431,0.521995,-0.72482,0.481585,-0.944355,0.38825,0.099806,0.095668,-0.264175,-0.400383,0.29651,0.468669,-0.362245,-0.922339
0.319534,0.860283,0.544706,0.707241,-0.98302,0.835677,0.695408,0.130236,-0.441559,0.295313,0.32896,-0.016382,-0.527595,-0.021767,-1.0
-0.913843,-0.126698,0.896332,0.268128,0.526777,0.386915,0.713924,0.89797,0.46222,0.353512,-0.299086,-0.219883,0.412638,0.058455,-1.0
0.78303,0.464034,0.629962,0.091258,-0.106973,-0.207156,0.422434,0.87409,-0.146979,-0.276671,0.476521,0.393407,-0.379645,-0.289774,-0.885055
0.76315,-0.18686,-0.130845,-0.519007,-0.860352,0.430288,0.451525,0.150615,-0.292319,0.136112,0.573786,-0.133864,-0.408592,0.118735,-1.0
-0.599944,0.412497,0.572952,0.746446,0.832419,0.743049,0.324575,0.740526,0.147449,0.235446,-0.711271,-0.150286,0.494477,0.08713,-1.0
-0.234996,0.45188,0.491846,-0.339607,0.646386,-0.2806,0.136997,0.262872,0.136833,-0.010032,-0.638723,0.580384,0.299822,-0.326295,-0.981633
-0.747475,-0.793601,-0.012432,0.797461,-0.446644,-0.59492,0.626257,0.288996,-0.255471,-0.46007,-0.263561,-0.305173,0.475822,0.230597,-0.938264
0.836975,0.886866,0.254831,-0.179898,0.011568,-0.871869,0.174254,0.342877,0.020875,-0.080991,0.303641,0.745213,-0.196714,-0.484039,-1.0
-0.235289,-0.617581,0.186436,-0.111081,0.36371,0.775649,0.786495,0.985891,0.282407,0.542644,-0.033603,-0.268802,0.267839,0.42462,-0.98207
-0.143642,-0.117235,0.988047,-0.613125,-0.588988,0.219721,0.945066,0.227928,-0.708955,0.282422,0.018133,0.014432,-0.342434,0.320381,-1.0
0.432941,-0.864768,-0.731158,-0.539036,0.387086,0.700783,0.629136,0.705927,0.220669,0.453543,0.021865,-0.399943,-0.017161,0.464205,-1.0
0.74817,-0.371632,0.173484,-0.675922,-0.763634,-0.404302,0.263188,0.635896,-0.217985,-0.050073,0.754112,-0.075641,-0.511947,-0.08038,-1.0
-0.899686,0.404556,-0.308507,-0.544733,0.186882,-0.083934,0.20004,0.203419,0.176597,-0.030002,-0.759911,0.237529,0.446873,-0.142809,-0.975249
-0.221003,-0.253919,-0.090152,-0.714229,0.826532,-0.832483,0.918128,0.065752,0.553799,-0.530105,-0.073558,0.010577,0.504487,-0.173823,-1.0
-0.786369,0.802676,-0.705426,-0.795507,-0.678478,0.332343,0.850619,0.346761,-0.590616,0.282939,-0.004565,0.153665,0.093475,-0.36171,-0.945675
0.075744,0.898047,0.246069,-0.268657,0.836442,0.486489,0.002447,0.575907,-0.067544,0.056844,-0.85419,0.402182,0.470447,-0.202583,-0.996866
0.676576,0.110076,0.066838,-0.947342,-0.264115,0.12694,0.320752,0.379737,-0.292574,0.195923,0.632954,-0.019516,-0.598218,-0.035295,-0.962343
0.936982,0.007742,-0.671138,-0.831938,-0.881923,-0.33317,0.371979,0.852439,-0.388507,-0.11036,0.573336,0.104121,-0.442343,-0.08875,-0.985984
-0.510074,0.921377,0.460479,-0.646095,0.508966,-0.814434,0.098307,0.953157,0.080511,-0.147349,-0.355907,0.724691,0.31552,-0.461668,-1.0
-0.278059,0.170095,-0.510572,0.891925,0.270126,-0.457988,0.657919,0.568156,0.247932,-0.498065,-0.242024,0.168223,0.381974,-0.353031,-0.965088
0.623989,-0.187986,-0.835443,-0.993778,-0.512958,-0.469835,0.981548,0.73013,-0.60179,-0.415796,-0.086878,0.014935,-0.469489,-0.202191,-1.0
-0.661594,-0.177254,0.259944,-0.167282,0.402686,0.859637,0.261238,0.399324,0.110425,0.167465,-0.641605,-0.524668,0.3283,0.396135,-0.994188
0.122743,-0.939867,-0.596456,-0.60762,0.371027,0.684808,0.447205,0.614808,0.125911,0.370191,-0.104545,-0.497887,0.101348,0.505628,-0.926784
-0.711013,-0.141162,-0.178374,-0.161808,-0.586185,0.886118,0.030881,0.521152,0.053068,0.070877,-0.108717,-1.0,0.109393,0.49636,-0.985536
-0.600405,-0.69191,0.900373,-0.208413,0.749123,0.527089,0.63643,0.669832,0.404541,0.299619,-0.2096,-0.328569,0.375443,0.331756,-1.0
-0.162595,-0.50051,0.408666,0.665652,0.046911,-0.24027,0.459196,0.18739,-0.043925,-0.356196,-0.353191,-0.38052,0.325681,0.351654,-0.9456
0.496053,0.064606,0.270043,0.088665,0.458291,0.420038,0.194407,0.512008,0.096691,0.069006,0.029987,-0.810292,-0.074869,0.419512,-1.0
0.118799,-0.664663,-0.012367,0.755658,-0.803215,0.652323,0.999041,0.465473,-0.630137,0.489273,0.038365,-0.010608,-0.29996,0.359848,-1.0
0.097898,-0.356414,-0.854271,0.739099,-0.42015,0.903075,0.292578,0.974634,-0.121274,0.276151,0.243462,-0.635408,-0.102088,0.408488,-0.960719
-0.841363,0.131028,0.611514,-0.894837,-0.353567,-0.950752,0.211533,0.181091,-0.039169,-0.179275,-0.337977,0.717712,0.177447,-0.51715,-0.933742
-0.9624,0.136552,-0.762914,-0.574719,-0.525099,-0.320505,0.97759,0.850824,-0.693355,-0.460303,0.028937,-0.036098,0.361148,-0.316616,-0.899837
-0.284621,-0.072479,0.458373,-0.418849,-0.289862,-0.699122,0.049656,0.51401,0.006279,-0.079784,-0.014789,0.988857,0.059566,-0.606188,-1.0
0.663313,-0.300845,-0.345424,0.765825,0.014869,0.577375,0.956863,0.740853,0.08326,0.737456,0.013933,-0.086822,-0.278197,0.381458,-1.0
0.712992,0.759481,0.914147,-0.646232,-0.487107,-0.452639,0.518065,0.45011,-0.240894,-0.305792,0.315648,0.384282,-0.402946,-0.364974,-1.0
-0.54251,0.264577,-0.640975,-0.985711,0.134431,-0.088969,0.969264,0.05857,0.610793,-0.389672,0.020181,-0.05268,0.439873,-0.166628,-1.0
-0.191934,0.561281,-0.605029,-0.666064,0.408648,-0.867557,0.557357,0.000176,0.220845,-0.412871,-0.192671,0.414383,0.253138,-0.487299,-0.990923
-0.316083,-0.576264,-0.701511,-0.42106,-0.202725,-0.001757,0.868478,0.869284,-0.758918,-0.072503,-0.075941,-0.101318,0.041022,0.495368,-0.96771
-0.413109,0.299507,-0.341851,-0.437173,0.835516,0.081041,0.998667,0.025205,0.74077,0.081693,0.070718,0.007272,0.570077,-0.057212,-1.0
-0.522355,-0.32335,-0.104957,-0.488769,0.634347,-0.602367,0.423019,0.857195,0.200475,-0.260811,-0.517948,0.180004,0.435872,-0.08738,-1.0
0.055623,-0.283497,-0.740669,0.717293,-0.399338,0.132599,0.261037,0.334461,-0.174679,0.020189,0.562718,-0.420766,-0.419771,0.271065,-1.0
-0.912229,0.341381,0.531197,0.739075,-0.202997,0.203765,0.854771,0.654216,-0.449866,0.487039,-0.070981,0.106945,0.509856,-0.065287,-0.999839
-0.872528,0.919002,0.293109,0.86567,-0.77198,-0.184128,0.29214,0.974882,-0.288187,0.041124,-0.093593,0.744096,0.140299,-0.568127,-0.991376
0.287063,-0.301883,-0.620703,0.844565,-0.323026,-0.64677,0.976148,0.715044,-0.274217,-0.763258,0.022719,-0.036934,-0.431165,-0.245375,-1.0
-0.950133,0.870768,0.670295,-0.876105,-0.118923,-0.254836,0.456068,0.913377,-0.20144,-0.260469,-0.320387,0.471939,0.309848,-0.32277,-0.980846
0.39108,-0.595879,-0.416114,-0.824028,0.146806,0.473546,0.630834,0.863061,0.22032,0.5109,0.101606,-0.349036,-0.058475,0.447328,-1.0
0.162257,0.436932,0.775705,0.990531,0.104656,-0.079025,0.776745,0.09642,0.471183,-0.307981,0.081987,0.246178,-0.051268,-0.535064,-0.99191
-0.042168,-0.691631,-0.847017,0.507063,-0.411551,0.4006,0.176451,0.604664,-0.066794,0.10211,0.304555,-0.841044,-0.10756,0.564086,-0.978361
-0.268296,-0.414182,-0.537104,-0.951873,-0.108318,0.113608,0.45197,0.471053,-0.181661,0.265728,-0.176459,-0.455501,0.095028,0.423523,-1.0
-0.300465,-0.28076,-0.908957,-0.721939,-0.342588,0.00152,0.07659,0.787857,0.057349,-0.101749,0.131921,-0.921009,-0.158948,0.558727,-0.970877
-0.903574,-0.361222,0.205038,-0.090034,0.542327,-0.708962,0.046954,0.911019,-0.060399,-0.022135,-0.896392,0.272495,0.445915,-0.102649,-0.999459
-0.869389,-0.550762,-0.235256,-0.858703,-0.516506,-0.10714,0.766514,0.565059,-0.654439,-0.159749,-0.120379,-0.237264,0.299311,0.364721,-1.0
0.684502,-0.116224,-0.244668,-0.153717,0.825317,-0.140054,0.88189,0.41287,0.700753,-0.065206,-0.098028,-0.02177,0.471063,-0.049326,-0.95081
0.289271,-0.411327,-0.656701,-0.610591,0.665733,-0.934294,0.622443,0.527089,0.35392,-0.419032,-0.230678,0.361098,0.223568,-0.444031,-1.0
-0.01041,-0.918121,-0.717145,0.319442,-0.467401,0.956146,0.507619,0.534415,-0.191709,0.398106,0.078086,-0.544544,-0.157518,0.507747,-0.947532
0.602831,0.886885,0.921402,-0.167604,-0.809188,0.643567,0.799182,0.494148,-0.43894,0.45152,0.170433,0.048917,-0.559299,-0.10374,-0.952809
0.676813,-0.102153,-0.942168,0.823749,0.508123,-0.077343,0.286499,0.817788,0.281787,-0.03442,0.75201,-0.114152,-0.516885,0.134384,-0.993494
0.202639,0.352212,0.518221,-0.850006,0.569035,0.915645,0.101886,0.520293,0.037541,-0.051538,-0.585547,-0.781612,0.289948,0.458488,-1.0
-0.301863,0.071733,-0.239923,0.664486,0.613943,0.855635,0.402079,0.199038,0.201598,0.207184,-0.478378,-0.325437,0.40313,0.43931,-1.0
-0.417782,0.070658,0.228987,-0.68465,0.204389,-0.938794,0.167994,0.994829,0.0004,-0.056126,-0.364874,0.715733,0.275433,-0.392745,-0.94557
-0.859262,0.002614,-0.274092,-0.141688,0.987059,0.813531,0.367511,0.613113,0.171964,0.22894,-0.69568,-0.258292,0.48472,0.126108,-1.0
0.961696,-0.072118,-0.859938,-0.43819,0.11454,0.832008,0.455889,0.207946,0.13044,0.380413,0.301518,-0.459341,-0.326316,0.336658,-0.978602
0.06423,0.397071,0.99545,-0.937438,-0.393974,0.300201,0.991146,0.988722,-0.721551,0.479977,0.044516,-0.00517,-0.497696,-0.106061,-0.920239
-0.498308,0.946271,0.60649,-0.524883,-0.597887,-0.461911,0.10099,0.60016,-0.109078,-0.06586,-0.026803,0.924436,0.037878,-0.560355,-1.0
0.549456,0.317693,-0.131431,0.454924,-0.29931,-0.186654,0.478019,0.954947,-0.285166,-0.247276,0.526164,0.243912,-0.468463,-0.202869,-0.950974
0.491219,0.852973,0.514591,-0.195048,0.643686,0.711714,0.792664,0.352895,0.400203,0.510897,-0.002336,0.180594,0.210226,-0.295425,-0.996562
-0.421288,0.91598,0.35797,0.526811,0.715052,-0.711412,0.535868,0.898567,0.288238,-0.419156,-0.314444,0.421998,0.333313,-0.429404,-0.892524
0.406846,0.391959,-0.252634,-0.880961,0.134738,-0.936088,0.797078,0.633804,0.13571,-0.585036,0.044616,0.253363,-0.026862,-0.572186,-0.944845
-0.358034,-0.456804,0.258249,0.685535,0.552389,-0.123591,0.413993,0.097808,0.318803,-0.078278,-0.524472,-0.178518,0.4157,0.146366,-0.905755
0.78172,-0.820097,0.224668,0.818773,0.885492,0.107183,0.566039,0.376296,0.432075,0.126983,-0.042391,-0.443359,0.082912,0.473455,-1.0
0.41433,-0.656639,0.602676,0.036788,-0.353412,0.215808,0.996923,0.025073,-0.599327,0.41749,0.039176,-0.005535,-0.283839,0.4472,-0.975982
-0.783302,0.406006,0.001971,0.042416,-0.889313,-0.843143,0.820748,0.015098,-0.505589,-0.528427,-0.017688,0.287711,-0.127262,-0.617407,-0.985088
0.618206,-0.636673,-0.187117,0.899715,0.856582,0.348278,0.940042,0.806866,0.693546,0.179545,-0.000316,-0.029602,0.024504,0.401107,-0.989078
0.370143,0.296041,0.001628,-0.399801,0.22356,-0.471378,0.377567,0.427316,0.188753,-0.233508,0.182582,0.50159,-0.155421,-0.532398,-0.999472
-0.642718,-0.469248,0.459001,-0.198572,0.92012,-0.578496,0.898957,0.961033,0.544337,-0.288552,-0.124988,0.093324,0.374521,-2.1e-05,-0.969569
-0.991181,-0.300542,0.223478,-0.354454,-0.899692,-0.582801,0.405332,0.377345,-0.279888,-0.15559,-0.10941,0.555649,0.218641,-0.489914,-1.0
0.874432,-0.393345,0.986483,-0.189359,0.527986,-0.661815,0.196284,0.078746,0.123243,-0.120764,0.695172,0.480767,-0.398679,-0.247582,-1.0
-0.946768,0.528474,0.946186,0.155037,-0.28894,0.019825,0.182574,0.260512,-0.13233,-0.010991,-0.697113,0.422866,0.464813,-0.311982,-1.0
-0.715078,0.12715,-0.875673,0.692216,0.904265,0.135483,0.427511,0.331906,0.327312,0.117797,-0.620416,-0.033593,0.546132,0.009709,-0.951974
-0.196514,0.967978,0.991928,-0.825987,0.59838,-0.042866,0.531922,0.405452,0.350807,0.04458,-0.327727,0.331064,0.31946,-0.401993,-1.0
0.514158,-0.247415,0.900095,0.657098,-0.531227,0.550867,0.534424,0.410415,-0.337863,0.296754,0.343839,-0.297121,-0.380619,0.306518,-0.952007
0.481613,-0.559551,-0.840433,0.535542,-0.680534,0.05503,0.265838,0.025434,-0.253867,-0.002703,0.685503,-0.357501,-0.434675,0.29144,-0.970703
-0.068993,-0.842164,0.436561,0.448588,0.515823,-0.347567,0.788272,0.813834,0.607879,-0.375609,-0.14107,-0.146341,0.33506,0.319185,-0.928589
-0.799361,0.65417,-0.357184,0.582534,0.309886,-0.229212,0.448821,0.510479,0.272715,-0.219982,-0.42986,0.289617,0.498985,-0.313143,-1.0
-0.915942,0.260107,-0.901407,-0.013597,-0.176247,-0.330576,0.954542,0.15948,-0.424885,-0.611198,-0.027279,0.050949,0.442617,-0.350886,-0.929144
0.961872,0.131353,0.935166,0.7957,-0.855831,-0.77343,0.867799,0.736222,-0.547036,-0.475299,0.106239,0.100332,-0.426207,-0.176542,-0.995581
0.265055,0.509828,-0.71261,-0.500057,-0.986522,0.656772,0.888392,0.838713,-0.593573,0.352728,0.17365,-0.080659,-0.433813,0.106074,-1.0
0.532156,0.645951,-0.34301,0.101101,-0.31945,0.944376,0.842413,0.900744,-0.231777,0.60182,0.135454,-0.100693,-0.464699,0.116692,-1.0
0.445282,0.864256,-0.572746,-0.084755,-0.093908,0.289603,0.45532,0.892935,-0.082112,0.359514,0.348247,0.355337,-0.371796,-0.349034,-0.967304
-0.542989,-0.47882,0.574377,-0.322831,0.95557,-0.69816,0.119524,0.230099,0.117818,-0.042713,-0.849442,0.080419,0.413732,-0.08782,-0.98579
0.95882,-0.716891,-0.422428,-0.956037,-0.265115,0.446913,0.684645,0.043824,-0.331262,0.488114,0.204788,-0.168928,-0.392181,0.36068,-1.0
-0.730008,-0.053751,0.358723,0.403405,0.652287,0.257098,0.151698,0.480168,0.111694,-0.009788,-0.84464,-0.184352,0.482253,0.051734,-0.971772
0.776004,0.571344,0.90687,0.91269,-0.543015,-0.446922,0.215519,0.600445,-0.178141,-0.12879,0.637585,0.475216,-0.397057,-0.277059,-0.998261
0.778356,-0.675672,-0.29247,-0.332044,0.528887,0.90809,0.346525,0.889922,0.103606,0.288594,0.134584,-0.71865,-0.080821,0.460325,-1.0
-0.56506,0.200891,0.46333,-0.029178,-0.894334,0.044358,0.33753,0.257742,-0.309616,0.079386,0.699916,0.18045,-0.4066,-0.264644,-1.0
0.050642,0.66669,-0.051981,-0.976051,-0.171118,-0.767343,0.687754,0.961556,-0.197062,-0.487324,-0.017594,0.380306,-0.13904,-0.572233,-1.0
-0.414462,0.189044,0.455616,-0.953008,0.333302,-0.357354,0.624778,0.447999,0.37542,-0.353434,-0.243193,0.167607,0.407955,-0.347665,-0.953626
0.779477,-0.666576,-0.439962,0.299679,0.163476,0.483754,0.9721,0.673453,0.252436,0.687097,0.012773,-0.046594,-0.209833,0.476039,-1.0
-0.4655,-0.637195,0.363727,-0.792584,0.093906,0.326767,0.231582,0.458,0.025086,0.175171,-0.427256,-0.713564,0.323341,0.468915,-0.982036
0.334956,0.41086,0.909468,-0.044661,-0.926877,-0.467968,0.501021,0.979034,-0.335758,-0.210575,0.367388,0.27985,-0.496414,-0.242074,-1.0
0.077353,0.521756,0.643296,-0.031096,-0.054365,-0.181269,0.910688,0.076228,-0.181802,-0.716903,0.07274,0.124117,-0.116993,-0.474825,-1.0
0.057339,-0.224442,0.518338,0.216541,0.988198,0.634648,0.311146,0.10346,0.196848,0.148714,-0.503967,-0.409342,0.344556,0.328974,-0.956986
0.139127,0.462005,0.141721,-0.889502,0.848506,-0.620493,0.92219,0.150602,0.650315,-0.407224,-0.031668,0.137997,0.275372,-0.468151,-0.97129
-0.009829,0.179845,-0.395512,-0.531611,0.131496,-0.940052,0.758381,0.387963,0.058461,-0.573482,-0.026392,0.340923,0.128449,-0.484598,-0.996202
-0.957435,-0.007448,-0.287328,0.972617,-0.125541,-0.825534,0.050912,0.603714,0.006412,-0.038411,-0.67186,0.686207,0.395286,-0.28519,-0.986861
-0.937437,-0.966787,0.651659,0.57611,0.499046,0.238349,0.120721,0.812684,0.119239,0.068054,-0.622742,-0.467064,0.433253,0.348914,-0.97898
0.622403,-0.774216,-0.09454,-0.57483,-0.001203,-0.699338,0.987663,0.93551,0.001604,-0.828401,0.016252,-0.074168,-0.445904,0.106246,-1.0
0.530172,-0.164611,-0.421688,0.064611,0.566026,-0.898248,0.128256,0.206586,0.07495,-0.077313,-0.155393,0.867092,0.091259,-0.426929,-0.964697
-0.165012,-0.080799,-0.149851,0.389252,-0.019752,0.053355,0.075383,0.432948,0.050077,0.067757,-0.780334,-0.685692,0.425105,0.352371,-0.881921
-0.471936,-0.786515,-0.401843,-0.943605,0.683504,0.793542,0.862481,0.614896,0.413334,0.573953,-0.161463,-0.111731,0.330688,0.322988,-1.0
-0.946997,0.08759,0.138321,-0.039419,0.379276,0.297757,0.721442,0.83745,0.441311,0.410243,-0.272006,-0.08797,0.550259,0.069846,-0.881119
0.466917,0.074662,0.593413,-0.388105,-0.488484,-0.282126,0.204763,0.769341,-0.144535,-0.056357,0.84171,0.259534,-0.478076,-0.077413,-0.880587
0.774458,-0.55227,0.769743,0.093643,0.087178,0.751274,0.190345,0.609027,-0.036968,0.080802,0.386222,-0.729338,-0.183931,0.416404,-0.91927
-0.983728,0.501719,0.474466,-0.117174,-0.790327,-0.388021,0.349161,0.018924,-0.214209,0.008839,-0.184535,0.684283,0.072909,-0.500912,-1.0
-0.572731,0.798954,-0.070305,0.975662,-0.143498,-0.784996,0.641709,0.758507,-0.08455,-0.378803,-0.151151,0.337358,0.103177,-0.536448,-0.966615
-0.570302,-0.216798,-0.856732,-0.984607,-0.51728,0.891675,0.067039,0.633128,0.012588,-0.007722,-0.041264,-0.921411,0.017471,0.409434,-0.918473
0.074909,-0.327005,0.982494,0.378628,0.605384,-0.822262,0.453251,0.715468,0.235958,-0.29929,-0.407529,0.443772,0.371086,-0.380031,-0.994995
0.00212,0.837374,-0.807123,0.516833,-0.030323,-0.920932,0.363904,0.286656,0.073845,-0.276363,0.007349,0.646712,-0.055932,-0.571994,-1.0
0.543092,-0.729463,0.838722,0.692675,-0.385569,0.191975,0.804599,0.908656,-0.495625,0.30165,0.208398,-0.124619,-0.387342,0.326627,-0.955691
-0.188159,0.657637,-0.309988,-0.435448,-0.695876,-0.295276,0.006403,0.390025,0.005639,0.012089,0.419692,1.0,-0.195832,-0.459975,-1.0
-0.812067,0.610554,-0.790551,0.77422,0.031738,-0.932953,0.15852,0.147836,-0.044958,-0.089185,-0.389226,0.693041,0.214895,-0.354811,-1.0
0.039537,-0.306164,-0.515632,-0.72067,-0.383249,-0.926243,0.529881,0.079349,-0.136634,-0.456072,0.26261,0.421772,-0.374982,-0.383886,-1.0
-0.358807,-0.991514,-0.03149,0.066577,-0.282465,0.555026,0.947385,0.596631,-0.346499,0.650114,0.036145,-0.078744,0.028927,0.539527,-1.0
-0.751528,-0.349888,-0.607271,0.750085,-0.671686,0.038348,0.237932,0.150498,-0.116987,-0.081329,-0.041911,-0.791279,0.009287,0.558825,-0.936733
0.125898,-0.637466,-0.217472,0.385502,0.197955,-0.21241,0.673378,0.848858,0.403626,-0.32717,-0.085391,-0.435901,0.050317,0.546122,-1.0
0.046448,-0.050514,0.611297,0.614385,-0.746253,-0.730638,0.014802,0.64535,0.078469,0.064787,0.644829,0.644564,-0.374614,-0.300895,-1.0
0.884119,-0.671782,0.738347,0.835891,0.305212,0.702532,0.705925,0.278978,0.157247,0.460971,0.092622,-0.362548,-0.240296,0.476167,-0.896149
0.626671,-0.25,0.326451,0.987677,0.185349,0.767093,0.195526,0.005897,0.037452,0.148898,0.242586,-0.748424,-0.259291,0.428684,-0.851282
0.03189,0.393422,0.839766,-0.771984,0.106629,-0.319292,0.815909,0.063269,0.253874,-0.703799,0.019178,0.287652,0.117203,-0.429152,-0.964285
-0.329048,0.237592,0.881328,0.417596,-0.813128,-0.763308,0.364188,0.366156,-0.151455,-0.209711,0.217196,0.532468,-0.256346,-0.454201,-1.0
-0.033098,0.632034,-0.710557,0.683757,-0.539923,0.870563,0.160676,0.663552,-0.105609,0.117428,0.767871,-0.3677,-0.451452,0.225909,-0.981506
-0.434554,-0.92147,-0.395753,0.537924,0.96499,0.378531,0.615217,0.861273,0.452779,0.186526,-0.285291,-0.261521,0.399984,0.416374,-1.0
-0.657667,-0.751711,-0.634814,0.46609,-0.26514,0.105145,0.032625,0.158395,-0.030505,-0.021299,-0.263522,-0.834311,0.172183,0.50675,-1.0
0.108446,-0.561336,-0.65316,-0.200182,0.147795,0.692542,0.641674,0.800584,0.095844,0.452627,0.069026,-0.294059,-0.080717,0.563148,-1.0
-0.499007,-0.789564,-0.867301,0.263166,0.743558,-0.547749,0.645559,0.937266,0.440719,-0.320508,-0.35012,-0.04833,0.4827,0.11298,-1.0
-0.60905,-0.777234,-0.97925,0.695871,-0.073263,0.148909,0.80478,0.11761,-0.23566,0.542072,-0.165659,-0.214068,0.258526,0.516213,-1.0
-0.284285,0.753056,-0.194929,-0.950272,0.907806,-0.472709,0.285355,0.175349,0.234405,-0.130819,-0.539889,0.556912,0.346096,-0.445196,-1.0
0.396829,0.735492,0.439815,-0.738057,-0.397817,-0.623133,0.382905,0.41182,-0.157079,-0.365649,0.363362,0.580472,-0.211329,-0.486252,-0.999458
-0.263374,-0.516845,-0.964398,0.392362,0.418452,-0.559476,0.280365,0.272139,0.058113,-0.160386,-0.714975,0.041959,0.473088,0.002999,-1.0
-0.343451,0.542042,-0.482729,-0.491024,0.630314,-0.625592,0.189167,0.688569,0.094669,-0.052228,-0.516283,0.674535,0.300189,-0.397063,-0.969141
-0.38322,0.484769,0.662519,-0.688696,0.427796,-0.302685,0.212021,0.530841,0.20224,-0.078364,-0.55641,0.550612,0.314976,-0.390857,-1.0
-0.025904,0.7489,0.090499,-0.147645,-0.181648,0.465337,0.214086,0.668105,0.069469,0.093762,0.379136,0.717093,-0.271439,-0.434791,-1.0
-0.853876,0.123695,-0.716555,0.748784,-0.335054,-0.860908,0.496246,0.404578,-0.131584,-0.398106,-0.265831,0.456965,0.301465,-0.614965,-0.93164
-0.101026,-0.613263,0.999497,-0.979291,-0.475604,0.955805,0.375114,0.920021,-0.146577,0.27484,0.102668,-0.637449,-0.107944,0.468618,-1.0
-0.513871,0.502438,-0.16779,0.435489,-0.109644,0.996173,0.819025,0.62776,-0.104821,0.617608,-0.120012,-0.154897,0.2856,0.394925,-1.0
0.893939,0.564137,0.98935,0.045572,-0.080241,0.386345,0.763731,0.605914,-0.115215,0.660024,0.330141,0.149486,-0.40292,-0.064762,-1.0
-0.924448,0.960062,0.182663,-0.088556,0.482638,0.613248,0.893937,0.371817,0.486891,0.466425,-0.123617,0.030779,0.467947,-0.088167,-1.0
0.583013,0.932293,-0.004411,-0.962347,0.833881,-0.419637,0.194706,0.253469,0.107525,-0.043952,-0.08346,0.680027,0.120043,-0.467525,-1.0
0.84251,0.063709,-0.763578,0.458407,-0.228678,0.376766,0.575017,0.524109,-0.322262,0.418599,0.430102,-0.168221,-0.451232,0.170847,-0.916201
0.667762,-0.351544,-0.597976,0.418,0.574006,0.411165,0.079023,0.587633,0.074242,0.064787,0.082448,-0.885211,-0.086709,0.567143,-1.0
0.609303,0.356921,0.794847,0.670143,0.788644,-0.715239,0.331171,0.231653,0.293414,-0.14065,-0.090329,0.666486,0.109255,-0.458266,-0.981784
-0.097442,0.843677,-0.14347,-0.138717,0.588577,0.676186,0.906719,0.071551,0.417878,0.561142,-0.156025,0.097666,0.487924,-0.175218,-1.0
-0.138095,0.942089,0.462623,-0.524152,0.190142,0.207889,0.231965,0.365017,0.075335,0.179173,-0.306774,0.723068,0.32294,-0.51704,-0.954639
-0.989739,0.764126,0.421612,-0.422265,-0.154549,0.231597,0.336662,0.494003,-0.184499,0.192831,-0.579709,0.290164,0.358065,-0.208642,-1.0
-0.79006,-0.282299,-0.814434,0.377937,0.218222,-0.631225,0.026234,0.234782,0.014395,0.023466,-0.909085,0.318421,0.423075,-0.252773,-1.0
-0.751305,0.016069,0.818512,0.842751,0.93163,0.778127,0.182099,0.117588,0.15745,0.087719,-0.77705,-0.352805,0.472645,0.19591,-1.0
0.037353,-0.111634,-0.524423,-0.401025,0.216424,0.324391,0.683424,0.602119,0.340206,0.489631,-0.194539,-0.374979,0.158956,0.457445,-0.908077
0.959902,0.899299,0.688241,-0.390765,0.904959,-0.071782,0.766823,0.906852,0.629815,-0.016499,-0.026187,0.32412,0.033008,-0.464092,-1.0
-0.455634,-0.507007,-0.40504,0.156682,0.67084,0.078228,0.39679,0.280483,0.254333,0.037413,-0.611751,-0.300632,0.477583,0.243046,-1.0
0.273434,0.686362,0.507745,-0.321135,0.313045,0.309433,0.496622,0.527932,0.30067,0.322855,-0.030914,0.541031,0.082813,-0.487378,-1.0
0.172117,0.103823,-0.337996,-0.54453,-0.123543,0.897701,0.379018,0.402457,0.040795,0.278879,0.309467,-0.71212,-0.110979,0.393416,-0.985958
-0.955939,0.582144,-0.11684,0.384918,0.401214,-0.16329,0.854263,0.958765,0.616654,-0.228062,-0.114234,0.035785,0.493329,-0.226671,-0.97738
0.014124,0.16542,0.413453,0.200908,0.242221,-0.10914,0.918679,0.89457,0.602811,-0.283275,-0.064079,0.078404,0.394758,-0.38889,-1.0
0.920333,0.761352,0.649145,0.839678,-0.719381,-0.703952,0.914043,0.727262,-0.563593,-0.472366,0.03803,0.011228,-0.388611,-0.44117,-0.978616
0.289038,0.414317,-0.890386,0.70879,0.952869,0.333953,0.862745,0.219132,0.753022,0.099657,-0.151883,0.109719,0.520043,0.005713,-0.961856
0.865632,-0.752669,0.241273,-0.723567,0.660363,-0.907355,0.464087,0.616004,0.197924,-0.256422,0.44704,0.296996,-0.364501,-0.306261,-1.0
-0.050265,0.457662,-0.143272,-0.83931,0.878875,0.452703,0.195248,0.776633,0.118563,0.011776,-0.732845,-0.057582,0.472745,-0.002197,-1.0
-0.913319,0.621854,-0.212663,-0.925599,-0.866097,-0.896293,0.337015,0.419174,-0.227186,-0.102994,-0.028341,0.676769,0.048597,-0.482062,-1.0
0.242679,0.46634,-0.959401,-0.10223,0.718266,0.739174,0.32216,0.367919,0.147073,0.210616,-0.541379,-0.32974,0.471561,0.276847,-0.921142
-0.36816,-0.86779,0.955534,-0.828927,-0.649198,-0.027845,0.370485,0.58081,-0.444282,0.010037,0.205667,-0.514111,-0.141535,0.559222,-0.924276
0.685532,0.474021,0.17117,0.919459,0.383105,0.902194,0.397347,0.020687,0.128703,0.345538,0.324326,-0.534533,-0.322063,0.376434,-1.0
-0.515504,0.622428,0.654131,0.971375,-0.593812,-0.891056,0.840315,0.444,-0.40464,-0.501602,0.035136,0.176996,-0.062686,-0.483029,-1.0
-0.989905,-0.815284,-0.965361,0.547452,0.046492,-0.559482,0.526542,0.129376,0.127582,-0.387592,-0.445907,-0.117379,0.472948,0.136409,-0.935983
0.432787,-0.992672,0.969301,0.548726,0.512167,0.450177,0.099275,0.904094,0.046181,-0.03257,-0.073659,-0.898175,0.027999,0.492289,-1.0
0.16759,0.063118,-0.160086,-0.415599,0.373011,0.339581,0.239847,0.813536,0.172601,0.095003,-0.36596,-0.600909,0.314094,0.323873,-0.972776
0.681176,0.421973,0.485739,-0.152821,-0.497022,0.69032,0.068812,0.73328,-0.116485,0.045934,0.887106,-0.151591,-0.550493,0.105845,-0.949612
-0.039541,0.048899,0.651187,0.288538,-0.32137,0.871022,0.549467,0.65921,-0.114309,0.438933,0.168081,-0.326131,-0.23852,0.496026,-0.94685
-0.303382,0.667845,-0.878273,0.364501,-0.908122,0.161178,0.472687,0.402585,-0.355292,0.096679,0.475291,0.354355,-0.381806,-0.348855,-0.920397
0.307447,-0.041098,-0.136849,-0.62288,-0.285988,0.238553,0.664279,0.195972,-0.37931,0.345943,0.307702,-0.09384,-0.422473,0.237102,-0.954847
-0.909941,0.101208,0.012192,0.742997,0.947815,-0.582196,0.884907,0.177878,0.717183,-0.333943,0.009303,0.044515,0.302701,-0.212042,-1.0
-0.52256,0.969527,-0.031309,0.379993,0.335213,-0.544699,0.460564,0.99751,0.283869,-0.282107,-0.32452,0.432107,0.227981,-0.441453,-0.991791
0.016641,-0.059747,-0.09951,-0.853784,0.613536,-0.628494,0.808392,0.166328,0.500492,-0.429016,-0.165898,0.123307,0.391137,-0.356187,-0.958964
-0.137406,0.620531,0.990969,0.102012,-0.192378,0.768778,0.523406,0.573129,-0.04505,0.39918,0.165431,-0.451897,-0.146556,0.50669,-0.979363
0.686615,0.947825,0.285734,0.694115,-0.164576,0.771551,0.170913,0.042947,-0.039796,0.112503,0.856816,0.148415,-0.561451,-0.12758,-0.966342
-0.905909,-0.105642,0.200355,-0.135459,0.510744,-0.793677,0.059358,0.170649,0.048545,-0.123864,-0.924357,0.363723,0.370386,-0.216771,-0.978746
0.30283,-0.883669,-0.149057,0.287453,-0.761094,-0.72077,0.321636,0.677872,-0.18237,-0.26138,0.693877,-0.107916,-0.404066,0.032241,-1.0
0.983262,0.136877,-0.62594,-0.873376,-0.285634,0.113223,0.364923,0.380857,-0.219471,0.121666,0.627221,0.024816,-0.500655,-0.06552,-1.0
-0.453903,0.121846,-0.079383,0.384713,0.799017,0.29355,0.375068,0.62126,0.178321,0.101292,-0.713924,-0.078204,0.537154,0.145805,-0.940982
0.464275,-0.199235,0.306535,-0.604227,0.886342,-0.979971,0.391513,0.905225,0.127364,-0.174939,-0.269571,0.586542,0.268333,-0.539206,-0.965182
0.195363,-0.862688,-0.3279,-0.589415,-0.104945,0.736384,0.199292,0.344432,-0.007367,0.183326,0.09773,-0.810776,-0.104639,0.467167,-0.932202
0.312386,-0.938662,-0.826171,-0.771507,-0.82756,-0.203063,0.16631,0.886953,-0.121119,-0.036027,0.678703,-0.418055,-0.439252,0.27559,-1.0
0.096909,0.657628,0.771961,0.700233,0.022204,0.12795,0.160327,0.502266,0.122725,0.206031,0.178155,0.816314,-0.104183,-0.522867,-0.967041
-0.547449,0.708965,-0.903144,0.436588,0.124269,-0.367012,0.651202,0.158494,0.255394,-0.498631,-0.206203,0.373963,0.278628,-0.306628,-1.0
0.671432,-0.085079,-0.265295,0.249962,0.187161,0.72641,0.352518,0.375561,0.163512,0.314069,0.230429,-0.547843,-0.290665,0.373203,-0.940113
-0.967792,0.129393,-0.779852,-0.439726,0.225653,0.270382,0.570441,0.635572,0.251078,0.303174,-0.460137,-0.041241,0.489637,0.019382,-0.951805
0.438792,0.289276,-0.369404,-0.308904,0.315458,-0.121708,0.566326,0.111734,0.344833,-0.193949,0.078572,0.453393,-0.16435,-0.59604,-1.0
-0.01339,0.722162,-0.99804,0.463936,-0.644558,-0.090016,0.236905,0.025184,-0.095335,-0.045396,0.48317,0.509741,-0.277317,-0.429996,-1.0
-0.739244,0.240458,0.502993,-0.229118,0.424543,-0.321827,0.356122,0.537943,0.21382,-0.175288,-0.5862,0.356843,0.429421,-0.179878,-0.980022
-0.000385,-0.311228,0.229859,0.8178,0.382575,0.578755,0.131004,0.029821,0.016948,0.144139,-0.353606,-0.807934,0.208494,0.439909,-0.943192
0.302305,0.133465,0.850488,-0.287852,-0.969739,0.71424,0.737555,0.657655,-0.424062,0.280985,0.291338,-0.106008,-0.496413,0.121274,-1.0
0.398907,-0.572936,0.317931,0.885155,-0.881488,-0.532401,0.850722,0.870992,-0.649561,-0.361434,0.204135,-0.015996,-0.456445,0.00239,-1.0
0.315193,-0.288496,0.731866,0.165814,0.418564,0.093768,0.347069,0.453058,0.372591,0.093634,-0.143595,-0.70667,0.086659,0.549191,-1.0
-0.549748,-0.510257,-0.519162,-0.164564,-0.435258,-0.776034,0.789212,0.794455,-0.363143,-0.558047,-0.119809,0.162565,0.236927,-0.487225,-0.94471
0.72677,0.50431,0.991319,-0.136986,0.98401,0.09784,0.515776,0.435221,0.435424,0.011973,-0.301998,0.374093,0.222876,-0.482214,-0.932833
-0.193998,0.19267,0.98015,-0.275209,-0.342116,-0.457683,0.161397,0.524524,-0.048195,-0.052566,0.227555,0.790942,-0.131545,-0.44739,-0.958424
0.457538,0.520122,-0.793646,0.116309,-0.53277,-0.933421,0.752719,0.377776,-0.30458,-0.577124,0.0462,0.243069,-0.224739,-0.270053,-0.964361
-0.297785,-0.691386,0.277297,-0.11802,-0.992628,-0.72743,0.6206,0.38927,-0.35225,-0.315719,0.36093,0.027828,-0.43166,0.058971,-0.91039
0.553093,-0.694863,0.916351,-0.19988,-0.073166,-0.621508,0.690351,0.633517,-0.059446,-0.576024,0.252822,-0.074739,-0.461929,0.10115,-1.0
-0.610891,0.44245,0.048629,0.122775,0.014806,0.747958,0.079131,0.60768,-0.043585,0.09732,-0.798368,-0.382223,0.498406,0.238018,-0.953366
-0.063556,-0.163538,-0.321246,0.669711,-0.850041,0.09725,0.526601,0.63611,-0.363744,0.110821,0.417154,-0.143488,-0.494458,0.148257,-1.0
0.885897,-0.773328,0.75964,-0.703045,-0.432582,-0.818716,0.216764,0.286401,-0.071337,-0.173206,0.830405,0.071392,-0.540346,0.019588,-1.0
0.397563,-0.101698,0.515035,-0.522799,0.95872,0.998602,0.217795,0.109655,0.14549,0.144442,-0.391797,-0.671041,0.196021,0.486279,-0.971248
0.901906,-0.691042,-0.278122,-0.637427,-0.061383,0.915509,0.158555,0.844439,0.027299,0.113122,0.366844,-0.85947,-0.22448,0.376656,-1.0
0.769639,0.498538,-0.581961,0.213376,-0.121593,-0.561165,0.419763,0.281044,-0.010817,-0.383348,0.42299,0.352183,-0.333106,-0.407137,-0.954521
-0.12824,-0.409595,0.885476,0.351445,0.605628,-0.262754,0.34239,0.334967,0.14307,-0.092899,-0.689861,-0.098896,0.432445,0.082342,-1.0
-0.510938,0.756225,-0.740597,-0.305824,0.358677,0.954859,0.008182,0.697617,-0.041257,0.067041,-0.904024,-0.228955,0.501574,0.088965,-0.988744
0.723062,0.445771,-0.374517,0.392758,-0.413236,-0.421947,0.66582,0.160931,-0.410195,-0.364381,0.234621,0.249433,-0.31842,-0.271847,-1.0
-0.869902,0.120715,-0.236649,-0.222413,-0.866352,-0.061083,0.007557,0.385471,-0.03494,-0.027397,-0.009657,1.0,0.018214,-0.544189,-1.0
-0.740636,-0.357954,0.715936,-0.126644,0.286842,0.988255,0.549395,0.196193,0.117812,0.483682,-0.204956,-0.419151,0.363471,0.354614,-0.980106
-0.098947,-0.180456,-0.598278,-0.631301,-0.858551,0.990307,0.617233,0.82624,-0.431763,0.458247,0.203533,-0.357294,-0.275206,0.291552,-1.0
-0.543096,0.09957,0.114379,-0.118271,0.772137,-0.644035,0.777169,0.401122,0.455763,-0.343291,-0.173718,0.127416,0.426671,-0.273513,-1.0
0.430515,0.711666,-0.511018,-0.133335,-0.620227,0.39647,0.009786,0.203394,0.004464,-0.110233,1.0,0.38427,-0.407927,-0.084379,-0.975358
-0.000599,0.256402,0.463744,0.645581,0.436425,0.421789,0.371249,0.02233,0.14676,0.148534,-0.564311,-0.08843,0.424582,0.166789,-1.0
-0.54723,0.944326,0.542099,0.287645,0.287173,0.184005,0.023624,0.096421,-0.020583,0.008328,-0.773966,0.722137,0.405581,-0.308536,-0.991717
0.433559,-0.17081,-0.849871,0.351822,0.310348,0.917639,0.011158,0.426976,0.058532,0.030928,0.12421,-0.999298,-0.072747,0.52899,-0.915451
-0.928856,0.956117,-0.901881,-0.437621,0.404651,0.674862,0.052642,0.707031,-0.008922,-0.008832,-0.979583,0.236751,0.546234,-0.141903,-1.0
-0.952341,-0.045626,0.221221,0.867357,-0.984426,0.539963,0.467551,0.316161,-0.317088,0.148892,0.071603,-0.455456,-0.027885,0.509739,-1.0
-0.046374,0.296415,-0.22868,-0.004141,0.286173,-0.325882,0.918287,0.842677,0.436073,-0.522919,-0.065168,0.19054,0.276545,-0.406031,-0.97304
-0.790292,0.953327,0.681165,0.93958,-0.192921,0.612148,0.121521,0.789687,0.022665,0.011366,-0.688799,0.535629,0.489056,-0.314886,-0.991027
-0.875108,-0.865333,0.869,0.175805,-0.551722,-0.009206,0.936879,0.42617,-0.648891,-0.052639,-0.126327,-0.113668,0.069344,0.411106,-1.0
0.141479,0.781026,0.17398,0.421775,0.384741,0.245875,0.3305,0.082468,0.193706,0.108069,-0.326181,0.688027,0.273081,-0.40507,-0.99457
0.133747,-0.850743,-0.096487,-0.121972,-0.036793,0.591855,0.461851,0.701874,-0.018582,0.377575,0.035228,-0.467327,-0.052731,0.410036,-0.99883
0.030252,0.323258,-0.197534,-0.046807,0.726877,-0.000274,0.773819,0.031882,0.650197,0.029974,-0.1941,0.169103,0.405167,-0.185612,-1.0
-0.224765,0.680854,-0.681616,-0.729761,-0.882137,0.735885,0.111199,0.641885,-0.128686,0.065012,0.900536,-0.105235,-0.490582,0.029456,-0.984205
-0.157098,0.596178,0.579787,0.929574,0.112491,-0.990146,0.349293,0.816744,-0.041994,-0.213535,-0.05233,0.695792,0.075178,-0.505789,-1.0
0.807159,-0.854782,-0.010967,0.568863,-0.698874,-0.773322,0.392647,0.666345,-0.208481,-0.230869,0.706239,0.000531,-0.545401,0.006652,-1.0
-0.506345,-0.851612,-0.916155,0.057577,0.716125,-0.956198,0.676815,0.523453,0.366852,-0.404721,-0.300904,0.009006,0.584844,-0.141129,-1.0
0.878201,0.668689,-0.410885,0.399102,0.16427,-0.037323,0.424929,0.945873,0.426951,-0.105878,0.354778,0.374587,-0.409324,-0.377316,-0.944242
0.756082,-0.153471,0.323154,-0.224107,0.659294,-0.291967,0.525311,0.30509,0.461998,-0.113207,0.206047,0.42718,-0.332519,-0.432868,-1.0
-0.643299,-0.133268,-0.349347,-0.724503,0.309637,0.184792,0.672981,0.966876,0.433419,0.313402,-0.326401,-0.019781,0.421113,0.149455,-1.0
0.744916,0.104804,-0.752046,-0.921558,-0.855687,0.481554,0.129944,0.419923,-0.143668,0.1034,0.725959,-0.158357,-0.428599,0.074908,-0.970197
0.085195,0.235219,0.624006,-0.739394,0.853093,0.540374,0.638118,0.330777,0.521153,0.271884,-0.301426,-0.170629,0.352792,0.135434,-1.0
0.908298,-0.155489,0.805578,-0.074813,0.406828,-0.42608,0.588788,0.420872,0.391422,-0.332135,0.329266,0.283458,-0.457506,-0.204731,-0.956719
-0.096326,0.595485,0.075976,-0.754283,-0.537836,-0.605284,0.780826,0.014233,-0.382893,-0.364194,0.170399,0.20406,-0.125373,-0.502965,-1.0
-0.66988,-0.68687,-0.956816,0.855632,-0.754681,0.513701,0.13634,0.413186,-0.021216,0.055157,0.078432,-0.955428,0.048687,0.523207,-1.0
0.027379,-0.182619,0.659601,0.904826,-0.523503,0.062611,0.085412,0.148473,-0.147122,-0.016345,0.85957,-0.406595,-0.4829,0.236564,-0.905619
0.876121,-0.335926,0.352291,-0.530406,0.356418,-0.838112,0.959176,0.300653,0.292007,-0.767885,0.009198,-0.026616,-0.396132,-0.335698,-0.963081
0.338885,-0.447195,-0.012661,0.356861,-0.978443,-0.458759,0.336833,0.058468,-0.220322,-0.125604,0.575956,-0.010567,-0.532055,0.09045,-1.0
0.457938,0.901609,0.961894,-0.398123,-0.361165,-0.73271,0.515876,0.128772,-0.216131,-0.391283,0.162096,0.370262,-0.247324,-0.399818,-1.0
0.505692,0.097575,0.17978,-0.378342,-0.072977,-0.005282,0.695747,0.884898,-0.542688,-0.006956,0.354091,0.104531,-0.566536,0.026671,-1.0
0.450716,-0.759502,0.447489,0.815844,-0.190267,-0.731179,0.934799,0.869335,-0.24944,-0.717679,0.061185,-0.107579,-0.483415,-0.01375,-0.951228
-0.688872,-0.336037,-0.72051,0.152866,0.338,0.15249,0.496875,0.483922,0.371435,0.249158,-0.50839,-0.15863,0.517844,0.188161,-1.0
0.833521,-0.427924,-0.981058,-0.750356,0.490891,0.697645,0.642774,0.659142,0.199112,0.371483,0.115815,-0.347135,-0.115057,0.48711,-1.0
0.739184,0.080448,0.83091,0.182147,-0.094334,-0.620381,0.345966,0.360966,-0.020169,-0.277292,0.528132,0.383242,-0.366203,-0.365417,-0.974763
0.834131,-0.906327,0.128935,-0.331052,0.579959,0.627313,0.994879,0.140805,0.612371,0.622897,-0.011671,-0.11871,-0.018196,0.490551,-1.0
-0.574225,0.332412,-0.688226,0.299754,-0.212724,0.62906,0.585081,0.240591,-0.128322,0.45453,-0.378774,-0.218626,0.498755,0.204435,-1.0
-0.886017,-0.315208,-0.010721,0.007727,0.822688,-0.766508,0.672395,0.23711,0.345624,-0.387261,-0.293047,0.029862,0.332529,-0.075847,-0.958211
0.899772,0.003224,0.326743,-0.836078,0.159259,0.291825,0.036897,0.099676,-0.054474,-0.010197,0.964201,-0.388404,-0.459857,0.252332,-0.954883
0.506746,0.501057,0.601476,-0.931454,0.401485,-0.22444,0.374506,0.879819,0.275463,-0.199054,0.116329,0.596394,-0.083576,-0.490427,-0.992292
-0.481586,-0.93273,-0.171586,-0.702659,-0.916472,-0.292173,0.33441,0.931181,-0.298567,-0.134914,0.371518,-0.547037,-0.299009,0.428202,-0.958799
-0.072608,-0.217249,-0.263388,0.926889,0.907707,0.002378,0.229358,0.924927,0.183599,-0.03345,-0.768272,-0.183299,0.468572,0.146998,-1.0
-0.524279,-0.05167,-0.28436,0.693681,-0.279016,0.576244,0.402342,0.603169,-0.276341,0.268806,-0.17751,-0.67009,0.194615,0.540847,-0.963925
-0.668522,0.342463,-0.544767,0.100059,-0.938524,0.721269,0.799758,0.623382,-0.478517,0.347473,0.066666,-0.141141,-0.293042,0.403312,-0.949757
0.049416,0.420354,-0.108398,-0.590713,0.826906,-0.4766,0.50873,0.489177,0.391338,-0.126926,-0.272425,0.367801,0.316715,-0.409995,-1.0
0.920889,-0.090412,-0.968546,-0.377637,0.309738,0.025255,0.949785,0.746413,0.685104,0.057887,-0.011013,-0.019774,-0.418124,0.021404,-1.0
-0.89123,0.313715,0.912355,-0.178483,-0.164534,0.727676,0.383925,0.064271,-0.04682,0.340847,-0.486961,-0.27707,0.376599,0.197831,-1.0
0.806665,0.796053,-0.449443,-0.505189,0.486794,0.783356,0.648958,0.191805,0.266854,0.409927,0.301188,0.114958,-0.45755,0.055513,-1.0
-0.030941,-0.46969,0.652559,-0.866914,0.011479,-0.536633,0.954588,0.672389,0.047818,-0.707994,-0.03396,0.046343,0.31306,-0.525157,-1.0
-0.869254,-0.368373,-0.339192,0.926537,0.224175,0.815675,0.005775,0.329781,0.003877,-0.017735,-0.588173,-0.763838,0.393398,0.37704,-1.0
0.192506,0.420172,0.420543,-0.955785,-0.013289,-0.86498,0.956838,0.827303,-0.096236,-0.730875,0.045349,0.035417,-0.082931,-0.464786,-1.0
-0.847338,-0.414189,0.325487,0.069886,-0.688371,0.595404,0.752857,0.946312,-0.54787,0.389492,0.005107,-0.160783,0.051261,0.461576,-1.0
-0.602553,-0.825698,-0.686602,-0.367882,-0.577459,0.496369,0.136176,0.901044,-0.054658,0.126125,0.034801,-0.915024,0.091279,0.444527,-0.934969
-0.262462,0.339627,0.828156,0.091101,-0.790949,0.709892,0.270501,0.269596,-0.160828,0.168535,0.580377,-0.439259,-0.423449,0.364954,-1.0
-0.270701,0.61081,-0.132372,-0.660517,0.139658,-0.532933,0.800928,0.039059,0.090563,-0.610009,-0.164334,0.25518,0.192732,-0.482644,-1.0
-0.623847,-0.480749,-0.968311,-0.47007,0.48774,0.828171,0.549563,0.966916,0.192485,0.373032,-0.335695,-0.372878,0.372772,0.356286,-1.0
-0.181135,0.737083,-0.834162,0.619685,0.331407,-0.045783,0.309992,0.376264,0.225593,-0.022239,-0.333751,0.444226,0.260325,-0.472288,-0.974474
0.641052,0.716074,-0.942537,-0.875923,-0.848363,0.705589,0.433242,0.454229,-0.298503,0.270003,0.62099,-0.060449,-0.566592,0.013494,-1.0
-0.94312,-0.746431,0.738063,-0.285189,0.843666,-0.199436,0.010919,0.232251,-0.071858,-0.004249,-0.914256,-0.199049,0.55351,0.06881,-1.0
0.144938,0.990149,0.12862,0.31808,0.140613,-0.899815,0.508467,0.843235,-0.043115,-0.388483,0.04168,0.408516,-0.026889,-0.558547,-0.990443
-0.008776,-0.391753,0.301301,0.229325,-0.534663,0.009428,0.117918,0.81485,-0.05525,0.049122,0.747993,-0.502204,-0.411248,0.295413,-0.94239
-0.819628,-0.860673,0.542034,0.025825,0.7346,-0.38366,0.272891,0.00505,0.242805,-0.191177,-0.687526,-0.165639,0.458662,0.091788,-1.0
0.336884,-0.688611,-0.483719,0.493151,0.301208,0.369038,0.838301,0.823603,0.570204,0.467841,0.05049,-0.143912,-0.065186,0.441715,-0.970058
0.892787,-0.742472,-0.869847,-0.28562,0.376584,-0.651733,0.311859,0.33193,0.110025,-0.211509,0.735439,-0.042227,-0.491005,-0.019501,-0.947697
0.239578,-0.131396,-0.205418,0.871659,-0.383585,-0.474525,0.350747,0.222927,-0.187884,-0.257604,0.487427,0.262449,-0.45253,-0.277212,-1.0
-0.34467,-0.983296,0.10162,-0.481054,-0.078779,-0.356969,0.990397,0.337735,-0.162352,-0.717852,0.004723,-0.001795,0.192578,0.393341,-0.98294
0.394197,0.656043,0.611052,0.455793,-0.830957,0.151952,0.745275,0.912974,-0.67034,0.108154,0.283788,0.074036,-0.46919,-0.234519,-0.963052
-0.792155,-0.530183,-0.260345,0.605577,-0.061783,-0.485275,0.531414,0.549434,-0.038904,-0.390428,-0.386206,0.008328,0.514082,0.065569,-0.948488
0.354778,-0.218374,-0.351797,-0.611748,0.256685,-0.629215,0.548559,0.428046,0.238136,-0.368752,0.158582,0.475807,-0.218552,-0.520321,-1.0
0.541655,0.572784,-0.855367,0.009735,-0.937803,-0.449239,0.050778,0.516003,-0.06769,-0.040652,0.657286,0.508694,-0.421566,-0.355101,-1.0
-0.497086,0.197871,0.260069,-0.196733,0.211704,-0.253693,0.111527,0.370364,0.137962,-0.101528,-0.857335,0.422527,0.462198,-0.212047,-0.998756
0.091172,-0.231595,0.846633,0.836529,-0.217393,-0.237495,0.57963,0.726668,-0.296467,-0.396667,0.417105,-0.020039,-0.547925,-0.077493,-1.0
0.525597,0.786267,0.95175,-0.426396,-0.748975,-0.530166,0.626501,0.282646,-0.431724,-0.339083,0.288291,0.263886,-0.334051,-0.37338,-0.945236
-0.292126,0.844982,0.417678,0.43708,-0.510081,-0.425603,0.747725,0.181918,-0.505032,-0.297064,0.067531,0.218662,-0.030712,-0.604102,-1.0
0.198117,-0.411723,-0.006665,0.792951,0.688437,-0.261202,0.686541,0.024627,0.473622,-0.165503,-0.296815,-0.107538,0.555839,0.191658,-1.0
0.397623,0.306576,0.27831,-0.754336,-0.190053,0.197921,0.070788,0.08557,-0.101573,0.057261,0.929621,0.192835,-0.474481,-0.13301,-0.950307
0.393691,0.476686,0.89661,0.666042,-0.033058,-0.422393,0.727743,0.85762,-0.114791,-0.581769,0.115243,0.224351,-0.078021,-0.52739,-1.0
0.845208,0.262994,0.053745,0.960063,-0.189931,0.656455,0.095722,0.635159,0.085749,0.083383,0.796386,-0.310326,-0.509885,0.199522,-1.0
0.869957,-0.979568,-0.396699,0.610997,-0.096362,0.765497,0.245873,0.47025,-0.053066,0.241346,0.382563,-0.613685,-0.303422,0.450209,-1.0
0.644582,0.251498,-0.212489,-0.716359,0.634155,-0.15939,0.657805,0.060197,0.470261,-0.091698,0.047255,0.437653,0.022261,-0.487041,-0.941874
0.078695,0.015378,-0.498362,-0.892561,0.156915,0.573235,0.246958,0.608501,0.14594,0.211544,-0.057272,-0.731792,0.075192,0.523121,-0.937423
0.847152,0.518624,-0.695069,0.803658,0.779381,0.857268,0.227389,0.018294,0.117763,0.230568,0.096331,-0.741297,-0.093938,0.552936,-0.937332
0.005945,-0.123374,-0.264484,0.636897,0.365382,-0.358729,0.331639,0.050892,0.203143,-0.136303,-0.607473,0.222989,0.390073,-0.27089,-1.0
0.581508,-0.800736,0.811938,0.199874,0.035,0.282573,0.284494,0.730214,0.035452,0.227443,0.368999,-0.637149,-0.249233,0.472964,-0.952825
-0.999544,-0.157355,-0.96031,-0.527244,-0.793742,0.139304,0.807059,0.413361,-0.679938,0.109573,-0.102964,-0.085335,0.370354,0.430136,-0.984155
-0.588017,0.544788,-0.315421,0.551812,-0.418782,-0.387001,0.283581,0.194383,-0.204995,-0.238136,-0.232782,0.695607,0.103655,-0.471263,-0.943755
-0.752402,0.395211,0.206734,-0.900789,0.943813,0.758397,0.126902,0.543883,0.081515,0.095047,-0.80715,-0.11417,0.466971,0.091356,-0.922822
-0.179083,-0.398232,-0.580345,0.096075,-0.321951,0.901396,0.830819,0.517874,-0.255381,0.675263,-0.048876,-0.185754,-0.093869,0.510727,-0.977196
0.091823,0.854613,0.527025,0.812526,0.771651,0.420041,0.201866,0.316198,0.124493,-0.007016,-0.636729,0.39206,0.394684,-0.329925,-0.954804
0.571123,0.67734,0.758424,-0.415476,-0.129868,0.278338,0.522134,0.071161,-0.212419,0.408575,0.406933,0.291465,-0.491638,-0.237221,-1.0
-0.112591,-0.040463,0.112255,-0.982107,-0.662945,0.952554,0.614466,0.810109,-0.289589,0.398077,0.129411,-0.396131,-0.226053,0.534798,-0.983814
-0.424685,0.426359,-0.060637,-0.729165,0.901225,0.980728,0.15115,0.084469,0.133157,0.058515,-0.702683,-0.341882,0.433292,0.232237,-1.0
-0.650648,0.41088,-0.07308,0.870035,-0.912835,-0.698025,0.076104,0.823483,-0.050652,-0.039387,0.217553,0.972036,-0.018998,-0.517294,-1.0
-0.472289,0.202914,0.088267,-0.0017,-0.301205,0.122353,0.853321,0.139276,-0.648444,0.29197,-0.084569,0.032457,0.348709,-0.2554,-0.971668
0.800768,-0.243779,-0.408229,-0.162695,0.179318,-0.474613,0.375881,0.094063,0.074351,-0.357074,0.539918,0.207301,-0.498115,-0.153329,-1.0
0.612927,0.082066,0.631853,-0.48203,0.066322,-0.567902,0.685194,0.788367,0.091425,-0.531699,0.294505,0.186473,-0.310834,-0.421785,-0.954705
-0.91405,0.336816,-0.81861,-0.953215,0.704794,-0.920821,0.850365,0.695757,0.414343,-0.581696,-0.15874,0.137412,0.413867,-0.387664,-1.0
-0.176211,0.786692,-0.266641,0.694009,0.833295,-0.824381,0.462808,0.473575,0.310677,-0.187645,-0.28679,0.447881,0.259089,-0.424837,-0.990488
-0.298587,0.463655,-0.474521,0.597396,-0.777804,0.975277,0.94319,0.621174,-0.436869,0.667695,0.010746,0.007389,-0.346024,0.378361,-1.0
-0.79998,0.811885,-0.431849,-0.984594,0.217123,-0.665177,0.235064,0.652403,0.060284,-0.128083,-0.408193,0.570971,0.217135,-0.423045,-1.0
-0.31469,0.877949,0.608367,0.252868,0.713748,0.378482,0.5842,0.855044,0.399397,0.154838,-0.23467,0.245036,0.403483,-0.213132,-1.0
0.673015,-0.007585,-0.563456,0.664948,0.356398,-0.111945,0.449777,0.596929,0.265722,-0.046198,0.447088,0.164594,-0.487065,-0.144011,-1.0
0.829636,0.283706,-0.352562,-0.190752,-0.64244,0.426221,0.218254,0.609797,-0.125514,0.094396,0.787624,-0.067593,-0.495969,0.036176,-1.0
0.519368,-0.063124,-0.202418,0.161669,0.769023,-0.466088,0.952067,0.652409,0.626365,-0.355303,-0.067281,0.057252,0.307332,-0.373394,-0.996376
0.161905,0.528879,-0.311007,0.711451,0.979794,0.632874,0.886859,0.233906,0.671587,0.338856,-0.184208,-0.059169,0.466185,0.016979,-1.0
-0.375883,-0.236375,0.420014,0.635208,-0.426523,0.556639,0.663348,0.174885,-0.435029,0.444993,0.041526,-0.350932,-0.042961,0.436691,-1.0
-0.724936,-0.728404,-0.143723,-0.770067,-0.365273,-0.320076,0.790589,0.156645,-0.521876,-0.413319,-0.153167,-0.157217,0.337898,0.275524,-1.0
0.886553,-0.953322,-0.577838,0.751407,-0.714859,0.108245,0.904223,0.521951,-0.635086,0.11523,0.004929,-0.083511,-0.417291,0.171744,-0.964886
-0.798594,0.230578,0.314422,-0.130209,0.133012,0.527162,0.067767,0.960505,0.071578,0.041677,-0.93298,-0.182407,0.462118,0.154786,-0.969014
-0.626363,0.414412,-0.707122,0.808326,-0.896969,0.195719,0.13999,0.900323,-0.109671,-0.058957,0.622707,0.457748,-0.344206,-0.293807,-0.967462
-0.383772,0.919548,-0.248826,-0.727238,0.194543,-0.628892,0.195407,0.968476,0.026622,-0.107415,-0.344473,0.792927,0.127132,-0.487479,-0.896331
-0.117656,0.647864,0.697228,-0.322547,0.78089,-0.720201,0.90602,0.396495,0.575461,-0.537143,-0.115248,0.069301,0.254252,-0.463526,-1.0
-0.334737,0.75263,0.059391,0.382219,-0.763536,0.467041,0.832754,0.785372,-0.569095,0.412515,0.081745,0.06204,-0.352214,-0.268375,-1.0
-0.866474,-0.497291,0.920682,-0.164674,-0.546551,0.64095,0.970132,0.610062,-0.429808,0.60854,-0.053308,0.08383,0.184813,0.447256,-1.0
0.56834,-0.050823,0.183729,-0.557819,-0.464457,0.48151,0.521236,0.550618,-0.326256,0.310542,0.500517,-0.29901,-0.433491,0.271423,-0.929367
-0.041957,-0.043919,-0.563868,-0.339057,-0.378658,0.022879,0.172054,0.302008,-0.178709,0.048164,0.810042,-0.201754,-0.486801,0.125897,-0.994514
-0.307797,0.397203,-0.850713,-0.240945,0.818203,0.849478,0.870114,0.748814,0.499769,0.450981,-0.109814,-0.092574,0.487351,0.179962,-1.0
-0.98381,-0.858896,-0.099716,-0.400536,-0.640584,0.498982,0.190222,0.167565,-0.139229,0.130786,-0.194228,-0.75567,0.17145,0.441313,-0.992266
0.393091,0.236986,-0.828176,-0.961896,-0.85803,-0.361253,0.598433,0.522875,-0.422461,-0.13874,0.36729,0.198076,-0.5216,-0.247304,-0.979275
-0.930429,0.585447,-0.504258,0.81763,0.474307,-0.156463,0.173348,0.746472,0.104453,-0.016848,-0.768644,0.323486,0.431099,-0.234298,-0.909083
-0.169866,0.835072,-0.923291,0.319137,-0.548366,0.3035,0.853036,0.923386,-0.594222,0.292666,0.102255,0.152252,-0.208882,-0.332995,-0.975405
0.883286,-0.93453,0.327489,0.233037,-0.973947,0.326291,0.432643,0.856605,-0.292878,0.167977,0.492406,-0.394644,-0.418279,0.315724,-1.0
0.844896,0.763204,0.050357,0.408009,-0.200008,-0.322167,0.36204,0.177631,-0.144324,-0.33895,0.424182,0.468772,-0.311898,-0.420337,-1.0
-0.54906,0.886182,0.915955,0.669069,-0.669799,-0.128589,0.083548,0.319031,-0.098317,0.039841,0.158491,0.901789,-0.072119,-0.520953,-1.0
0.725953,-0.649255,-0.798737,-0.784127,0.335373,-0.626678,0.418666,0.395095,0.16252,-0.284512,0.544294,-0.022717,-0.394588,0.053539,-0.943445
0.82116,-0.506778,-0.864448,-0.068162,-0.000946,-0.693241,0.060166,0.706636,-0.019103,-0.017009,0.880208,0.227688,-0.401311,-0.201036,-0.994794
-0.674631,-0.798522,-0.925533,-0.727395,0.505219,-0.77689,0.338906,0.786104,0.176725,-0.222006,-0.67125,-0.002496,0.483645,0.039105,-0.940796
-0.252678,0.919695,-0.414557,-0.878331,-0.523233,0.266544,0.812918,0.33784,-0.571547,0.312959,0.023595,0.178113,-0.177618,-0.459306,-0.985164
-0.930766,0.522113,-0.847671,0.981179,0.410859,-0.433103,0.413995,0.016345,0.195695,-0.25841,-0.47112,0.310701,0.431881,-0.317867,-1.0
0.401885,0.646161,0.147605,0.24521,0.582,0.850198,0.219347,0.959177,0.142,0.153364,-0.466159,-0.562101,0.297883,0.392713,-0.976056
-0.373574,0.717302,-0.285043,-0.379023,0.737505,-0.632957,0.591595,0.480782,0.336488,-0.410774,-0.287801,0.373014,0.440118,-0.412287,-0.994733
0.346193,0.141155,0.218974,-0.886247,-0.691574,-0.742907,0.028104,0.421305,0.007027,-0.030772,0.728134,0.673973,-0.362,-0.335195,-1.0
-0.705052,-0.33405,-0.857887,0.873672,0.044252,0.490044,0.604065,0.135238,0.012613,0.609463,-0.271009,-0.196302,0.305787,0.346643,-0.998568
0.18356,0.88448,0.895055,0.121541,0.759415,-0.705517,0.853841,0.550164,0.482154,-0.41669,-0.051378,0.097727,0.122526,-0.479243,-0.879303
-0.988669,0.49145,-0.605284,0.762811,0.890219,0.131466,0.624702,0.573511,0.547843,0.021136,-0.358287,0.075427,0.462253,-0.121175,-1.0
0.883951,-0.302012,-0.483321,-0.618633,0.86644,0.325172,0.346369,0.594854,0.313431,0.097972,0.00894,-0.654187,-0.019111,0.536954,-1.0
-0.635979,-0.893204,-0.242529,-0.646417,-0.481992,-0.324764,0.405693,0.567789,-0.241771,-0.2528,-0.138637,-0.661793,0.098555,0.494359,-1.0
-0.053608,0.680633,0.603001,-0.518351,0.784545,0.556037,0.451784,0.659041,0.222191,0.211842,-0.505426,0.081573,0.40508,-0.09576,-0.94837
-0.600056,0.600607,0.418535,0.607211,0.857196,-0.048706,0.892875,0.738619,0.595929,-0.005736,-0.128878,0.037656,0.402037,-0.153312,-0.929251
-0.398507,-0.109845,0.659396,0.834865,0.283449,-0.935538,0.126531,0.714388,0.017773,-0.054765,-0.590879,0.678124,0.269503,-0.307912,-1.0
0.175032,0.763429,-0.741401,0.857903,0.835059,-0.204286,0.777116,0.34633,0.584515,-0.148915,-0.191274,0.256064,0.297442,-0.432442,-1.0
-0.377002,-0.486034,0.573078,-0.088367,-0.689557,-0.482756,0.010453,0.314101,-0.087732,-0.027068,0.980939,-0.056356,-0.509196,-0.035482,-1.0
0.249377,0.440022,-0.424503,-0.271008,-0.29356,-0.591283,0.188057,0.524817,-0.01273,-0.183168,0.345389,0.736789,-0.26201,-0.445296,-1.0
0.878349,-0.259126,0.20162,0.230374,-0.534448,-0.952332,0.010952,0.46305,-0.006978,-0.089416,0.836738,0.425545,-0.45861,-0.197149,-1.0
-0.051428,0.542676,-0.413451,-0.334575,-0.417339,-0.335854,0.206123,0.934654,-0.12884,-0.149217,0.402726,0.696179,-0.183418,-0.449885,-1.0
0.374861,0.423309,0.35092,-0.932626,-0.513139,0.251459,0.945853,0.44063,-0.651383,0.31954,0.02545,0.023329,-0.460169,-0.065574,-0.970146
-0.14034,-0.916207,0.530429,0.119872,0.134183,-0.145,0.813948,0.128633,0.401765,-0.456439,-0.040807,-0.108093,0.219455,0.481137,-1.0
-0.897801,0.298246,0.676998,0.74303,0.43178,-0.466699,0.426453,0.261668,0.187509,-0.303016,-0.488747,0.274788,0.462248,-0.242714,-0.934809
0.08956,-0.950814,0.689442,-0.551786,-0.591261,0.470995,0.563139,0.11425,-0.279201,0.243147,0.178467,-0.449287,-0.183034,0.479996,-0.954123
0.367894,0.187423,0.085585,0.821907,-0.218616,-0.013251,0.156658,0.364692,-0.060821,-0.014217,0.81198,0.226692,-0.467537,-0.164326,-1.0
-0.585816,0.179963,0.833248,-0.83349,0.714945,0.913577,0.452733,0.905641,0.146502,0.251006,-0.515582,-0.268899,0.387021,0.28368,-1.0
-0.858063,0.946902,-0.600064,-0.212824,0.624094,0.636955,0.84538,0.588238,0.579525,0.435842,-0.236116,-0.040132,0.506836,-0.021528,-0.98039
0.45752,0.075466,-0.924108,-0.059104,0.768263,-0.785483,0.119984,0.891319,0.063955,-0.165869,-0.357919,0.798273,0.104267,-0.507006,-0.990102
-0.222305,-0.122945,-0.994503,0.785651,0.525735,-0.735414,0.504343,0.58505,0.155391,-0.256336,-0.422129,0.357717,0.464713,-0.268344,-1.0
-0.835185,-0.701477,-0.654644,-0.433884,-0.354724,-0.867445,0.62638,0.749294,-0.196675,-0.390345,-0.445156,0.111711,0.402705,-0.03886,-1.0
0.378742,-0.321356,0.589681,0.100787,-0.585771,-0.597009,0.426118,0.556541,-0.153363,-0.194617,0.572378,0.223883,-0.486935,-0.109397,-0.968258
0.066784,-0.225152,0.253678,-0.257395,0.445969,-0.674032,0.677355,0.24052,0.286818,-0.502895,-0.144895,0.276326,0.379574,-0.370727,-1.0
0.802536,0.403539,-0.507934,-0.62266,-0.992426,-0.390357,0.477266,0.678416,-0.41106,-0.028752,0.399103,0.205068,-0.480762,-0.236729,-1.0
0.205021,0.955451,0.918823,-0.657919,-0.663186,0.01062,0.137696,0.645982,-0.109853,-0.041765,0.635274,0.606971,-0.379669,-0.376771,-1.0
0.345498,0.365122,0.046129,-0.63435,0.280119,-0.979924,0.566395,0.053392,0.146581,-0.4375,0.054669,0.397203,-0.003339,-0.570576,-0.945188
-0.705893,0.116897,0.851691,0.472554,0.547716,-0.665562,0.912989,0.597248,0.443903,-0.64397,-0.043964,0.078239,0.379589,-0.265901,-1.0
-0.573552,0.047525,0.68339,-0.779297,0.559767,-0.466507,0.860859,0.387022,0.544719,-0.533351,-0.082944,-0.022591,0.452762,-0.178891,-0.932424
-0.393216,-0.502646,0.60985,-0.354433,0.121648,-0.349761,0.167581,0.651947,-0.019467,-0.14352,-0.789718,-0.307821,0.507994,0.175278,-0.989199
0.920166,-0.937128,-0.264907,0.706756,0.415304,-0.21917,0.188445,0.782396,0.117315,-0.075859,0.452714,-0.708176,-0.245691,0.489237,-0.941395
-0.560201,-0.928254,-0.23447,0.300146,-0.095738,0.418892,0.189657,0.422799,-0.031684,0.084459,-0.270879,-0.693655,0.148303,0.515439,-1.0
-0.203548,0.743153,0.006433,0.294165,-0.398619,0.854232,0.012996,0.726841,0.023661,-0.013528,0.805139,-0.417782,-0.407947,0.210225,-0.953309
-0.010964,0.729163,-0.934024,0.682664,0.506597,-0.033767,0.645645,0.313334,0.574493,-0.009076,-0.258098,0.314914,0.257562,-0.316681,-0.992261
-0.770302,0.020306,-0.705914,0.297437,-0.409953,-0.355168,0.186481,0.109523,-0.098492,-0.09259,-0.597316,0.562492,0.356251,-0.358507,-0.952382
-0.697989,-0.065946,0.99807,-0.896746,-0.943872,0.066294,0.811363,0.502135,-0.562163,-0.021944,0.208371,-0.070405,-0.42907,0.253853,-1.0
0.522114,-0.231603,0.013265,-0.398865,-0.106358,0.949866,0.306107,0.060368,-0.082529,0.342981,0.384606,-0.668636,-0.22804,0.564383,-0.966983
-0.507453,-0.178761,0.660346,0.949889,0.083186,0.225916,0.142773,0.482582,0.095491,0.104904,-0.688118,-0.52898,0.403228,0.330784,-0.924717
-0.05035,-0.608826,-0.738348,0.252629,0.605125,-0.869915,0.245185,0.456587,0.118731,-0.111377,-0.655418,0.293147,0.437183,-0.232104,-1.0
-0.463108,0.806797,0.075933,0.941761,-0.905211,-0.224966,0.976459,0.830966,-0.737197,-0.196083,0.071644,-0.006976,-0.144382,-0.402896,-0.937421
0.759965,0.015042,0.063083,0.724719,-0.364251,0.998124,0.930368,0.332675,-0.259227,0.743111,0.107714,-0.121811,-0.408518,0.368112,-1.0
-0.990583,-0.363908,0.652073,0.486899,0.82248,0.229441,0.073568,0.593282,0.128663,-0.03298,-0.853873,-0.3062,0.531466,0.11144,-0.902806
0.857953,-0.504251,0.717004,-0.595096,0.232518,-0.050059,0.022718,0.849264,-0.015487,-0.058739,0.72264,-0.624542,-0.435526,0.283729,-1.0
-0.399852,0.791895,-0.215322,-0.490035,0.170512,0.990922,0.64144,0.446478,0.044897,0.473979,-0.381907,-0.084638,0.42178,0.158568,-1.0
-0.748036,-0.886162,0.596289,0.994916,0.02957,0.185567,0.75222,0.129591,0.078784,0.685781,-0.092965,-0.166736,0.236671,0.426398,-1.0
0.450761,-0.703902,-0.78407,0.962109,-0.78986,0.555817,0.282446,0.048867,-0.214603,0.078485,0.471172,-0.598316,-0.291521,0.389401,-1.0
-0.859355,-0.579462,0.657853,-0.537571,-0.447684,0.984542,0.666571,0.096211,-0.183412,0.523842,-0.068783,-0.272886,0.149651,0.464765,-1.0
0.986858,0.191269,-0.141694,0.810695,0.570557,-0.047989,0.07042,0.65424,0.062474,-0.001135,0.819322,0.550558,-0.404877,-0.233138,-0.968169
-0.375057,-0.034453,-0.029312,0.138608,-0.670947,0.895509,0.557239,0.995136,-0.327081,0.364699,0.088877,-0.35731,-0.171396,0.50816,-1.0
0.07721,0.126579,0.178521,-0.927777,0.40581,0.599887,0.823086,0.385655,0.387366,0.494134,-0.059306,-0.046857,0.309289,0.379326,-0.949072
0.279645,0.813611,0.229512,0.946482,-0.76149,-0.484565,0.955452,0.929956,-0.524279,-0.36714,-0.076573,0.064976,-0.312852,-0.333986,-0.959353
-0.25845,0.604652,-0.659044,0.80262,0.09947,0.598257,0.760295,0.216319,0.057877,0.655099,-0.260061,-0.005688,0.549602,-0.028888,-0.943368
0.23796,-0.028328,0.772445,-0.607624,-0.246988,-0.297683,0.052292,0.692451,-0.137838,0.020416,0.887192,0.467463,-0.529827,-0.244136,-1.0
0.757366,0.087012,0.497085,0.773916,0.256157,-0.784117,0.239122,0.375346,0.015293,-0.173437,0.41856,0.599996,-0.294602,-0.444314,-0.926704
0.796894,0.431326,-0.530881,0.270822,0.582187,-0.372338,0.081076,0.417458,0.037023,-0.028265,0.229251,0.885355,-0.134237,-0.492989,-1.0
0.497154,0.737827,-0.348522,-0.650691,0.592078,-0.422351,0.602745,0.855272,0.459665,-0.277451,0.04032,0.396725,-0.011554,-0.50472,-0.954889
-0.72617,0.709748,-0.537169,0.024105,0.32661,-0.1188,0.081704,0.358693,0.066444,-0.044726,-0.702815,0.574315,0.455952,-0.310761,-1.0
-0.314383,0.316709,0.406803,0.98569,-0.506485,-0.872075,0.216742,0.836167,-0.073968,-0.235248,0.215946,0.763377,-0.113744,-0.546042,-0.951752
0.763643,0.554175,0.701957,-0.735069,0.770961,-0.785458,0.876689,0.160093,0.476545,-0.384907,0.057523,0.170972,0.033989,-0.478636,-0.998997
-0.38582,0.798612,-0.073773,0.23122,0.122554,0.243555,0.086166,0.592381,0.073441,-0.003092,-0.646693,0.692723,0.413418,-0.348217,-0.950667
0.183147,-0.002489,-0.462934,-0.929495,-0.229874,-0.006984,0.764175,0.613255,-0.653077,0.028121,0.272836,-0.097593,-0.573454,-0.079055,-0.933809
-0.549593,0.315292,0.843597,-0.537062,-0.501256,0.365855,0.791194,0.147839,-0.580801,0.434441,-0.171988,-0.193841,0.296515,0.335385,-0.986956
0.66196,-0.414136,-0.698308,0.24345,0.613508,-0.738705,0.722885,0.337441,0.394763,-0.40704,-0.000555,0.237366,-0.045776,-0.483659,-1.0
0.064823,-0.039241,-0.450687,0.290451,0.733409,0.417226,0.197129,0.431801,0.163362,0.073846,-0.721826,-0.459385,0.40837,0.359323,-0.957772
-0.345423,0.815252,-0.854658,0.497999,-0.387299,-0.779077,0.801187,0.491593,-0.362299,-0.545884,-0.094015,0.164115,-0.108735,-0.524751,-1.0
0.873942,0.72541,0.506271,0.570461,0.181266,-0.721735,0.265495,0.615896,0.080773,-0.158185,0.281026,0.624313,-0.169309,-0.451014,-1.0
0.918544,0.570446,-0.073007,-0.365714,0.888199,-0.372271,0.435735,0.145858,0.212244,-0.085432,-0.043171,0.60068,-0.055237,-0.546845,-0.937872
0.671457,0.50457,-0.539556,0.753479,0.01091,-0.233484,0.977165,0.25816,0.094653,-0.777514,-0.020122,-0.004001,-0.393943,-0.35235,-1.0
0.108101,-0.972254,0.910538,-0.571656,-0.135504,-0.461749,0.355829,0.913044,-0.109091,-0.265123,0.209372,-0.704486,-0.093985,0.505898,-0.998246
0.418803,0.451908,0.50098,0.799668,0.334325,-0.20654,0.99385,0.667234,0.687262,-0.448014,0.029576,0.054225,-0.076316,-0.40495,-0.964069
-0.564416,0.203823,-0.947191,-0.814601,0.397808,-0.543784,0.686658,0.174531,0.299241,-0.532425,-0.327902,0.19883,0.36982,-0.343125,-1.0
0.966345,-0.926128,0.827103,0.035347,0.702905,0.557448,0.627753,0.696051,0.410787,0.340332,0.073713,-0.374216,-0.10927,0.586683,-1.0
-0.569364,0.61188,0.862944,0.378321,-0.255503,-0.995615,0.776664,0.323125,-0.140119,-0.525471,-0.009143,0.257003,0.101307,-0.54057,-0.998257
-0.176593,0.976128,-0.661662,-0.514546,0.08791,0.84716,0.77545,0.14688,0.062043,0.626483,-0.19759,0.068959,0.60108,-0.18973,-1.0
-0.121987,-0.242611,0.779445,0.799605,-0.9288,-0.646246,0.482207,0.668298,-0.292273,-0.144706,0.558653,0.214619,-0.519329,-0.259709,-0.949539
-0.789312,-0.275839,0.278711,-0.859799,-0.203106,0.592596,0.698852,0.74565,-0.129879,0.517638,-0.154393,-0.201783,0.277027,0.409974,-1.0
-0.814176,0.756009,0.283312,0.363497,-0.935761,-0.63723,0.545717,0.551709,-0.39317,-0.197228,-0.016274,0.481814,-0.080385,-0.51721,-1.0
0.845788,0.987915,-0.520596,0.088301,-0.693164,0.377147,0.152745,0.976091,-0.049088,0.063152,0.808273,0.334022,-0.528538,-0.192641,-1.0
-0.880826,0.103018,-0.01273,-0.38168,0.368583,0.767573,0.788237,0.815551,0.297557,0.640185,-0.190429,-0.112074,0.45932,0.203846,-0.943613
-0.824496,0.624178,-0.784057,-0.835998,0.338579,0.164246,0.063103,0.413693,0.00011,-0.021798,-0.952806,0.363366,0.417911,-0.144746,-0.977565
0.688305,-0.000577,-0.593093,0.43233,-0.905547,0.886595,0.151037,0.032436,0.002474,0.124838,0.808351,-0.398101,-0.459323,0.358803,-0.944058
-0.636478,0.951793,-0.3314,-0.053213,0.499162,-0.436132,0.800374,0.658231,0.408403,-0.487122,-0.117997,0.187257,0.318277,-0.390269,-1.0
-0.064907,-0.061133,-0.770928,-0.500347,0.915177,0.669261,0.877361,0.465494,0.581092,0.355776,-0.19758,-0.00655,0.348959,0.251851,-1.0
-0.327212,0.393703,-0.22017,0.401791,0.470587,-0.180746,0.458675,0.670163,0.439889,-0.084033,-0.424721,0.286408,0.401341,-0.300602,-1.0
0.951274,0.228776,-0.696459,0.444171,-0.214535,-0.076384,0.316424,0.166029,-0.191208,-0.011605,0.656265,0.253078,-0.405296,0.00281,-0.93329
0.361834,0.119275,-0.319138,-0.095936,-0.589196,0.805945,0.532716,0.675694,-0.303689,0.391167,0.374583,-0.335326,-0.380194,0.237846,-1.0
-0.933808,0.407897,-0.344159,0.766161,-0.652071,0.460171,0.45552,0.775695,-0.290742,0.244467,-0.55845,-0.104882,0.429194,0.139842,-1.0
0.079124,-0.054814,0.126599,0.795878,-0.793498,0.766191,0.00222,0.097079,0.00865,0.010329,0.698015,-0.663067,-0.379278,0.391521,-0.973317
-0.411813,0.964744,-0.734002,-0.952584,-0.17859,-0.730954,0.278789,0.787702,0.032119,-0.204325,-0.156177,0.769465,0.116175,-0.47389,-0.936125
-0.227498,-0.326869,0.274805,-0.498282,0.518162,-0.474146,0.016193,0.187146,0.070666,-0.077078,-1.0,0.199253,0.559148,-0.101741,-1.0
-0.872382,-0.371845,-0.449967,-0.144243,0.375591,-0.608128,0.326828,0.633134,0.098863,-0.171208,-0.716176,0.153979,0.483114,-0.05857,-0.991668
0.418668,-0.233623,-0.448016,0.113215,0.958149,-0.498289,0.495148,0.380035,0.28583,-0.229637,-0.503156,0.175643,0.410342,-0.106814,-1.0
-0.470003,-0.140223,-0.059188,0.487535,-0.68822,-0.961707,0.862093,0.101141,-0.391432,-0.516965,0.082359,0.095253,-0.153901,-0.486683,-1.0
0.57491,-0.410152,-0.380303,-0.467266,-0.317962,0.243785,0.252013,0.635933,-0.173872,0.122217,0.625637,-0.399315,-0.468248,0.323197,-1.0
0.448126,0.190839,0.382714,-0.223607,0.419515,-0.360885,0.801761,0.837337,0.481595,-0.46339,0.011576,0.184079,0.072548,-0.559343,-0.962342
-0.149196,-0.657357,-0.521211,0.800322,0.482298,-0.552547,0.532634,0.784363,0.217825,-0.303064,-0.433027,-0.050257,0.512276,0.114137,-1.0
0.238329,0.163635,-0.501113,-0.745122,0.342947,-0.803892,0.015763,0.26708,-0.046118,-0.069487,-0.096037,1.0,0.006467,-0.536539,-0.983994
0.945739,-0.092026,0.681593,0.043621,0.124526,-0.006852,0.697668,0.296585,0.559028,-0.088975,0.341526,-0.044219,-0.559181,0.115101,-0.973227
-0.218565,0.376703,-0.470482,0.946729,-0.547957,0.385752,0.06873,0.899301,-0.05793,0.030933,1.0,-0.040311,-0.590821,0.04439,-0.887712
0.779113,-0.297651,0.552355,-0.170245,-0.16372,0.64389,0.502385,0.513032,-0.081715,0.386198,0.280576,-0.247189,-0.412014,0.416368,-1.0
0.868458,-0.534251,0.698108,0.823728,-0.014539,-0.165699,0.432733,0.468409,-0.023078,-0.373466,0.471659,-0.185388,-0.454655,0.240314,-1.0
0.887929,-0.093353,0.395529,-0.264426,0.181841,-0.571621,0.076626,0.022116,0.016587,-0.021496,0.748779,0.536092,-0.391378,-0.144834,-1.0
-0.392293,0.836056,-0.934704,0.157569,-0.033851,-0.988005,0.471935,0.644104,-0.106912,-0.433035,-0.083912,0.579518,0.180548,-0.411736,-1.0
-0.591999,0.015895,-0.039703,0.45386,0.421751,0.043214,0.235822,0.762868,0.191152,-0.028185,-0.824385,0.027388,0.554146,-0.037534,-1.0
0.973947,-0.144421,-0.320808,0.729715,-0.5441,0.262483,0.008807,0.736868,0.017197,-0.027054,0.910674,-0.245362,-0.475082,0.06492,-1.0
-0.793565,0.38051,0.816322,-0.661234,0.063192,0.918914,0.846386,0.221024,0.069703,0.69939,-0.152651,-0.082965,0.465958,0.346352,-1.0
0.011231,-0.265014,0.962293,0.439337,0.645491,0.511171,0.936996,0.896476,0.597013,0.441756,-0.004975,-0.07447,0.256926,0.397903,-1.0
0.946052,0.716222,0.163736,-0.509457,0.366297,0.325809,0.170259,0.732248,0.081508,0.032431,0.719026,0.444229,-0.428199,-0.304268,-0.974974
-0.951832,0.021902,0.319472,-0.292315,0.666099,-0.69165,0.646312,0.479804,0.335083,-0.379889,-0.347391,0.086902,0.448962,-0.234103,-0.990994
0.449734,0.610404,-0.380944,-0.624766,-0.976416,-0.577615,0.727037,0.448364,-0.461859,-0.277875,0.250876,0.140205,-0.41276,-0.429337,-1.0
0.775179,-0.549411,-0.926669,-0.908182,0.637328,-0.332699,0.961847,0.403137,0.715154,-0.413045,0.107207,-0.00636,-0.244748,0.524782,-0.928194
-0.390462,-0.7446,-0.590466,0.675165,0.004304,0.435651,0.851691,0.59095,0.15821,0.746626,-0.023032,-0.179855,0.146228,0.495822,-1.0
0.79718,0.131919,-0.879597,-0.778803,-0.391781,0.809688,0.139851,0.258851,-0.042413,0.038724,0.656051,-0.391526,-0.395785,0.290795,-1.0
0.899243,0.191036,-0.982495,-0.066917,0.10174,-0.212719,0.840416,0.607898,0.287588,-0.66397,0.253166,0.22139,-0.458565,-0.241463,-0.995977
-0.337932,-0.364983,-0.460358,-0.90413,0.402064,-0.588777,0.589344,0.446474,0.302077,-0.412721,-0.365387,0.168259,0.430889,-0.112266,-0.992377
-0.87741,0.17855,0.798794,0.52417,0.128663,0.510554,0.895943,0.954798,0.190752,0.621619,-0.075664,-0.023912,0.469564,0.223439,-1.0
0.843833,-0.516321,-0.204539,-0.413063,0.540433,0.645168,0.333208,0.045684,0.282044,0.212893,0.230858,-0.580514,-0.08304,0.523597,-1.0
-0.095134,0.208432,-0.602652,-0.67943,-0.121518,-0.027586,0.210809,0.657755,-0.141902,-0.020625,0.153363,0.704511,-0.06183,-0.532277,-1.0
0.702173,0.523751,-0.329986,0.642914,-0.021433,0.945907,0.067126,0.535486,0.000118,0.07336,0.83089,-0.446846,-0.391336,0.260642,-0.95797
-0.813082,-0.422796,0.295012,-0.469257,0.271093,0.506933,0.389827,0.81365,0.06328,0.199453,-0.425133,-0.40241,0.363329,0.315019,-1.0
0.069476,-0.536708,-0.338771,-0.305062,0.789285,0.326299,0.130296,0.180866,0.099669,0.006346,-0.688767,-0.700846,0.374941,0.317758,-1.0
-0.384919,-0.378599,-0.440695,0.714642,-0.19581,0.956848,0.618356,0.450523,-0.10186,0.558751,-0.139319,-0.331789,0.024449,0.473513,-0.973
0.062932,-0.390574,-0.385074,-0.000143,-0.836163,-0.189899,0.624109,0.427873,-0.512698,-0.159334,0.411474,-0.11963,-0.538872,0.058848,-1.0
-0.5179,-0.158744,0.634559,-0.848087,-0.713346,-0.678766,0.854523,0.544745,-0.577554,-0.436846,0.014091,0.181925,-0.101012,-0.42694,-0.963412
0.472051,0.26516,-0.953852,-0.21111,0.253062,-0.064531,0.525002,0.745161,0.33659,-0.080825,0.185223,0.444495,-0.23207,-0.436597,-0.98755
0.699323,-0.784053,-0.017282,-0.184124,0.693608,-0.371013,0.822929,0.175059,0.599442,-0.380242,0.017679,-0.152049,0.029928,0.444594,-0.950063
-0.786069,-0.536687,0.559626,0.902764,0.961675,-0.892364,0.846552,0.798883,0.527564,-0.495943,-0.087738,0.064694,0.489725,-0.120057,-0.959627
-0.770309,-0.40177,-0.533856,-0.204573,-0.896105,0.357614,0.364264,0.812711,-0.323654,0.100391,0.129992,-0.531515,-0.035807,0.493792,-0.918584
-0.540593,-0.984154,-0.611237,0.427338,0.555173,0.938325,0.05117,0.231256,0.000938,0.024918,-0.528798,-0.763259,0.276754,0.446303,-1.0
-0.67902,0.557941,-0.458077,0.894418,0.651443,-0.474153,0.573641,0.058467,0.369779,-0.238917,-0.349292,0.308655,0.457976,-0.386934,-1.0
0.599581,-0.689239,0.100322,0.777612,0.636374,-0.066387,0.801125,0.578538,0.525728,-0.046832,-0.028528,-0.209931,0.043023,0.488125,-0.982004
0.941165,-0.523363,-0.463201,0.667395,-0.234977,-0.871436,0.795715,0.674194,-0.170379,-0.604508,0.162373,0.076547,-0.488017,-0.171323,-1.0
0.97727,-0.555645,0.197727,-0.953471,0.892638,0.261074,0.187806,0.348481,0.160071,0.050277,0.102101,-0.762978,-0.114218,0.497496,-1.0
-0.368238,-0.046945,0.630388,-0.174764,0.174334,-0.639036,0.943977,0.906011,0.209145,-0.688777,-0.008319,0.028081,0.328687,-0.414721,-0.98851
-0.316225,-0.622334,-0.097052,0.524059,-0.52509,-0.411735,0.056285,0.837049,-0.112626,-0.092865,0.627367,-0.672418,-0.386559,0.33331,-0.977616
-0.049586,0.489649,0.914157,0.688353,0.363173,-0.265012,0.342738,0.038475,0.290541,-0.155662,-0.289204,0.580839,0.246916,-0.471383,-1.0
0.457827,-0.355599,-0.231068,0.728992,0.872297,0.216075,0.558354,0.726001,0.446355,0.146238,-0.177131,-0.270456,0.243247,0.407813,-0.891952
-0.613366,0.445983,0.186577,-0.885841,0.58329,0.241638,0.361655,0.111145,0.334825,0.094532,-0.691519,0.099486,0.520719,-0.059553,-0.985896
-0.340682,0.87056,0.946912,0.778606,-0.490401,0.321829,0.678866,0.523103,-0.477784,0.278954,0.094468,0.276586,-0.186009,-0.44885,-1.0
0.173152,-0.283888,-0.928437,0.198694,-0.041721,-0.705636,0.850031,0.219595,-0.071325,-0.680995,0.030825,0.161206,-0.26365,-0.421213,-0.975062
-0.2561,0.742411,0.773502,-0.843646,-0.123607,0.210967,0.517207,0.471517,-0.313341,0.32326,-0.121518,0.525284,0.139163,-0.529163,-0.959693
0.823933,0.931517,-0.021372,-0.021863,-0.679723,0.186391,0.739299,0.94201,-0.526034,0.067147,0.253549,0.22974,-0.456687,-0.285636,-0.992618
0.406229,-0.73283,-0.639324,0.764363,0.011836,-0.342444,0.587152,0.049101,-0.011903,-0.555313,0.279438,-0.293572,-0.402553,0.304489,-0.948581
-0.536614,0.221462,-0.49267,0.544245,0.816597,0.041606,0.285875,0.169414,0.230745,0.010218,-0.752606,0.154485,0.487373,-0.075893,-1.0
-0.716552,0.700371,0.615429,-0.189944,-0.677349,-0.809084,0.718404,0.807593,-0.402549,-0.418012,-0.006093,0.18482,0.002718,-0.525088,-0.914724
-0.865842,0.064836,0.240803,-0.903463,-0.844166,-0.031979,0.344795,0.536893,-0.312461,0.00069,-0.079159,0.658489,0.108863,-0.514141,-0.917699
-0.542524,-0.726863,0.571976,0.687672,-0.345167,-0.665982,0.918318,0.551377,-0.334618,-0.747476,-0.015681,0.084148,0.543159,0.17989,-0.946746
-0.001386,0.371401,-0.778035,0.62523,0.9947,0.740712,0.794526,0.837448,0.491273,0.337138,-0.229144,-0.020676,0.431484,0.206799,-1.0
0.502413,0.61499,-0.327164,-0.310032,-0.961288,-0.340654,0.335179,0.430566,-0.220235,-0.13243,0.581807,0.36583,-0.380687,-0.227493,-0.963024
0.080448,0.707878,-0.934493,0.099303,-0.7089,0.561091,0.906523,0.708498,-0.621847,0.497288,0.090226,0.079191,-0.601302,-0.15252,-0.910359
0.301368,0.213628,-0.694733,-0.818609,0.374729,0.238289,0.644557,0.42166,0.513106,0.283597,-0.317639,-0.169418,0.482495,0.168606,-0.983967
-0.747313,0.097991,0.480133,-0.865103,0.192878,-0.346023,0.673061,0.725815,0.327204,-0.47415,-0.286728,0.115953,0.457015,-0.193386,-0.980774
-0.173581,-0.081316,-0.757144,0.032246,-0.925364,0.376709,0.58077,0.016545,-0.414439,0.257101,0.270567,-0.17643,-0.467905,0.171021,-1.0
-0.70753,-0.73615,0.860657,0.381623,-0.524164,0.165959,0.219455,0.611216,-0.176557,0.068929,-0.127442,-0.798905,0.116954,0.411123,-0.991144
-0.269313,-0.197192,0.329307,0.919079,0.240209,0.015652,0.05071,0.498605,0.032314,0.022637,-0.858424,-0.388859,0.453805,0.163809,-0.99056
0.617194,0.550433,-0.416714,0.72527,-0.17642,-0.534729,0.014637,0.227695,0.059452,-0.036356,0.538198,0.767076,-0.284694,-0.342303,-1.0
-0.78813,-0.611391,-0.828303,0.314069,0.579213,0.844243,0.2362,0.690658,0.128241,0.178786,-0.514723,-0.55282,0.308942,0.233274,-1.0
0.42405,-0.194739,-0.351552,0.097021,-0.660875,0.235872,0.465657,0.06501,-0.378515,0.104467,0.492995,-0.175788,-0.477317,0.168553,-0.954475
0.65211,0.205228,0.627529,0.027926,-0.625584,-0.028289,0.598655,0.323865,-0.426971,0.030489,0.457622,0.115246,-0.546089,-0.113179,-1.0
0.460795,0.491945,-0.268251,0.997851,0.862722,-0.017249,0.098274,0.694778,0.0591,-0.067912,-0.523435,0.764238,0.302096,-0.328387,-1.0
0.67569,0.079273,-0.119514,-0.257117,-0.375953,-0.282305,0.930972,0.548743,-0.555922,-0.372951,0.067914,-0.017133,-0.460632,-0.20486,-1.0
0.88639,-0.248296,0.378808,0.9901,-0.964463,-0.342514,0.049014,0.359908,-0.08081,-0.003318,0.985552,0.115296,-0.479554,-0.060022,-0.964456
0.976078,-0.039231,-0.548232,-0.583417,0.172045,-0.517101,0.944688,0.676891,0.24151,-0.787541,0.022087,0.054653,-0.425373,-0.1883,-0.889923
-0.216284,0.433755,-0.273769,0.266193,-0.247586,-0.984763,0.55993,0.818171,-0.106637,-0.446348,0.003161,0.395611,0.01395,-0.585588,-1.0
-0.716527,-0.366389,-0.350839,-0.047417,-0.739951,0.943325,0.917076,0.711783,-0.532549,0.509157,0.051697,-0.061458,-0.069622,0.521368,-0.950732
0.043302,-0.58446,-0.852868,-0.849959,-0.153699,-0.889857,0.499663,0.80414,-0.056836,-0.32861,0.279787,0.410808,-0.287738,-0.277151,-0.98265
-0.495407,-0.430064,-0.234096,-0.955509,-0.021042,-0.044104,0.054377,0.413179,0.016041,-0.002024,-0.711054,-0.726456,0.36221,0.263974,-0.966606
0.752886,-0.81469,-0.216748,0.927462,-0.696574,-0.794034,0.915553,0.066298,-0.516268,-0.548015,0.044653,0.059699,-0.545001,0.08625,-0.917594
0.90726,-0.100517,0.992553,0.354064,-0.664007,0.082973,0.142052,0.706028,-0.105724,-0.03834,0.75874,-0.083379,-0.394784,0.055308,-1.0
-0.818012,-0.230118,0.03516,0.780921,0.694666,-0.069465,0.799723,0.085938,0.720357,-0.077973,-0.19963,-0.006593,0.477378,0.071818,-0.977632
-0.555206,-0.949071,0.527025,0.705353,-0.407871,0.716915,0.180658,0.917831,-0.043132,0.152069,-0.060352,-0.78136,0.047764,0.442555,-1.0
0.893495,0.274269,0.988678,0.798425,-0.726647,-0.225473,0.175427,0.486641,-0.090228,-0.047916,0.813193,0.143016,-0.455979,-0.250733,-0.960526
-0.142486,0.896412,-0.487634,0.268166,0.606176,0.887781,0.85937,0.722298,0.399151,0.612396,-0.111368,-0.026502,0.472841,0.055138,-0.988879
0.792916,-0.697458,0.932,0.881237,0.143968,-0.299001,0.137695,0.673686,0.024172,-0.052377,0.746243,-0.491429,-0.427356,0.247779,-0.912086
-0.982995,-0.998721,-0.736713,0.070357,-0.975045,0.372576,0.847679,0.136872,-0.672989,0.252676,0.084878,-0.165674,0.047469,0.535756,-1.0
-0.452705,-0.714954,-0.781117,0.84501,-0.215968,-0.344819,0.013425,0.049231,-0.064348,-0.071201,-0.568136,-0.867911,0.264533,0.380268,-1.0
-0.268477,-0.761911,-0.951424,0.452216,0.221349,-0.722235,0.722158,0.220629,0.220962,-0.4855,-0.260621,-0.001778,0.482163,0.072826,-1.0
0.892962,0.44492,0.067241,-0.585462,-0.840825,0.576755,0.310564,0.378701,-0.210894,0.14035,0.639676,-0.010358,-0.390041,0.021334,-0.871208
0.185572,-0.280968,-0.735885,0.98281,0.0117,0.089582,0.131422,0.39077,0.035782,0.126889,0.329098,-0.790532,-0.176152,0.407673,-1.0
-0.900202,-0.028548,-0.167009,0.95534,-0.46484,-0.196741,0.407378,0.736508,-0.328653,-0.143683,-0.560441,0.324467,0.505402,-0.339442,-0.9591
0.857062,-0.159027,-0.973123,-0.691472,0.252129,0.221029,0.300087,0.051395,0.167248,0.112542,0.670587,-0.384806,-0.387632,0.290076,-0.922548
0.830571,-0.415789,0.049034,0.031299,-0.648226,0.851585,0.9519,0.510521,-0.489941,0.591164,0.039019,-0.085282,-0.477686,0.321017,-0.952963
0.602148,-0.465695,0.780857,0.207118,-0.527876,0.079704,0.434158,0.973877,-0.328693,-0.024288,0.577643,-0.194244,-0.386059,0.262841,-1.0
0.008461,-0.961241,-0.863253,0.625861,0.501373,0.800964,0.325881,0.85994,0.208082,0.236801,-0.105187,-0.742971,0.12484,0.449671,-1.0
-0.510313,-0.099471,0.951699,-0.258315,-0.168099,-0.507579,0.170244,0.460689,0.04328,-0.119089,-0.531139,0.626143,0.315193,-0.413417,-0.936016
-0.968962,-0.562616,0.407656,-0.735628,-0.181434,-0.107521,0.543254,0.22965,-0.324942,-0.214761,-0.484469,-0.1791,0.378321,0.280638,-1.0
0.641661,-0.95292,-0.6969,-0.912873,-0.030537,0.916339,0.045906,0.921524,0.006172,0.004623,0.303165,-0.847065,-0.164333,0.470335,-0.998666
-0.848714,0.086189,-0.719763,-0.398958,-0.733553,0.008345,0.551009,0.883354,-0.429558,0.151818,-0.299272,0.263914,0.441143,-0.305735,-0.990897
0.145721,-0.087369,0.781267,-0.145555,-0.436611,-0.873994,0.059485,0.547825,-0.015037,0.067888,0.4928,0.71999,-0.451913,-0.333483,-1.0
0.213617,0.5406,-0.685648,0.871413,0.53725,-0.854685,0.197249,0.624327,0.121981,-0.162795,-0.139736,0.823393,0.136833,-0.487001,-0.992687
0.618261,0.695953,0.319208,0.051089,-0.733198,-0.64903,0.388117,0.201195,-0.205926,-0.231716,0.427337,0.461378,-0.413454,-0.385996,-0.983868
0.63488,0.544588,-0.999444,0.699253,-0.236665,0.834458,0.71609,0.75017,-0.128019,0.503256,0.238633,-0.086179,-0.487367,0.186854,-1.0
0.573079,-0.235572,-0.793873,0.299941,0.186991,0.892255,0.917711,0.106683,0.17066,0.716823,0.061767,-0.09473,-0.167478,0.454146,-0.988005
0.208684,-0.609075,-0.853814,-0.239962,0.556465,-0.764277,0.553724,0.101281,0.248077,-0.300193,-0.387448,0.175278,0.418228,-0.202491,-0.906797
-0.571339,0.338256,-0.659874,0.932694,-0.61631,0.987724,0.353601,0.154992,-0.23203,0.186819,0.056406,-0.693123,-0.05436,0.413158,-0.981791
0.298403,-0.153886,-0.341978,-0.992694,0.784734,0.99034,0.484798,0.366602,0.215127,0.286159,-0.196183,-0.498181,0.168063,0.433504,-1.0
0.12266,-0.996375,-0.068423,0.55419,0.383853,0.017786,0.808796,0.443461,0.640244,-0.077942,-0.069001,-0.153604,0.184974,0.454375,-1.0
0.185363,0.133323,0.958316,-0.599271,0.395679,-0.962755,0.47395,0.171128,0.092007,-0.328915,-0.08455,0.489899,0.137763,-0.481783,-0.963475
0.13058,-0.322372,0.604605,-0.786605,-0.878103,0.974325,0.557654,0.03676,-0.333677,0.271685,0.302446,-0.483887,-0.324525,0.402649,-0.931508
-0.894501,0.811584,-0.838611,-0.784199,0.832671,0.138993,0.468858,0.605685,0.36192,0.061086,-0.483622,0.116163,0.420183,-0.216693,-1.0
0.705671,0.369118,0.003661,-0.412051,0.162098,0.902674,0.803389,0.804117,0.03019,0.531885,0.115889,-0.147954,-0.367445,0.290517,-1.0
0.379519,-0.538063,-0.570173,-0.15655,-0.899458,-0.033631,0.07883,0.893166,0.010664,0.015615,0.797431,-0.360065,-0.325077,0.247366,-1.0
-0.352915,-0.911879,-0.274344,-0.772455,0.130365,0.232962,0.073682,0.008979,0.113562,0.048592,-0.399339,-0.808654,0.209749,0.506628,-0.995993
0.833971,-0.682145,-0.276408,-0.128696,-0.60221,-0.294846,0.844696,0.911275,-0.586518,-0.286449,0.137972,0.023948,-0.482081,0.155812,-0.951988
0.706555,0.957546,0.041449,-0.190971,-0.232067,-0.719815,0.514558,0.580544,-0.097563,-0.443584,0.185834,0.475347,-0.166644,-0.330019,-1.0
0.637517,0.437273,0.822403,-0.813838,-0.222508,-0.678868,0.151422,0.22466,-0.079704,-0.068545,0.545534,0.685235,-0.256719,-0.460112,-0.918319
-0.810789,-0.96297,-0.08306,-0.709904,-0.161198,-0.13746,0.346301,0.227778,-0.133753,-0.187425,-0.426538,-0.555374,0.392313,0.405636,-1.0
-0.229492,0.843914,0.403911,-0.581402,-0.36022,-0.933923,0.205873,0.672676,-0.110493,-0.230436,0.096218,0.754072,-0.032439,-0.528739,-1.0
-0.350603,-0.26631,0.660444,0.202335,-0.840533,-0.611753,0.430468,0.641472,-0.300856,-0.24954,0.469319,0.386465,-0.451448,-0.291645,-0.972241
-0.778568,0.350306,-0.806083,0.565029,-0.801667,-0.013338,0.891668,0.236878,-0.587514,0.043912,0.05592,0.123782,0.007477,-0.548321,-1.0
0.325795,-0.201412,-0.634527,-0.68434,0.074789,0.859052,0.714604,0.815712,0.095685,0.585657,-0.002618,-0.220651,-0.156098,0.567397,-1.0
0.219522,-0.199531,0.327109,-0.909748,0.758589,0.074708,0.781607,0.938224,0.557064,0.039427,-0.167543,-0.098972,0.442546,0.236982,-1.0
0.743079,0.631925,-0.9275,-0.584842,0.744137,-0.938459,0.201227,1.2e-05,0.148239,0.065766,-0.021995,0.769156,0.086485,-0.486523,-1.0
-0.242418,0.213017,0.678817,-0.374865,-0.913174,-0.795579,0.031748,0.21865,-0.055848,-0.063282,0.57216,0.747615,-0.267145,-0.352936,-1.0
-0.759688,-0.223982,0.284007,-0.04132,0.467967,0.089376,0.544099,0.593733,0.368139,0.003017,-0.398278,-0.044673,0.506664,0.069715,-1.0
0.182677,-0.822177,0.475333,0.795486,-0.129929,0.288187,0.484294,0.375311,-0.084928,0.308045,0.065757,-0.48546,-0.072322,0.46125,-1.0
0.575469,0.646948,-0.678074,-0.094657,0.149008,0.131966,0.116957,0.610157,0.204387,0.095112,0.578423,0.664323,-0.347701,-0.389414,-1.0
0.697059,0.683258,0.055572,-0.383664,-0.990492,0.810185,0.036511,0.753006,-0.050783,0.046319,0.971923,0.008321,-0.514469,0.029973,-1.0
-0.13307,-0.464048,-0.836945,-0.530805,-0.38929,-0.293859,0.753754,0.991632,-0.48978,-0.326976,0.163796,-0.177464,-0.49013,0.208078,-0.985853
0.83434,-0.566899,-0.801898,0.553932,0.084277,0.392388,0.668775,0.091552,0.115806,0.493508,0.130148,-0.318859,-0.355529,0.421509,-1.0
0.736735,0.216734,0.291717,0.533343,-0.161956,-0.826114,0.22022,0.150514,-0.0916,-0.179442,0.503512,0.557245,-0.320601,-0.496628,-0.968083
0.142505,-0.781525,-0.114164,0.438501,0.250167,-0.381392,0.188986,0.404762,0.115981,-0.140476,-0.194737,-0.857828,0.126602,0.54929,-1.0
-0.406806,-0.839694,0.02089,-0.908261,-0.016085,0.778528,0.176765,0.925629,-0.002773,0.121267,-0.211298,-0.770963,0.152563,0.539946,-1.0
0.379029,0.310668,0.378756,-0.821421,-0.543159,-0.386161,0.613991,0.800049,-0.435862,-0.228608,0.35275,0.277559,-0.39948,-0.21877,-0.939634
0.425767,-0.738446,0.413521,0.677327,-0.110385,0.84521,0.382234,0.068713,-0.04518,0.176822,0.266031,-0.559677,-0.13813,0.416645,-0.980891
-0.40622,-0.422157,0.171611,-0.475686,-0.262364,0.325653,0.545571,0.779529,-0.347977,0.374161,-0.058901,-0.459872,0.065007,0.484271,-0.939627
0.164776,-0.13291,0.30312,-0.568273,0.955047,0.109442,0.198142,0.033419,0.079092,0.003552,-0.754037,-0.176357,0.401212,0.104891,-0.905486
0.342051,-0.745048,-0.36869,-0.592667,0.367215,-0.258675,0.107342,0.659653,0.11713,-0.063606,-0.090778,-0.814787,0.002441,0.480814,-0.938868
-0.487219,0.416972,0.854748,0.577632,0.508308,-0.987715,0.123615,0.119373,0.070025,-0.116819,-0.479246,0.642328,0.315263,-0.357384,-1.0
-0.847731,-0.309906,0.818124,0.989927,-0.508729,0.432948,0.915398,0.478476,-0.456613,0.505879,0.018267,-0.031231,0.219881,0.524565,-0.997421
0.678919,0.629675,-0.418894,-0.583004,0.653206,0.19,0.646838,0.807676,0.497386,0.115154,0.007138,0.409576,0.01901,-0.465633,-0.909584
-0.174774,-0.104123,0.425088,0.613218,0.306079,-0.202463,0.820082,0.565864,0.617417,-0.392016,-0.21964,0.111479,0.453999,-0.159574,-1.0
0.156756,0.559379,-0.720528,-0.643347,-0.535105,0.596392,0.657652,0.25646,-0.479362,0.350625,0.304243,-0.040632,-0.48013,0.014727,-0.938081
0.027402,-0.127167,-0.792003,0.846014,-0.055539,0.780074,0.189437,0.070426,-0.118646,0.12168,0.025791,-0.750362,-0.01935,0.406062,-0.990146
-0.984508,0.31954,0.956008,0.368493,-0.357301,0.137144,0.611948,0.855249,-0.435904,0.192927,-0.385248,0.068026,0.492021,-0.169549,-0.943789
-0.113619,0.437099,0.618333,0.559308,0.858885,-0.679127,0.336109,0.752662,0.217002,-0.146974,-0.48306,0.577778,0.252314,-0.398678,-1.0
-0.877046,-0.64134,0.85237,0.023075,0.995689,0.607265,0.270396,0.551069,0.257483,0.038702,-0.630999,-0.396655,0.329119,0.223136,-1.0
-0.555414,0.900339,-0.440358,0.682991,0.264024,-0.060516,0.224052,0.549725,0.204851,-0.069934,-0.515091,0.546411,0.310761,-0.309123,-1.0
0.75901,-0.630556,-0.2897,0.185586,0.481953,0.730287,0.489523,0.133433,0.194918,0.359922,-0.004719,-0.554186,-0.131786,0.540701,-0.961995
-0.929702,0.125803,-0.229041,0.635489,-0.220282,0.652952,0.40785,0.930375,-0.106313,0.326794,-0.488398,-0.287415,0.337756,0.280309,-0.923847
-0.455865,-0.337583,-0.5268,-0.028725,0.345159,-0.845912,0.087816,0.48693,0.058545,-0.045018,-0.740367,0.550483,0.456175,-0.302252,-0.957744
0.598445,-0.836227,0.273758,0.66528,-0.688122,-0.42155,0.335256,0.018866,-0.299363,-0.130893,0.557042,-0.240038,-0.465885,0.099399,-0.964611
0.646974,0.513005,0.251649,-0.458125,0.661896,0.570355,0.936273,0.327845,0.575933,0.443569,0.075076,-0.063024,0.028817,0.494884,-0.984304
0.387111,0.930613,-0.546551,0.349337,-0.113903,-0.404533,0.170482,0.286932,0.026632,-0.219516,0.378674,0.76157,-0.156943,-0.450837,-1.0
-0.004986,-0.663965,0.295502,-0.709392,0.311418,-0.99259,0.314729,0.443804,0.047314,-0.229093,-0.436475,0.511128,0.336492,-0.364709,-1.0
0.202949,0.226688,0.394737,0.492674,-0.826531,-0.880792,0.30177,0.505876,-0.184147,-0.140275,0.585538,0.515091,-0.334712,-0.394656,-0.929772
0.100967,-0.999986,-0.062216,-0.953117,0.12172,-0.077483,0.888393,0.496451,0.650702,-0.307636,0.036753,0.019384,-0.05449,0.441704,-1.0
0.642546,-0.349218,0.628211,0.886696,0.536163,-0.19754,0.89723,0.899266,0.647525,-0.310526,0.013371,-0.123178,-0.262791,0.438411,-1.0
0.964681,-0.814373,-0.334703,-0.995592,-0.620023,0.17597,0.163701,0.263234,-0.110177,0.078917,0.714255,-0.431003,-0.41296,0.27847,-0.912774
-0.763426,-0.185885,-0.569433,0.927296,-0.83252,0.485749,0.348066,0.811904,-0.253322,0.132524,0.128717,-0.616234,0.036308,0.492372,-0.976378
-0.622661,0.299266,-0.019203,-0.352491,-0.244959,-0.969716,0.924695,0.878299,-0.168656,-0.6798,-0.061017,0.048662,0.127145,-0.498513,-0.983121
0.118053,0.288293,-0.5213,-0.190586,0.378441,0.902206,0.223618,0.225693,0.066812,0.178701,-0.361714,-0.716011,0.227468,0.434259,-0.988186
-0.047525,-0.748927,-0.275281,-0.503814,-0.181658,-0.37215,0.724415,0.09469,-0.106861,-0.504882,0.112183,-0.265658,-0.17296,0.449522,-0.91518
-0.26831,0.955287,-0.343889,0.151326,-0.661762,-0.88189,0.600022,0.317863,-0.304645,-0.371438,0.069235,0.344776,-0.080564,-0.469585,-1.0
-0.135904,-0.872603,0.166165,0.867545,0.440453,0.925064,0.463286,0.284126,0.142544,0.343875,-0.255356,-0.509455,0.163917,0.467791,-0.964981
0.13386,0.00534,0.195834,-0.50118,0.587296,-0.398016,0.571062,0.196637,0.35004,-0.218294,-0.263103,0.288155,0.378492,-0.310042,-0.970339
-0.321942,0.13719,0.749499,-0.060195,-0.314485,-0.740228,0.563507,0.642055,-0.161929,-0.416758,-0.03035,0.443534,-0.027539,-0.39597,-0.954678
0.940743,0.87752,-0.390195,0.629981,0.905951,-0.735349,0.838705,0.232405,0.466354,-0.351014,0.054311,0.197999,0.008606,-0.609464,-0.977565
-0.322936,0.136097,0.750938,-0.084271,0.326906,0.806718,0.397896,0.928,0.058382,0.340307,-0.458378,-0.284464,0.364414,0.331135,-0.958313
-0.948204,0.830854,-0.643369,0.140558,0.627502,-0.743399,0.751765,0.136022,0.317176,-0.448046,-0.1186,0.203551,0.410193,-0.458294,-0.998263
-0.192759,0.872344,-0.213081,0.134179,-0.5607,-0.174718,0.748116,0.610219,-0.631216,-0.197781,0.082338,0.252398,-0.192203,-0.482619,-1.0
0.654626,-0.062075,-0.901317,-0.080201,-0.655497,0.641008,0.763679,0.548834,-0.383296,0.48473,0.2254,-0.052347,-0.388354,0.248828,-0.988643
0.760244,-0.923657,-0.341056,0.477226,0.241777,0.014085,0.648951,0.177811,0.473906,0.094818,0.149645,-0.311813,-0.332019,0.466172,-1.0
-0.678216,0.992978,-0.48449,-0.937702,0.962532,0.466602,0.9775,0.856008,0.68832,0.305125,-0.008409,-0.02156,0.540709,-0.227266,-0.968393
-0.723438,0.483069,-0.949457,0.449423,-0.528708,0.469642,0.176042,0.487074,-0.091667,0.074501,-0.848256,0.086574,0.425952,-0.040621,-1.0
-0.718315,-0.527881,0.156695,0.067186,0.585432,-0.353763,0.320419,0.634423,0.173751,-0.08035,-0.679271,-0.092054,0.504915,0.028702,-1.0
0.745684,0.880996,-0.442861,0.364293,0.6925,-0.093647,0.972129,0.084692,0.779558,-0.224025,0.02373,-0.050052,-0.042747,-0.467471,-1.0
-0.876357,-0.051079,-0.756128,-0.415913,-0.043781,0.512484,0.974495,0.918918,-0.016673,0.755446,-0.068977,-0.045048,0.437356,0.288691,-1.0
-0.976644,-0.771504,0.740317,-0.661085,-0.334983,-0.761501,0.986699,0.808909,-0.294941,-0.723601,-0.077977,-0.00505,0.52303,-0.039979,-1.0
-0.559,-0.369409,0.333206,0.798079,0.220678,0.19474,0.837335,0.857413,0.606046,0.475128,-0.164895,-0.099165,0.372996,0.244957,-0.913182
0.474523,0.194085,-0.08261,0.751982,-0.397493,-0.077677,0.893599,0.799374,-0.590002,-0.138287,0.020748,0.06138,-0.455695,-0.140091,-0.930024
-0.347129,-0.145155,-0.081773,-0.986049,-0.275502,-0.306509,0.655893,0.238662,-0.314538,-0.415846,-0.114069,0.33817,0.22938,-0.407704,-0.923996
-0.975667,-0.854766,0.483833,0.566715,0.04344,0.900485,0.230693,0.676956,0.06922,0.156842,-0.372682,-0.629815,0.252995,0.453466,-1.0
0.00079,0.665703,-0.869293,-0.880722,-0.482041,0.5226,0.769531,0.277931,-0.36185,0.363453,0.318456,0.126219,-0.508761,-0.147171,-0.97141
0.48831,0.982492,-0.887937,0.114816,0.874313,-0.511922,0.920829,0.143863,0.730043,-0.386818,0.090577,0.089775,-0.012005,-0.563444,-0.985163
0.82332,-0.507898,-0.620954,0.046273,0.146978,0.871342,0.716868,0.102683,0.156019,0.536419,0.123588,-0.272787,-0.22358,0.43935,-0.936877
-0.364673,0.09521,-0.188864,0.668494,0.941307,-0.082893,0.257796,0.168178,0.131312,-0.017741,-0.79278,0.088993,0.536084,-0.08483,-0.967857
-0.739226,-0.113088,-0.498002,-0.876553,-0.60413,0.015974,0.229059,0.35486,-0.08871,-0.075486,-0.460094,-0.503215,0.23498,0.351131,-1.0
-0.051554,0.533638,0.6019,0.883032,0.871209,-0.134466,0.033785,0.14296,0.074969,0.023346,-0.825579,0.53758,0.386404,-0.337686,-0.955893
0.43156,-0.507863,0.579694,-0.412485,-0.377628,0.27415,0.465493,0.907783,-0.257018,0.201241,0.40982,-0.363176,-0.400783,0.288774,-0.99481
-0.230364,0.422155,0.948839,0.438746,-0.756881,-0.405447,0.56305,0.534299,-0.46947,-0.190004,0.182263,0.370196,-0.290838,-0.434866,-1.0
0.226822,-0.1899,-0.580166,0.412512,-0.34875,0.818051,0.245602,0.420765,-0.076418,0.133676,0.357364,-0.663641,-0.295996,0.517321,-1.0
0.8437,-0.938028,0.00147,-0.745787,0.663613,0.719213,0.078719,0.195097,0.089771,0.01603,0.103128,-0.998534,-0.052508,0.386257,-0.985716
-0.232727,0.148537,0.402371,0.721646,0.7026,0.127564,0.411345,0.047298,0.353662,0.034597,-0.563377,-0.014237,0.449905,0.033074,-0.912193
-0.322277,0.290556,-0.630645,-0.477168,-0.83378,-0.311276,0.478601,0.55316,-0.321512,-0.194046,0.278016,0.364129,-0.318517,-0.319888,-1.0
-0.503103,-0.685881,0.812492,-0.067585,0.31964,0.861847,0.838219,0.18509,0.259254,0.591728,-0.163373,-0.062161,0.243742,0.405686,-0.935455
0.794972,-0.135542,0.897049,-0.038309,0.939018,-0.330708,0.941814,0.57752,0.742733,-0.172375,0.010115,0.102281,0.375453,-0.35636,-0.98616
-0.600424,0.129205,-0.956157,0.636042,-0.75572,0.082586,0.707808,0.128999,-0.557406,0.040305,0.317331,0.044043,-0.470109,-0.138808,-1.0
0.864192,-0.701434,0.064985,-0.333312,-0.751388,0.228468,0.908706,0.735483,-0.731312,0.240106,0.084641,0.00031,-0.491313,0.33303,-0.985561
-0.379577,-0.490123,-0.837268,0.064007,-0.532259,0.019361,0.688604,0.727702,-0.5948,0.038608,0.163987,-0.236138,-0.177566,0.426327,-1.0
0.490385,-0.272085,0.752273,-0.201662,0.129635,-0.184433,0.864434,0.271444,0.434881,-0.589268,0.120409,-0.033393,-0.532913,0.071045,-0.944229
-0.700963,0.076842,0.611778,-0.338993,0.294904,0.568235,0.22465,0.975959,0.04296,0.203123,-0.693606,-0.306466,0.46484,0.225943,-0.960232
-0.087509,0.888053,0.987367,-0.227399,-0.228107,-0.114708,0.472682,0.868489,-0.337821,-0.229365,0.133752,0.535874,-0.049349,-0.51479,-0.961939
0.769202,-0.55941,0.865204,-0.231843,0.626324,0.095895,0.464385,0.251974,0.420558,0.059473,0.123425,-0.621352,0.006132,0.497537,-0.982273
-0.145629,0.933456,-0.05739,-0.730875,-0.649322,0.178399,0.010119,0.479202,0.051643,-0.071997,0.510613,0.839299,-0.24116,-0.518427,-0.986991
0.419036,0.447977,-0.904374,-0.777856,-0.151518,0.180374,0.567799,0.542989,-0.257215,0.283236,0.360408,0.191879,-0.363385,-0.176195,-0.979574
-0.893413,-0.12162,-0.543641,-0.883398,0.719074,0.086553,0.064932,0.93577,0.036765,0.040968,-1.0,-0.036841,0.522357,0.035384,-1.0
-0.34458,-0.150818,0.778731,0.68278,-0.301182,-0.84059,0.390259,0.556264,-0.078765,-0.354767,0.003718,0.598047,-0.017956,-0.543662,-0.933664
0.823782,0.164218,0.850654,-0.801938,-0.850483,0.152215,0.078549,0.269189,-0.04181,0.049702,0.905953,0.034043,-0.462459,-0.066775,-0.935998
0.168006,-0.983821,-0.742433,0.410785,0.866756,-0.352888,0.08387,0.162166,0.08997,0.08964,-0.696579,-0.598022,0.383331,0.397075,-1.0
-0.946889,0.762343,0.905384,-0.640212,-0.610795,0.721534,0.495724,0.75505,-0.275627,0.311739,-0.461825,0.067932,0.472046,-0.039107,-1.0
0.477794,0.917671,0.983219,-0.502549,-0.554761,0.201631,0.208043,0.541129,-0.237473,0.052116,0.700749,0.420948,-0.380722,-0.25206,-1.0
-0.65063,0.669082,0.004713,-0.841465,0.192496,0.09013,0.889132,0.141537,0.70975,0.276294,-0.001145,0.062661,0.509641,-0.218757,-1.0
0.745554,0.287277,-0.573702,-0.395464,-0.832986,0.394075,0.361479,0.407308,-0.263357,0.073408,0.666632,-0.125754,-0.539021,0.051319,-0.997625
0.628886,-0.578081,0.887575,0.269567,0.480817,-0.514764,0.797229,0.670349,0.42603,-0.489643,0.199154,-0.077002,-0.394978,0.255799,-0.993536
-0.326713,0.650835,-0.972047,-0.804793,-0.054695,0.142525,0.079133,0.625288,0.005972,0.050134,-0.478653,0.769636,0.250693,-0.401561,-0.964737
0.437914,0.099022,0.428324,-0.910242,-0.811646,-0.69829,0.367315,0.268879,-0.17271,-0.159661,0.520557,0.263502,-0.33084,-0.250113,-0.970848
0.774567,0.141594,0.558837,-0.158541,0.591246,-0.533531,0.161126,0.275296,0.000416,-0.128113,0.165525,0.881747,-0.155738,-0.509119,-0.980659
-0.763171,-0.069216,-0.55475,0.60707,0.708274,-0.603443,0.578099,0.062839,0.256996,-0.266796,-0.415704,0.061405,0.491174,-0.081465,-0.966875
0.724526,0.362251,-0.547859,-0.680001,0.255664,0.915613,0.443284,0.534627,0.076861,0.367442,0.383621,-0.374987,-0.288167,0.322016,-1.0
-0.150619,-0.315646,-0.474973,-0.818381,-0.723965,-0.202235,0.419862,0.585155,-0.295886,-0.001626,0.579648,-0.152002,-0.459446,0.109569,-0.993868
-0.708204,-0.824227,-0.162126,0.507126,0.682622,-0.03417,0.886513,0.193366,0.689217,-0.016213,-0.068674,-0.048688,0.408994,0.230425,-0.983544
-0.527926,-0.458701,0.039932,-0.688202,-0.541472,-0.110256,0.871513,0.443503,-0.698581,-0.168064,0.025982,-0.180095,0.000394,0.480374,-0.971071
-0.961725,-0.012689,0.890654,-0.46492,0.600206,-0.05906,0.047259,0.483196,0.084471,0.02118,-1.0,-0.005646,0.580732,0.044787,-0.929537
-0.352175,0.294784,0.21565,-0.972194,-0.376959,-0.360076,0.461275,0.162464,-0.250694,-0.257591,-0.113942,0.585063,-0.067975,-0.446181,-0.980431
-0.800272,0.714267,-0.749321,-0.168077,-0.097838,0.412496,0.062125,0.516583,-0.016583,-0.006405,-0.855496,0.401888,0.477429,-0.217017,-0.96035
0.964526,0.571899,0.43988,0.082815,0.283653,-0.881878,0.274204,0.50762,0.128469,-0.214779,0.275087,0.661739,-0.204622,-0.351804,-1.0
-0.032275,-0.408732,-0.770732,0.111318,0.822833,0.381107,0.317265,0.843916,0.35446,0.134031,-0.54317,-0.502602,0.490416,0.363051,-0.991418
0.997781,-0.714291,0.733225,0.032504,0.755438,-0.781202,0.192993,0.17954,0.08241,-0.099761,0.738408,0.133131,-0.495005,-0.119133,-1.0
0.921904,0.403879,-0.258351,-0.468663,0.909938,0.195947,0.2745,0.356717,0.246573,-0.057222,0.022585,0.810027,-0.048322,-0.498747,-0.94401
-0.87462,0.822172,-0.339583,0.606218,0.122866,-0.406912,0.422558,0.860842,0.122613,-0.33864,-0.389191,0.39665,0.404156,-0.362691,-1.0
0.66646,0.188361,0.511075,0.576258,-0.558425,0.987232,0.336418,0.146085,-0.171487,0.232934,0.534066,-0.425848,-0.339564,0.296407,-0.958235
-0.699608,0.779065,0.22528,-0.43377,0.978464,0.014401,0.893107,0.835543,0.708655,0.00382,-0.096879,0.109211,0.426386,-0.190129,-1.0
0.237307,-0.684629,0.458751,-0.764993,-0.511935,0.641653,0.530398,0.134313,-0.350185,0.323492,0.266711,-0.42172,-0.299841,0.399031,-0.96063
0.557426,0.705766,0.530933,0.488114,0.368162,-0.350228,0.64087,0.230559,0.408921,-0.416324,0.029526,0.368857,-0.059086,-0.464168,-1.0
-0.653598,0.086165,0.810096,-0.652525,-0.695126,0.212542,0.674862,0.681982,-0.51289,0.195677,0.090395,-0.306436,-0.234262,0.460536,-0.986392
0.486419,-0.722956,-0.235809,-0.450846,-0.578912,0.362696,0.265005,0.963726,-0.091184,0.073028,0.517577,-0.447912,-0.368908,0.40038,-0.943246
-0.152886,0.678942,0.185245,-0.150788,0.489731,0.970287,0.757175,0.598262,0.364826,0.514637,-0.194561,-0.212354,0.556314,0.257414,-1.0
0.505056,0.338427,0.541401,0.361607,-0.23858,-0.606303,0.130966,0.240347,-0.067286,-0.162767,0.594455,0.751442,-0.311535,-0.365545,-1.0
-0.717074,0.111002,-0.694973,0.779649,-0.718108,-0.175836,0.148444,0.512759,-0.048627,-0.080367,-0.008443,0.82514,-0.02329,-0.431291,-0.975825
0.590592,-0.1902,0.986116,-0.052037,-0.606401,-0.256801,0.884783,0.500974,-0.690776,-0.320429,0.156607,-0.013983,-0.608174,-0.001136,-1.0
-0.173925,0.926715,-0.908778,-0.503045,-0.185462,0.761733,0.273676,0.327823,-0.014094,0.238399,0.069613,0.679625,0.024192,-0.440783,-0.92702
-0.045244,-0.376006,0.042667,-0.212551,0.040992,0.983387,0.421328,0.46675,-0.026967,0.397169,-0.102532,-0.601498,0.05636,0.384365,-1.0
0.234594,0.825801,-0.24277,0.741419,-0.72558,-0.295416,0.698889,0.045564,-0.483415,-0.225026,0.251827,0.233758,-0.279628,-0.322678,-0.908651
0.60967,-0.995393,0.790318,-0.653415,0.745261,-0.343812,0.908157,0.205759,0.686498,-0.307258,-0.041144,-0.132672,0.207893,0.4777,-1.0
-0.292534,-0.384884,0.691706,0.180378,0.019338,-0.467415,0.240742,0.069855,0.048644,-0.176547,-0.725192,0.208288,0.543375,-0.109768,-0.986763
-0.136342,-0.164667,-0.834706,-0.200841,0.027332,-0.001999,0.647936,0.788305,0.572837,-0.062908,-0.236349,-0.266006,0.36326,0.241584,-1.0
-0.286523,0.917399,0.230193,0.653262,-0.812364,-0.177144,0.143534,0.411479,-0.083537,-0.004584,0.309993,0.748043,-0.249051,-0.484905,-0.910858
0.749494,0.9119,-0.863341,-0.580253,0.441798,-0.565979,0.493636,0.595682,0.203358,-0.217304,0.132548,0.529462,-0.111829,-0.432441,-1.0
0.121946,0.28246,-0.725172,0.980664,0.075634,0.513716,0.762223,0.692379,0.067203,0.526896,0.075099,-0.211907,-0.077168,0.494992,-0.982101
0.754161,0.455081,-0.17716,-0.528337,0.906452,-0.138239,0.52986,0.914123,0.414617,-0.055687,-0.120973,0.441328,0.079321,-0.444029,-1.0
-0.341064,-0.801749,0.441255,0.338002,0.50079,-0.213805,0.187862,0.42501,0.148637,-0.075288,-0.727903,-0.453942,0.30852,0.373585,-0.935599
0.484783,-0.053315,0.326989,-0.117651,0.013183,-0.213423,0.005503,0.263632,0.017283,0.033312,0.935632,0.321896,-0.499935,-0.102606,-1.0
0.846374,0.436634,-0.440051,0.984337,-0.15271,0.190041,0.942061,0.679727,-0.460496,0.52014,0.118925,-0.051595,-0.562168,-0.076498,-1.0
0.15375,-0.632273,-0.524488,0.687522,-0.643401,0.484457,0.447115,0.776659,-0.330288,0.249726,0.28763,-0.526225,-0.310772,0.403866,-1.0
-0.61024,0.608526,-0.422734,-0.056215,-0.813293,0.424699,0.037489,0.858268,-0.039489,0.112444,0.73861,0.61846,-0.40254,-0.40401,-1.0
0.510965,-0.667438,0.185947,0.467145,0.134708,-0.010072,0.124818,0.60796,0.070912,0.005203,0.409447,-0.778719,-0.305929,0.47553,-0.985053
0.923996,-0.390602,0.970613,0.133778,-0.559986,-0.190344,0.841522,0.200564,-0.661678,-0.202288,0.200391,-0.019551,-0.486663,0.077866,-1.0
0.466794,-0.238209,0.477479,-0.410057,-0.557815,-0.284621,0.864009,0.695902,-0.573817,-0.341774,0.04817,0.053472,-0.547706,-0.010448,-0.985348
-0.101513,-0.213638,-0.631746,0.944471,0.541885,0.925859,0.995157,0.309282,0.437536,0.777328,0.007078,0.005532,0.304784,0.401439,-0.975311
-0.874144,-0.521804,0.467424,-0.03484,-0.77396,0.051728,0.491354,0.658578,-0.319343,-0.047577,-0.151458,-0.52767,0.116618,0.505378,-1.0
-0.858827,0.32366,-0.850938,0.138664,0.102627,0.552316,0.933366,0.861554,0.16969,0.714192,-0.105494,0.02457,0.496905,0.065795,-0.952952
-0.476317,0.246205,-0.569537,-0.441678,0.045698,-0.357316,0.883976,0.427167,0.053799,-0.677366,-0.188217,0.111287,0.280934,-0.38477,-1.0
-0.23111,0.235973,-0.798263,-0.095737,0.782094,-0.276988,0.55932,0.694228,0.339073,-0.129077,-0.415036,0.219661,0.39131,-0.226958,-1.0
0.329057,0.156995,-0.025382,-0.716224,-0.055657,0.635354,0.368749,0.633703,0.01585,0.354708,0.384681,-0.517467,-0.271655,0.303516,-1.0
0.564169,0.763671,-0.095814,-0.042071,0.143222,0.536392,0.196428,0.696956,0.084603,0.181001,0.746927,0.384728,-0.452595,-0.191023,-1.0
-0.000248,0.778855,0.689521,-0.71241,-0.492077,0.650545,0.798906,0.859447,-0.429439,0.473508,0.174938,-0.021087,-0.462765,-0.206961,-1.0
-0.238682,0.420562,-0.289308,-0.064752,0.407407,-0.965642,0.4202,0.819724,0.176864,-0.278651,-0.221948,0.594736,0.097907,-0.381267,-1.0
0.098882,-0.14052,0.620146,0.166201,-0.419892,-0.587928,0.622317,0.126718,-0.23308,-0.335652,0.268314,0.276017,-0.37294,-0.41938,-1.0
-0.020083,-0.726968,0.184073,0.602976,-0.702134,0.449656,0.177382,0.22039,-0.121729,0.037923,0.444356,-0.725006,-0.174081,0.382667,-0.986243
0.247473,0.525272,-0.349255,0.298363,-0.920617,0.118876,0.487468,0.427485,-0.463824,-0.032729,0.482042,0.22037,-0.384147,-0.146059,-1.0
0.03729,0.433352,-0.318566,-0.937168,-0.55924,0.670772,0.936073,0.579363,-0.457865,0.567208,0.060057,-0.053105,-0.458779,0.196492,-1.0
-0.039268,-0.793003,-0.692401,0.025796,-0.145125,0.808137,0.050033,0.572895,0.040281,0.0612,0.009265,-0.899881,-0.042324,0.420545,-1.0
0.040035,-0.096269,-0.27744,0.05436,-0.210472,0.939205,0.54869,0.038166,0.021897,0.434715,0.117638,-0.460222,-0.117755,0.474997,-0.960346
0.373403,0.090451,0.14247,-0.30777,-0.434492,0.48589,0.416913,0.411436,-0.245494,0.252392,0.636238,-0.250036,-0.49564,0.248643,-1.0
-0.688353,-0.405972,-0.72582,0.56139,0.111748,0.161688,0.095986,0.928863,0.034756,0.041125,-0.650038,-0.480576,0.329936,0.314611,-1.0
-0.748773,0.32191,0.844017,0.848728,0.870098,0.264705,0.828771,0.215979,0.659378,0.216179,-0.203448,-0.043717,0.546254,0.014955,-1.0
0.222846,0.098805,-0.314087,-0.915724,0.406424,-0.384869,0.761869,0.70199,0.403656,-0.515673,-0.064515,0.151382,0.144547,-0.534452,-0.9587
0.816091,0.743354,-0.545227,-0.254127,0.016882,0.522365,0.696627,0.186389,-0.010132,0.489347,0.298619,0.070493,-0.404267,-0.132115,-0.963753
0.896512,0.789402,0.796094,-0.071077,0.212659,-0.972806,0.316995,0.313598,0.102585,-0.265562,0.235699,0.679734,-0.24933,-0.547127,-1.0
-0.457929,0.68246,-0.613501,-0.467371,0.769484,0.574432,0.549892,0.599481,0.330411,0.237808,-0.50624,0.064755,0.606242,-0.028586,-0.919576
-0.705225,-0.784272,-0.646264,-0.5853,-0.984387,0.453595,0.33588,0.526304,-0.255422,0.18286,0.028856,-0.584541,-0.082366,0.407843,-1.0
-0.99636,-0.771963,0.355192,-0.462902,0.194337,-0.238997,0.738336,0.638715,0.296997,-0.472851,-0.257042,-0.161542,0.401294,0.236484,-1.0
0.05636,0.525274,0.701928,-0.38858,-0.230569,0.424666,0.527025,0.184818,-0.241699,0.40049,0.520869,0.173917,-0.511224,-0.176162,-0.88809
-0.488995,-0.142902,-0.126196,-0.521788,-0.2758,-0.682244,0.565774,0.417209,-0.188592,-0.403209,-0.208181,0.419485,0.135617,-0.530393,-0.92069
-0.265247,-0.39423,-0.461838,-0.829032,0.549893,0.663648,0.791563,0.771764,0.469956,0.494365,-0.139536,-0.163941,0.33554,0.394786,-0.922789
-0.199356,0.107124,-0.101291,0.140067,0.171642,0.074704,0.020033,0.381369,0.056125,0.033796,-0.972707,0.01583,0.445234,-0.145495,-0.952109
-0.891746,0.87499,0.181398,0.731066,-0.902468,-0.151541,0.335957,0.997942,-0.349761,-0.058268,0.047817,0.710367,0.050129,-0.48717,-0.968636
-0.248779,0.98627,0.596301,0.473541,-0.084927,0.212191,0.197709,0.853489,-0.017192,0.107024,-0.205875,0.847472,0.106386,-0.458219,-1.0
-0.545505,0.90753,0.639926,0.72209,-0.11046,-0.631421,0.899778,0.774214,-0.039109,-0.763298,-0.075663,0.111362,0.135541,-0.481217,-0.980615
-0.073183,-0.81336,-0.413048,0.629742,0.122814,0.844331,0.943077,0.847807,0.10168,0.719836,-0.033754,0.008788,0.139618,0.430589,-0.941997
-0.242583,-0.748728,0.005518,0.931688,0.631085,-0.381367,0.985876,0.501108,0.677384,-0.410393,0.027102,-0.118719,0.577779,0.065233,-1.0
0.119193,0.805167,-0.667133,-0.460326,0.534858,-0.486623,0.42954,0.23469,0.264628,-0.328633,-0.192617,0.526183,0.197481,-0.572076,-1.0
0.105846,-0.764635,0.700942,0.977438,-0.72862,-0.212991,0.977147,0.23391,-0.682925,-0.284446,-0.084009,0.01761,-0.406441,0.18802,-0.95582
-0.427355,-0.744471,0.667622,0.474089,0.533425,-0.439112,0.046183,0.338569,0.10656,0.02933,-0.978339,-0.263283,0.512664,0.140051,-1.0
0.953242,-0.951483,-0.365872,-0.584594,0.737055,-0.059125,0.901273,0.622384,0.791722,-0.114036,-0.030701,-0.014678,-0.032051,0.509299,-0.961111
0.182966,-0.138828,-0.974573,-0.963591,-0.981614,-0.723093,0.769623,0.542143,-0.474784,-0.355883,0.254871,0.143616,-0.386169,-0.238278,-1.0
0.277293,-0.218882,0.122938,0.015127,0.901419,-0.591633,0.386148,0.083879,0.223099,-0.210404,-0.459681,0.265053,0.510501,-0.236537,-1.0
0.057858,-0.951145,0.531637,0.581505,-0.268201,0.599089,0.199279,0.697016,-0.102009,0.087525,0.191433,-0.808772,-0.152043,0.397555,-0.965875
0.02592,0.598991,-0.811933,0.807157,-0.861333,-0.567972,0.176419,0.161749,-0.094553,-0.066644,0.499734,0.688889,-0.350022,-0.347129,-1.0
0.495166,-0.193931,-0.96135,-0.956618,-0.151044,-0.318176,0.359071,0.727715,-0.001204,-0.234752,0.612141,0.154429,-0.475054,-0.050616,-0.931327
0.537452,-0.038568,0.767145,0.871679,-0.320785,0.585976,0.330177,0.34463,-0.059475,0.237949,0.573689,-0.460746,-0.400765,0.300428,-0.904129
0.805765,0.495497,0.738359,0.49958,0.276835,0.368243,0.097367,0.798944,0.115795,0.133209,0.878676,0.262321,-0.429403,-0.176679,-1.0
0.858937,-0.726682,-0.84338,0.93356,-0.743193,-0.805164,0.805901,0.312503,-0.38939,-0.457444,0.192224,-0.018756,-0.57428,-0.024924,-1.0
0.565248,0.685227,-0.960293,-0.812754,0.58638,0.288373,0.490708,0.865885,0.278227,0.122968,-0.099521,0.404125,0.053502,-0.512388,-1.0
0.476534,0.90867,-0.24252,0.307388,0.995109,0.715295,0.314803,0.210524,0.253302,0.164986,-0.719553,0.326404,0.507735,-0.164715,-0.989828
-0.938894,0.722373,0.722359,0.894225,0.112534,0.418975,0.503044,0.403741,0.074501,0.320651,-0.415219,0.045817,0.437732,-0.210623,-1.0
0.623619,0.730754,0.449038,-0.755728,0.419117,-0.6539,0.057172,0.491879,0.056979,-0.073548,0.132962,1.0,-0.029584,-0.493447,-1.0
0.628985,-0.866082,0.643525,0.739909,-0.735489,-0.11926,0.579206,0.156481,-0.449362,-0.075882,0.30545,-0.214097,-0.353876,0.246007,-0.927353
0.465984,-0.832841,0.613076,-0.114959,-0.53976,-0.551035,0.262894,0.396264,-0.137042,-0.171093,0.765187,-0.224343,-0.459261,0.151664,-1.0
0.333499,-0.458464,0.386154,0.290629,-0.200045,-0.785041,0.38348,0.313137,-0.110838,-0.332539,0.572579,0.307863,-0.48817,-0.312377,-1.0
-0.238399,-0.049295,0.375502,0.385667,-0.749284,0.546395,0.623611,0.756824,-0.347955,0.210205,0.184146,-0.295554,-0.289361,0.396208,-1.0
0.444893,-0.379051,0.729454,0.965085,0.663602,0.239912,0.915787,0.921509,0.668489,0.230018,-0.134417,-0.052983,0.173934,0.496313,-0.945306
-0.691066,-0.210242,-0.074319,0.727735,-0.307597,-0.222198,0.362965,0.654045,-0.166705,-0.105369,-0.709634,0.011348,0.487069,-0.095967,-0.917806
-0.641078,-0.554715,0.496446,-0.923811,0.31894,0.08218,0.285207,0.045149,0.237487,0.10275,-0.56376,-0.328161,0.502729,0.28971,-1.0
-0.969392,0.676929,-0.2165,-0.053764,0.145197,0.567881,0.775963,0.084399,0.217442,0.614341,-0.239207,0.040791,0.427976,0.015597,-1.0
0.249257,-0.312906,0.776721,-0.66148,0.919774,-0.552111,0.464766,0.007872,0.312656,-0.16836,-0.436928,0.230605,0.397836,-0.094052,-0.977815
-0.635319,0.397264,-0.295721,-0.901642,-0.069439,0.931803,0.672229,0.890858,-0.062015,0.493052,-0.340987,-0.185897,0.325467,0.379026,-0.980696
-0.224482,0.103924,-0.921917,0.20699,-0.463009,0.002454,0.623091,0.828865,-0.510473,-0.009179,0.388733,0.102481,-0.499209,-0.240798,-1.0
-0.083914,0.910922,-0.684772,0.76803,-0.802147,-0.982181,0.899294,0.773625,-0.449971,-0.49553,0.071422,0.102839,-0.19753,-0.565659,-1.0
0.298044,0.970454,0.288185,-0.673627,-0.867392,0.314709,0.743143,0.291942,-0.568488,0.256552,0.236584,0.139382,-0.386346,-0.185574,-0.871959
-0.535721,0.354663,-0.991985,0.042371,0.527537,-0.274697,0.966426,0.243807,0.692775,-0.392519,0.009429,-0.040017,0.384915,-0.251465,-1.0
0.82414,0.400949,0.591215,0.932019,0.77884,0.888788,0.799869,0.56535,0.377779,0.456572,-0.023425,-0.2023,-0.068999,0.623406,-1.0
-0.228962,0.636325,0.936198,-0.37039,-0.245138,0.718451,0.101789,0.44746,-0.062389,0.088008,0.082979,-0.912955,-0.150474,0.513074,-0.993536
-0.960885,0.894686,0.474891,0.814445,0.895649,0.748686,0.692226,0.232775,0.512391,0.261606,-0.298222,0.003817,0.529426,-0.023273,-1.0
-0.165468,-0.988708,-0.535648,-0.822212,-0.604463,-0.667722,0.596277,0.343763,-0.345865,-0.290072,0.254204,-0.286135,-0.442445,0.239987,-0.9576
0.009372,0.726124,0.418589,-0.121068,0.545728,-0.084106,0.787265,0.911053,0.616477,-0.130114,-0.103714,0.203305,0.220441,-0.382823,-1.0
-0.871611,0.639462,-0.606217,0.653175,-0.538843,0.724155,0.31345,0.514187,-0.078413,0.19413,-0.828107,-0.225614,0.455143,0.18268,-1.0
-0.205147,-0.103944,0.292567,-0.715743,-0.758894,0.892732,0.814431,0.441864,-0.342487,0.479651,0.032047,-0.151864,-0.256916,0.486101,-0.976659
0.706307,-0.619946,0.456136,0.318211,0.176357,0.513465,0.819839,0.531062,0.190731,0.695609,0.112335,-0.052004,-0.275503,0.414032,-0.928809
0.334124,0.062355,0.020266,0.974994,-0.557449,-0.181676,0.337175,0.622256,-0.274146,-0.035391,0.650079,0.188965,-0.38093,-0.217882,-0.958628
-0.249406,0.622006,0.046845,0.054565,-0.459352,-0.158186,0.439821,0.857021,-0.382412,-0.120466,0.149806,0.532227,0.001621,-0.550767,-0.979278
-0.805294,-0.51126,0.429888,0.068902,0.632243,-0.464114,0.136022,0.321603,0.011479,-0.07157,-0.903386,-0.017164,0.489797,0.020169,-1.0
0.026006,0.014537,-0.091616,-0.789778,-0.779206,-0.357033,0.058983,0.368309,0.00927,-0.042682,0.949549,0.351162,-0.448353,-0.13859,-0.98174
-0.176822,-0.734508,-0.551844,0.493547,-0.435397,0.703116,0.309767,0.043905,-0.053029,0.271867,0.183927,-0.599913,-0.173961,0.469614,-1.0
-0.587128,0.185258,-0.501216,-0.628279,-0.446805,0.879018,0.498773,0.261397,-0.184153,0.274866,-0.119718,-0.459168,0.116158,0.395113,-0.942256
0.508813,-0.969487,0.085787,0.257129,0.897389,-0.958301,0.781244,0.46727,0.424477,-0.501988,-0.202268,-0.04648,0.476793,0.027437,-1.0
-0.795587,0.390219,-0.630976,-0.586487,-0.990495,-0.434685,0.533538,0.677142,-0.402677,-0.181319,0.165968,0.412081,-0.095799,-0.476618,-0.986197
-0.708695,0.376718,0.528508,0.473829,-0.688955,-0.920826,0.634812,0.960305,-0.314814,-0.416377,-0.039439,0.28776,0.049876,-0.530228,-0.948075
-0.397212,0.563412,0.645149,0.526337,0.670594,-0.016065,0.899711,0.286273,0.758828,-0.015175,-0.065651,-0.020229,0.466578,-0.203939,-1.0
-0.480649,-0.39017,0.44366,0.948147,-0.290534,-0.366959,0.657743,0.659756,-0.324904,-0.473451,-0.279421,-0.063768,0.377559,0.074086,-1.0
-0.291086,-0.808212,-0.185173,-0.946071,-0.136799,0.801816,0.801332,0.903242,-0.104507,0.641437,0.028516,-0.258128,-0.024292,0.58837,-1.0
-0.106512,-0.267408,-0.406755,-0.456781,0.307401,-0.607613,0.606153,0.063215,0.166015,-0.472118,-0.339891,0.203473,0.460417,-0.315389,-1.0
-0.437136,0.877073,0.242127,0.699792,-0.413908,0.267829,0.498632,0.910017,-0.305985,0.273007,-0.054837,0.428431,0.047017,-0.401425,-0.931452
-0.217019,-0.043578,-0.410215,0.807463,-0.184338,0.580037,0.370339,0.949359,-0.126065,0.333417,-0.074698,-0.692289,0.109844,0.475856,-0.950009
-0.827333,0.618626,-0.735401,-0.625903,0.730803,0.852298,0.486309,0.040621,0.292695,0.302568,-0.487574,-0.123493,0.549706,0.128325,-0.993238
0.408269,-0.884282,-0.219999,0.587891,0.522953,0.890277,0.039378,0.555282,0.002206,-0.027816,-0.09442,-0.919712,0.032435,0.507243,-1.0
-0.574876,0.200579,0.010019,-0.791471,0.204385,0.084867,0.100051,0.088024,0.14802,0.016953,-0.922918,0.09964,0.560396,-0.113253,-0.875997
0.994629,-0.650375,-0.520897,0.900464,-0.218444,0.976681,0.83675,0.087778,-0.128472,0.654423,0.053769,-0.204608,-0.223209,0.327534,-1.0
-0.236926,0.6058,-0.629534,-0.2958,0.128187,-0.683177,0.283222,0.067545,-0.027014,-0.152265,-0.192648,0.776272,0.119792,-0.36178,-0.966766
0.616002,0.931749,-0.998444,0.329922,0.228267,0.336706,0.09865,0.828026,0.08106,0.083733,0.449196,0.723722,-0.277774,-0.499164,-1.0
-0.678118,0.107664,-0.099703,0.760308,-0.697232,-0.502183,0.250305,0.626909,-0.116456,-0.110693,0.069949,0.73096,-0.00113,-0.503403,-0.996567
-0.523236,0.83458,-0.956426,0.322122,-0.525829,0.009698,0.991148,0.108067,-0.814582,0.031261,0.047473,-0.059956,-0.019909,-0.585138,-1.0
0.339473,0.048946,0.361353,0.994895,-0.791613,-0.864267,0.894644,0.73324,-0.451066,-0.586211,0.164113,-0.001906,-0.401214,-0.263893,-0.99581
-0.429273,0.7455,0.381394,-0.430867,0.523721,0.12163,0.099814,0.975235,0.108602,0.048599,-0.737491,0.406308,0.451189,-0.232735,-0.98172
0.394399,-0.643466,0.201524,-0.945579,-0.367551,-0.023317,0.495027,0.594661,-0.307096,-0.069349,0.402766,-0.402141,-0.446022,0.320541,-1.0
0.672202,-0.991556,-0.841487,0.086008,-0.730817,-0.809815,0.317899,0.175718,-0.147976,-0.203502,0.655763,-0.140627,-0.577881,0.045854,-1.0
0.271889,-0.39015,-0.356237,0.41769,0.447421,0.100031,0.335731,0.997932,0.189812,0.045821,-0.269722,-0.685605,0.164986,0.453962,-1.0
-0.835253,-0.139093,0.587306,0.574118,-0.023352,-0.127756,0.692062,0.263959,-0.080751,-0.541531,-0.302633,-0.003778,0.446681,0.057782,-1.0
0.534198,-0.2923,-0.570606,0.761965,0.431623,0.767161,0.016827,0.962484,0.044212,0.058987,0.036503,-0.99456,-0.008898,0.51489,-0.998967
0.512104,-0.575424,-0.371791,0.550244,0.814277,0.315192,0.521846,0.304468,0.272557,0.077384,-0.06721,-0.447577,0.2217,0.457993,-0.98373
0.221774,-0.592616,-0.527066,0.2432,0.028163,-0.410249,0.535321,0.430946,0.047057,-0.384703,0.272218,-0.269172,-0.439452,0.352666,-0.971503
-0.144154,-0.082968,-0.396483,0.151414,-0.239354,0.405841,0.092191,0.166838,-0.128658,0.034939,0.138826,-0.930284,-0.10941,0.448295,-0.996005
0.576143,0.699914,0.982542,-0.883301,0.816599,-0.46659,0.447881,0.770391,0.220381,-0.1929,-0.045882,0.573704,0.114827,-0.411186,-1.0
0.499023,-0.421879,-0.089086,-0.407392,-0.202941,-0.052356,0.930227,0.133126,-0.695746,-0.1509,0.044204,-0.06569,-0.392474,0.223208,-0.90379
0.185912,0.316935,0.391437,0.143866,-0.045564,-0.767957,0.633255,0.135704,-0.064113,-0.336805,0.09613,0.402198,-0.165701,-0.471913,-0.902127
0.959626,0.146954,0.594673,-0.56493,0.519599,-0.644407,0.976634,0.164998,0.573023,-0.586754,-0.041936,0.046539,-0.237899,-0.520018,-0.920896
0.018128,0.26221,0.479722,-0.548543,-0.711386,0.370904,0.644729,0.198499,-0.42371,0.26396,0.483922,-0.046477,-0.514787,0.033004,-0.909673
-0.739101,0.200238,-0.36866,0.809629,-0.533315,0.326697,0.134668,0.790884,-0.129306,-0.024604,-0.742785,-0.529921,0.435602,0.204876,-0.984914
0.765092,0.809371,-0.020317,-0.972841,-0.957327,0.233737,0.705255,0.808861,-0.532161,0.041199,0.209812,0.066097,-0.51583,-0.226753,-0.976791
-0.155897,-0.203603,-0.697897,-0.130405,-0.065912,-0.178635,0.271344,0.827225,-0.095574,-0.223764,-0.742375,-0.197826,0.496731,0.086789,-0.998705
-0.887977,0.410104,-0.671806,0.118892,-0.879239,0.078021,0.641546,0.166253,-0.543802,0.092242,0.082109,0.319643,0.096887,-0.484504,-0.978536
-0.945023,-0.609206,-0.035804,-0.27444,0.834665,0.131314,0.578634,0.052554,0.451079,0.018601,-0.39678,-0.10376,0.421614,0.277465,-1.0
-0.999786,-0.682148,-0.235901,0.947653,-0.366757,0.101837,0.55537,0.288115,-0.496348,0.051986,-0.274812,-0.347775,0.388373,0.389561,-0.983528
-0.809713,0.924685,0.945368,0.010271,0.474864,0.828674,0.410093,0.891523,0.172378,0.330356,-0.513468,0.077153,0.551362,-0.081926,-0.990974
0.156489,0.586959,-0.66559,0.977289,0.367961,-0.394294,0.371717,0.435314,0.185247,-0.237891,-0.173082,0.639405,0.076527,-0.603288,-0.892239
0.348271,0.569143,0.407431,0.320998,0.494684,0.000117,0.434278,0.131172,0.320814,-0.017348,-0.188372,0.603423,0.077307,-0.455453,-1.0
0.808747,0.764116,0.014477,0.730052,0.878119,-0.497813,0.442519,0.253512,0.23464,-0.212954,-0.016142,0.581015,0.015852,-0.389915,-0.99191
0.089428,-0.124812,0.293871,0.746823,-0.179692,-0.971767,0.873764,0.85396,-0.050191,-0.671264,0.113142,0.157604,-0.13213,-0.453915,-1.0
0.387145,0.686196,0.709467,0.234676,0.206683,0.098332,0.278546,0.198015,0.187195,0.094327,0.190387,0.670345,-0.146306,-0.582006,-1.0
-0.237845,0.006158,0.185813,0.309165,0.918706,-0.078243,0.678425,0.040443,0.441519,-0.074211,-0.373081,-0.007613,0.43496,-0.036665,-0.993279
0.923883,-0.366883,0.796741,0.648741,0.350878,0.056802,0.757799,0.916425,0.514903,0.081624,0.088396,-0.185661,-0.471174,0.337679,-1.0
0.456435,0.111333,0.048098,0.310218,0.012398,0.237276,0.553688,0.727229,0.091534,0.456179,0.399907,-0.11115,-0.446911,0.124706,-1.0
-0.455694,0.057663,0.452163,-0.885244,0.398012,-0.212543,0.225113,0.877267,0.089408,-0.040392,-0.748556,0.201905,0.468615,-0.139923,-1.0
0.864825,-0.185712,0.970895,0.109642,0.459715,-0.245812,0.077142,0.183161,0.053576,0.057735,0.978535,0.193941,-0.515333,-0.098996,-1.0
-0.043304,0.169285,0.295906,0.909454,0.095824,0.033178,0.090566,0.489474,0.15066,0.099265,-0.610221,0.686238,0.362654,-0.370195,-1.0
-0.176028,0.144779,0.219249,0.451704,-0.963199,0.546207,0.882112,0.428379,-0.569558,0.424624,0.119081,-0.061034,-0.420084,0.201791,-0.935451
-0.679124,-0.108943,0.774879,0.15896,-0.157917,0.83438,0.734271,0.072226,-0.228113,0.611669,-0.178547,-0.171661,0.178582,0.38144,-0.984592
-0.30097,-0.160253,0.971716,-0.963333,-0.602647,-0.026166,0.708026,0.657382,-0.631154,-0.098777,0.199295,-0.116609,-0.487002,0.255513,-1.0
-0.293935,-0.870785,0.67098,-0.515191,-0.396992,0.140592,0.016001,0.776609,-0.016873,0.077634,0.087982,-1.0,-0.036612,0.661248,-0.929117
-0.268128,-0.750126,0.20089,-0.173499,0.884555,-0.542088,0.792913,0.255807,0.579293,-0.278785,-0.150466,0.014025,0.520009,0.026266,-0.968179
0.110341,0.870768,-0.109338,-0.578892,0.054074,0.950695,0.703057,0.261791,0.004377,0.630315,0.21251,-0.250567,-0.254653,0.370103,-0.96164
0.55756,0.77532,0.846407,0.885245,-0.014322,0.666491,0.982153,0.96084,-0.021363,0.759941,-0.034883,-0.06676,-0.591057,-0.034505,-1.0
-0.187339,0.449305,-0.639171,-0.046699,0.56714,0.492977,0.989209,0.473154,0.527389,0.614975,0.009335,-0.081932,0.479428,-0.031182,-1.0
0.842386,-0.950568,-0.337779,-0.108259,0.378803,-0.184486,0.668151,0.852534,0.602161,-0.175386,0.123782,-0.330127,-0.136261,0.428024,-0.958684
0.986143,0.697889,-0.878109,0.400994,-0.468204,0.746438,0.098697,0.347597,0.007304,0.078174,0.953318,-0.004711,-0.450742,0.08123,-0.937957
0.134152,-0.138384,0.654151,-0.80005,-0.510904,0.697852,0.794971,0.213245,-0.38165,0.553214,0.115407,-0.156526,-0.337695,0.310196,-0.961235
0.450036,0.728631,-0.544897,-0.621619,-0.52524,-0.33929,0.694709,0.786699,-0.493643,-0.439692,0.171426,0.243888,-0.411459,-0.296263,-0.963817
0.641565,0.097976,0.787996,-0.739874,0.812753,-0.3678,0.602694,0.819085,0.509054,-0.12761,-0.097909,0.416559,0.121961,-0.413648,-1.0
0.286483,0.312712,0.838933,-0.228154,0.740311,-0.223256,0.501304,0.847347,0.395065,-0.116828,-0.39729,0.413503,0.385412,-0.361953,-0.948178
0.761092,-0.681916,0.693176,-0.9454,-0.859934,-0.014657,0.84713,0.189023,-0.594202,-0.04973,0.115041,-0.10309,-0.376547,0.228289,-1.0
0.290537,0.694025,-0.334941,-0.128384,-0.609196,0.425447,0.318188,0.16393,-0.253841,0.141725,0.682921,0.302133,-0.443248,-0.119931,-0.994108
0.245285,-0.475093,0.914452,-0.889721,-0.761614,0.44189,0.762206,0.2756,-0.472234,0.376433,0.255595,-0.132805,-0.419567,0.375285,-1.0
0.269994,-0.07337,-0.943237,-0.922524,-0.109285,-0.011492,0.181707,0.281516,-0.144365,-0.083013,0.755148,-0.207689,-0.459762,0.135694,-1.0
-0.971566,-0.689997,-0.947323,-0.617286,0.215113,-0.488752,0.707792,0.419608,0.365656,-0.443541,-0.196279,-0.025761,0.490347,0.10343,-1.0
0.281573,0.798789,-0.042741,0.921483,0.127182,-0.684323,0.249848,0.993472,-0.050239,-0.192781,0.10274,0.80471,-0.113562,-0.515457,-1.0
0.458203,-0.117466,0.984995,0.81107,0.388683,-0.905576,0.256854,0.899685,0.080708,-0.199189,0.117447,0.729756,-0.05854,-0.549506,-1.0
0.978799,0.208183,0.580171,0.473126,-0.603559,0.398637,0.126232,0.171085,-0.056966,0.04736,0.822292,-0.022496,-0.495667,0.042322,-0.93063
-0.948404,-0.064623,-0.452251,0.097311,-0.93611,0.275207,0.092273,0.996551,-0.151393,-0.077894,-0.008921,-0.882807,0.062398,0.489978,-1.0
0.106716,0.349341,-0.573579,0.263587,-0.679186,-0.571532,0.416076,0.159356,-0.137463,-0.215166,0.457825,0.396051,-0.374273,-0.396374,-0.926727
-0.341684,-0.775275,-0.440445,0.79982,-0.662963,0.635745,0.280579,0.575051,-0.13133,0.128327,0.124002,-0.725276,-0.080293,0.43121,-1.0
0.143509,0.297746,-0.592197,-0.254243,-0.84644,-0.115504,0.696459,0.047692,-0.555756,-0.074535,0.252658,0.084725,-0.481899,-0.17189,-0.940871
-0.258318,0.036595,0.447494,0.171346,-0.214444,0.315589,0.864365,0.553431,-0.386903,0.523068,-0.000705,-0.10465,0.094517,0.43698,-0.970668
-0.008792,0.077496,0.112413,0.570256,0.315738,0.941855,0.426073,0.740461,0.056738,0.369466,-0.21414,-0.601575,0.139111,0.476591,-1.0
-0.824732,-0.708919,-0.872948,-0.643479,-0.856168,0.844281,0.948113,0.63901,-0.497051,0.595549,0.017924,-0.031803,0.057769,0.531958,-1.0
-0.587518,0.208545,0.702088,-0.024415,0.472157,0.549053,0.747787,0.056379,0.408969,0.479712,-0.294592,-0.123257,0.532642,0.213654,-0.975978
-0.154435,0.84993,-0.539292,-0.792573,-0.550953,-0.703804,0.233063,0.718478,-0.212942,-0.169197,0.169023,0.712518,-0.051146,-0.475908,-1.0
0.649675,-0.240794,-0.623413,-0.945829,-0.900429,0.173682,0.813674,0.832396,-0.702981,0.113966,0.136478,0.012648,-0.490205,0.277815,-1.0
-0.197255,0.117231,0.387595,0.747825,-0.924728,0.788853,0.343363,0.650329,-0.218899,0.262344,0.544979,-0.491305,-0.358269,0.304433,-1.0
0.458086,-0.174038,-0.038843,0.737893,0.235871,0.752858,0.771437,0.027937,0.162798,0.630758,0.024144,-0.209105,-0.044256,0.530287,-1.0
-0.713752,0.319085,-0.068472,-0.17319,-0.643925,-0.118838,0.379607,0.73859,-0.275339,-0.038772,-0.153081,0.608935,0.105119,-0.485046,-1.0
0.936346,0.832267,0.937111,-0.578657,-0.786521,0.818083,0.578515,0.546624,-0.392433,0.300889,0.42359,0.075074,-0.503449,0.007821,-0.942245
0.610878,-0.373725,-0.927536,-0.707781,0.758795,0.252025,0.887033,0.718951,0.615792,0.24095,0.018794,-0.042125,0.084258,0.496757,-0.916925
0.706257,-0.8943,-0.993674,0.659774,0.082332,-0.495648,0.427254,0.200482,0.037215,-0.267327,0.41741,-0.286744,-0.418341,0.263446,-0.913567
0.594876,-0.486591,-0.363747,-0.069094,-0.943504,-0.81324,0.519179,0.474879,-0.351835,-0.267636,0.523785,0.133125,-0.558795,-0.095686,-1.0
0.341029,-0.519904,-0.237827,-0.807858,-0.457414,-0.539538,0.733342,0.277675,-0.447654,-0.427728,0.183996,-0.038036,-0.550793,0.049424,-1.0
-0.763538,0.132697,0.315774,-0.971258,-0.286731,0.321329,0.067165,0.600872,-0.05031,-0.010826,-0.81165,-0.351555,0.461292,0.198331,-0.956182
-0.704218,-0.668019,-0.147578,0.595558,-0.719079,-0.625405,0.624563,0.807307,-0.474636,-0.307071,0.054543,-0.392071,-0.218015,0.419319,-1.0
0.66178,0.470415,-0.506206,0.210745,-0.229272,-0.607747,0.07438,0.589625,-0.047672,-0.072506,0.557127,0.673701,-0.325892,-0.336393,-1.0
0.234138,0.841294,0.657147,-0.105114,0.789589,-0.83815,0.167359,0.473634,0.069434,-0.049807,-0.310374,0.827842,0.092953,-0.429313,-0.951933
-0.520722,-0.499041,-0.111793,0.640113,-0.290966,0.632155,0.916446,0.330413,-0.286144,0.737554,-0.065902,-0.125572,0.03636,0.473881,-0.957215
-0.849041,-0.117075,-0.673299,0.162719,-0.989895,0.025246,0.019484,0.242103,-0.104355,0.065404,0.63526,-0.645644,-0.34229,0.431256,-1.0
-0.708185,0.736792,-0.944332,0.727891,-0.510419,0.626389,0.765705,0.11536,-0.4547,0.50173,-0.202425,0.070851,0.517048,-0.238088,-1.0
-0.398095,-0.080564,0.083636,0.068294,-0.215194,-0.931521,0.252983,0.639155,-0.060529,-0.222858,-0.247807,0.663078,0.142391,-0.505779,-0.942989
-0.411324,-0.564028,0.956719,-0.032423,-0.880708,0.473789,0.262473,0.861598,-0.215373,0.006194,0.268385,-0.703382,-0.237695,0.396783,-1.0
-0.30179,0.514041,0.101282,-0.116924,-0.294326,-0.580558,0.030846,0.993223,0.00845,-0.024247,0.036127,1.0,0.013478,-0.573742,-0.944379
0.216783,-0.586967,0.366401,-0.131091,-0.193766,-0.221408,0.918149,0.246063,-0.547292,-0.530572,0.045326,-0.054893,-0.433011,0.366029,-1.0
-0.940403,-0.347969,0.920045,-0.990431,0.116278,-0.07563,0.787282,0.00342,0.605369,-0.266049,-0.240343,-0.107702,0.562716,0.166859,-1.0
0.22831,-0.970557,-0.655965,0.389296,0.302182,-0.724526,0.942209,0.563395,0.326163,-0.764642,0.012508,-0.128379,0.290735,0.505116,-1.0
0.864555,0.248599,-0.895783,0.635173,-0.771521,-0.323418,0.417635,0.78115,-0.269035,-0.107788,0.533016,0.181505,-0.390937,-0.285832,-0.995562
-0.336783,-0.796801,0.018565,-0.020314,0.714933,0.696022,0.404595,0.324411,0.199527,0.194115,-0.303761,-0.386506,0.251939,0.417925,-0.938781
-0.18545,-0.873725,-0.540355,-0.028588,-0.57599,-0.947402,0.66398,0.486134,-0.34432,-0.445816,0.378824,0.187267,-0.562765,-0.051411,-1.0
0.216042,0.358218,0.514374,-0.143249,0.104726,0.664463,0.826733,0.841493,0.091654,0.68827,0.077855,-0.180082,-0.064735,0.536294,-1.0
0.226382,0.83716,0.359935,-0.385764,0.5198,0.592242,0.727456,0.750538,0.385895,0.430122,-0.2777,0.114215,0.438968,-0.330457,-0.946806
0.889911,-0.077681,0.924686,-0.164668,0.177855,-0.056147,0.691118,0.469508,0.585249,-0.226825,0.302421,-0.065933,-0.565129,-0.063509,-0.979329
-0.668348,-0.945669,0.286429,0.424361,-0.645208,0.209232,0.637982,0.221948,-0.473732,0.159941,0.026094,-0.345984,-0.041175,0.43872,-1.0
-0.805111,0.396447,-0.700485,-0.336219,-0.619117,0.570867,0.659758,0.08567,-0.385224,0.375221,-0.193739,-0.139924,0.393693,0.281646,-0.964107
0.906055,0.986414,-0.245325,-0.231313,0.096719,0.554085,0.637397,0.654557,0.0908,0.490211,0.361385,0.158961,-0.538801,-0.125753,-1.0
0.952291,-0.303904,-0.170294,-0.10379,0.2671,-0.351966,0.070375,0.118112,0.073973,-0.058624,0.960907,0.063614,-0.460948,0.021609,-0.942195
0.29135,0.206227,0.114759,-0.491718,0.752484,-0.741681,0.641744,0.59598,0.364426,-0.401703,-0.201651,0.304785,0.201279,-0.478656,-0.863591
-0.890481,0.339903,0.6615,0.102064,-0.129121,0.967154,0.699862,0.273286,-0.088948,0.557442,-0.309455,-0.194699,0.38609,0.33743,-1.0
-0.447348,-0.345309,0.498631,0.693919,-0.277171,-0.680242,0.550329,0.896178,-0.182376,-0.393907,-0.192423,0.472022,0.206711,-0.442933,-1.0
0.260629,-0.253119,-0.092775,-0.001562,0.36204,0.804498,0.54251,0.132126,0.189118,0.398542,-0.051192,-0.414139,0.012525,0.434362,-1.0
0.452209,0.151061,-0.128504,-0.83122,0.990994,-0.420652,0.201038,0.802631,0.169656,-0.070842,-0.488739,0.593027,0.373137,-0.315781,-1.0
-0.941301,0.731089,-0.832964,0.220596,0.01546,-0.291161,0.798027,0.973561,0.042122,-0.581717,-0.133648,0.112085,0.420556,-0.40121,-1.0
-0.314057,-0.299559,0.945072,0.384355,0.686169,-0.07943,0.947236,0.80163,0.760051,-0.096719,-0.08697,0.013458,0.532042,0.166989,-1.0
0.007038,0.174269,-0.099307,-0.552842,-0.389056,-0.870523,0.251999,0.907747,-0.037578,-0.120358,0.292225,0.708242,-0.187482,-0.529992,-1.0
0.189727,-0.631084,-0.034199,0.239105,0.528122,0.485749,0.176636,0.510108,0.203498,0.084644,-0.182697,-0.827318,0.139817,0.47601,-0.995296
-0.62058,0.306804,0.425741,0.777634,-0.103595,0.761381,0.108488,0.421754,-0.080981,0.088544,-0.678157,-0.607503,0.369365,0.307894,-0.954392
-0.785096,-0.516252,-0.854871,0.507104,-0.599393,0.027542,0.770302,0.625287,-0.595795,0.026743,-0.075956,-0.229611,0.214272,0.516759,-1.0
-0.039525,-0.282443,-0.900893,0.629544,-0.385638,0.545551,0.365593,0.646888,-0.127807,0.262052,0.284727,-0.528064,-0.234805,0.520849,-1.0
-0.7412,0.254845,0.661031,-0.615015,0.699266,0.633929,0.232513,0.342963,0.219463,0.115073,-0.775404,-0.191961,0.391926,0.122736,-1.0
0.070349,-0.884779,-0.212968,0.459989,-0.516935,0.316927,0.219589,0.431366,-0.124229,0.05029,0.37152,-0.768673,-0.235838,0.516762,-0.996535
-0.398667,0.263126,-0.471674,-0.557362,-0.995672,0.015163,0.959676,0.373801,-0.77746,-0.005853,0.056518,-0.015848,-0.517887,-0.123628,-0.915659
-0.806741,-0.939147,0.419628,-0.273452,-0.176853,-0.091387,0.684774,0.676635,-0.438558,-0.216476,-0.158932,-0.205349,0.285101,0.383254,-0.980884
-0.924396,-0.019844,-0.602622,0.97446,0.807978,-0.739179,0.46686,0.773655,0.278451,-0.092625,-0.430959,0.229168,0.411258,-0.22044,-0.953473
0.838515,-0.179292,-0.06065,0.647234,-0.767997,-0.765927,0.638804,0.216483,-0.351478,-0.346036,0.39053,0.156647,-0.401075,-0.076547,-1.0
0.466533,0.937531,0.06612,0.686265,0.745374,-0.566801,0.357894,0.755536,0.107914,-0.135403,0.005908,0.579777,0.127071,-0.499209,-0.909227
-0.636975,-0.742793,0.021661,-0.049564,-0.963934,-0.560554,0.361508,0.035805,-0.250977,-0.233087,0.529003,-0.364233,-0.48867,0.270502,-0.953589
-0.643674,-0.010237,0.559266,0.628346,0.132462,-0.155497,0.926316,0.638186,0.584978,-0.505823,-0.109313,0.00248,0.446773,0.003125,-1.0
-0.171069,0.624485,-0.072632,0.094648,0.258784,0.1801,0.506159,0.930505,0.424983,0.20386,-0.438099,0.328522,0.368914,-0.393256,-1.0
0.611632,0.558437,0.228126,0.149756,0.631474,0.164517,0.647576,0.112068,0.491048,0.154072,-0.059371,0.248047,0.046744,-0.490215,-0.937517
-0.117958,0.61485,-0.031214,0.7462,0.944499,0.536864,0.487721,0.012957,0.32762,0.194175,-0.553759,0.027295,0.416578,-0.013254,-0.898894
-0.603556,0.740889,0.202955,0.172206,0.553649,-0.887341,0.439054,0.947708,0.151429,-0.404402,-0.302408,0.519308,0.321965,-0.33948,-0.993012
0.971592,-0.06995,-0.744308,-0.318761,-0.891063,0.022291,0.965404,0.471194,-0.749177,0.075846,0.088694,0.026152,-0.496215,0.012008,-1.0
0.203502,-0.632954,-0.171216,-0.351975,-0.847827,-0.793906,0.416571,0.14788,-0.294725,-0.237213,0.613634,0.07792,-0.570547,-0.112114,-0.989884
0.202042,-0.661978,-0.03465,0.897091,-0.737538,0.857939,0.437786,0.673764,-0.279947,0.296927,0.391064,-0.463003,-0.374601,0.457922,-1.0
0.52325,-0.627165,0.728805,0.249871,-0.87025,-0.162858,0.017182,0.104312,-0.07883,0.093544,1.0,-0.291596,-0.453213,0.218469,-0.950746
-0.176867,-0.62418,-0.256732,0.376084,-0.926595,0.695455,0.859043,0.064261,-0.476442,0.357371,0.027127,-0.055902,-0.226291,0.42609,-0.963053
0.12276,0.164383,0.155533,-0.82452,0.203513,-0.746262,0.870068,0.883165,0.164192,-0.64547,-0.076259,0.086767,0.00322,-0.519832,-0.973083
0.676212,0.304445,0.116852,-0.463236,0.407484,-0.733511,0.019814,0.202455,-0.047535,-0.05342,0.20448,0.997394,-0.122742,-0.492231,-0.993937
0.082085,0.177131,-0.494736,-0.762784,0.150451,0.83989,0.471652,0.896623,0.049577,0.360886,-0.005795,-0.51435,0.043189,0.433915,-0.962914
-0.883878,0.970447,0.397567,0.759193,0.814046,-0.6936,0.773234,0.926381,0.394562,-0.426717,-0.116945,0.145577,0.413796,-0.371565,-0.94747
-0.431538,0.95719,-0.102665,0.187096,-0.152542,0.903212,0.451644,0.379031,-0.033845,0.350476,-0.54819,0.152689,0.502569,-0.144641,-0.938975
-0.345063,-0.712196,0.153666,-0.067543,-0.831261,-0.324834,0.948287,0.346416,-0.665863,-0.278662,0.069761,0.048699,-0.466698,0.352526,-1.0
-0.506471,-0.01916,-0.732791,0.722312,0.342459,0.303485,0.157918,0.399606,0.04513,0.068697,-0.796925,-0.387125,0.549379,0.251633,-0.934006
0.013359,-0.426416,-0.606503,0.54183,0.94016,-0.046194,0.99046,0.946379,0.745695,-0.071883,-0.009515,0.045025,0.435391,0.147627,-0.912667
-0.767086,-0.276067,-0.463004,-0.735806,0.409954,-0.018837,0.540604,0.416823,0.356162,-0.002929,-0.355893,-0.123151,0.499605,0.029139,-0.967916
0.152262,-0.356204,-0.341888,-0.423662,0.745673,-0.166328,0.977553,0.480695,0.764533,-0.201682,0.004674,0.06351,0.411628,0.187578,-1.0
0.314061,-0.849828,-0.316232,0.78785,-0.873586,0.837354,0.78634,0.455981,-0.443497,0.459559,0.039799,-0.192423,-0.362193,0.374928,-1.0
-0.188305,0.187111,-0.361418,0.673129,0.60404,-0.813165,0.820717,0.777301,0.416308,-0.507327,-0.075399,0.092032,0.336629,-0.437355,-0.952748
-0.564139,0.881654,0.510988,-0.27562,-0.198296,-0.565206,0.752364,0.503581,-0.069766,-0.587854,-0.062685,0.154332,0.156704,-0.467347,-1.0
-0.874721,0.514468,-0.818456,-0.819581,0.703577,-0.820066,0.126057,0.744525,0.067931,-0.065251,-0.73697,0.556522,0.366479,-0.264436,-0.981861
0.720421,0.767531,0.857784,0.648582,0.990834,-0.991313,0.696111,0.928489,0.437374,-0.366592,0.000717,0.354231,0.1075,-0.462207,-1.0
0.603703,-0.647363,-0.028295,0.548458,0.491328,-0.851557,0.304893,0.507507,0.189794,-0.216753,0.370752,0.584541,-0.185491,-0.462589,-0.982386
-0.51005,-0.147987,-0.379178,0.580813,0.525922,-0.349322,0.939442,0.92911,0.59718,-0.368665,-0.042038,0.081633,0.397561,-0.096388,-1.0
0.472299,-0.666901,0.115809,0.581635,-0.218282,0.583099,0.047408,0.834262,-0.054728,0.009624,0.524571,-0.832096,-0.203541,0.420736,-1.0
-0.232349,0.503446,-0.647592,-0.589355,-0.451792,-0.324348,0.658358,0.680618,-0.477299,-0.33494,0.105178,0.325177,-0.155887,-0.531829,-1.0
-0.215632,0.900904,0.429959,-0.137775,0.264392,0.412439,0.683573,0.101645,0.415408,0.433262,-0.216779,0.299657,0.315277,-0.390031,-0.96408
-0.317321,-0.129248,0.111204,-0.960557,0.170669,0.176888,0.983145,0.453447,0.49173,0.610539,-0.041105,0.043047,0.468004,0.348978,-1.0
0.677547,0.127669,-0.439188,0.976837,-0.2234,-0.787764,0.575635,0.179235,-0.094391,-0.490286,0.274057,0.291208,-0.32025,-0.353058,-1.0
-0.293396,-0.430665,0.400265,0.51619,-0.577925,-0.245928,0.603157,0.156106,-0.355411,-0.232092,0.321274,-0.134187,-0.464443,0.246893,-1.0
-0.789786,0.65023,0.476446,0.828594,0.145672,-0.702128,0.203972,0.185818,0.062706,-0.142679,-0.45626,0.603475,0.334128,-0.352928,-1.0
0.662344,0.491437,0.252476,0.173118,-0.761983,-0.200634,0.18424,0.85167,-0.155747,-0.117422,0.745116,0.398934,-0.548726,-0.187845,-0.96422
-0.548695,-0.737586,0.234326,0.267832,-0.261356,-0.264707,0.945441,0.621194,-0.559331,-0.573565,-0.11844,-0.17832,0.318571,0.417725,-0.983051
-0.793901,0.129355,0.9321,0.549826,0.041123,0.724234,0.969405,0.598568,0.092204,0.740077,-0.126193,0.03019,0.285413,0.2644,-0.936117
0.726296,0.000293,-0.541588,-0.870935,-0.942922,0.309113,0.040339,0.714542,-0.06158,-0.077014,1.0,-0.152865,-0.473519,0.106469,-0.998962
0.979301,0.904192,-0.87311,-0.740888,0.870869,0.682038,0.326656,0.011372,0.215198,0.131207,0.322131,0.622507,-0.242735,-0.47589,-0.957782
0.039903,-0.529061,0.727922,0.791905,-0.795309,0.651432,0.659289,0.865145,-0.421245,0.306277,0.257299,-0.326607,-0.166229,0.409905,-1.0
0.387925,0.126216,-0.379777,-0.515699,-0.540927,0.979504,0.544874,0.652042,-0.199573,0.379704,0.392053,-0.31063,-0.379086,0.369582,-1.0
-0.175837,-0.404656,-0.142986,-0.506712,0.656286,-0.940416,0.327898,0.340768,0.216868,-0.147138,-0.497843,0.329529,0.416826,-0.261798,-1.0
-0.540483,-0.099646,0.960319,-0.537237,0.772611,-0.140934,0.578304,0.265403,0.446643,-0.041996,-0.524985,0.000562,0.467305,0.047295,-1.0
0.901194,0.943017,0.817093,-0.216524,0.325317,-0.083713,0.910898,0.026073,0.669693,-0.173197,-0.022373,0.079837,-0.270349,-0.387667,-1.0
-0.509566,-0.025174,0.781734,-0.449837,0.148106,0.167275,0.324347,0.678853,0.185251,0.233674,-0.60815,-0.145136,0.48268,0.126024,-1.0
-0.161079,0.63869,0.68413,-0.138039,-0.836427,0.462336,0.681931,0.511569,-0.437969,0.249963,0.342213,0.093586,-0.477081,-0.159826,-1.0
0.879692,-0.044389,0.121671,-0.441862,-0.83121,-0.998751,0.168513,0.777087,-0.01756,-0.087164,0.711349,0.41741,-0.467906,-0.250487,-0.930897
0.34541,0.977962,0.937684,-0.717052,0.392751,0.153476,0.161402,0.625249,0.12135,-0.004643,-0.081854,0.882428,0.06327,-0.382224,-0.99311
-0.839784,0.384837,-0.083835,-0.56297,0.680374,0.758747,0.366566,0.062612,0.165377,0.328543,-0.647112,-0.07193,0.470952,0.146131,-0.937123
0.964294,-0.394258,0.122412,0.675057,-0.786955,0.255462,0.496838,0.206136,-0.357655,0.109484,0.506715,-0.157665,-0.45822,0.120873,-0.999116
0.280111,-0.855883,-0.879278,-0.574891,0.45053,0.816556,0.71408,0.838815,0.322615,0.502497,-0.037175,-0.310803,0.027754,0.469012,-0.965037
0.219682,0.459385,0.67092,0.793715,0.544109,-0.810367,0.11417,0.78178,0.129905,-0.018327,-0.156893,0.929387,0.132371,-0.420452,-0.989005
-0.338709,-0.772493,-0.09278,-0.967389,0.438467,0.477791,0.895622,0.317901,0.589663,0.498813,-0.067208,-0.112237,0.287736,0.318118,-1.0
-0.574561,-0.268816,0.390895,-0.637347,0.065716,0.991373,0.442105,0.443038,-0.008661,0.321473,-0.302812,-0.482027,0.255567,0.46585,-1.0
-0.976692,-0.470368,0.704649,0.498333,-0.945065,0.60891,0.786356,0.289033,-0.459504,0.386883,0.01901,-0.232186,-0.097321,0.546497,-1.0
-0.42038,-0.825403,0.675287,-0.405469,0.413969,0.135299,0.40668,0.503513,0.266048,0.121536,-0.542833,-0.402668,0.378639,0.491774,-0.999098
-0.58063,-0.829354,0.168283,-0.700394,0.350371,0.153636,0.036855,0.341026,0.01738,0.020594,-0.568726,-0.619106,0.411233,0.427465,-0.995192
0.364416,-0.398746,0.617409,0.164837,-0.868429,-0.086289,0.08168,0.855318,-0.075506,-0.007141,0.967675,-0.117211,-0.579041,0.086965,-1.0
0.139326,0.147482,0.543936,0.354322,0.629874,0.898465,0.123855,0.648702,0.038727,0.040559,-0.421207,-0.75103,0.334239,0.435888,-0.996504
-0.556118,-0.641752,0.702391,0.212589,0.907555,0.017783,0.237567,0.271948,0.217459,-0.091709,-0.652282,-0.343584,0.497361,0.244279,-0.925395
0.54893,-0.860062,-0.911432,0.377125,0.459201,0.60189,0.744846,0.634348,0.315866,0.419033,-0.044446,-0.241193,-0.006256,0.4419,-1.0
-0.753731,-0.476718,0.373921,0.293821,-0.02862,0.474565,0.38307,0.251329,0.074505,0.368567,-0.330839,-0.431288,0.391872,0.4421,-1.0
-0.730791,0.996741,-0.1803,-0.338767,-0.594696,0.942762,0.078166,0.863106,0.008688,0.023139,-0.776303,0.300068,0.384589,-0.275452,-0.972265
0.501731,0.089694,0.883288,-0.427769,0.280669,-0.747506,0.013516,0.515295,0.034917,0.016516,0.244985,0.837501,-0.129178,-0.494104,-1.0
-0.526621,-0.541319,-0.259762,-0.024417,-0.662944,-0.820636,0.496398,0.654568,-0.229499,-0.288028,0.23986,0.494873,-0.260804,-0.411945,-1.0
0.472497,-0.878824,-0.124423,-0.990516,0.485145,0.104964,0.40145,0.508494,0.337103,0.096605,0.024992,-0.534898,-0.025704,0.46756,-0.963425
-0.019312,0.515664,-0.575995,0.497821,-0.967903,0.564098,0.526064,0.946101,-0.349133,0.142959,0.44601,-0.067713,-0.469054,0.030408,-0.954722
0.366777,-0.551028,0.041148,-0.378102,0.669838,-0.200239,0.220764,0.598643,0.211648,-0.187963,-0.427498,-0.599233,0.352338,0.464765,-0.946294
-0.190261,-0.441493,-0.610742,-0.334183,-0.521749,-0.80439,0.69552,0.211281,-0.317898,-0.379262,0.254,0.181054,-0.356845,-0.312689,-1.0
-0.854198,-0.478165,0.772316,0.47479,0.826136,0.552146,0.606214,0.432059,0.31713,0.250737,-0.333055,-0.225713,0.39675,0.225109,-0.937636
0.195981,-0.18389,-0.967477,-0.434296,-0.221221,0.642318,0.632404,0.612396,-0.169037,0.488485,0.126347,-0.361979,-0.315166,0.4497,-1.0
0.568038,0.700571,0.602537,0.638115,-0.752947,-0.908662,0.897441,0.485471,-0.417672,-0.476677,0.081426,0.118078,-0.317348,-0.372641,-0.95539
-0.012781,0.410073,-0.669533,-0.801989,-0.945024,0.367316,0.33693,0.229798,-0.269117,0.043634,0.62604,0.057686,-0.543529,-0.05614,-0.915616
0.400439,-0.620792,0.945532,-0.937855,0.226271,-0.490322,0.966686,0.128907,0.433167,-0.655764,-0.020193,0.017014,-0.447599,0.256674,-0.968961
-0.87996,-0.609481,0.02385,0.705478,-0.575361,0.427556,0.811924,0.710302,-0.637011,0.417696,-0.059697,-0.174757,0.151181,0.461089,-0.893555
0.856643,-0.212555,0.936814,-0.579874,-0.914757,0.691032,0.53399,0.061153,-0.354199,0.332965,0.392096,-0.239372,-0.444622,0.209837,-0.970106
0.811089,0.468077,0.583425,0.821185,0.295614,-0.055857,0.577227,0.467612,0.441554,-0.172553,0.280712,0.2313,-0.390938,-0.359206,-1.0
0.980301,-0.77305,-0.845853,-0.468495,0.500174,-0.439708,0.462868,0.401537,0.278246,-0.257018,0.40525,-0.302692,-0.562865,0.290308,-1.0
0.179048,0.076276,-0.68366,-0.400976,-0.167088,-0.84901,0.805354,0.868149,-0.128045,-0.730888,0.0583,0.13038,-0.172244,-0.47432,-0.9699
0.961928,-0.024889,-0.242367,-0.454888,0.678358,0.789067,0.921204,0.970188,0.536416,0.565544,-0.054173,-0.10026,-0.20267,0.517029,-1.0
-0.452896,0.05098,0.00023,-0.116693,0.350884,-0.129993,0.364178,0.911129,0.30542,-0.135266,-0.58644,0.081689,0.487398,-0.082719,-1.0
-0.256624,-0.434925,0.844162,-0.440202,-0.631831,-0.788447,0.471261,0.229213,-0.27368,-0.262915,0.404125,0.311812,-0.316796,-0.388115,-0.946017
-0.546568,0.330816,-0.991136,-0.463251,0.487794,0.319385,0.543988,0.215913,0.342206,0.172547,-0.531002,0.030973,0.393353,-0.026984,-0.994248
0.479879,0.192301,-0.596757,0.210319,0.26338,-0.453932,0.602198,0.526311,0.190422,-0.337295,0.147523,0.309923,-0.137792,-0.597149,-0.952057
-0.990337,-0.461866,-0.604542,-0.572047,0.178467,0.973466,0.031895,0.821566,-0.033051,0.087139,-0.499559,-0.733271,0.306783,0.371164,-0.980595
0.681175,0.534844,-0.026669,-0.178002,0.506709,0.747143,0.932331,0.950313,0.446788,0.6272,0.106991,-0.027562,-0.335252,0.373755,-1.0
0.045677,-0.004359,0.005539,-0.824668,-1.1e-05,-0.209946,0.612949,0.894192,0.042574,-0.456182,0.043633,0.309986,-0.219342,-0.471705,-0.945744
0.749157,0.823512,0.395356,0.688388,-0.981529,0.321027,0.53081,0.953378,-0.364955,0.15327,0.437138,0.187102,-0.433586,-0.130404,-1.0
0.737838,0.022568,-0.247267,-0.096547,-0.850455,0.773622,0.182465,0.97836,-0.126995,0.074143,0.708371,-0.366357,-0.386414,0.322084,-0.976574
-0.54379,-0.758209,0.909168,-0.765339,0.202982,-0.675043,0.263504,0.027392,0.038136,-0.209919,-0.741746,-0.13362,0.533809,0.028818,-1.0
0.168755,0.95051,-0.437775,0.346593,0.773384,-0.683866,0.969397,0.738506,0.52903,-0.51596,0.09822,-0.061098,0.091963,-0.531645,-1.0
-0.622313,0.412378,-0.706804,-0.56999,-0.296674,0.055781,0.135734,0.367423,-0.034337,0.049843,-0.531469,0.716888,0.320262,-0.44153,-0.96436
-0.933247,-0.162544,-0.803594,-0.339,0.501765,0.319562,0.603849,0.94555,0.487697,0.236652,-0.35071,-0.101833,0.461737,0.104674,-0.910257
-0.528767,0.483179,-0.606072,-0.572296,0.113121,0.284107,0.932463,0.615225,0.255762,0.732489,0.001008,-0.001307,0.518852,-0.198778,-1.0
0.995452,0.112718,-0.277553,0.694667,-0.144183,0.683655,0.369769,0.009535,-0.021223,0.441879,0.555824,-0.262556,-0.499976,0.245035,-0.974892
-0.363075,-0.604803,-0.372718,0.306682,0.171756,-0.143511,0.847345,0.263161,0.402614,-0.501944,-0.125101,-0.11604,0.390048,0.311798,-0.970089
-0.375188,0.941647,0.980912,0.797315,-0.230146,0.124513,0.325392,0.854143,-0.245411,0.214021,-0.068277,0.765652,0.143378,-0.407379,-0.910103
0.40125,-0.157394,0.725583,0.305123,0.410694,-0.152014,0.949225,0.738806,0.680788,-0.257791,0.009998,-0.028668,0.55197,0.254201,-0.982614
0.332013,0.916474,-0.499175,-0.154962,-0.035966,0.354884,0.863447,0.007312,-0.039711,0.688231,0.106893,0.067603,-0.232234,-0.369805,-1.0
0.001136,0.06608,-0.201766,-0.677276,-0.679917,0.44558,0.495505,0.164674,-0.32155,0.239419,0.442149,-0.216229,-0.443543,0.256648,-1.0
-0.251444,-0.025181,0.991544,-0.58775,0.580655,-0.158945,0.716516,0.606198,0.503854,-0.210277,-0.198161,0.053666,0.510269,-0.109212,-0.984088
0.758771,-0.88442,0.045115,0.725369,0.546298,0.017614,0.015199,0.481714,0.062323,0.025538,0.227234,-0.936463,-0.163974,0.542568,-0.936556
0.44471,-0.565374,0.730665,0.997716,0.841303,0.675594,0.682225,0.174527,0.448619,0.388659,0.03945,-0.401409,0.160034,0.441101,-0.902295
-0.73193,-0.637378,0.065384,0.509876,-0.52089,0.016629,0.433624,0.486202,-0.400494,0.095713,-0.166432,-0.532376,0.150117,0.516972,-1.0
-0.246791,0.703623,0.612516,-0.975201,-0.995605,-0.45284,0.610984,0.887469,-0.476768,-0.138657,0.193164,0.294698,-0.197399,-0.335836,-0.962994
-0.559211,0.03221,0.572511,0.924092,0.577487,0.61391,0.701968,0.729229,0.399848,0.45907,-0.305177,-0.175793,0.503943,0.191093,-1.0
-0.384395,-0.985432,-0.868516,0.771826,-0.319924,-0.651575,0.975089,0.993436,-0.41812,-0.677255,0.002086,-0.011748,0.089623,0.517422,-1.0
-0.150171,-0.528334,-0.44357,0.315461,0.544416,0.172247,0.887758,0.698801,0.660586,0.185821,-0.061267,-0.156384,0.30546,0.31866,-0.990779
-0.240403,-0.747433,-0.232904,-0.094713,-0.348205,0.18273,0.979719,0.632979,-0.707234,0.414238,0.068141,0.040061,0.000787,0.514803,-0.935916
0.059633,0.98984,-0.680716,-0.065322,-0.292093,0.3627,0.210128,0.003618,-0.074053,0.156442,0.405601,0.65141,-0.261731,-0.416275,-0.930689
-0.056258,-0.143449,0.450864,-0.334599,-0.913791,-0.759955,0.308955,0.629523,-0.225509,-0.135639,0.513776,0.43347,-0.533198,-0.308217,-0.989676
-0.087134,-0.661978,-0.28207,0.989259,0.051098,-0.746359,0.209503,0.487781,-0.013785,-0.204722,-0.667235,0.477614,0.38881,-0.193032,-0.942717
0.695723,-0.738596,0.46743,-0.871957,0.025415,-0.664668,0.805817,0.870741,0.055316,-0.737498,0.240372,-0.050789,-0.501861,0.053945,-0.969801
0.576403,-0.648109,0.439343,-0.138811,-0.021222,0.837271,0.368548,0.291158,-0.000882,0.348683,0.182435,-0.541454,-0.191976,0.459828,-0.910904
-0.283061,0.40284,0.313416,0.861921,-0.134244,-0.229976,0.457687,0.884731,-0.074607,-0.376735,-0.125707,0.626661,0.147571,-0.359933,-1.0
-0.910257,-0.530778,-0.690786,0.726442,0.432866,-0.90535,0.642456,0.892349,0.215684,-0.382889,-0.33336,0.050069,0.432574,-0.11244,-0.992456
0.309937,0.806362,-0.665211,-0.20905,-0.078179,0.970402,0.221401,0.353621,0.049119,0.054669,0.711143,-0.278707,-0.445201,0.24616,-0.926629
-0.999349,-0.313033,-0.266546,0.057337,0.827367,0.66535,0.293429,0.968023,0.251911,0.156109,-0.590752,-0.40965,0.419058,0.254912,-1.0
-0.46914,-0.439551,0.882065,0.804151,-0.147582,-0.160604,0.828454,0.188507,-0.477988,-0.536591,-0.165287,-0.085274,0.326486,0.378281,-0.985075
-0.839856,0.358213,0.477469,0.159454,-0.702466,-0.5013,0.03374,0.500497,0.056141,-0.061291,-0.088747,0.97731,0.04438,-0.447625,-0.990908
0.241322,-0.724233,-0.318537,0.024826,0.09359,-0.49554,0.876294,0.658438,0.197558,-0.680798,0.081228,-0.010357,-0.250631,0.437875,-0.963837
-0.729646,-0.78046,-0.89769,-0.655457,0.144525,0.591373,0.820338,0.504798,0.183151,0.647155,-0.168747,-0.12737,0.258124,0.423751,-1.0
0.159439,-0.569806,0.525249,0.437881,0.012299,-0.426246,0.905522,0.738852,0.033372,-0.772197,0.059204,-0.092421,-0.296913,0.331172,-0.872614
0.83208,-0.256501,-0.112005,0.110714,0.53265,0.549345,0.836489,0.377436,0.462576,0.513785,0.053667,-0.128831,-0.117404,0.500195,-0.948287
-0.657309,0.998875,-0.790116,0.157655,-0.836613,0.402399,0.061507,0.917427,-0.100693,0.056488,0.344444,0.994125,-0.221476,-0.44984,-0.937266
0.896357,0.13059,0.797661,-0.450549,-0.183137,-0.770706,0.977828,0.483403,-0.184964,-0.766639,0.012416,0.028653,-0.386899,-0.359165,-1.0
-0.275542,-0.565021,-0.157594,-0.988535,-0.117284,0.528663,0.114694,0.276333,0.00954,0.028074,-0.13692,-0.822532,0.127004,0.50039,-1.0
0.563463,0.160926,-0.457752,0.766048,0.906232,0.169935,0.137777,0.728576,0.013029,-0.01079,-0.789172,0.045376,0.554647,0.017884,-1.0
0.709383,-0.021629,-0.485949,-0.327303,-0.974339,0.720096,0.930182,0.074848,-0.588483,0.444376,0.195609,0.039325,-0.442461,0.104222,-0.988428
0.821613,0.653284,-0.292748,0.59565,0.479509,-0.272748,0.949423,0.477403,0.735077,-0.303957,0.008679,0.038668,-0.174195,-0.50589,-1.0
0.552274,-0.323028,-0.417104,0.002008,-0.568685,0.067526,0.219578,0.434956,-0.206739,-0.01864,0.768449,-0.33083,-0.467629,0.180806,-1.0
-0.798481,0.302859,0.395703,0.680462,0.140366,0.430485,0.953943,0.211752,0.275339,0.855359,-0.061099,-0.055725,0.492542,0.192629,-0.968204
-0.448208,0.117617,-0.685473,0.358493,-0.763664,0.832848,0.526975,0.683688,-0.293124,0.27761,0.135891,-0.454286,-0.145713,0.456496,-0.961611
-0.111691,0.376973,0.977376,-0.375715,-0.664562,0.868297,0.755953,0.018627,-0.39903,0.503678,0.243957,-0.142442,-0.388015,0.369125,-1.0
0.872329,-0.925812,0.235197,0.862795,0.07353,0.861823,0.631947,0.414499,0.03792,0.561158,0.165019,-0.298839,-0.219446,0.468454,-0.987314
0.629022,0.770456,-0.528076,0.792734,0.072203,0.365735,0.307337,0.961734,0.023087,0.254518,0.62553,0.416689,-0.384391,-0.32529,-0.913763
0.286662,-0.367867,0.21806,-0.767671,0.403844,0.469808,0.83153,0.501465,0.436551,0.467821,0.039793,-0.152833,0.113537,0.498172,-0.916881
-0.157546,-0.480285,0.030066,-0.320439,0.155218,0.355198,0.967562,0.208013,0.324762,0.708515,-0.089926,-0.046302,0.101821,0.486075,-1.0
-0.231876,0.984137,0.466718,0.427689,0.963617,-0.759442,0.358898,0.253147,0.195306,-0.109454,-0.305063,0.539458,0.352432,-0.383883,-0.937303
0.755316,0.303279,-0.075883,-0.547105,-0.882351,0.283162,0.804176,0.495692,-0.626537,0.18039,0.251459,-0.008186,-0.520712,0.021795,-1.0
0.257083,0.861839,0.409462,0.992975,0.164483,0.855455,0.236516,0.593407,0.052343,0.227127,0.801409,0.086849,-0.490172,0.005705,-0.994027
-0.45775,0.107678,0.466467,-0.458251,0.260726,-0.053392,0.181838,0.902388,0.166444,-0.060547,-0.794464,0.131572,0.384684,-0.16435,-1.0
0.343406,-0.74421,-0.404474,-0.255151,-0.115089,0.906174,0.031984,0.395188,-0.021322,-0.029463,0.245934,-0.821584,-0.135262,0.558762,-0.937682
0.33483,-0.137067,0.544117,-0.43632,0.575932,0.543376,0.223929,0.423246,0.160271,0.061277,-0.210113,-0.800792,0.165589,0.432089,-1.0
-0.926202,-0.872015,0.731376,-0.130168,-0.448609,0.346509,0.587521,0.555175,-0.312939,0.273961,-0.204705,-0.435447,0.214822,0.524875,-0.976752
0.500746,-0.575099,0.806731,-0.841468,0.693235,0.010782,0.287559,0.401715,0.204956,0.005924,-0.093383,-0.74277,0.288438,0.502833,-1.0
0.601432,0.644438,0.488817,0.060166,-0.24482,0.728402,0.070704,0.524457,0.087167,-0.005005,0.931246,-0.21461,-0.521379,-0.0114,-0.980021
-0.555417,-0.026318,0.583565,-0.326135,-0.235354,0.35496,0.073761,0.499975,-0.041406,-0.017551,-0.497305,-0.663289,0.32193,0.381812,-1.0
-0.00867,0.656166,-0.541671,0.023821,0.787003,-0.520347,0.436965,0.564334,0.304862,-0.217079,-0.341003,0.488882,0.22704,-0.384045,-0.948081
-0.375244,0.981269,0.389773,0.352778,-0.307516,-0.541266,0.196387,0.401209,-0.048812,-0.14221,-0.085291,0.824249,0.042347,-0.554377,-1.0
-0.798323,0.387607,0.126866,-0.888123,0.215303,0.676746,0.459422,0.685095,0.088593,0.338135,-0.50628,-0.127703,0.462986,0.072463,-0.930534
0.510653,0.893819,0.703216,-0.515938,-0.891827,0.148898,0.751257,0.652816,-0.55212,0.169384,0.238341,0.065706,-0.464282,-0.273555,-1.0
0.694341,0.585548,-0.513996,0.456454,0.531627,0.944632,0.038764,0.875353,0.041442,0.083663,0.269403,-0.903633,-0.135535,0.453608,-1.0
0.166539,0.18203,0.831998,-0.013607,-0.532188,-0.216874,0.346779,0.357294,-0.279409,-0.084646,0.589141,0.267501,-0.502394,-0.250625,-1.0
0.835627,0.513131,-0.189516,0.803595,-0.111087,0.769864,0.57883,0.276579,-0.120019,0.431831,0.423069,-0.178298,-0.515753,0.096251,-0.970022
0.894169,0.585524,0.089609,-0.730684,-0.687574,0.116827,0.524548,0.62929,-0.27918,0.066698,0.495689,0.117573,-0.48211,-0.115815,-1.0
-0.218445,-0.180229,0.780175,-0.217834,0.664508,-0.789055,0.671892,0.752156,0.347629,-0.43833,-0.300607,0.186226,0.373623,-0.375126,-0.966664
-0.222998,0.188261,-0.723696,-0.770455,0.186348,-0.717442,0.426253,0.404448,0.083381,-0.395709,-0.291904,0.560261,0.213724,-0.409744,-1.0
-0.02724,0.213475,0.658716,-0.600559,0.207095,0.978872,0.020236,0.793324,0.032429,0.012279,-0.334666,-0.878386,0.038703,0.403373,-1.0
-0.424545,-0.551301,-0.600436,-0.311007,-0.260596,0.563993,0.302689,0.659746,-0.016373,0.176454,-0.068984,-0.714247,0.098286,0.526325,-0.96686
-0.772773,-0.813908,0.50936,0.396,0.376632,0.500665,0.914929,0.769729,0.443832,0.622282,-0.137549,-0.098201,0.283686,0.359923,-1.0
0.441535,0.147373,-0.159577,0.518942,-0.829849,0.90466,0.573642,0.360688,-0.235376,0.392564,0.429646,-0.227815,-0.405715,0.282954,-0.929334
-0.183983,0.686959,-0.469855,-0.938319,0.755994,0.384802,0.597585,0.835081,0.43925,0.220362,-0.346695,0.053432,0.473715,-0.144503,-0.956714
-0.194941,-0.62237,-0.826349,0.290272,0.878729,0.406645,0.633778,0.707399,0.473973,0.164588,-0.256531,-0.30924,0.372941,0.374128,-0.997591
-0.559851,-0.802672,0.284491,-0.446863,0.666917,0.606975,0.508543,0.130672,0.279328,0.303458,-0.206362,-0.385249,0.332656,0.539352,-0.943818
-0.930743,0.072021,-0.41214,-0.978572,0.825388,-0.194373,0.782946,0.238574,0.616802,-0.15018,-0.091212,0.05278,0.460342,-0.078564,-0.979988
0.027067,0.540711,0.028931,0.106038,-0.050451,0.370741,0.937749,0.109741,-0.14501,0.790138,0.039529,0.095731,-0.129965,-0.527612,-1.0
-0.444225,0.845387,0.961415,-0.706614,0.41439,-0.436045,0.375437,0.619414,0.246539,-0.270987,-0.360928,0.559165,0.230298,-0.467061,-0.999762
-0.246355,-0.597401,-0.015644,-0.595292,-0.31014,-0.985759,0.438272,0.733506,-0.127543,-0.380209,0.060548,0.584001,-0.154123,-0.501213,-0.969638
-0.697851,-0.703188,-0.54654,0.674496,-0.405328,0.458226,0.928604,0.906582,-0.481131,0.668538,-0.013169,-0.060534,0.1757,0.525473,-1.0
-0.454265,0.12125,0.394973,0.481296,-0.488169,0.011012,0.532594,0.914512,-0.444476,0.014002,0.107157,0.389025,-0.144389,-0.514598,-0.972003
0.161297,0.985996,-0.538052,-0.195788,0.878636,-0.889003,0.967251,0.395136,0.488968,-0.560284,-0.039088,0.063684,0.1562,-0.455617,-0.994959
-0.578515,-0.219176,0.403884,-0.723395,0.730835,-0.387692,0.927624,0.491082,0.677743,-0.36612,-0.128404,-0.033281,0.412372,-0.074775,-0.973804
0.289935,0.146225,0.446031,-0.819325,-0.579748,0.019317,0.196188,0.909249,-0.072095,0.067977,0.735124,0.18852,-0.541986,-0.038029,-0.994473
0.65607,0.081168,-0.170121,-0.858974,0.626886,-0.239117,0.411764,0.956848,0.339713,-0.147413,0.054045,0.534726,0.046965,-0.454852,-0.882923
-0.370013,-0.566528,0.130284,-0.475395,-0.484819,-0.968179,0.443204,0.493523,-0.167795,-0.394245,0.170252,0.518785,-0.077528,-0.521772,-1.0
-0.544827,-0.286452,0.453096,0.72036,0.713628,0.182985,0.48047,0.499254,0.380971,0.121578,-0.434067,-0.133834,0.575949,0.12668,-0.957423
0.652365,-0.836204,-0.039911,-0.100609,0.235374,-0.82129,0.379335,0.564246,0.073106,-0.311999,0.634165,0.009968,-0.487533,0.019931,-1.0
0.723817,0.507161,0.921713,0.740295,-0.052547,-0.090814,0.709044,0.823098,-0.291523,-0.491398,0.202239,0.137386,-0.446522,-0.23028,-0.97836
-0.136903,-0.491318,-0.283902,0.712855,0.450284,0.875756,0.043324,0.309442,0.011919,0.001258,-0.406393,-0.905424,0.15445,0.465666,-1.0
0.04314,-0.422736,0.933658,0.857891,-0.453973,-0.120705,0.91386,0.593348,-0.714118,-0.161172,0.05189,-0.087195,-0.464401,0.296904,-1.0
0.034996,-0.410973,-0.428059,-0.758456,-0.77723,-0.629431,0.309373,0.896782,-0.125949,-0.172372,0.726173,0.236792,-0.447544,-0.132053,-1.0
0.147492,0.17845,-0.602956,0.330048,0.038919,-0.693232,0.508573,0.1906,0.044978,-0.432715,0.053683,0.433139,-0.091466,-0.593634,-1.0
0.519953,-0.144737,-0.464944,-0.759637,0.940768,-0.348243,0.013602,0.092691,0.066461,-0.074078,-0.792168,0.445046,0.468842,-0.193169,-0.97682
0.819816,-0.772982,-0.817885,0.175567,0.795632,-0.678379,0.874894,0.235841,0.563497,-0.430883,0.10669,-0.088914,-0.161507,0.452737,-1.0
-0.136142,0.877891,0.683668,-0.984939,0.224995,-0.610902,0.275336,0.077162,-0.050628,-0.18975,-0.252088,0.620714,0.085274,-0.545691,-0.901619
0.528541,0.85441,-0.468561,-0.312562,-0.637594,-0.162925,0.508849,0.211452,-0.390614,-0.02461,0.401747,0.355273,-0.389564,-0.316084,-0.981574
-0.543693,0.704826,-0.920116,-0.297321,0.193021,-0.572913,0.588402,0.637931,0.088046,-0.456786,-0.142037,0.36416,0.29056,-0.415552,-0.94576
0.654743,0.701097,-0.283378,-0.813673,-0.917824,0.533315,0.416267,0.49018,-0.261934,0.133953,0.556296,0.149445,-0.504973,-0.026614,-0.960485
-0.201598,-0.597493,-0.211171,-0.745273,0.891162,-0.239105,0.741053,0.076506,0.592929,-0.147887,-0.260965,-0.085937,0.441629,0.138309,-0.902571
-0.463994,0.958469,-0.144425,-0.77898,0.603176,0.076805,0.795719,0.261764,0.704422,0.167845,-0.209579,0.102683,0.377469,-0.265731,-1.0
0.160615,0.6989,0.916981,-0.08261,0.890096,0.915714,0.100424,0.444733,0.005259,0.013017,-0.881105,-0.300166,0.462607,0.101659,-1.0
0.059858,-0.416735,-0.197491,0.038909,0.165019,-0.178806,0.643348,0.234278,0.328501,-0.409381,-0.204416,-0.341186,0.132186,0.504199,-0.984548
-0.112642,-0.337914,0.879274,-0.122809,-0.637575,-0.796297,0.623814,0.456962,-0.302932,-0.306203,0.263016,0.29657,-0.366385,-0.351567,-1.0
-0.323715,0.049637,0.143068,-0.387801,0.119926,-0.588459,0.96831,0.852107,0.199248,-0.819705,-0.048717,0.045402,0.361583,-0.408175,-1.0
-0.115471,-0.403334,-0.716453,-0.439445,-0.63698,0.077533,0.753107,0.329739,-0.620914,0.067973,0.181473,-0.101272,-0.31446,0.328156,-1.0
0.372192,-0.673215,-0.041399,-0.486732,0.898277,0.901339,0.214015,0.197022,0.088284,0.117438,-0.249532,-0.82654,0.196427,0.514062,-1.0
-0.283369,-0.63312,-0.025024,0.472309,0.140535,0.443175,0.366566,0.67687,-0.020772,0.196531,-0.205995,-0.638902,0.236667,0.473181,-0.963618
-0.916579,0.554528,-0.622072,-0.20157,-0.943746,-0.247343,0.316806,0.60203,-0.26411,-0.117017,0.099132,0.695351,0.029588,-0.416043,-1.0
-0.264777,0.825862,0.268529,-0.665364,0.867599,0.611878,0.754043,0.326576,0.475478,0.379045,-0.334448,0.09282,0.414744,-0.132967,-0.971716
0.44265,-0.698996,-0.204838,0.9622,0.490532,-0.627513,0.739355,0.777818,0.334552,-0.426191,-0.160807,-0.231819,0.338677,0.349556,-1.0
0.493336,-0.749707,0.333491,0.745445,-0.445326,-0.115575,0.279484,0.996606,-0.276602,-0.062638,0.602436,-0.411324,-0.413616,0.122866,-0.991792
0.069821,0.878386,0.678024,-0.103407,0.83514,-0.209932,0.173179,0.456804,0.235074,0.020413,-0.512195,0.662875,0.332001,-0.3132,-1.0
-0.90669,0.754857,-0.65874,-0.577055,0.740146,0.853857,0.846039,0.235791,0.427448,0.472746,-0.249719,0.060177,0.536255,-0.011409,-0.955418
0.787229,0.81091,-0.563669,-0.636282,-0.681602,0.342378,0.372136,0.826936,-0.231156,0.117367,0.67977,0.177662,-0.521096,-0.198313,-0.949082
0.542244,-0.425203,-0.434247,0.634951,0.28145,-0.932723,0.630736,0.970543,0.077025,-0.493646,0.163062,0.321076,-0.169996,-0.46342,-1.0
0.861021,-0.627673,0.009758,-0.825947,-0.785234,0.105448,0.020019,0.557809,-0.046967,0.020293,0.86875,-0.395276,-0.440438,0.272381,-1.0
0.126334,0.997713,-0.223774,0.081061,-0.618197,-0.560841,0.542722,0.95456,-0.328924,-0.327065,0.196878,0.412761,-0.137555,-0.407036,-1.0
-0.290205,0.245345,0.247389,-0.894276,-0.615472,0.865859,0.819721,0.433262,-0.413723,0.543253,0.123574,-0.158889,-0.207174,0.561959,-1.0
-0.479124,0.770537,0.822688,0.969654,-0.432615,0.220437,0.014303,0.813362,-0.070339,-0.003497,-0.022792,0.879178,-0.014049,-0.507564,-1.0
-0.373451,-0.93766,0.591941,0.629646,-0.330675,0.042302,0.302773,0.786446,-0.223206,0.109215,-0.040289,-0.718258,0.045538,0.54546,-0.90574
-0.56689,0.165216,-0.866359,0.260099,0.865267,0.194533,0.357434,0.55005,0.297337,-0.022309,-0.662355,0.031428,0.508677,0.097094,-0.90452
-0.935467,-0.202902,0.550559,0.147326,-0.175785,-0.483933,0.000442,0.891885,0.06476,-0.057246,-0.887536,0.432857,0.436355,-0.066861,-1.0
0.073663,-0.601432,-0.081962,-0.771289,-0.689084,-0.772637,0.846031,0.75265,-0.469226,-0.576638,0.127398,-0.016819,-0.467465,-0.04794,-0.978603
-0.279466,-0.21941,0.653833,0.018545,0.988749,-0.022213,0.360992,0.919635,0.202719,-0.012991,-0.576649,-0.180753,0.438715,0.019564,-1.0
0.776978,-0.692998,-0.541131,0.228908,-0.16525,0.90472,0.406462,0.22564,0.033025,0.248924,0.319014,-0.519059,-0.253812,0.422946,-0.987411
0.998506,0.769671,-0.330371,0.631061,-0.847817,-0.376351,0.19505,0.425819,-0.144809,-0.117184,0.738649,0.365784,-0.53569,-0.184973,-1.0
-0.085725,-0.804719,-0.096647,-0.569641,-0.275191,0.7716,0.144792,0.140985,-0.034906,0.036034,0.214974,-0.968543,-0.053234,0.510927,-1.0
0.1297,0.731524,0.436916,0.639702,-0.560687,0.558429,0.561106,0.963872,-0.247689,0.279835,0.524824,0.102735,-0.436319,-0.064846,-0.93854
-0.220469,-0.856857,0.005603,0.438054,0.51369,0.993916,0.216205,0.772964,0.108584,0.09918,-0.396914,-0.814233,0.179173,0.393541,-0.878348
0.844511,0.118027,-0.377578,-0.617843,0.00625,-0.018501,0.050152,0.14792,0.026567,-0.058609,0.903987,0.212701,-0.522294,-0.130539,-1.0
0.162989,-0.99157,-0.738293,0.072475,0.53091,0.255222,0.812962,0.11351,0.495581,0.22644,-0.015646,-0.237534,0.169839,0.521975,-0.982571
0.676745,0.366389,-0.568417,-0.104664,-0.474977,-0.604187,0.484465,0.326544,-0.259102,-0.38236,0.331961,0.333745,-0.343731,-0.359684,-1.0
0.537456,-0.974101,0.591718,0.973614,0.705298,0.041467,0.225017,0.837902,0.160063,0.012005,-0.183625,-0.709669,0.095416,0.49199,-0.985695
-0.128343,0.479842,0.095034,-0.848002,-0.830683,0.8152,0.590624,0.940403,-0.320359,0.302337,0.432404,-0.203519,-0.467095,0.225944,-1.0
-0.84205,0.548686,0.261693,-0.149856,-0.462957,-0.723593,0.12324,0.703974,-0.036773,-0.056897,-0.339804,0.882958,0.143016,-0.472653,-1.0
-0.140025,-0.731153,-0.942588,0.154401,0.067945,0.556367,0.541532,0.010369,0.051188,0.374316,-0.15567,-0.469961,0.110357,0.467671,-1.0
0.582361,0.612408,-0.161161,0.079958,0.877345,-0.44846,0.810495,0.438019,0.596734,-0.247672,-0.033035,0.200979,0.072576,-0.44223,-1.0
0.630772,0.014536,0.457726,-0.942799,-0.473677,-0.471525,0.964908,0.972692,-0.566866,-0.572334,0.042064,0.007593,-0.416069,-0.233258,-0.987369
0.501113,0.407936,0.926434,-0.728354,0.867462,0.70467,0.884919,0.097735,0.582798,0.383912,0.007103,-0.0088,0.3547,0.370304,-1.0
-0.207246,0.268726,0.781747,-0.540144,-0.893777,0.608024,0.152628,0.545054,-0.077141,0.024648,0.759732,-0.355413,-0.425422,0.221449,-1.0
0.283524,0.291012,-0.288021,0.250182,0.078973,-0.213539,0.266796,0.544113,0.084352,-0.209322,0.329216,0.644465,-0.193659,-0.517091,-1.0
-0.929277,0.794258,-0.311545,-0.985624,-0.037255,0.502837,0.416617,0.563491,0.038107,0.381351,-0.488155,0.163265,0.508498,-0.142112,-0.981736
-0.994675,0.388019,0.227831,-0.633872,-0.475341,-0.335722,0.44679,0.081121,-0.302819,-0.14424,-0.304439,0.506606,0.256768,-0.435844,-0.949817
-0.126128,-0.839981,0.097975,-0.092241,0.419887,-0.9449,0.463497,0.015897,0.181997,-0.420498,-0.462257,-0.038135,0.50929,-0.031171,-0.991671
0.474119,0.910767,-0.379011,0.140029,0.496904,0.580985,0.94887,0.347066,0.458712,0.524061,0.002253,0.115528,0.074448,-0.468771,-0.967173
0.095735,-0.862541,0.318713,0.401251,-0.682259,0.485743,0.246588,0.788401,-0.15708,0.215403,0.377931,-0.707255,-0.276087,0.448352,-0.983785
0.776953,-0.87668,-0.410236,0.758413,-0.362954,-0.166479,0.751678,0.433808,-0.528343,-0.333957,0.234468,-0.056591,-0.450523,0.160042,-1.0
-0.088328,0.179539,-0.448159,0.200317,-0.233969,-0.148649,0.096524,0.74325,-0.054122,-0.069395,0.381656,0.79399,-0.269396,-0.450983,-0.948287
-0.777044,-0.767852,0.422097,-0.354881,-0.731308,0.819431,0.520849,0.608803,-0.320835,0.271393,0.025945,-0.456629,0.012015,0.472287,-1.0
0.660644,-0.691367,-0.302991,-0.472114,0.017485,-0.451074,0.893271,0.60847,0.038946,-0.67564,0.108837,-0.024202,-0.423924,0.233225,-1.0
0.43007,0.389371,-0.093187,-0.441296,-0.46764,-0.519806,0.494465,0.935625,-0.274306,-0.293114,0.330581,0.280046,-0.330253,-0.237459,-1.0
0.125532,0.14175,0.041979,-0.962754,-0.684,0.911917,0.151236,0.814948,-0.116094,0.042723,0.65285,-0.625808,-0.334772,0.285988,-1.0
0.23036,-0.99669,-0.254394,-0.930132,-0.840763,-0.943619,0.554653,0.578798,-0.31749,-0.345411,0.420202,0.107716,-0.439542,0.038687,-1.0
0.288244,0.003396,-0.665747,-0.374408,0.961714,0.1705,0.548629,0.941663,0.384724,0.100834,-0.398439,-0.168969,0.490516,0.195912,-1.0
0.328017,-0.716628,-0.085404,0.231553,-0.416991,-0.055118,0.124293,0.564487,-0.131019,-0.124826,0.627133,-0.615879,-0.344871,0.323215,-1.0
0.39666,0.587677,0.837189,-0.725562,-0.62192,0.315257,0.243147,0.344192,-0.161652,0.115651,0.769998,0.307761,-0.543035,-0.152028,-1.0
0.273355,0.530421,0.019714,-0.623703,0.055023,0.466795,0.005872,0.438956,0.049266,-0.025124,0.880136,0.256735,-0.401686,-0.13693,-0.947847
-0.657346,0.047849,-0.526343,-0.064774,-0.440648,0.924802,0.685002,0.111634,-0.247404,0.515858,-0.018334,-0.232069,0.213073,0.504253,-0.948319
0.870994,-0.656132,0.301433,-0.976583,0.717014,-0.011441,0.791019,0.816494,0.495448,0.030342,-0.004558,-0.2613,-0.172554,0.516669,-0.925629
0.693378,0.717083,-0.259589,-0.902026,-0.871347,-0.311249,0.085647,0.637743,-0.06624,-0.030486,0.821483,0.478348,-0.390991,-0.176386,-0.940712
-0.927779,0.428073,0.931376,0.701661,-0.057369,-0.15089,0.624887,0.132466,-0.188482,-0.487905,-0.40114,0.255712,0.454315,-0.286717,-0.894992
-0.626754,0.401548,-0.615121,-0.988372,0.90576,-0.262776,0.499101,0.294706,0.384408,-0.101278,-0.534711,0.237656,0.391662,-0.169639,-0.944815
-0.252341,-0.916454,0.348256,0.016913,0.977248,-0.973157,0.185716,0.548627,0.110933,-0.164022,-0.819956,0.090555,0.474657,0.007296,-0.99556
-0.427754,0.242896,-0.069247,-0.672589,0.519569,-0.43777,0.634942,0.873241,0.434989,-0.310983,-0.366275,0.238684,0.332979,-0.262165,-0.944768
0.518206,0.095123,-0.212886,-0.812386,0.377866,-0.275049,0.8844,0.69479,0.602611,-0.344135,0.053409,0.073798,-0.126825,-0.53103,-0.942524
0.182603,0.359697,0.934652,-0.816367,-0.304282,0.089034,0.411794,0.557056,-0.322163,0.093408,0.624983,0.270241,-0.421664,-0.203589,-1.0
0.964702,0.460149,-0.912039,-0.271332,-0.869192,0.481165,0.392792,0.230818,-0.208712,0.191159,0.654585,0.007401,-0.503253,-0.006218,-0.982507
-0.854343,-0.50764,0.540494,0.485902,0.537014,0.012944,0.112776,0.938774,0.066026,-0.001435,-0.813152,-0.326314,0.455062,0.204211,-0.960091
-0.615151,0.975457,-0.406677,0.373603,-0.658087,0.903178,0.532724,0.181099,-0.208952,0.397557,0.209143,0.453001,-0.305051,-0.466063,-0.926326
-0.165893,-0.952794,-0.420682,0.751447,-0.794622,0.891369,0.710607,0.037359,-0.362081,0.417031,0.125733,-0.283681,-0.203912,0.450003,-0.972656
-0.347262,-0.291052,0.570279,-0.692212,0.970905,-0.558965,0.261125,0.832143,0.118007,-0.077826,-0.828736,0.21228,0.566388,-0.054933,-0.971593
0.424649,-0.439076,-0.847232,0.819227,-0.068023,-0.110531,0.357334,0.44236,-0.221914,-0.213701,0.474617,-0.319878,-0.394618,0.242223,-0.997939
-0.473494,-0.077303,0.784715,0.141734,0.882345,0.19301,0.257426,0.936979,0.219671,0.030831,-0.741738,-0.209679,0.474478,0.1507,-0.971673
-0.826792,-0.358825,0.722788,0.199506,-0.472513,0.743733,0.391401,0.416722,-0.141564,0.318106,-0.144876,-0.630127,0.118823,0.480218,-1.0
0.366599,-0.305192,-0.413624,0.87562,0.083869,-0.894628,0.876115,0.199636,0.077898,-0.716591,0.040956,0.111763,-0.164967,-0.388559,-0.991722
0.46012,-0.25259,0.757661,-0.618072,-0.481229,0.316526,0.93928,0.846279,-0.62257,0.372558,0.008887,-0.044686,-0.414667,0.262411,-1.0
0.3175,-0.258311,-0.854201,0.189018,0.705957,-0.13197,0.220881,0.3824,0.108883,-0.055424,-0.774036,-0.14886,0.529102,0.105239,-0.956363
0.134532,-0.721761,0.820959,0.570177,-0.160025,-0.997474,0.981605,0.987798,-0.170584,-0.707855,-0.014993,-0.004216,-0.257517,-0.354062,-0.97395
-0.808908,0.543409,0.479017,-0.045616,-0.043665,0.850623,0.725961,0.130869,-0.058779,0.573302,-0.244938,-0.05464,0.458745,0.266795,-1.0
-0.213532,0.353532,0.056074,-0.890616,-0.384052,-0.923818,0.865137,0.375965,-0.396608,-0.676216,0.002705,0.118286,-0.071556,-0.408778,-1.0
-0.690515,0.488881,-0.027522,-0.271111,-0.323512,-0.691432,0.598863,0.454539,-0.205789,-0.450878,-0.204903,0.375571,0.140655,-0.4845,-1.0
-0.737521,0.732114,0.831377,-0.98227,0.894172,0.068599,0.498609,0.880246,0.376348,0.175339,-0.50436,0.155098,0.470144,-0.188051,-1.0
-0.763879,0.867536,0.779765,0.135949,-0.729169,0.412843,0.433849,0.743116,-0.350984,0.226774,0.009288,0.482813,0.040028,-0.409026,-0.951506
-0.662282,-0.200095,-0.345542,0.259797,-0.09141,0.495742,0.169413,0.016757,0.016824,0.155867,-0.595086,-0.817667,0.404143,0.379765,-1.0
-0.449848,-0.544031,-0.491478,0.262219,0.415004,0.839201,0.437194,0.734988,0.13329,0.25201,-0.283499,-0.460467,0.270154,0.492085,-0.973598
-0.081813,-0.159231,-0.421206,-0.089996,-0.102972,-0.768033,0.749662,0.063063,-0.127457,-0.682928,-0.047389,0.26442,0.052064,-0.43398,-1.0
0.374354,0.63402,0.503242,0.950971,0.124181,0.763756,0.527672,0.350718,0.085993,0.405666,0.398536,-0.25818,-0.369997,0.295479,-1.0
0.170786,-0.329995,0.186911,0.674108,0.783163,-0.957783,0.489367,0.330054,0.257056,-0.397696,-0.318801,0.31557,0.314136,-0.460345,-0.992375
0.044273,-0.67215,0.203902,0.951958,-0.013152,0.674839,0.830287,0.428753,-0.039559,0.647862,0.036873,-0.188402,-0.044604,0.452355,-0.921842
-0.172571,-0.11029,0.609145,-0.931646,-0.041361,0.373364,0.319514,0.749118,-0.046421,0.2372,-0.266449,-0.555538,0.084317,0.512979,-0.971738
0.920647,0.082906,0.851309,0.038373,-0.595961,-0.89344,0.028443,0.789296,0.008393,-0.005298,0.777629,0.556206,-0.384113,-0.205644,-0.958718
-0.00517,0.33288,0.79422,0.666548,0.790446,0.593965,0.521825,0.486914,0.374223,0.304553,-0.452283,-0.154773,0.549854,0.139209,-0.925763
0.82669,0.507847,0.403529,-0.916599,0.995179,-0.333,0.550826,0.931777,0.385881,-0.156092,-0.111806,0.384479,0.101727,-0.458017,-1.0
-0.74972,0.437673,-0.560682,-0.592077,-0.392748,-0.515054,0.571976,0.971735,-0.251669,-0.335944,-0.098629,0.408129,0.191471,-0.516527,-0.975624
0.299641,-0.2427,-0.89748,-0.979505,0.105634,-0.187784,0.793642,0.45736,0.338908,-0.683289,0.192972,-0.101985,-0.505415,0.122017,-0.94219
0.326028,-0.237996,-0.275812,-0.108555,-0.01679,0.717591,0.702208,0.846068,-0.116717,0.593463,0.077589,-0.269079,-0.163756,0.500693,-0.946495
-0.907419,0.847746,-0.046049,0.705383,-0.110066,0.3645,0.014818,0.134746,-0.087663,0.035526,-0.813888,0.53,0.481014,-0.290054,-0.980509
-0.839921,-0.500685,0.953489,-0.557069,-0.798292,0.991237,0.795391,0.167946,-0.474064,0.514654,-0.057088,-0.204558,0.016157,0.503899,-1.0
-0.46457,0.544025,-0.225184,-0.032258,0.525592,-0.50932,0.406373,0.873903,0.180255,-0.189748,-0.453443,0.315843,0.385774,-0.435649,-1.0
-0.29204,-0.120001,0.710756,-0.142761,-0.423793,0.635632,0.606882,0.557377,-0.241024,0.369071,0.062979,-0.40304,-0.120305,0.491961,-1.0
-0.323463,0.443527,-0.596952,-0.605817,-0.661932,0.788887,0.45976,0.203176,-0.22227,0.221988,0.357053,-0.392902,-0.30991,0.349071,-1.0
0.416071,-0.965419,-0.980856,0.471881,-0.801221,0.134277,0.661869,0.053059,-0.381893,0.090909,0.269506,-0.239627,-0.514653,0.354256,-1.0
-0.07195,0.519573,0.364506,0.837342,-0.212877,-0.147628,0.712852,0.98396,-0.397062,-0.35083,0.030819,0.223508,-0.124919,-0.480543,-1.0
-0.981295,-0.207201,-0.583617,0.914257,0.488542,0.354941,0.505526,0.198239,0.464342,0.143882,-0.409878,-0.229927,0.503966,0.144646,-0.988017
0.956191,0.417308,0.69328,0.208184,-0.906305,-0.536031,0.711438,0.040691,-0.487372,-0.272435,0.22323,0.137638,-0.401886,-0.177125,-1.0
-0.041933,-0.930705,-0.414161,-0.048784,0.734323,-0.900964,0.496741,0.337602,0.196679,-0.234277,-0.483826,-0.057177,0.459715,0.052913,-0.973014
-0.914087,-0.582902,0.174143,0.058219,-0.460319,0.771888,0.098756,0.445354,-0.070341,0.054363,-0.280026,-0.799523,0.112324,0.538469,-1.0
-0.474806,0.982898,0.190836,0.430574,0.918251,0.132826,0.050561,0.518075,0.016206,-0.052225,-0.829437,0.558604,0.421803,-0.229516,-0.992269
-0.041055,0.892289,0.061358,-0.079395,-0.812009,0.366329,0.622841,0.788044,-0.45437,0.261693,0.337555,0.335609,-0.364391,-0.253862,-1.0
-0.017129,-0.900924,0.685408,-0.692998,-0.713021,0.931469,0.925203,0.385692,-0.494419,0.497649,0.108538,-0.039836,-0.135935,0.382601,-0.952057
0.973551,0.168392,0.730563,-0.454091,-0.211257,0.268598,0.129727,0.201838,-0.077163,0.187828,0.990345,-0.152661,-0.590364,0.122782,-0.938075
-0.362788,-0.573327,-0.546505,-0.692682,0.195782,-0.940235,0.101955,0.67515,0.02855,-0.122882,-0.750601,0.45971,0.370019,-0.192442,-1.0
0.032765,-0.541991,0.770896,-0.713183,-0.897954,-0.141367,0.538663,0.800381,-0.365212,-0.013329,0.364591,-0.183089,-0.515579,0.20196,-1.0
-0.356367,0.977542,-0.274141,-0.589962,-0.605464,-0.227008,0.499531,0.958286,-0.388664,-0.157011,0.12285,0.544699,-0.070506,-0.505781,-0.994174
-0.738091,-0.552294,0.417178,0.570428,0.445689,-0.233279,0.286407,0.038549,0.217156,-0.137286,-0.659274,-0.127269,0.394832,0.123515,-1.0
-0.122675,-0.65088,-0.746153,0.214986,-0.08106,-0.208149,0.951197,0.629147,-0.265755,-0.771627,0.014085,-0.03408,0.074627,0.597326,-1.0
0.85043,0.577444,-0.090066,0.354055,0.160829,0.13239,0.67397,0.876788,0.4223,0.343965,0.241292,0.251885,-0.484629,-0.28664,-1.0
0.240781,-0.863494,0.77748,0.387763,-0.943278,-0.608148,0.656159,0.361515,-0.38851,-0.421442,0.357804,-0.045177,-0.468298,0.145206,-0.995792
0.370681,0.455705,-0.702103,0.708494,-0.981407,0.650737,0.127823,0.488867,0.00123,0.110903,0.909567,-0.127394,-0.449734,0.093789,-0.96493
0.675469,-0.036813,0.676761,-0.591339,-0.776109,0.980067,0.329774,0.310847,-0.129262,0.236752,0.64027,-0.404204,-0.449865,0.270264,-1.0
-0.441081,-0.982189,0.381575,-0.860812,-0.116007,-0.769817,0.798528,0.487915,-0.0651,-0.624005,-0.279679,-0.202053,0.453703,0.315069,-1.0
0.260818,0.296945,0.254748,-0.94859,-0.861079,-0.140564,0.966222,0.61076,-0.805165,-0.114175,0.040014,-0.067851,-0.529384,-0.242955,-0.922167
0.487321,0.184228,0.737414,0.952077,0.197748,0.994176,0.276014,0.959636,0.036643,0.283646,0.255351,-0.704758,-0.244552,0.475013,-0.968505
-0.790732,0.183091,0.233231,-0.752518,0.550103,0.929801,0.701901,0.822643,0.211127,0.445426,-0.252694,-0.232639,0.435728,0.244494,-0.983355
0.380667,0.075822,0.696251,0.335396,0.087886,-0.329109,0.87651,0.0359,0.282306,-0.704044,0.034061,0.021959,-0.352058,-0.479405,-1.0
0.136276,-0.615403,0.729892,0.379157,0.480754,-0.257626,0.64382,0.210189,0.447847,-0.25447,-0.248858,-0.255581,0.430855,0.438908,-1.0
-0.112233,-0.156908,0.505266,0.417044,-0.627375,-0.914876,0.470881,0.440596,-0.21965,-0.269563,0.30844,0.455764,-0.247473,-0.449789,-0.980735
-0.986147,0.860768,-0.741832,0.484134,-0.502455,-0.530433,0.545429,0.499149,-0.273847,-0.266267,-0.263224,0.412163,0.165189,-0.484378,-0.981396
0.907795,-0.35628,-0.729274,-0.469852,-0.53448,0.794735,0.758282,0.84984,-0.363643,0.520244,0.162805,-0.28401,-0.379317,0.335289,-1.0
-0.925711,0.307983,-0.017435,-0.607915,-0.273141,0.568824,0.91019,0.420164,-0.30419,0.706738,-0.099586,-0.011329,0.525431,0.157601,-0.938792
-0.893094,-0.601716,-0.439337,0.026182,-0.880401,0.974681,0.042161,0.724104,-0.108544,-0.050063,-0.030964,-0.945405,0.016235,0.483534,-1.0
0.492486,0.490368,0.977608,-0.16498,0.454296,0.115784,0.546883,0.893283,0.417624,0.068043,0.082478,0.475803,-0.020302,-0.451658,-1.0
-0.216378,0.795483,0.21058,0.226629,-0.956887,0.677173,0.859494,0.96903,-0.638665,0.391772,0.126568,0.01695,-0.487638,-0.014036,-1.0
0.466465,0.908295,-0.394703,0.293711,-0.367718,0.504002,0.918358,0.670347,-0.429662,0.5135,0.086043,-0.000289,-0.402025,-0.305367,-0.998974
0.019976,0.412936,-0.682305,0.867024,-0.895891,-0.206102,0.518427,0.494195,-0.375776,-0.186081,0.444389,0.26424,-0.460786,-0.289479,-1.0
0.6979,-0.566102,0.830251,-0.823446,-0.124371,0.913417,0.831411,0.45693,-0.045937,0.677823,0.064033,-0.074143,-0.336681,0.466637,-0.996203
-0.309922,0.93264,0.899499,-0.446491,0.035174,-0.246334,0.654587,0.406911,0.135137,-0.494813,-0.028471,0.287453,0.063116,-0.456743,-1.0
0.990232,-0.350931,-0.286011,0.546336,0.524286,-0.483129,0.984363,0.693875,0.534358,-0.530493,0.125053,-0.028143,-0.472348,-0.141111,-0.993875
0.057431,-0.343356,0.229134,0.117298,0.258513,-0.406476,0.071624,0.250662,0.048544,-0.032178,-0.852221,0.348036,0.445573,-0.098772,-1.0
0.107114,0.592402,-0.635169,-0.974163,0.763985,0.014846,0.348218,0.631946,0.283947,-0.019709,-0.460054,0.363046,0.411717,-0.304262,-1.0
-0.840039,-0.553625,-0.995028,0.821584,-0.561532,0.641502,0.479076,0.16938,-0.28519,0.256805,-0.141893,-0.485661,0.121035,0.475899,-0.977138
0.056519,0.102295,0.378859,-0.070045,0.31883,0.832011,0.854567,0.114619,0.127863,0.62227,-0.078926,-0.084744,0.145024,0.553099,-0.936941
0.143806,-0.939164,0.535924,0.680744,-0.539366,0.558626,0.704866,0.512537,-0.287076,0.415785,0.078761,-0.300312,-0.213198,0.333281,-0.970348
-0.205675,-0.177598,-0.044015,0.265193,-0.827953,0.833312,0.844272,0.472846,-0.473977,0.429662,0.199546,-0.109207,-0.28319,0.477465,-0.863059
-0.736048,-0.281156,-0.861813,-0.431051,-0.764604,-0.043218,0.908406,0.091504,-0.72072,-0.042963,0.030661,-0.100128,-0.110386,0.505616,-1.0
0.828952,-0.015369,0.820759,-0.735838,0.049238,0.175019,0.267594,0.470449,-0.061263,0.188143,0.679524,-0.18505,-0.379497,0.106705,-1.0
0.232469,-0.075871,-0.390679,0.073583,-0.626547,0.564301,0.646318,0.0412,-0.333116,0.334697,0.362455,-0.249964,-0.36837,0.266302,-0.939684
-0.27264,-0.525424,0.745261,0.316904,-0.941758,0.282614,0.5604,0.789745,-0.436603,0.138224,0.338441,-0.368398,-0.2666,0.305238,-0.991233
0.896305,-0.118518,-0.452075,0.947208,0.292009,0.136209,0.157383,0.219619,0.097301,-0.013016,0.879027,-0.387905,-0.4774,0.16375,-0.987229
-0.674196,0.31814,0.932746,-0.920782,-0.545617,-0.569817,0.44343,0.61931,-0.193449,-0.309413,-0.015497,0.545224,0.043904,-0.49547,-1.0
-0.012999,-0.849519,-0.161757,0.551019,-0.205207,-0.775616,0.963736,0.337595,-0.130088,-0.831946,0.02002,-0.006389,-0.497251,0.17087,-1.0
0.242278,0.546098,-0.886433,-0.248135,-0.476306,-0.227969,0.260116,0.142268,-0.20007,-0.151216,0.486703,0.484337,-0.350306,-0.429316,-1.0
0.193982,0.051563,-0.329744,-0.388316,0.130775,0.13659,0.562885,0.32538,0.349169,0.339051,0.260998,-0.322582,-0.250394,0.396397,-1.0
0.011558,-0.375993,0.74452,0.214963,-0.517357,-0.766363,0.183492,0.529603,-0.07465,-0.052282,0.652992,0.519902,-0.372649,-0.277898,-0.974245
0.238717,-0.028528,0.750314,0.198765,-0.17993,0.687878,0.254713,0.75923,-0.116755,0.114652,0.411016,-0.599857,-0.265517,0.390719,-0.956855
0.674944,0.958342,0.635253,0.518756,0.16896,-0.824913,0.474618,0.065924,0.113388,-0.287245,0.232015,0.576855,-0.100506,-0.475712,-1.0
-0.621996,0.24141,0.105823,-0.32938,0.233393,-0.955737,0.401826,0.958293,0.064349,-0.371162,-0.326547,0.47686,0.256407,-0.435763,-1.0
-0.486034,-0.43204,-0.084908,0.710217,0.056228,0.215876,0.551784,0.188436,0.093965,0.545949,-0.336721,-0.27473,0.327457,0.395671,-1.0
-0.599177,0.461243,0.147224,0.950769,-0.710523,-0.166093,0.571624,0.56974,-0.334753,-0.139889,0.041768,0.381631,-0.130531,-0.500888,-0.962149
-0.626455,-0.751196,-0.853268,0.255081,0.709174,0.54328,0.438112,0.557949,0.30011,0.125159,-0.374407,-0.438778,0.361025,0.401385,-1.0
-0.793406,-0.638872,-0.004152,0.794821,0.992774,0.509617,0.302791,0.287022,0.143668,0.048285,-0.582072,-0.293592,0.363843,0.195925,-0.95162
0.105324,-0.2486,-0.887489,0.331831,0.015335,0.724698,0.005525,0.404801,-0.015772,0.017934,0.085299,-0.950044,-0.023897,0.532227,-1.0
-0.423325,0.555559,-0.386162,-0.795792,-0.256412,0.56734,0.544153,0.777451,-0.178355,0.400145,-0.556816,-0.000404,0.568641,0.063394,-1.0
-0.37757,0.920026,-0.175864,-0.963386,-0.029229,-0.25963,0.907484,0.695588,-0.138234,-0.745499,-0.036098,0.170872,0.208685,-0.45993,-1.0
0.918338,-0.660284,0.256326,0.855432,-0.981378,0.92647,0.472605,0.119592,-0.330378,0.22331,0.404914,-0.391699,-0.395595,0.348916,-0.959473
-0.61305,0.579161,-0.917074,-0.319654,-0.180115,0.906607,0.819958,0.139135,-0.105126,0.714961,-0.151252,-0.150522,0.381437,0.371706,-1.0
-0.022976,0.690198,-0.798588,0.295604,-0.130668,-0.120444,0.162267,0.296984,-0.066767,-0.0568,0.007428,0.663906,-0.035065,-0.534644,-1.0
0.940716,0.232784,0.216857,0.595895,-0.490445,-0.356336,0.878758,0.531796,-0.66354,-0.441435,0.10664,0.012621,-0.420731,-0.159427,-0.916098
-0.015116,0.930159,0.42472,0.09688,0.774002,0.769821,0.171214,0.941799,0.07266,0.006974,-0.866762,0.202784,0.444868,-0.034741,-0.913077
-0.837445,-0.702765,0.70368,0.292908,0.354744,-0.549863,0.295069,0.247321,0.163559,-0.230701,-0.751563,0.008739,0.569078,-0.000647,-1.0
-0.740553,-0.497295,-0.202379,0.092731,0.777059,-0.615588,0.563567,0.701,0.240127,-0.314888,-0.481194,0.045283,0.44627,0.108617,-0.895353
-0.104061,0.565532,0.899807,0.548388,0.80851,0.942925,0.5412,0.955226,0.28591,0.389111,-0.453366,-0.093705,0.524359,0.069416,-1.0
0.755861,0.035579,0.740952,0.653024,0.464138,-0.760643,0.615683,0.671095,0.146642,-0.460597,0.15771,0.356856,-0.164334,-0.437293,-1.0
0.138268,0.802967,-0.371046,0.348715,0.778767,-0.19479,0.908081,0.934931,0.75736,-0.204355,-0.060943,0.1315,0.217087,-0.41033,-1.0
-0.329843,0.658689,0.543359,0.551602,0.378991,-0.684094,0.906049,0.05384,0.325482,-0.619302,-0.122786,0.109091,0.224013,-0.451711,-0.97037
-0.727061,-0.852784,0.468566,-0.946062,-0.862287,0.685667,0.58388,0.84338,-0.426277,0.331869,0.129272,-0.390472,0.02232,0.587487,-1.0
0.001867,-0.917406,0.351589,0.292367,0.834146,0.225631,0.920964,0.946964,0.693332,0.162527,-0.003199,-0.024211,0.303674,0.415596,-0.985604
0.841302,-0.236891,-0.467522,-0.82125,-0.5729,-0.954895,0.387593,0.828304,-0.146646,-0.323344,0.442839,0.307834,-0.511382,-0.268146,-0.998073
-0.368245,0.160641,0.837193,-0.482944,0.737416,-0.360192,0.081028,0.431632,0.038339,-0.003605,-0.835123,0.401506,0.479899,-0.162486,-1.0
0.162342,-0.729272,0.940189,0.071558,0.356055,-0.716197,0.289012,0.035592,0.085905,-0.1403,-0.621869,-0.037963,0.473955,0.117044,-1.0
-0.33873,0.63463,-0.115915,-0.018681,0.410973,0.965203,0.585216,0.367101,0.204262,0.458287,-0.353774,-0.205193,0.537291,0.208235,-1.0
0.354505,0.857139,-0.730557,0.489424,0.490547,0.500257,0.32464,0.716668,0.219299,0.1885,-0.319977,0.730449,0.054366,-0.424378,-1.0
-0.999902,0.102557,0.627896,-0.943789,0.285717,0.422709,0.634649,0.918123,0.210566,0.505328,-0.359942,-0.162369,0.437674,0.223607,-1.0
-0.649334,0.158487,0.689874,0.607405,0.424705,0.307147,0.661773,0.879859,0.433059,0.286308,-0.336303,0.002184,0.4549,0.08899,-0.953371
-0.667817,0.897865,0.441427,-0.154334,0.339968,-0.055266,0.956665,0.319896,0.739811,-0.235429,0.01139,0.0384,0.36738,-0.299469,-0.994772
-0.594978,0.588778,-0.395063,-0.436346,-0.571723,0.101816,0.661793,0.640673,-0.55698,0.078816,-0.067597,0.33136,0.046542,-0.541582,-1.0
0.686402,0.39919,-0.425616,0.387274,-0.474247,0.297742,0.047482,0.463053,0.013533,-0.036711,0.936611,0.017549,-0.421958,0.010132,-0.931182
-0.211985,0.063499,-0.140801,0.279436,-0.603412,0.279758,0.393712,0.109775,-0.206469,0.143194,0.526299,-0.403261,-0.467508,0.183746,-0.979639
0.399654,-0.90718,-0.682942,0.986383,-0.1496,0.558067,0.85515,0.788747,-0.146528,0.670984,0.104474,-0.062283,-0.221927,0.506189,-1.0
0.46826,0.11079,0.778025,-0.063976,0.380162,-0.598788,0.477307,0.606271,0.202849,-0.36679,0.054336,0.438928,-0.059714,-0.394943,-1.0
0.177605,0.853826,-0.589726,-0.491477,-0.531018,-0.148391,0.366719,0.028681,-0.264106,-0.062429,0.388912,0.520381,-0.265952,-0.486089,-0.998499
-0.768108,-0.329841,-0.487395,-0.778432,0.769819,-0.638257,0.064188,0.093943,0.062221,0.024785,-0.875722,0.227559,0.515152,-0.194438,-1.0
0.448014,-0.040879,0.013517,-0.097481,0.896039,-0.21127,0.876605,0.298761,0.707423,-0.161791,-0.082865,0.054539,0.389299,-0.141103,-0.94996
-0.008864,-0.239302,0.931836,-0.135926,-0.970694,-0.231329,0.11478,0.409568,-0.064349,-0.077988,0.841108,-0.019895,-0.485094,0.053966,-0.975295
0.621405,0.493651,0.488897,-0.793649,-0.607194,-0.277987,0.687906,0.403131,-0.474979,-0.246559,0.242753,0.151899,-0.432119,-0.211929,-0.992435
-0.947994,0.626893,-0.844362,0.236402,-0.674212,0.352133,0.976116,0.004853,-0.73121,0.497661,0.003608,-0.043769,0.405634,-0.374225,-0.981375
-0.328192,0.755517,0.427359,-0.924449,-0.845882,0.027453,0.462609,0.803748,-0.362332,-0.009754,0.291436,0.434062,-0.275513,-0.345709,-0.913938
0.450832,0.891499,-0.890916,0.999036,0.423106,0.40695,0.724416,0.340444,0.449921,0.404556,-3.8e-05,0.266345,-0.025452,-0.517173,-1.0
0.68146,0.100529,0.962575,-0.894806,-0.668079,0.129766,0.684108,0.429741,-0.571819,0.050816,0.307138,-0.07517,-0.596299,-0.051583,-1.0
-0.403789,-0.20037,-0.623153,0.046339,-0.976605,-0.381411,0.433561,0.381513,-0.392327,-0.072012,0.540921,0.141986,-0.414911,-0.095068,-0.911131
-0.031357,-0.698709,0.836091,-0.427095,0.009377,0.806365,0.458794,0.895419,0.122619,0.258524,0.046453,-0.506495,0.063658,0.46661,-0.950458
0.349527,0.001165,-0.094397,-0.914493,0.243383,-0.867665,0.58175,0.772071,0.12321,-0.503374,0.069218,0.361421,-0.150281,-0.480702,-0.99985
-0.742098,0.822582,-0.853951,-0.362386,-0.789895,-0.606465,0.364002,0.655758,-0.196563,-0.142067,-0.024981,0.593485,0.002657,-0.542742,-0.940489
0.929772,-0.593991,0.79035,-0.035459,0.779613,-0.715307,0.082668,0.412385,0.083807,-0.054269,0.729355,0.587569,-0.368854,-0.345743,-1.0
-0.444903,-0.07175,0.125436,-0.717548,0.382503,-0.807488,0.67703,0.590968,0.157252,-0.45174,-0.25097,0.240603,0.319554,-0.342077,-1.0
-0.051145,-0.758522,0.577959,0.61793,0.1374,-0.833054,0.927733,0.996798,0.123535,-0.644491,-0.094785,0.014834,0.465015,-0.224856,-1.0
-0.792341,0.717788,0.022185,0.979663,-0.069357,0.010687,0.020081,0.819358,0.035518,-0.055216,-0.73107,0.611274,0.342868,-0.394104,-1.0
-0.051919,0.575117,0.077812,0.187743,-0.658119,0.219385,0.202763,0.219316,-0.178315,0.088137,0.747686,0.522796,-0.326301,-0.181012,-1.0
0.250775,0.155837,-0.591321,0.243919,-0.125407,-0.355379,0.2597,0.04838,-0.061245,-0.138957,0.401392,0.536662,-0.352546,-0.390746,-0.979584
-0.942537,0.742129,-0.14477,0.374804,0.824947,-0.033381,0.684945,0.822308,0.434906,-0.032886,-0.377683,0.149129,0.451474,-0.229221,-0.934126
0.9365,0.283126,-0.247967,0.915445,0.972369,-0.768239,0.192801,0.839046,0.08688,-0.175418,-0.022043,0.770835,-0.026258,-0.40698,-0.997707
-0.770824,-0.328078,0.957314,0.975195,0.030718,-0.277876,0.652953,0.223694,0.136578,-0.546003,-0.454663,-0.042729,0.45885,-0.011345,-0.955261
-0.719066,-0.323816,-0.080489,-0.96073,0.431896,-0.528303,0.757979,0.80944,0.402175,-0.416541,-0.229037,0.026709,0.569224,-0.015311,-0.861222
0.024897,0.447087,-0.450497,0.10694,-0.952678,0.968081,0.891702,0.995191,-0.538588,0.475137,0.1441,-0.063646,-0.370927,0.209153,-0.944789
-0.686378,0.228519,0.213364,0.571013,0.958621,0.356125,0.213365,0.005324,0.10258,0.07273,-0.876278,-0.037434,0.533959,0.034656,-1.0
0.788573,0.248549,-0.727388,0.035035,0.634253,0.307541,0.198543,0.761688,0.064277,0.017572,0.730866,-0.314126,-0.483363,0.091763,-0.907452
0.282446,-0.365637,-0.76805,0.613811,0.092952,0.879664,0.737402,0.873037,0.104638,0.526116,0.052218,-0.290455,-0.194578,0.516708,-1.0
-0.938493,0.224662,-0.08624,-0.777061,0.608993,-0.698686,0.80692,0.146166,0.501549,-0.516875,-0.141696,0.074619,0.433939,-0.273002,-0.989452
0.78512,0.368208,-0.160433,-0.575752,0.439235,-0.161382,0.509648,0.943916,0.415437,-0.107289,0.246092,0.427434,-0.23064,-0.457368,-0.988989
-0.36982,0.894189,-0.896859,0.280584,-0.863383,-0.01232,0.872799,0.378551,-0.632213,-0.031453,0.074003,0.171671,-0.155048,-0.416325,-0.908338
-0.032614,0.491615,0.795108,-0.895818,-0.713699,0.820768,0.12208,0.068645,-0.080956,0.200534,0.764417,-0.390323,-0.41574,0.198618,-0.931948
-0.229331,0.854613,0.931555,0.711293,0.792027,-0.000586,0.878911,0.224105,0.732934,-0.023262,-0.035005,0.133953,0.414976,-0.311234,-1.0
-0.770447,-0.499759,0.285616,-0.863023,-0.11813,0.460877,0.046754,0.240704,-0.053839,-0.058399,-0.564085,-0.819615,0.343408,0.423544,-1.0
-0.31796,-0.48999,-0.62862,0.982137,0.881276,-0.655979,0.735996,0.177867,0.456173,-0.432334,-0.22224,-0.042685,0.441109,-0.059557,-0.996129
-0.425039,-0.845825,-0.2335,0.335974,0.996606,0.747112,0.302259,0.022738,0.163052,0.094766,-0.439661,-0.53759,0.3526,0.318112,-1.0
-0.242364,-0.573578,-0.74969,0.288572,-0.152707,0.731192,0.546514,0.986046,-0.12357,0.401654,-0.060806,-0.497671,0.051215,0.524199,-1.0
-0.809104,0.014107,-0.165025,0.738906,0.459693,-0.237644,0.399961,0.971121,0.19317,-0.136911,-0.577388,0.082716,0.467839,-0.124374,-1.0
0.391148,-0.926766,0.130134,0.132221,0.94804,0.605906,0.71103,0.605766,0.516226,0.239407,-0.084441,-0.239878,0.166522,0.422736,-0.918493
-0.361425,0.208719,-0.565469,0.972495,-0.777472,-0.72119,0.324107,0.71125,-0.146602,-0.178579,0.3119,0.634864,-0.262051,-0.47738,-0.997968
0.539413,-0.186379,-0.147849,-0.042915,0.724172,-0.053006,0.271389,0.20366,0.236236,0.011316,-0.535695,-0.353088,0.373778,0.336137,-0.928587
0.618964,-0.397527,0.719003,-0.298607,0.979748,-0.167978,0.568693,0.480129,0.37162,-0.14292,-0.395181,-0.212507,0.371543,0.304234,-0.923252
-0.0671,0.083991,0.798281,0.704405,0.543237,0.503992,0.627286,0.880501,0.350649,0.338722,-0.27224,-0.167842,0.49589,0.29546,-0.962441
0.894614,-0.479623,-0.501298,0.284445,-0.789285,-0.2832,0.713973,0.981114,-0.468188,-0.161839,0.332163,-0.06099,-0.526194,0.006264,-0.956843
0.084415,0.441623,0.415605,-0.845518,0.747072,-0.156204,0.103505,0.760264,0.03016,-0.150932,-0.624151,0.56791,0.4121,-0.349833,-1.0
-0.222554,-0.672922,0.665983,0.981405,-0.212676,-0.25945,0.161705,0.40788,-0.106537,-0.181613,-0.033218,-0.914087,-0.061305,0.541006,-0.924254
-0.181827,0.827762,0.242166,-0.233895,-0.616123,0.90751,0.099408,0.194407,-0.022264,0.068928,0.889958,-0.070928,-0.521856,-0.039273,-0.972785
0.76467,-0.117257,-0.061481,0.431652,0.986655,0.922189,0.238487,0.173711,0.093306,0.19569,-0.137928,-0.755518,0.249537,0.486174,-1.0
0.175071,0.683947,0.972937,0.925065,0.124456,0.141247,0.332358,0.619601,0.189631,0.232508,0.054383,0.665885,-0.041295,-0.491572,-1.0
-0.807592,0.246876,-0.168002,0.692235,-0.678879,0.818875,0.850037,0.220767,-0.499793,0.577312,-0.060985,-0.115386,0.116013,0.485102,-0.880304
0.790206,-0.698009,0.083661,0.441233,0.857079,-0.0322,0.262078,0.909991,0.183453,0.059601,-0.039682,-0.69738,0.084352,0.499578,-1.0
0.849562,-0.526398,0.425438,-0.696811,0.997058,-0.980782,0.163599,0.547522,0.067488,-0.078946,-0.269811,0.888793,0.178585,-0.541097,-1.0
0.234621,0.484222,0.490188,0.328877,-0.952531,0.784759,0.550717,0.868428,-0.285354,0.277929,0.521526,-0.14747,-0.504534,0.132082,-0.988757
-0.431875,0.312599,-0.708387,0.631236,0.068548,0.980231,0.2632,0.525096,0.007002,0.274139,-0.495239,-0.67199,0.293827,0.445272,-1.0
0.821044,-0.212514,-0.229485,-0.584254,-0.03014,-0.132169,0.285904,0.49678,-0.089234,-0.279389,0.713938,-0.030469,-0.53725,-0.004428,-1.0
-0.391919,-0.86307,0.40403,-0.201254,0.812198,-0.451426,0.79062,0.713232,0.535692,-0.243928,-0.132541,-0.011151,0.485906,0.151487,-0.996178
-0.510858,-0.86315,0.97881,0.588028,0.017157,0.241942,0.733955,0.659187,0.015617,0.597873,-0.096141,-0.227339,0.230355,0.442502,-1.0
0.276236,0.117688,0.836965,0.277343,-0.59311,-0.633564,0.955167,0.894827,-0.563307,-0.462888,0.021588,0.166471,-0.385739,-0.308806,-0.964612
0.793507,-0.834816,-0.112791,0.773289,-0.42154,0.94478,0.349983,0.411295,-0.09787,0.166916,0.408522,-0.619554,-0.276105,0.378919,-1.0
0.250364,-0.065901,0.740906,0.475812,-0.867971,0.0979,0.048391,0.452413,-0.045465,0.100618,0.982468,-0.181757,-0.502854,0.013431,-0.955328
0.908325,-0.821109,0.952839,-0.743879,0.039713,0.090577,0.681234,0.704743,0.316362,0.473484,0.196936,-0.254349,-0.386982,0.253006,-1.0
0.001045,-0.314467,0.634192,-0.770391,-0.835859,0.928532,0.579905,0.19395,-0.297545,0.428479,0.281821,-0.392846,-0.330859,0.323022,-1.0
-0.978685,-0.910154,-0.875459,-0.21179,-0.33304,0.774,0.144684,0.236077,0.031306,0.099583,-0.2926,-0.758523,0.137252,0.441249,-0.900276
0.4667,-0.747293,-0.609842,-0.446469,-0.904048,0.601139,0.310624,0.591774,-0.216229,0.191785,0.435844,-0.425357,-0.324674,0.281937,-1.0
-0.24662,-0.489396,-0.721758,0.418071,-0.392592,0.602167,0.231819,0.537021,-0.102336,0.101931,0.001598,-0.789219,0.043243,0.524711,-1.0
0.743291,0.30453,0.419107,-0.57459,0.893693,-0.215101,0.456214,0.312324,0.410029,-0.091472,-0.179115,0.551103,0.161408,-0.570608,-1.0
0.877665,-0.410761,-0.327224,-0.464877,0.627834,0.081585,0.49759,0.68232,0.498266,-0.025434,0.190329,-0.493869,-0.20211,0.478462,-1.0
-0.69827,-0.245294,-0.720458,0.090111,0.30969,0.246511,0.380493,0.106621,0.220151,0.17702,-0.569608,-0.321276,0.409704,0.176347,-0.968661
0.504292,-0.868768,-0.794638,0.900437,-0.575235,0.411862,0.971313,0.15702,-0.585045,0.427559,-0.0391,0.019299,-0.261694,0.297506,-0.970058
0.97149,-0.360981,0.682009,0.229215,0.921535,-0.295277,0.77579,0.303403,0.610072,-0.177571,0.166573,-0.148177,-0.217682,0.344554,-0.98898
0.346766,0.41873,-0.226804,0.756844,-0.777546,-0.001927,0.078689,0.719984,0.03951,0.072783,0.798366,0.317595,-0.471214,-0.175915,-1.0
0.96411,-0.058271,0.469598,-0.211206,0.953466,0.912278,0.168307,0.072733,0.138133,0.106736,0.022643,-0.889308,-0.019273,0.445057,-1.0
0.05962,-0.777014,0.584535,-0.968186,0.943507,-0.257878,0.700749,0.956248,0.542659,-0.077936,-0.296783,-0.229697,0.500915,0.254553,-0.955241
0.641683,-0.689354,0.604146,-0.679855,-0.253382,0.05028,0.393905,0.966907,-0.313832,0.116848,0.484387,-0.355843,-0.422188,0.281673,-1.0
0.049358,0.443801,0.935585,0.275058,0.181979,-0.831645,0.466068,0.098997,0.053056,-0.324976,-0.082012,0.562794,0.084022,-0.420545,-1.0
0.409696,-0.188547,-0.571084,0.795193,-0.175288,0.378151,0.667271,0.662829,-0.30802,0.474709,0.265151,-0.219785,-0.409052,0.359444,-0.933575
-0.832236,0.032665,-0.183755,-0.239934,-0.239833,-0.449192,0.206206,0.155417,-0.004723,-0.100181,-0.631112,0.448301,0.315495,-0.337426,-1.0
-0.024144,0.176567,0.988327,-0.547838,0.926778,0.971299,0.530031,0.53913,0.191519,0.339002,-0.402785,-0.373568,0.35483,0.287045,-1.0
0.927731,-0.366704,-0.299791,0.740312,0.284796,0.500259,0.799718,0.690742,0.419885,0.557449,0.089157,-0.169785,-0.324665,0.47367,-0.986895
0.04193,-0.721132,-0.758681,0.978962,0.329621,0.834398,0.024755,0.342413,0.020095,-0.014156,-0.226985,-0.876969,0.132689,0.520147,-1.0
-0.665834,0.900633,-0.777763,0.841313,0.002718,0.224271,0.328091,0.301315,0.005449,0.254131,-0.434689,0.424891,0.407481,-0.30849,-0.979457
0.698658,0.048749,-0.176188,-0.883574,-0.248547,0.014252,0.407871,0.797852,-0.328479,0.073711,0.562688,-0.083431,-0.54158,-0.00434,-1.0
-0.701302,-0.049077,-0.83535,0.654935,-0.502301,0.070189,0.325092,0.286811,-0.249006,0.042988,-0.568451,-0.366855,0.462039,0.25277,-0.9977
0.11891,0.676159,-0.595016,-0.939478,0.140527,-0.246494,0.41088,0.599137,0.110656,-0.2258,0.04449,0.643425,0.034029,-0.520801,-1.0
0.25435,0.132368,-0.895072,0.719216,0.817237,0.473495,0.089483,0.588753,0.082778,0.005269,-0.770025,-0.498674,0.406555,0.299894,-1.0
0.81017,0.868314,0.375922,0.667291,-0.604336,0.228395,0.868793,0.955752,-0.67757,0.27381,0.113356,0.085032,-0.443563,-0.231049,-0.974855
-0.036347,-0.89926,0.144207,-0.544365,0.790634,0.464033,0.325056,0.802138,0.315098,0.045989,-0.318169,-0.629121,0.244321,0.465306,-0.945322
0.666191,-0.943335,-0.068647,-0.910712,0.483829,-0.639395,0.608179,0.759822,0.328764,-0.411718,0.243346,-0.286592,-0.282578,0.479815,-1.0
-0.805846,0.229175,0.86396,0.708188,0.645776,-0.818988,0.947328,0.516206,0.4991,-0.672162,-0.030271,-0.014459,0.442927,-0.303746,-1.0
-0.113834,-0.830005,0.144569,0.17916,0.731019,-0.562591,0.618297,0.897384,0.375786,-0.313814,-0.420144,-0.117338,0.447269,0.195845,-0.981645
0.369361,-0.275835,0.356397,0.201647,-0.632163,0.399943,0.164869,0.571808,-0.081829,0.114531,0.662044,-0.495564,-0.354391,0.231776,-0.998818
0.269546,0.150883,-0.818312,0.54115,0.066269,-0.633034,0.435596,0.18663,0.066887,-0.287551,0.094982,0.461383,-0.037282,-0.570396,-0.981149
-0.718999,-0.504972,-0.427739,0.366912,-0.765958,-0.651702,0.073701,0.99004,-0.126644,-0.077472,0.258796,0.881242,-0.168344,-0.551415,-0.96555
0.483556,-0.612537,0.593517,-0.902871,-0.238799,0.588327,0.932013,0.368189,-0.287352,0.656874,0.045005,-0.078565,-0.305209,0.4512,-0.935074
0.426236,-0.481417,-0.509029,0.791294,-0.426741,-0.238467,0.370186,0.539987,-0.167725,-0.229509,0.57586,-0.227966,-0.520486,0.128116,-0.928025
-0.230297,-0.838764,0.807645,0.791733,-0.911464,-0.028646,0.468746,0.864739,-0.388816,-0.024062,0.350567,-0.336668,-0.200355,0.332614,-0.98456
0.074193,-0.31136,0.266908,-0.5735,-0.502357,0.567884,0.796347,0.474084,-0.452929,0.484528,0.153361,-0.161069,-0.266115,0.423254,-1.0
-0.055231,0.581012,0.16424,0.11373,0.063711,-0.886718,0.433137,0.208546,0.063387,-0.385852,-0.12301,0.610229,0.000575,-0.536344,-1.0
0.579639,-0.09953,0.286034,0.669339,-0.257007,-0.580206,0.513429,0.013729,-0.117016,-0.334519,0.439634,0.309924,-0.407753,-0.250933,-0.886447
0.880993,0.412181,-0.601497,-0.599647,-0.126308,0.106923,0.944337,0.067205,-0.558755,0.496358,0.040455,-0.002106,-0.514568,-0.130667,-1.0
0.844162,-0.528177,-0.600272,-0.212267,0.995724,0.435605,0.633693,0.549673,0.443579,0.186848,-0.051524,-0.355464,0.010606,0.505752,-1.0
-0.790983,-0.516698,-0.199561,-0.638535,-0.199911,0.148577,0.690368,0.374177,-0.398298,0.327052,-0.232667,-0.242991,0.325182,0.324728,-1.0
-0.330268,0.701374,0.909217,-0.115764,0.687671,-0.167266,0.263219,6.1e-05,0.178511,-0.059955,-0.56703,0.487433,0.347658,-0.368878,-0.959381
0.133657,0.191836,-0.680055,0.234226,0.450933,0.692726,0.440841,0.35179,0.21871,0.23972,-0.276178,-0.521993,0.288581,0.312396,-0.946232
0.866057,-0.820003,-0.08879,0.915573,-0.352061,-0.288587,0.612919,0.626113,-0.325229,-0.269178,0.278188,-0.123211,-0.450463,0.274255,-0.945326
0.489282,0.650411,0.542424,-0.819812,-0.220614,-0.002312,0.368924,0.838283,-0.23033,0.006591,0.447432,0.347182,-0.468486,-0.312637,-1.0
0.113611,-0.24729,0.142619,-0.472316,0.847708,-0.909693,0.012868,0.130114,-0.013004,0.060608,-0.83533,0.59875,0.393855,-0.290324,-1.0
0.829241,0.607848,-0.633369,0.203817,0.676577,-0.213516,0.810909,0.802086,0.52689,-0.35282,0.022357,0.212056,-0.072184,-0.477972,-0.962842
-0.224412,-0.240731,0.167017,0.602744,-0.975489,0.442762,0.103433,0.796882,-0.102975,-0.014454,0.629854,-0.486845,-0.359753,0.301236,-0.971851
-0.505192,0.145741,0.494763,-0.46732,-0.616136,-0.291164,0.997501,0.11342,-0.625607,-0.28213,0.002356,0.032916,-0.14764,-0.569885,-1.0
0.531293,0.722657,0.678737,-0.779069,0.741217,0.359919,0.110976,6.7e-05,0.161138,0.097712,-0.514367,0.733141,0.309617,-0.416612,-1.0
-0.842747,-0.427899,0.564768,0.371703,-0.612594,-0.312931,0.755191,0.555761,-0.541454,-0.239767,-0.239045,-0.07136,0.435554,0.299682,-1.0
0.231249,0.242343,0.642091,-0.404347,0.110858,0.656268,0.486582,0.162224,0.028873,0.392577,0.079329,-0.381562,-0.069336,0.501743,-1.0
-0.554936,0.828208,0.351285,0.543157,-0.628403,0.081382,0.690731,0.380611,-0.457906,0.065455,0.041492,0.267526,-0.069452,-0.467714,-1.0
-0.313387,-0.439174,0.290447,-0.019394,-0.95436,-0.176633,0.260727,0.697818,-0.265618,-0.031423,0.723431,-0.290215,-0.555647,0.222382,-1.0
0.644226,0.060443,-0.659875,0.641011,0.900564,-0.690035,0.102118,0.545734,0.06753,-0.031918,-0.307105,0.870387,0.060551,-0.481443,-1.0
0.391943,-0.420196,-0.328941,0.419123,0.694946,0.411287,0.489554,0.326065,0.38479,0.162597,-0.239778,-0.458093,0.163339,0.471995,-1.0
-0.265317,0.751677,-0.893484,-0.949261,-0.423453,0.287239,0.393542,0.969199,-0.284647,0.220047,0.117271,0.607536,-0.16044,-0.442257,-0.956742
-0.136304,0.550168,-0.931222,0.935757,-0.928738,-0.442454,0.947651,0.094844,-0.723591,-0.373545,-0.028507,0.08652,-0.248864,-0.359107,-1.0
-0.846286,-0.339507,-0.740859,-0.785721,0.026334,0.375472,0.404816,0.22751,0.053821,0.242239,-0.542784,-0.320385,0.437351,0.308726,-1.0
-0.201731,-0.918341,-0.990756,0.272406,0.10565,-0.173717,0.20895,0.483861,0.137138,-0.164186,-0.388512,-0.747209,0.178394,0.446181,-1.0
-0.295869,0.719325,0.483147,0.513634,0.938826,-0.843298,0.220403,0.61205,0.070436,-0.089376,-0.467973,0.479004,0.292969,-0.428244,-0.983366
-0.16284,-0.471846,-0.605335,-0.569517,-0.079998,-0.828191,0.926991,0.694736,-0.073332,-0.783251,0.031666,0.025095,0.097224,-0.431506,-1.0
-0.763396,-0.786123,0.072803,-0.075514,-0.906456,-0.31159,0.672828,0.256113,-0.482011,-0.123414,0.032824,-0.27303,-0.245959,0.476914,-0.96318
0.067864,-0.247742,0.824353,0.447334,-0.430571,-0.051383,0.877481,0.971328,-0.646583,-0.142103,0.113965,-0.082652,-0.450635,0.237822,-1.0
0.143072,0.244428,-0.557562,0.662271,-0.378356,-0.758021,0.697733,0.197459,-0.222975,-0.525397,0.115626,0.247644,-0.248398,-0.379602,-1.0
0.376919,0.097794,0.138472,0.334303,-0.794547,-0.060503,0.642433,0.673492,-0.603335,-0.03863,0.306922,-0.008153,-0.531604,-0.09444,-1.0
0.546111,-0.960692,0.056173,-0.405117,-0.753178,-0.956947,0.027552,0.510568,-0.049404,-0.002654,0.881868,0.082882,-0.445472,-0.040203,-1.0
0.184426,0.847362,0.137065,0.98918,0.692047,-0.502877,0.555788,0.11248,0.366241,-0.201572,-0.18586,0.390483,0.233483,-0.460713,-0.981374
0.396295,-0.69688,-0.988966,-0.641115,0.575978,0.741797,0.100065,0.38497,0.14069,-0.021578,0.054984,-0.932286,0.023807,0.544025,-1.0
-0.660749,-0.979406,0.048218,-0.983676,0.54362,-0.194931,0.559595,0.409171,0.370426,-0.194793,-0.42493,-0.204324,0.368292,0.219258,-1.0
0.894177,-0.287253,0.597847,-0.069018,-0.930623,-0.028182,0.684462,0.508995,-0.615898,-0.00912,0.322602,-0.044513,-0.519306,0.066495,-0.981622
-0.822522,-0.797657,-0.507744,0.913867,-0.602755,-0.675046,0.538406,0.960964,-0.343723,-0.274004,-0.381177,-0.206258,0.532272,0.242436,-1.0
0.703013,0.959079,-0.840056,0.320967,-0.284241,0.135442,0.962964,0.7068,-0.75275,0.395748,0.158339,0.075261,-0.250081,-0.296003,-1.0
-0.782922,-0.875811,-0.753469,-0.335268,0.900882,0.233215,0.512278,0.549161,0.398746,0.077857,-0.421205,-0.2877,0.390892,0.350642,-0.873713
0.04854,-0.847109,-0.020829,0.311218,0.337939,-0.475522,0.200241,0.584772,0.054568,-0.066716,-0.444094,-0.744343,0.288609,0.419069,-1.0
-0.371194,-0.177283,0.709574,0.847295,0.937148,0.938514,0.837477,0.254426,0.482084,0.504694,-0.139492,-0.1765,0.387535,0.30779,-0.99904
-0.484174,-0.041184,-0.217497,0.890073,0.924166,-0.327939,0.408741,0.823797,0.245904,-0.138064,-0.501148,0.078896,0.511015,-0.079907,-1.0
-0.893781,-0.178272,-0.358774,-0.841717,-0.511809,-0.975678,0.971552,0.791438,-0.367302,-0.746872,0.001578,0.03561,0.303742,-0.487479,-1.0
-0.395639,-0.768116,-0.00493,0.732616,0.246388,-0.508752,0.146504,0.799948,0.021812,-0.085769,-0.871248,-0.345759,0.574602,0.109667,-1.0
0.787411,0.970747,-0.750296,-0.435978,0.221854,-0.633386,0.281537,0.477418,0.093804,-0.183883,0.228959,0.651152,-0.14562,-0.52316,-1.0
0.630255,-0.882282,-0.554447,0.782584,-0.811279,-0.621536,0.534645,0.073331,-0.30624,-0.194251,0.532241,-0.080833,-0.484633,0.096757,-0.96106
0.260182,0.025748,0.92807,0.526631,-0.473168,0.332869,0.252388,0.951566,-0.168209,0.165925,0.677921,-0.357803,-0.49329,0.265223,-0.929714
-0.101681,-0.801676,0.155646,0.816995,-0.476762,0.808089,0.343996,0.073134,-0.150249,0.242348,0.055397,-0.561613,-0.12646,0.454187,-1.0
0.09868,-0.319491,-0.446823,-0.960663,0.425049,0.367416,0.36195,0.417724,0.209643,0.250808,-0.219191,-0.605216,0.311086,0.4816,-1.0
-0.457931,0.776845,-0.944263,-0.00668,0.105948,0.893634,0.076191,0.27932,-0.034368,-0.046255,-0.934967,-0.127934,0.430196,0.180095,-0.98249
-0.250775,-0.891673,0.996925,-0.668056,0.800738,-0.930516,0.704512,0.724389,0.433573,-0.481747,-0.383799,0.006838,0.505859,0.003419,-1.0
-0.99359,0.971421,-0.304152,-0.542554,-0.244742,-0.82553,0.803004,0.885123,-0.156991,-0.574752,-0.073301,0.127339,0.136349,-0.493602,-0.978532
0.794465,0.091742,0.990467,0.873149,-0.368253,0.82977,0.716432,0.068002,-0.23118,0.466585,0.228947,-0.181783,-0.481566,0.280679,-0.934728
-0.673564,-0.93143,-0.482374,0.906317,-0.158846,-0.497715,0.666228,0.835885,-0.135921,-0.584021,-0.215628,-0.170179,0.379468,0.281179,-0.96466
0.236778,0.85238,0.575031,-0.554635,0.160575,0.621273,0.106479,0.82719,0.037138,0.139289,0.354974,0.792961,-0.146146,-0.505408,-0.955066
-0.021801,0.323569,-0.674183,0.842424,-0.235086,0.663668,0.626855,0.63022,-0.212219,0.399363,0.212204,-0.335686,-0.205118,0.389439,-0.960266
0.455925,-0.771731,0.752681,-0.373871,0.527207,0.180078,0.642802,0.563063,0.429497,0.206063,-0.080293,-0.365569,0.020012,0.485024,-0.970896
-0.097749,0.344153,0.494117,-0.218121,0.758022,0.78265,0.074064,0.829175,0.007564,0.026611,-0.909493,-0.473746,0.48723,0.163185,-1.0
0.974553,0.953435,0.491958,0.015298,-0.000612,0.491254,0.526734,0.423085,-0.068627,0.343251,0.471103,0.277705,-0.499192,-0.205373,-1.0
-0.001905,-0.055329,0.497204,0.250063,0.067252,-0.960848,0.819236,0.917802,0.10669,-0.553551,-0.00607,0.186443,0.093181,-0.487501,-0.984114
0.990511,0.455517,-0.90454,0.952794,0.585135,-0.138427,0.330321,0.139366,0.258465,-0.043968,0.27225,0.508286,-0.30462,-0.437516,-0.967093
0.840639,-0.808299,-0.303965,0.220812,-0.552331,0.057072,0.012253,0.801765,-0.024475,0.013328,0.829817,-0.529593,-0.370972,0.277942,-0.91926
0.397715,-0.928026,-0.122632,0.236657,-0.764565,-0.433933,0.350372,0.047807,-0.268847,-0.113179,0.575844,-0.182204,-0.472389,0.269944,-0.961753
-0.785785,-0.449542,0.853015,0.259609,-0.938009,0.02332,0.226998,0.47661,-0.23958,-0.035775,0.259263,-0.763664,-0.129752,0.499897,-1.0
-0.818588,0.4088,0.389982,-0.972058,-0.795611,0.903532,0.960245,0.66481,-0.491107,0.578074,0.09734,-0.06955,0.063186,0.540793,-1.0
0.493795,0.669299,0.251213,0.013395,0.52875,-0.289371,0.918032,0.351439,0.64999,-0.435156,-0.039779,-0.056757,-0.024166,-0.496631,-0.999717
-0.880205,-0.284605,-0.591258,0.898753,-0.695872,-0.052764,0.735196,0.064027,-0.554235,-0.098034,-0.190712,-0.143917,0.324447,0.370236,-0.989214
0.134784,-0.782574,0.627112,0.012919,-0.96663,-0.132498,0.178073,0.475441,-0.091528,0.033319,0.655512,-0.336054,-0.432115,0.341335,-1.0
-0.630274,-0.579687,-0.527852,-0.398056,0.528274,-0.75205,0.58179,0.088041,0.289171,-0.396205,-0.507654,0.099874,0.480483,-0.055353,-0.938425
-0.700965,-0.246228,-0.11215,0.676435,-0.417807,-0.317064,0.171785,0.255292,-0.059395,-0.067993,-0.900126,0.177362,0.489985,-0.106893,-1.0
-0.806156,0.967219,0.692343,-0.23428,-0.801872,0.365068,0.667457,0.712596,-0.479652,0.2727,0.13271,0.40424,-0.052305,-0.568564,-1.0
-0.913444,-0.676849,0.828366,0.09012,-0.363759,-0.529995,0.997685,0.76915,-0.476948,-0.618616,0.066994,-0.012021,0.531771,0.16872,-1.0
-0.587309,0.40966,-0.139072,-0.068169,-0.465979,0.868551,0.190208,0.714799,-0.056861,0.13948,-0.192627,-0.750482,0.064507,0.380276,-0.997112
0.448706,-0.747907,-0.967982,-0.829337,-0.660952,-0.10494,0.042293,0.85335,0.008494,-0.002682,0.886031,-0.55886,-0.463004,0.340738,-0.957452
-0.439213,0.75939,-0.033858,-0.9714,-0.141873,0.56626,0.868333,0.369892,-0.167255,0.607182,-0.147318,0.060057,0.407418,-0.27792,-1.0
-0.837776,0.284035,-0.736428,0.18418,-0.486073,-0.970276,0.654238,0.848257,-0.267632,-0.442931,-0.083533,0.337816,0.01885,-0.527262,-0.981978
-0.806132,-0.807264,-0.77137,-0.615338,-0.457407,-0.102539,0.898661,0.794314,-0.719759,-0.133159,-0.041461,-0.057769,0.229117,0.431409,-0.999325
-0.120868,0.508057,-0.691533,0.191998,0.749889,-0.17381,0.533724,0.564088,0.492832,-0.033933,-0.406388,0.211696,0.342407,-0.306198,-1.0
0.78691,0.573724,-0.712015,-0.560913,-0.831456,0.078917,0.629293,0.530232,-0.548653,0.002646,0.299373,0.028955,-0.425332,-0.165656,-1.0
0.906712,0.574581,-0.339908,-0.495769,-0.547786,-0.703098,0.040753,0.893469,0.014168,0.045921,0.747869,0.765084,-0.356107,-0.351654,-0.972019
0.704751,0.466866,-0.035524,-0.574139,0.509608,0.328479,0.834728,0.770505,0.554623,0.4221,0.088894,-0.027436,-0.375606,-0.306097,-0.985132
0.891692,0.407568,-0.720663,-0.252234,0.554909,0.891738,0.37121,0.388785,0.240941,0.276416,0.307215,-0.458993,-0.272582,0.336074,-0.997891
0.265355,0.010279,-0.490034,-0.444022,0.582642,0.972539,0.085299,0.624186,0.157262,0.117083,-0.269588,-0.835553,0.196095,0.502717,-0.920055
0.957818,-0.588412,0.62083,0.026228,0.007215,0.221201,0.846524,0.374513,0.014474,0.782022,0.079093,-0.157191,-0.351479,0.41654,-1.0
0.11749,-0.677767,0.433225,-0.780201,0.117055,-0.228877,0.271482,0.370495,0.081511,-0.181521,-0.087236,-0.754136,0.107277,0.522175,-1.0
0.362737,0.567566,-0.25418,-0.676742,0.866509,0.142514,0.891555,0.186742,0.802575,0.151498,-0.081584,0.033575,0.293571,-0.293234,-1.0
-0.309022,-0.974505,-0.604242,-0.891158,-0.033059,-0.155447,0.876592,0.894319,-0.182082,-0.615482,-0.045451,-0.084024,0.084421,0.366784,-1.0
-0.944825,-0.062651,-0.721766,-0.559887,0.636829,-0.242334,0.496734,0.27341,0.43571,-0.159581,-0.521795,0.015108,0.500524,-0.107544,-0.978819
0.332607,-0.346765,-0.565623,0.610069,0.273502,-0.736893,0.804749,0.745871,0.165633,-0.617033,0.022392,0.178739,-0.027767,-0.638436,-1.0
0.544959,0.124674,0.997487,0.932694,-0.510265,-0.856237,0.664434,0.337416,-0.288315,-0.412796,0.307923,0.142307,-0.324012,-0.355859,-1.0
0.151094,0.900896,0.435194,0.420323,0.328202,-0.136907,0.515956,0.480291,0.394896,-0.224481,-0.137456,0.435696,0.150811,-0.414584,-1.0
0.848455,-0.03135,0.662177,-0.31229,-0.890798,0.812602,0.552723,0.200863,-0.338186,0.26261,0.430133,-0.245649,-0.497637,0.221118,-0.894946
0.558628,-0.79414,0.157968,-0.752297,0.770284,0.064169,0.408369,0.930136,0.367395,-0.030471,-0.158544,-0.548278,0.168056,0.444728,-1.0
-0.820758,0.437728,-0.562805,0.130993,-0.757757,-0.557414,0.680168,0.574206,-0.538327,-0.310645,-0.050303,0.240064,0.143744,-0.448411,-0.9946
-0.182057,0.977665,-0.924781,-0.832412,0.023558,-0.350794,0.073208,0.981147,-0.006035,-0.109865,-0.159319,0.978554,0.100534,-0.516517,-1.0
0.318856,0.663371,0.763784,-0.080725,-0.890624,0.698387,0.103525,0.744736,-0.122266,0.006869,0.847517,0.029872,-0.46865,0.050344,-1.0
-0.670198,-0.017536,-0.717168,-0.963237,0.745107,0.861804,0.160224,0.623975,0.095588,0.096875,-0.735489,-0.396656,0.507168,0.230459,-1.0
-0.932557,0.117576,-0.776764,0.560281,-0.845893,0.067238,0.617271,0.997926,-0.534881,0.016935,-0.403627,0.215611,0.385528,-0.263554,-0.999816
0.123683,-0.527811,0.088347,-0.138135,0.820287,-0.316101,0.219403,0.664022,0.170886,-0.16546,-0.692626,-0.310255,0.515106,0.113706,-0.987676
0.93758,-0.039476,0.702464,-0.895833,-0.908725,-0.346329,0.530158,0.817492,-0.450201,-0.060868,0.430502,0.101623,-0.504064,-0.04401,-0.990223
-0.121638,0.264405,0.024924,-0.698184,0.023593,-0.007352,0.573561,0.513648,0.338013,-0.139689,-0.180643,0.388887,0.235809,-0.487619,-0.980142
0.453284,-0.851746,-0.442762,0.778687,0.90942,-0.072007,0.597789,0.138475,0.523809,0.008663,-0.16977,-0.349365,0.261891,0.382875,-1.0
0.50601,-0.243462,-0.692439,-0.451297,-0.278636,0.755339,0.670767,0.14065,-0.251862,0.513784,0.215225,-0.315905,-0.276732,0.412646,-1.0
-0.258336,-0.506248,-0.585817,-0.889402,-0.936434,0.579742,0.051279,0.156681,-0.065095,0.040097,0.491033,-0.796496,-0.176575,0.531474,-0.989606
-0.690879,0.115959,0.119974,-0.209473,0.186015,-0.541935,0.38473,0.070596,0.169609,-0.37543,-0.554247,0.318343,0.425006,-0.307774,-0.951851
-0.999907,-0.290242,-0.79571,-0.075815,-0.993949,-0.804159,0.481642,0.049634,-0.259297,-0.290526,0.06365,0.531894,0.114476,-0.537092,-1.0
0.854847,0.550905,0.50401,0.66648,-0.251993,-0.327147,0.887554,0.85661,-0.39435,-0.549383,0.083652,0.118978,-0.339939,-0.184508,-1.0
0.573076,-0.824998,0.667406,-0.35577,0.369271,0.848967,0.048485,0.38887,0.073386,-0.00823,0.050387,-0.973969,-0.053883,0.557563,-0.975316
-0.093827,0.824523,-0.898265,-0.795501,0.555662,0.578836,0.69472,0.424568,0.438422,0.472904,-0.367372,0.055703,0.429782,-0.169965,-0.908676
0.153977,-0.237695,0.908992,0.817585,-0.55156,0.561754,0.570986,0.195794,-0.313577,0.339912,0.290054,-0.356315,-0.263118,0.420624,-0.976433
0.941215,0.21963,0.511199,0.153885,-0.444708,-0.213956,0.952218,0.467188,-0.632611,-0.325084,0.048367,-0.038985,-0.469455,-0.167981,-0.941167
0.045737,-0.082098,0.456051,0.975107,0.019865,-0.066983,0.721167,0.305812,0.169154,-0.554589,0.330057,-0.177119,-0.430842,0.215529,-1.0
-0.461772,-0.531361,-0.986982,-0.941411,0.283827,0.373073,0.327733,0.380386,0.170987,0.184375,-0.421707,-0.559877,0.213671,0.335647,-1.0
0.107769,0.818735,0.924495,-0.466905,0.6305,-0.736524,0.038318,0.53422,0.037218,-0.048501,-0.279188,0.903658,0.104528,-0.501237,-1.0
-0.227895,-0.96619,-0.179307,0.381189,-0.92774,-0.461401,0.596709,0.630933,-0.506875,-0.125693,0.409723,-0.17371,-0.35855,0.244308,-0.918041
-0.44779,0.278089,0.91568,-0.061964,-0.187934,-0.044349,0.744596,0.242153,-0.578098,-0.11303,-0.147594,0.112143,0.332435,-0.412248,-0.924159
0.805288,-0.838476,-0.363889,-0.364814,0.171338,-0.576942,0.609543,0.744291,0.161239,-0.468504,0.28684,-0.109268,-0.440547,0.212898,-1.0
-0.388312,0.13089,-0.868119,-0.602597,0.827455,0.209305,0.431969,0.703767,0.38682,0.044991,-0.589777,-0.03872,0.548276,0.074659,-0.946039
-0.098086,-0.482916,-0.289055,-0.639726,-0.026425,0.839602,0.603701,0.483522,-0.001858,0.514933,-0.040911,-0.391005,0.060366,0.483872,-0.85876
-0.920148,-0.582004,-0.744601,0.762496,-0.743231,-0.873642,0.127801,0.115756,-0.054472,-0.027909,-0.395452,0.741214,0.253675,-0.43326,-1.0
0.537725,0.449784,-0.069147,0.199853,0.261816,-0.738236,0.112792,0.21502,-0.044112,-0.110062,0.168434,0.926613,-0.175225,-0.508443,-1.0
-0.889112,-0.259835,-0.168002,0.303863,-0.416026,0.849826,0.557514,0.525709,-0.207176,0.468271,-0.165692,-0.42496,0.204582,0.504667,-0.979254
-0.639539,-0.626781,-0.292001,-0.887622,0.413945,-0.806684,0.51423,0.68593,0.231616,-0.418177,-0.48816,0.15126,0.393342,-0.140469,-0.967167
-0.854145,-0.226607,0.046724,0.775045,0.188247,-0.437495,0.092209,0.661649,0.074545,-0.067176,-0.938866,0.193312,0.458695,-0.079855,-1.0
0.999694,0.059502,-0.387928,-0.928601,-0.721866,-0.954634,0.139277,0.940976,-0.071032,-0.079655,0.746707,0.420572,-0.440954,-0.211882,-0.985013
0.500263,-0.033862,0.650423,-0.349571,0.994108,-0.709262,0.310801,0.111999,0.202334,-0.16073,-0.364881,0.604549,0.36637,-0.453356,-0.983846
-0.391591,0.32307,-0.285144,-0.459535,0.028372,-0.038789,0.674874,0.674178,0.363134,-0.470686,-0.265019,0.139335,0.439027,-0.356007,-0.977765
0.767089,0.895652,-0.117952,0.738212,0.40662,0.885291,0.244757,0.871672,0.032269,0.075194,0.791783,-0.058607,-0.518532,-0.099525,-0.982806
0.899976,-0.051643,-0.341941,0.46901,-0.512768,0.596365,0.457584,0.258081,-0.219705,0.189379,0.575135,-0.193767,-0.50031,0.334668,-1.0
0.788581,-0.836439,0.999247,0.782858,-0.51308,-0.584565,0.186324,0.091118,-0.095918,-0.062013,0.792863,-0.178511,-0.473524,0.119704,-1.0
-0.15705,0.98142,-0.440075,0.375013,-0.715808,-0.20069,0.145006,0.271202,-0.150463,-0.046343,0.393589,0.812469,-0.235615,-0.450426,-0.92752
-0.119028,0.734166,-0.022776,0.53446,-0.896709,0.826999,0.629304,0.609703,-0.385326,0.314915,0.303497,-0.022805,-0.535486,0.109095,-1.0
0.741289,-0.596074,-0.807608,0.967163,-0.394899,0.38972,0.120424,0.494807,-0.056947,0.032588,0.635549,-0.539704,-0.466918,0.354845,-0.999183
-0.519356,-0.03043,0.147799,-0.190894,-0.553391,0.668761,0.486655,0.742916,-0.160325,0.27224,0.118601,-0.496446,0.03387,0.495077,-0.992915
0.696658,0.952633,0.223987,-0.735819,-0.906676,0.748998,0.938804,0.447208,-0.555639,0.451741,0.050671,0.001434,-0.541389,-0.044592,-1.0
0.101174,0.56839,-0.866148,-0.808567,0.648744,-0.180926,0.583061,0.298458,0.464147,-0.111377,-0.291413,0.363367,0.311882,-0.351261,-1.0
0.869393,-0.275842,0.001364,-0.151152,-0.455771,-0.639114,0.690289,0.946197,-0.266677,-0.479235,0.289208,0.102554,-0.583822,-0.14358,-1.0
-0.130533,-0.151761,0.901582,0.837765,0.443022,0.690481,0.428492,0.265138,0.181757,0.267093,-0.335769,-0.363138,0.271453,0.364408,-1.0
0.072924,-0.420459,0.020524,-0.001905,-0.429022,-0.609707,0.534229,0.499825,-0.333327,-0.362582,0.502441,0.087391,-0.471327,-0.242518,-1.0
0.980074,0.989828,-0.389064,-0.925108,-0.251828,-0.14387,0.722969,0.60617,-0.587484,-0.350507,0.279231,0.238772,-0.425797,-0.316875,-0.985008
-0.152135,0.998196,0.126318,0.072534,0.579258,0.638802,0.966522,0.980903,0.499424,0.572947,-0.005933,0.024645,0.4492,-0.169432,-1.0
-0.40379,0.684944,-0.0563,-0.3674,0.048124,-0.629375,0.668042,0.024161,0.107101,-0.521441,-0.019613,0.247929,0.154116,-0.482207,-1.0
-0.086892,-0.754854,-0.829388,0.66654,-0.519565,-0.123143,0.120049,0.669614,-0.035158,0.002918,0.514708,-0.679911,-0.25834,0.416991,-1.0
0.499188,-0.498523,-0.719081,-0.959183,-0.713023,-0.62623,0.238637,0.204172,-0.132195,-0.077589,0.804553,0.044914,-0.373778,-0.066872,-0.953813
0.153622,-0.195562,0.794604,0.490025,-0.022734,-0.488458,0.74275,0.387403,-0.047251,-0.642944,0.133981,0.156923,-0.266846,-0.381945,-0.952591
0.287804,0.618193,-0.041722,0.93687,0.336378,0.322986,0.956831,0.683899,0.560922,0.577223,-0.01242,0.020634,0.153152,-0.50452,-1.0
-0.455916,-0.629992,-0.96668,0.746847,-0.512427,-0.651363,0.711978,0.371396,-0.282309,-0.359486,0.24012,0.069301,-0.450909,-0.127168,-1.0
-0.866739,-0.395909,0.346164,-0.555113,-0.445739,0.629478,0.91684,0.328288,-0.359226,0.632999,-0.009703,0.026191,0.158763,0.46502,-0.958506
-0.444613,-0.396325,0.535692,0.987239,0.909109,-0.018111,0.529737,0.931907,0.449734,-0.023563,-0.465324,-0.161349,0.474768,0.202777,-0.942004
0.676679,-0.611386,0.845559,0.285531,-0.05884,-0.37572,0.20445,0.642553,-0.049752,-0.156037,0.760503,-0.309049,-0.474677,0.096946,-0.921558
0.799436,-0.228281,-0.156579,-0.111452,-0.39699,-0.803092,0.086088,0.242501,-0.029188,-0.044617,0.777851,0.384366,-0.404262,-0.248338,-0.890557
-0.712776,-0.183067,0.655088,-0.246918,-0.785398,0.233244,0.745729,0.528065,-0.556897,0.12507,0.001599,-0.190998,-0.139037,0.540469,-1.0
0.383387,-0.419416,-0.690796,0.014421,-0.776077,0.858317,0.159392,0.434134,-0.031004,0.036244,0.524335,-0.658513,-0.405341,0.310659,-1.0
-0.572259,-0.431656,0.858742,-0.402582,-0.293009,-0.139597,0.517362,0.913188,-0.422352,-0.1885,-0.294213,-0.355173,0.453755,0.346736,-0.970137
-0.650043,0.578314,-0.232314,0.801784,0.821221,-0.045081,0.855739,0.726395,0.665832,-0.060779,-0.157719,0.034767,0.377653,-0.234175,-0.981378
0.841831,0.231123,-0.745781,-0.9096,0.793836,-0.536384,0.479636,0.604076,0.381619,-0.221191,0.038677,0.511339,-0.080067,-0.56799,-0.962632
-0.483555,0.378063,0.152342,-0.975907,-0.323772,0.098078,0.392193,0.840258,-0.378542,0.064297,-0.295641,0.497265,0.245728,-0.421508,-0.852184
-0.840491,-0.884908,0.932223,0.231705,0.363337,0.706535,0.844676,0.168668,0.354778,0.696089,-0.103686,-0.199344,0.248424,0.425987,-0.912017
0.144447,-0.226441,-0.821389,0.265535,-0.050344,0.024532,0.993738,0.422126,-0.750718,0.387208,0.044793,-0.040656,-0.310289,0.342685,-0.925319
-0.463514,-0.34201,0.411025,0.017159,-0.22618,-0.237137,0.264602,0.94069,-0.241284,-0.186552,-0.629035,-0.276219,0.471504,0.168041,-1.0
-0.041032,-0.230704,-0.414526,-0.043259,-0.772445,0.857551,0.234357,0.869019,-0.12465,0.093096,0.37958,-0.560282,-0.323009,0.433812,-0.919529
-0.825861,-0.538085,0.617501,0.536062,0.827625,0.183851,0.261043,0.96033,0.267385,-0.048259,-0.661098,-0.277447,0.490494,0.163276,-1.0
0.56328,0.220621,0.754663,-0.630894,-0.387367,-0.568683,0.748924,0.982618,-0.250954,-0.481074,0.213047,0.185765,-0.337191,-0.351602,-0.997861
-0.564852,0.888027,0.417989,0.87234,-0.832009,-0.060014,0.72738,0.281811,-0.618755,0.011169,0.154441,0.250405,-0.134026,-0.48918,-0.902435
0.846662,-0.79365,-0.41726,-0.566504,-0.63079,-0.880737,0.373109,0.726422,-0.196661,-0.216072,0.640081,0.052163,-0.504975,-0.123329,-1.0
0.498421,0.587328,-0.556255,-0.917201,-0.736917,-0.534963,0.179195,0.098738,-0.121139,-0.073357,0.546628,0.551302,-0.401907,-0.33827,-1.0
0.734981,-0.286145,0.736561,0.063144,-0.500879,-0.755446,0.857246,0.965359,-0.431288,-0.628837,0.098256,0.056867,-0.419818,-0.200574,-0.980798
0.853168,-0.776394,0.503399,0.850762,0.315933,0.165416,0.798894,0.212027,0.589154,0.287439,0.126459,-0.212195,-0.219408,0.434337,-1.0
0.10553,0.129088,0.064497,-0.736031,-0.075358,0.77711,0.124901,0.724256,-0.032653,0.095282,0.219509,-0.865945,-0.204524,0.509713,-0.973773
-0.451257,-0.917483,-0.108998,0.12792,0.104291,-0.818677,0.692854,0.300355,0.107787,-0.581565,-0.329623,-0.051957,0.451087,0.12612,-0.927184
0.923655,0.057175,-0.668204,-0.097864,-0.506118,0.415122,0.838819,0.733046,-0.509037,0.386692,0.134293,0.024934,-0.505073,0.168856,-0.870087
0.979091,0.58585,0.58175,0.169452,-0.034832,-0.923571,0.23745,0.086905,0.040571,-0.300882,0.475706,0.589689,-0.247216,-0.380282,-1.0
0.833612,-0.62017,0.635921,0.959766,0.473089,0.848688,0.206993,0.561564,0.047664,0.12702,0.204531,-0.709889,-0.030935,0.48986,-0.944643
-0.734613,-0.206127,-0.132673,-0.488097,-0.703853,-0.682692,0.943549,0.05229,-0.592943,-0.536847,0.003338,-0.07061,0.071254,-0.459374,-0.954237
0.387973,-0.229392,-0.142516,-0.049516,-0.155795,0.461374,0.012569,0.315114,-0.010733,-0.005125,0.582686,-0.851937,-0.293697,0.480338,-1.0
0.580631,0.953721,0.957282,-0.885011,0.199787,-0.309823,0.558162,0.086115,0.203314,-0.401338,0.185978,0.274699,-0.096905,-0.476883,-1.0
0.984052,-0.097177,0.040486,-0.93663,-0.63163,-0.291311,0.402296,0.47109,-0.262223,-0.153587,0.628913,0.105732,-0.52321,-0.033158,-0.996241
0.788295,0.705906,0.642052,0.349146,-0.145989,-0.708689,0.532557,0.259444,-0.111563,-0.395553,0.341539,0.385269,-0.229557,-0.409382,-0.938542
-0.363822,0.318825,-0.158588,-0.5154,-0.626444,0.193233,0.823966,0.691924,-0.621064,0.192733,0.306315,0.154299,-0.420474,-0.243454,-0.95271
-0.158445,-0.315625,-0.4411,-0.741487,0.423615,-0.733746,0.47709,0.276459,0.220435,-0.363008,-0.497631,0.356591,0.382809,-0.279253,-1.0
0.36489,-0.329484,-0.594272,-0.871493,0.751097,-0.402331,0.954248,0.208428,0.655769,-0.310364,0.021295,0.11182,0.523838,-0.120011,-1.0
-0.202295,-0.739725,-0.254018,-0.813638,0.934527,-0.069597,0.691872,0.207253,0.575901,-0.06771,-0.249166,-0.138251,0.351491,0.192855,-1.0
0.206443,-0.759203,0.852263,-0.916717,0.105818,-0.448182,0.087247,0.289387,0.002306,-0.05935,0.232595,-0.881581,-0.140652,0.459812,-0.970208
0.911429,0.884027,0.457098,0.936457,0.96338,-0.520342,0.335765,0.568223,0.217123,-0.168982,-0.067049,0.574032,-0.003979,-0.495534,-0.970205
0.733693,-0.364297,0.058206,0.681391,-0.406782,-0.952563,0.303933,0.241477,-0.071711,-0.27547,0.631262,0.246593,-0.407332,-0.220058,-0.982414
-0.97525,-0.575609,0.013913,-0.089297,-0.655343,0.974272,0.236357,0.461753,-0.157146,0.149219,-0.218938,-0.764426,0.161105,0.4109,-0.954277
-0.982615,-0.618973,0.158699,-0.433186,0.004081,-0.073636,0.096956,0.276427,-0.030547,-0.089472,-0.870433,-0.322174,0.379519,0.213745,-0.999502
0.42673,0.825668,0.721965,-0.13192,-0.928565,-0.289351,0.926098,0.922249,-0.727892,-0.295964,0.117157,0.106113,-0.372831,-0.314014,-1.0
0.447375,0.647461,-0.183665,-0.238733,0.236693,-0.838505,0.415019,0.172355,0.079654,-0.339879,0.081877,0.592352,-0.105222,-0.565008,-0.95644
0.410358,0.735866,-0.028342,0.48351,-0.744801,-0.244316,0.972862,0.334269,-0.808834,-0.305071,0.082622,0.040696,-0.338666,-0.339177,-0.989414
-0.565935,0.303234,0.290915,-0.364755,-0.835056,-0.293592,0.563096,0.866148,-0.492786,-0.12658,0.140127,0.395733,-0.141858,-0.392087,-0.936022
0.770782,-0.676854,-0.523932,-0.662306,0.473698,0.711336,0.882561,0.456405,0.335606,0.598166,0.044326,-0.078324,-0.117652,0.546652,-1.0
-0.503749,0.870504,-0.30939,-0.758828,-0.274548,0.182456,0.626353,0.018803,-0.424042,0.303048,-0.092854,0.409307,0.153931,-0.557901,-1.0
0.836522,0.892521,0.234173,0.139618,0.474317,0.798192,0.093016,0.483378,0.047683,0.072418,0.864152,0.170593,-0.578018,-0.08375,-0.936155
-0.134302,-0.640429,0.766217,-0.814882,0.681833,-0.406906,0.302062,0.614322,0.212461,-0.135881,-0.665955,-0.120097,0.494054,0.169228,-0.94413
-0.112511,0.65547,0.130464,-0.265138,0.711139,0.800937,0.278204,0.571434,0.115404,0.123778,-0.676831,-0.120891,0.419738,0.070036,-0.981915
-0.933761,-0.472512,0.70984,-0.27405,0.596221,0.12831,0.43966,0.747381,0.3329,0.16525,-0.488674,-0.161739,0.395574,0.167843,-0.936261
-0.080467,-0.431434,-0.360345,-0.208104,0.845447,0.550766,0.422445,0.067059,0.312409,0.210127,-0.422887,-0.494855,0.366032,0.373205,-0.990596
0.947354,0.715128,-0.686957,0.882231,-0.635514,-0.069753,0.666449,0.485435,-0.442726,-0.112324,0.258687,0.132086,-0.452881,-0.185581,-0.978263
-0.12762,0.73409,-0.384123,0.651985,-0.624258,-0.208999,0.554801,0.902769,-0.504097,-0.111685,0.187082,0.272119,-0.220479,-0.445261,-0.994749
-0.355453,0.627649,0.218986,0.578885,0.843657,-0.750842,0.484651,0.038701,0.234234,-0.305517,-0.406187,0.365028,0.363589,-0.447786,-0.95467
0.589526,-0.291527,-0.067274,-0.058143,-0.075763,-0.74538,0.735024,0.93105,-0.093701,-0.606164,0.188359,0.148138,-0.41938,-0.224688,-1.0
-0.467016,-0.210607,0.499862,-0.958902,-0.476325,0.661313,0.143759,0.126219,-0.091963,0.066931,-0.014398,-0.956606,0.042882,0.528064,-0.983612
0.885022,-0.395873,-0.817416,0.935166,0.323849,0.204896,0.037169,0.411898,-0.020027,0.009419,0.727629,-0.682309,-0.345707,0.357801,-0.999062
-0.201493,-0.425525,-0.689263,0.521994,-0.663706,0.162377,0.131226,0.075147,-0.15796,0.042294,0.499615,-0.710722,-0.256387,0.371445,-1.0
0.136044,0.290788,-0.566712,0.894128,-0.65891,-0.889302,0.666414,0.595388,-0.294604,-0.41738,0.202934,0.31372,-0.320194,-0.440699,-1.0
-0.841272,0.041113,0.466706,-0.181299,0.552965,-0.377491,0.088774,0.841798,-0.004946,0.009145,-0.905871,0.166632,0.460643,-0.072075,-1.0
-0.743878,0.574893,0.896753,-0.451066,-0.72136,0.118068,0.5884,0.750015,-0.410715,0.030421,-0.082396,0.441753,0.04325,-0.580303,-0.970703
0.111044,0.226437,0.111667,-0.780717,-0.703963,0.795364,0.253868,0.541161,-0.112576,0.145579,0.593537,-0.472494,-0.379195,0.339664,-1.0
0.145227,0.796182,0.483761,-0.928334,-0.141677,0.782844,0.011715,0.262982,-0.037511,-0.072865,0.910225,-0.032027,-0.51352,-0.056113,-0.89554
0.690784,0.882146,-0.841104,0.184738,-0.129692,-0.604121,0.273434,0.791689,-0.039727,-0.200875,0.38395,0.574247,-0.163203,-0.360815,-0.998013
-0.380768,0.41742,-0.283945,-0.248323,0.243478,0.54313,0.717028,0.977448,0.238289,0.530733,-0.298154,-0.150366,0.382985,0.084495,-1.0
-0.27601,-0.983076,0.930793,-0.468288,-0.783316,-0.48844,0.064659,0.798835,-0.105184,-0.000297,0.65252,-0.660241,-0.357551,0.313374,-0.946321
-0.077135,0.764982,0.458955,0.332695,0.114179,0.503176,0.930103,0.40225,0.144848,0.702997,-0.031074,0.14328,0.291435,-0.423595,-0.973542
0.228545,0.883431,-0.590313,0.771623,0.312922,-0.104511,0.139096,0.190493,0.154694,-0.070083,-0.061509,0.871482,0.01523,-0.548713,-0.976424
0.636819,-0.179661,0.203826,-0.903039,-0.75431,0.018472,0.953446,0.100114,-0.744469,0.032841,0.130953,-0.009047,-0.521693,0.133978,-1.0
-0.161204,0.365089,0.312415,0.949484,0.765184,-0.192555,0.381076,0.396281,0.288845,-0.055527,-0.601964,0.265179,0.480484,-0.277433,-1.0
-0.217021,-0.21137,-0.510943,-0.420242,0.06159,-0.51398,0.822382,0.320464,0.03757,-0.695256,-0.050735,0.100865,0.409249,-0.269498,-0.945392
0.557154,0.093164,0.517717,-0.397074,-0.211799,0.976429,0.69831,0.100532,-0.148907,0.592058,0.225759,-0.281746,-0.300138,0.344049,-1.0
-0.593821,0.496788,0.890521,-0.80229,-0.925448,0.348574,0.628312,0.814499,-0.499359,0.194205,0.39005,0.177958,-0.475695,-0.204217,-1.0
0.310304,0.755634,0.003676,-0.35679,-0.220894,-0.628021,0.259229,0.646659,-0.046097,-0.207103,0.296252,0.711065,-0.248447,-0.438687,-1.0
-0.546046,0.902479,-0.687685,0.215527,0.926535,0.932074,0.453856,0.170526,0.189421,0.187973,-0.600013,-0.006788,0.510473,0.054301,-1.0
-0.601216,0.036248,0.748953,-0.03129,-0.974787,-0.814858,0.683243,0.560087,-0.457669,-0.220248,0.1158,0.326404,-0.180927,-0.537934,-1.0
0.299378,0.76639,-0.885093,-0.044538,0.278975,-0.540802,0.652555,0.848963,0.287425,-0.474348,-0.010075,0.320609,-0.055261,-0.528039,-0.925276
-0.788399,-0.668188,-0.902306,-0.265465,-0.93916,-0.891055,0.647497,0.060044,-0.41836,-0.377158,0.154357,0.332858,-0.355354,-0.374571,-1.0
0.512773,0.86487,-0.282087,-0.694917,-0.748921,-0.636826,0.339599,0.764183,-0.183514,-0.286346,0.448504,0.555679,-0.344249,-0.401929,-1.0
0.628311,-0.027514,-0.367855,-0.031416,0.949917,-0.062545,0.751328,0.372319,0.506079,-0.041693,-0.323731,0.152208,0.45735,-0.024299,-1.0
-0.569995,-0.852158,-0.834859,0.835815,0.769904,-0.940973,0.322581,0.100012,0.212369,-0.276436,-0.678969,0.02635,0.371247,-0.066588,-1.0
0.859305,-0.409614,-0.174517,0.746448,-0.595112,-0.943269,0.247535,0.591443,-0.1063,-0.156128,0.73159,0.216747,-0.474646,-0.14652,-1.0
0.194597,-0.377675,0.649853,0.266631,-0.683754,0.833644,0.672448,0.997518,-0.337096,0.435419,0.13027,-0.301062,-0.297108,0.43617,-1.0
-0.160586,-0.152221,-0.572362,-0.06908,-0.140856,-0.33625,0.306316,0.348016,0.036711,-0.197467,-0.041219,0.626794,0.094053,-0.574346,-1.0
-0.623573,-0.263266,0.231806,0.610621,-0.003091,-0.878527,0.092399,0.96554,0.037234,-0.149729,-0.588476,0.630114,0.336906,-0.362611,-1.0
0.124217,-0.546487,-0.132448,-0.167382,-0.867157,-0.812018,0.770311,0.05137,-0.431503,-0.444949,0.207874,0.11626,-0.483589,-0.094107,-0.963212
0.289421,-0.266449,0.316811,-0.454673,0.160182,-0.722163,0.96147,0.050769,0.195952,-0.697257,-0.048503,0.077841,-0.108619,-0.426616,-0.884421
-0.259431,0.058138,0.589877,0.643719,0.654698,-0.751803,0.284371,0.939963,0.149134,-0.184874,-0.54879,0.463592,0.386577,-0.299621,-0.968982
-0.011954,-0.298013,-0.341512,-0.482518,-0.265792,0.889927,0.495157,0.763015,-0.165416,0.344976,0.121473,-0.591863,-0.104805,0.493067,-0.987344
0.502546,-0.402386,-0.926789,-0.645628,0.254519,-0.84427,0.321073,0.392347,-0.044032,-0.211906,0.380511,0.553702,-0.262026,-0.314477,-1.0
-0.312261,0.520719,-0.066884,0.12802,-0.689735,-0.126057,0.102305,0.177262,-0.14717,0.037691,0.353968,0.774624,-0.227379,-0.466865,-0.941404
-0.295678,-0.877919,-0.627893,0.541132,-0.301382,0.560149,0.097087,0.015141,-0.029163,0.073291,0.000842,-0.838731,0.048785,0.521391,-1.0
0.451149,-0.393754,-0.201379,0.035265,-0.624073,-0.195816,0.563295,0.245018,-0.395527,-0.137212,0.402926,-0.032887,-0.564104,0.03486,-1.0
-0.751165,-0.92605,0.39802,-0.890016,-0.881883,0.815127,0.202898,0.329269,-0.13799,0.097402,0.088968,-0.808666,0.053017,0.440141,-0.999894
-0.9648,-0.625634,-0.440838,-0.121948,-0.226127,-0.829536,0.471548,0.755079,-0.13901,-0.296452,-0.514608,0.090388,0.402022,-0.083791,-0.932856
-0.511812,0.26588,0.214476,-0.338186,0.208675,0.781005,0.296385,0.746549,0.050636,0.183942,-0.590238,-0.370415,0.363677,0.308088,-1.0
0.941608,0.812381,-0.496726,-0.138643,-0.059323,0.516181,0.490534,0.1689,-0.038135,0.380833,0.526026,0.076398,-0.458272,-0.154291,-1.0
-0.683405,-0.624938,-0.39243,-0.207449,-0.055734,0.865316,0.335097,0.722241,-0.009092,0.302013,-0.241718,-0.586535,0.287617,0.533756,-1.0
0.283686,-0.346399,0.253833,0.781531,-0.897687,0.224172,0.554303,0.071491,-0.373668,0.131448,0.321986,-0.190865,-0.487053,0.270783,-1.0
-0.299412,0.652728,-0.832173,-0.9792,-0.833598,-0.598509,0.749807,0.003453,-0.484902,-0.420102,0.094491,0.240822,-0.160942,-0.470522,-1.0
0.221223,-0.200736,0.789739,-0.056505,0.646392,0.677378,0.097029,0.691049,0.00451,0.080866,-0.461532,-0.86057,0.260843,0.452279,-0.999142
-0.406139,0.479561,0.024691,0.902612,-0.246996,-0.45961,0.443758,0.517413,-0.209752,-0.301645,-0.074273,0.570837,0.015937,-0.422041,-0.942313
-0.003699,0.348867,0.384163,0.610876,0.896974,-0.132896,0.559829,0.479051,0.506001,-0.004907,-0.476401,0.221815,0.440059,-0.207423,-1.0
0.637261,0.392066,0.014974,-0.085147,0.705142,-0.598974,0.736235,0.807533,0.49657,-0.321469,-0.03737,0.231424,0.001152,-0.475083,-0.98336
0.129513,0.850765,0.679427,-0.091662,-0.121325,-0.611972,0.670076,0.162717,-0.148018,-0.496478,0.094635,0.337753,-0.094659,-0.444619,-1.0
0.73946,0.838549,-0.244247,-0.497431,-0.868186,-0.706088,0.326411,0.988475,-0.273379,-0.189227,0.517962,0.486922,-0.385688,-0.242013,-0.926548
-0.17295,0.075871,0.356353,0.919084,-0.859018,-0.919909,0.737971,0.054139,-0.48795,-0.416533,0.123986,0.234301,-0.301627,-0.462552,-0.989339
0.668657,0.361269,0.898457,-0.662933,-0.742726,0.823426,0.617324,0.938136,-0.373178,0.376492,0.311446,-0.102566,-0.477812,0.23173,-0.97084
0.015692,0.136091,0.177141,0.704712,0.886352,-0.514193,0.531717,0.930901,0.38407,-0.274828,-0.423624,0.253145,0.448358,-0.338481,-1.0
0.487466,0.315228,0.530088,-0.624349,0.571504,0.835636,0.682066,0.762246,0.26822,0.387742,-0.071178,-0.280191,0.129872,0.512468,-0.950011
-0.208036,0.845295,0.738772,-0.84537,-0.21241,-0.337785,0.405009,0.704131,-0.188527,-0.348485,-0.094984,0.649157,-0.025662,-0.499457,-0.906255
-0.855131,0.993269,0.452593,0.204538,-0.120626,0.804369,0.600479,0.984251,-0.028606,0.400656,-0.428716,0.148243,0.512373,-0.145105,-0.948673
-0.787299,-0.41524,0.14162,0.928472,-0.935874,-0.473825,0.165333,0.497158,-0.057621,-0.043301,0.764103,0.374479,-0.517815,-0.213783,-0.950046
-0.553281,-0.077596,0.953199,-0.722813,-0.231364,0.29959,0.090147,0.495958,-0.017066,0.079082,-0.533342,-0.705644,0.287349,0.316424,-1.0
-0.636245,0.808983,-0.313685,0.422506,-0.45955,0.174151,0.140721,0.907712,-0.088082,0.037372,-0.19213,0.654631,0.037706,-0.407763,-0.890369
0.282123,-0.215503,-0.635276,0.317123,0.632726,0.040472,0.890625,0.879429,0.684773,-0.010354,-0.083087,-0.018,0.43532,0.280828,-1.0
-0.362692,0.038739,0.156164,0.593603,0.759242,-0.518518,0.134499,0.626905,0.099273,-0.126785,-0.754881,0.357846,0.472849,-0.170009,-1.0
0.038443,-0.218084,0.685465,0.584928,-0.138973,0.731417,0.027489,0.152874,-0.026717,0.002633,0.125562,-0.957036,-0.022878,0.465983,-1.0
0.868562,-0.544694,0.694608,-0.53923,0.403144,-0.41699,0.661103,0.705151,0.257706,-0.383907,0.378734,-0.025741,-0.480545,0.074568,-1.0
-0.303234,0.315402,-0.634243,0.51791,-0.539879,0.542254,0.446812,0.806576,-0.286325,0.291711,0.350492,-0.458923,-0.306509,0.273425,-1.0
0.378842,0.98945,0.783555,0.59427,-0.476277,-0.417492,0.550805,0.080819,-0.384277,-0.359892,0.249996,0.348777,-0.193548,-0.369442,-1.0
0.267875,-0.212407,0.455483,0.416013,0.876977,-0.728346,0.0581,0.962471,0.090242,-0.044708,-0.741039,0.647172,0.461664,-0.225484,-0.933851
0.711771,-0.038233,-0.354534,-0.699284,-0.021945,-0.439329,0.231665,0.750594,0.012387,-0.188982,0.721656,0.372703,-0.398308,-0.21096,-1.0
0.841768,0.619306,0.229285,-0.229847,0.199961,-0.275777,0.772219,0.917526,0.369486,-0.545246,0.086422,0.268061,-0.351374,-0.420104,-0.954952
-0.981984,0.266354,0.350743,-0.045543,-0.430092,0.622069,0.248252,0.503238,-0.100628,0.120464,-0.711079,-0.342207,0.472721,0.340922,-0.948866
0.986659,0.87258,-0.026787,0.626544,-0.613845,-0.92111,0.767794,0.617973,-0.353656,-0.605841,0.225247,0.201233,-0.468862,-0.392668,-1.0
0.179458,0.929466,0.870189,0.21049,-0.073207,-0.681769,0.346718,0.710817,0.020822,-0.310919,0.142516,0.585745,-0.054551,-0.444768,-1.0
-0.375415,-0.083741,-0.864564,-0.913076,-0.829817,0.651977,0.409714,0.77359,-0.247841,0.186828,0.349572,-0.430687,-0.171396,0.482259,-0.978259
0.502398,-0.311895,-0.781054,-0.842189,0.890609,-0.482808,0.845796,0.598016,0.619537,-0.338707,-0.123602,0.051533,0.472916,-0.244364,-0.970614
-0.533039,0.46907,-0.513495,0.330656,-0.191217,0.464233,0.047,0.605063,-0.048868,0.047717,-0.965916,-0.010887,0.567865,0.006452,-1.0
-0.001606,0.805916,0.975586,-0.415316,-0.759337,0.851919,0.590725,0.361239,-0.226043,0.271517,0.377604,-0.062445,-0.415709,0.066581,-1.0
0.08845,0.330048,-0.239388,-0.155986,-0.529218,-0.976005,0.451566,0.877167,-0.036672,-0.271319,0.224462,0.522419,-0.275614,-0.412614,-0.986378
-0.066851,-0.546402,-0.263264,-0.961668,-0.175498,-0.931062,0.587957,0.776147,-0.049961,-0.498147,0.068748,0.447611,-0.127596,-0.464554,-0.933158
-0.36952,0.033748,-0.104123,0.654093,-0.043184,-0.874677,0.152468,0.533637,-0.033594,-0.153715,-0.251736,0.788087,0.147871,-0.446921,-0.974192
0.656402,0.454176,0.251946,0.245879,0.642657,-0.445843,0.668201,0.062364,0.434035,-0.259486,0.015091,0.390621,0.051776,-0.515178,-0.918065
0.68039,-0.409193,0.86916,-0.071092,-0.433656,-0.523784,0.526399,0.432831,-0.18843,-0.29316,0.495612,0.074758,-0.484152,-0.121698,-0.966579
0.560101,-0.585632,-0.101632,-0.740211,0.638869,-0.878836,0.602473,0.604095,0.297093,-0.361834,0.012539,0.499077,0.07459,-0.453254,-1.0
0.62209,0.503666,0.852623,0.10815,0.386224,0.208118,0.98338,0.422712,0.579919,0.33225,0.025491,0.133477,-0.241558,-0.369512,-1.0
0.444138,0.911264,-0.143016,0.218044,-0.753183,-0.930605,0.452863,0.622502,-0.345314,-0.329606,0.401927,0.458046,-0.255801,-0.441795,-0.991463
0.814009,-0.939169,0.941724,-0.755043,0.314913,0.797967,0.406187,0.458226,0.11902,0.387237,0.129238,-0.497023,-0.241831,0.566942,-0.988041
-0.707867,-0.005544,0.32731,0.444627,0.866695,-0.937924,0.216897,0.851576,0.149921,-0.183587,-0.686689,0.404239,0.516014,-0.324971,-1.0
-0.096784,-0.923094,-0.632616,0.139758,0.099095,0.228673,0.643715,0.336772,0.283839,0.427581,-0.185234,-0.344331,0.141179,0.463439,-1.0
-0.180155,0.039251,-0.982824,-0.361091,0.374576,-0.396529,0.647962,0.127556,0.368154,-0.365233,-0.342248,0.19365,0.314965,-0.315141,-1.0
0.467258,0.644484,-0.938454,0.722054,0.036613,0.507282,0.183345,0.521789,-0.016397,0.159328,0.73134,0.281462,-0.436908,-0.205969,-0.932869
-0.451204,-0.992291,0.548149,-0.813914,0.132026,-0.570168,0.279989,0.62878,-0.018042,-0.167197,-0.557275,-0.543697,0.445847,0.319456,-1.0
-0.472331,0.712829,0.9636,-0.681747,-0.305955,0.458611,0.427609,0.972096,-0.241077,0.26886,-0.279975,0.584021,0.210894,-0.450419,-1.0
0.353334,-0.340071,0.022504,0.607387,0.632002,-0.286985,0.439504,0.387368,0.330833,-0.112887,-0.513465,-0.080259,0.434679,0.119803,-1.0
-0.035078,-0.109462,-0.260914,0.311863,-0.802478,0.202713,0.871269,0.353322,-0.647454,0.098425,0.10534,-0.164195,-0.372728,0.174409,-0.961238
0.598595,-0.196338,-0.903467,-0.437282,0.195197,0.949267,0.434505,0.822813,-0.000435,0.392079,0.243624,-0.479829,-0.123341,0.498438,-0.982525
0.547162,0.343406,-0.070232,-0.11291,-0.099049,0.951285,0.558433,0.715043,-0.105214,0.424989,0.286647,-0.265836,-0.398562,0.386962,-0.991023
-0.067467,0.977542,-0.443672,0.142332,0.142294,-0.122235,0.664004,0.350773,0.495719,-0.321291,-0.056011,0.316075,0.114421,-0.527185,-1.0
-0.503013,0.182562,0.795851,0.932524,-0.009541,-0.353583,0.001535,0.798094,0.044761,0.032047,-0.641594,0.775518,0.316716,-0.329974,-0.938298
0.354767,0.024561,-0.268284,-0.875176,-0.424681,0.505775,0.107738,0.410247,0.051625,0.190542,0.722587,-0.503866,-0.333994,0.250216,-0.996283
-0.486564,-0.202915,-0.642886,0.749192,0.036343,0.916785,0.497028,0.924717,0.036517,0.355659,-0.172313,-0.433626,0.222468,0.504792,-1.0
0.179098,0.18812,-0.626442,-0.10681,-0.709103,0.55992,0.515697,0.169191,-0.430309,0.242023,0.434348,-0.13445,-0.417826,0.187286,-1.0
-0.110492,0.345161,-0.305777,0.441405,-0.467059,-0.824251,0.052013,0.133395,0.048733,-0.062675,0.336532,0.937315,-0.116668,-0.526291,-1.0
-0.93576,-0.913928,0.962909,-0.445139,0.041652,-0.044734,0.923685,0.457576,0.511234,-0.501493,-0.038395,-0.02067,0.318408,0.30206,-1.0
0.832364,0.257358,-0.553546,0.377979,-0.988849,0.755733,0.239387,0.14642,0.011521,0.10117,0.810835,-0.18641,-0.498474,0.199546,-0.954329
-0.213346,-0.124112,0.634832,-0.249257,0.072411,0.122004,0.182438,0.548884,0.090842,0.137132,-0.671266,-0.408746,0.337484,0.298674,-0.925838
0.592905,0.63989,-0.611218,-0.74717,-0.311312,-0.781303,0.048843,0.442979,0.043762,-0.131949,0.486925,0.845741,-0.242347,-0.409621,-1.0
0.766447,-0.055559,0.24483,-0.464217,0.647365,0.068958,0.105876,0.324416,0.104033,-0.01214,0.684364,-0.655213,-0.398801,0.422216,-1.0
-0.190529,-0.765082,0.724401,0.395324,-0.333494,-0.599564,0.522897,0.22213,-0.186507,-0.389807,0.239157,-0.321234,-0.333463,0.541061,-0.978373
0.231221,-0.076201,0.078204,-0.793143,0.656931,-0.809171,0.469039,0.953127,0.305106,-0.32725,-0.234071,0.342494,0.257389,-0.432918,-1.0
0.545116,-0.985203,0.055397,0.421893,0.06311,0.212146,0.08206,0.335769,0.100503,0.011169,0.371139,-0.777333,-0.197103,0.372976,-1.0
0.702924,0.82018,-0.460402,-0.419441,-0.400099,0.450164,0.084578,0.174878,-0.01721,0.065104,0.795603,0.237287,-0.493863,-0.157558,-0.946219
0.775584,-0.841224,-0.959954,-0.831624,0.791626,-0.571843,0.391306,0.205165,0.292713,-0.189564,-0.035957,-0.646703,0.049456,0.483513,-1.0
0.986965,-0.55007,0.988865,-0.8567,0.964127,0.801549,0.998401,0.856083,0.588984,0.43705,-0.050757,0.002173,-0.009995,0.448009,-0.965854
-0.791383,0.608086,0.668732,0.620447,-0.544914,-0.734187,0.960415,0.010278,-0.475335,-0.670135,0.007101,0.033683,0.054536,-0.457317,-0.920462
-0.999413,-0.214877,-0.548859,-0.2003,0.033014,-0.927243,0.261879,0.89959,0.072288,-0.288192,-0.625796,0.505026,0.35394,-0.319489,-1.0
0.927806,-0.484409,-0.942256,-0.8296,0.168817,0.240633,0.317991,0.60243,0.085004,0.164104,0.569334,-0.440409,-0.372212,0.346963,-1.0
-0.901139,-0.069701,0.581965,0.662219,0.491274,0.025606,0.391322,0.37633,0.275681,-0.021919,-0.52585,0.038745,0.480364,0.037094,-0.977252
0.635437,0.206515,-0.134559,-0.090922,-0.367923,0.766162,0.419373,0.073905,-0.072959,0.312447,0.416478,-0.255817,-0.511078,0.233474,-1.0
0.045785,-0.984152,-0.273531,-0.528502,0.627105,0.708667,0.216384,0.026081,0.154924,0.17431,-0.216597,-0.783709,0.143098,0.500401,-1.0
0.818121,0.154262,0.147953,-0.412001,-0.101793,-0.395795,0.941996,0.139978,-0.22444,-0.702162,0.106453,-0.017111,-0.486959,-0.225969,-0.959151
0.839795,-0.437819,-0.245344,0.65948,0.359771,-0.839953,0.395281,0.08581,0.157396,-0.303477,0.466318,0.436606,-0.430124,-0.295213,-1.0
-0.264645,-0.510795,-0.607222,0.337006,-0.609323,-0.912828,0.801382,0.75453,-0.336405,-0.571897,0.246238,0.084159,-0.259212,-0.375986,-1.0
0.014727,0.187327,0.17712,-0.368911,-0.354891,0.81908,0.486616,0.933421,-0.210803,0.329756,0.240773,-0.42113,-0.195243,0.466352,-1.0
0.628446,0.528382,-0.819976,-0.744704,-0.00961,0.496345,0.206756,0.678066,-0.001826,0.182648,0.824865,0.043987,-0.490935,-0.032804,-1.0
-0.42577,0.052783,0.869529,-0.998495,0.01017,-0.336186,0.818847,0.243118,-0.023526,-0.646723,-0.126761,0.129638,0.325558,-0.300246,-0.958926
0.520258,-0.006469,0.023057,0.714893,-0.97109,0.248578,0.655963,0.367794,-0.512673,0.12712,0.415018,-0.151176,-0.491606,0.109249,-1.0
-0.365011,0.503882,0.601139,0.63028,-0.966118,-0.107885,0.758375,0.129427,-0.594184,-0.039261,0.129278,0.21147,-0.25218,-0.419857,-0.96839
-0.619666,0.151199,-0.814601,-0.031119,-0.024247,0.938829,0.444456,0.534195,-0.003917,0.417513,-0.356899,-0.453376,0.345141,0.494273,-0.921941
-0.822221,0.698977,0.833968,0.593008,-0.777033,-0.163734,0.168143,0.484721,-0.12242,0.023133,0.071145,0.874303,0.068584,-0.5129,-0.956691
-0.262598,-0.368933,0.66852,0.605074,0.383791,0.88079,0.684628,0.467171,0.213534,0.546749,-0.041309,-0.309358,0.209155,0.482947,-0.937062
0.757626,-0.249265,0.307155,-0.172818,0.776526,0.400273,0.21705,0.258729,0.180726,0.076932,-0.076971,-0.778876,-0.007463,0.58976,-0.963327
-0.490351,-0.442851,-0.073479,0.188714,0.37784,-0.09455,0.694914,0.069163,0.47941,-0.170669,-0.25387,-0.012485,0.422533,0.165892,-0.986532
0.269265,-0.721551,0.987736,-0.239681,0.733915,-0.516879,0.080929,0.78614,0.061644,-0.042228,-0.855886,-0.363607,0.389364,0.148605,-0.991033
0.645482,-0.774656,0.131398,-0.744703,-0.446348,-0.290738,0.06527,0.833148,-0.090759,-0.045504,0.853245,-0.343803,-0.370879,0.217644,-0.997834
0.008076,0.823555,0.204722,0.548771,0.793309,-0.440038,0.31401,0.120377,0.25059,-0.174055,-0.405361,0.571807,0.21703,-0.449453,-1.0
-0.201892,-0.766592,0.554114,0.340419,-0.065009,-0.534876,0.918303,0.37853,-0.086515,-0.673194,0.01761,-0.063155,0.262973,0.51281,-1.0
0.815392,-0.774427,-0.500424,0.76813,-0.058281,-0.900815,0.157137,0.573887,-0.03507,-0.107654,0.880987,0.119883,-0.538843,-0.014675,-1.0
-0.344174,0.273508,0.645943,-0.826161,0.057736,-0.641457,0.023824,0.679895,-0.014305,0.037028,-0.323762,0.932457,0.180957,-0.413791,-1.0
0.383599,0.248598,-0.65768,-0.955977,-0.911216,0.443389,0.467768,0.747014,-0.317063,0.096838,0.55293,-0.099815,-0.511278,-0.015811,-0.980475
0.492763,0.855384,-0.690688,-0.315591,-0.675775,0.055078,0.796194,0.866561,-0.650308,0.073536,0.206835,0.028961,-0.349826,-0.327628,-0.959442
-0.279944,0.798886,0.621872,0.164094,-0.696376,0.826786,0.765507,0.373765,-0.385501,0.569538,0.182191,0.029985,-0.572443,0.044244,-1.0
-0.642174,0.645914,0.397259,-0.375296,-0.75804,-0.483097,0.317927,0.554265,-0.135673,-0.12587,0.146997,0.753764,-0.035812,-0.526106,-0.988648
-0.711249,0.366393,0.886801,-0.806001,0.417243,0.531181,0.89727,0.95486,0.474711,0.501542,-0.123114,-0.039023,0.497767,0.131346,-1.0
0.056467,-0.668392,-0.848749,0.09838,0.796896,0.064507,0.397459,0.387058,0.259069,-0.01202,-0.349462,-0.484906,0.309279,0.286577,-0.986023
-0.260002,-0.455666,-0.546858,0.5906,0.68559,0.910047,0.802765,0.30126,0.395622,0.611084,-0.174388,-0.09178,0.237551,0.480666,-0.961394
0.671522,-0.93869,-0.498363,0.205882,0.145425,0.099862,0.315179,0.707377,0.306872,0.138116,0.358129,-0.544926,-0.185282,0.465255,-1.0
-0.370776,-0.36758,-0.301235,-0.565595,0.725571,-0.228251,0.589367,0.023056,0.477258,-0.119788,-0.409807,-0.091382,0.434418,0.096542,-1.0
0.022186,0.719815,0.28735,-0.976261,-0.170835,-0.426307,0.83406,0.232988,-0.273336,-0.683288,0.088149,0.205344,-0.06307,-0.496732,-0.963366
0.235734,0.761586,0.854148,-0.769452,-0.06309,0.596996,0.130118,0.468295,-0.146093,0.064907,0.752778,0.394358,-0.430328,-0.267218,-0.943151
0.167613,-0.514784,-0.994512,-0.731389,0.639562,-0.324189,0.455603,0.253281,0.295127,-0.150879,-0.452008,-0.153057,0.409971,0.159727,-1.0
-0.544125,-0.159864,-0.33002,0.194316,0.626848,0.364734,0.887512,0.25985,0.62258,0.364431,-0.0884,0.000193,0.453728,0.059668,-1.0
0.270062,-0.850237,-0.457823,0.771492,0.611439,-0.7629,0.319303,0.316473,0.212038,-0.16708,-0.734089,-0.169299,0.473864,0.210371,-0.994007
-0.336938,-0.573413,-0.9819,0.509262,0.872648,0.933995,0.991446,0.622499,0.550394,0.593224,-0.014108,0.131379,0.343384,0.439105,-1.0
-0.011843,-0.915428,0.064568,0.676376,0.374075,0.553262,0.594715,0.479353,0.165298,0.425,-0.184943,-0.388827,0.082023,0.436038,-1.0
0.601573,-0.522367,-0.606406,-0.525491,0.039527,0.429349,0.318224,0.510996,0.00871,0.314954,0.318864,-0.640885,-0.254988,0.477429,-0.948068
0.223501,0.372278,0.834799,0.23881,-0.670222,-0.268986,0.891711,0.582196,-0.672546,-0.227349,0.147497,0.034598,-0.395376,-0.288614,-0.967041
-0.293717,-0.409026,-0.419102,0.360896,0.285447,-0.811062,0.134995,0.629831,-0.051753,-0.013681,-0.741573,0.538786,0.497319,-0.2036,-1.0
-0.372607,-0.382026,-0.351957,0.455214,-0.25379,0.162099,0.486854,0.196087,-0.41164,0.152559,-0.201218,-0.524877,0.124216,0.406527,-1.0
0.716866,0.444409,-0.507554,0.379282,0.994833,-0.00019,0.809188,0.5121,0.706924,0.035372,-0.097309,0.152102,0.219184,-0.414397,-0.992964
-0.923256,0.246417,-0.124227,-0.659317,0.808812,0.668934,0.371194,0.162978,0.199595,0.209847,-0.611358,-0.040574,0.47263,0.01713,-1.0
-0.135854,0.246188,0.413442,0.957564,0.40184,0.653928,0.253277,0.769742,0.029173,0.161676,-0.543302,-0.449975,0.375738,0.260833,-0.976035
-0.272264,0.765356,0.148039,-0.940596,-0.716893,-0.7336,0.383981,0.751074,-0.172498,-0.284353,0.226991,0.688716,-0.128436,-0.477815,-0.938259
-0.629846,0.289768,-0.695176,0.302133,0.2677,0.03976,0.141737,0.518456,0.157563,0.012676,-0.865486,0.273151,0.579557,-0.147571,-0.954093
0.777599,0.369268,-0.343323,0.944418,0.885105,-0.740293,0.910831,0.000783,0.50175,-0.470343,-0.020529,0.100562,0.053958,-0.466437,-1.0
-0.384717,0.582647,-0.978598,0.14698,0.915584,-0.421296,0.418474,0.16387,0.455828,-0.246956,-0.494172,0.370591,0.391697,-0.253824,-1.0
0.63965,0.044108,-0.791981,-0.203626,0.166525,0.331589,0.32264,0.731595,0.107678,0.249452,0.558359,-0.318375,-0.405145,0.263973,-1.0
0.834182,0.963825,0.68559,0.160126,0.194735,0.825206,0.244434,0.273562,0.113157,0.169416,0.730632,0.172601,-0.471777,-0.144884,-1.0
0.155896,0.720932,-0.168951,-0.664052,0.864036,-0.426541,0.234744,0.984675,0.152601,-0.178141,-0.326118,0.67332,0.249111,-0.459225,-0.9469
0.808529,0.113513,-0.997316,0.755249,-0.362025,0.825963,0.97119,0.011291,-0.399364,0.700507,0.07877,4.6e-05,-0.463992,0.218014,-1.0
-0.810509,0.253343,-0.57796,0.715976,0.405045,0.087215,0.404982,0.072991,0.26422,0.046006,-0.646221,0.054948,0.447453,-0.148343,-1.0
0.704262,-0.397552,-0.048487,0.3596,0.887521,-0.751095,0.484983,0.393481,0.290943,-0.270063,-0.261456,0.431085,0.249657,-0.38803,-0.97087
0.588409,-0.59782,0.912019,-0.544646,0.450127,0.809495,0.818544,0.925007,0.18978,0.629485,-0.014088,-0.273594,-0.123313,0.499465,-1.0
0.738423,0.837344,0.406319,0.636783,0.049414,0.234547,0.965727,0.625036,0.13945,0.822126,0.050849,0.02757,-0.359885,-0.39394,-1.0
-0.431334,0.826331,0.421588,0.82508,0.90477,-0.346086,0.762471,0.131417,0.601989,-0.280549,-0.185222,0.197807,0.393118,-0.322092,-0.929773
0.362089,0.143514,-0.538845,-0.83099,0.164682,-0.277653,0.104948,0.56171,0.125882,-0.140489,0.38799,0.914229,-0.144437,-0.405275,-1.0
-0.650493,-0.516089,0.11839,-0.006982,0.999148,-0.109573,0.685928,0.484893,0.547689,0.001063,-0.257869,-0.128474,0.513991,0.137795,-0.984856
-0.082306,0.595419,0.830515,-0.86164,0.506472,-0.250959,0.175547,0.614953,0.007873,-0.021543,-0.501177,0.637006,0.304229,-0.409233,-1.0
-0.800789,-0.629285,0.080492,-0.442682,0.193276,-0.583207,0.556478,0.517331,0.229229,-0.505672,-0.533858,-0.006479,0.506808,0.015961,-0.922894
-0.437469,-0.065845,-0.765318,-0.159052,-0.767733,-0.107237,0.717402,0.872819,-0.512959,-0.103789,0.258596,0.071315,-0.558453,-0.110554,-0.989411
-0.287235,0.859416,-0.870709,-0.229712,-0.762221,0.723168,0.461033,0.571063,-0.301971,0.165823,0.478269,0.229379,-0.568966,-0.113976,-0.866869
-0.44558,-0.338794,0.184432,-0.920738,0.216984,-0.089472,0.212438,0.263743,0.193306,-0.024022,-0.692595,-0.326846,0.495912,0.192735,-0.973979
0.315837,-0.400679,-0.59618,0.215863,0.858802,-0.252288,0.287437,0.302634,0.244955,0.002196,-0.660323,-0.193637,0.505486,0.126899,-0.922656
-0.466533,0.318156,0.473059,0.118087,-0.927651,0.393182,0.3626,0.126447,-0.334158,0.113287,0.627401,-0.14579,-0.49,0.135096,-1.0
0.58092,-0.230714,-0.122644,-0.718492,0.213312,-0.947924,0.965862,0.88697,0.174355,-0.776289,-0.046315,0.013328,-0.144173,-0.382362,-1.0
-0.36925,0.652107,0.963237,-0.298987,-0.192927,0.644627,0.83301,0.105545,-0.087401,0.625269,-0.119535,0.089889,0.440699,0.021017,-1.0
-0.294138,0.217238,-0.354617,0.653711,-0.697662,0.283829,0.785657,0.564782,-0.604646,0.280308,0.226076,-0.020999,-0.513504,0.088607,-0.997189
-0.781043,0.256213,0.431338,-0.514794,0.318918,0.56594,0.686461,0.156665,0.30763,0.489615,-0.204918,-0.125446,0.50672,0.180398,-0.941678
0.07286,-0.819353,0.475536,-0.263705,-0.436452,0.192769,0.851643,0.33589,-0.621163,0.306738,0.066969,-0.185346,-0.100808,0.287764,-1.0
0.077019,-0.669721,-0.305657,-0.490307,0.930504,-0.365932,0.331034,0.270664,0.227115,-0.049489,-0.60465,-0.253503,0.46566,0.165688,-0.955721
-0.325936,-0.765295,0.917584,0.519737,0.37788,-0.406008,0.639377,0.650944,0.42475,-0.423208,-0.348102,-0.193528,0.520632,0.266131,-0.961521
0.456426,-0.720638,0.841261,-0.367555,-0.310142,0.825346,0.348721,0.02214,-0.067029,0.282388,0.224088,-0.558845,-0.178493,0.445954,-1.0
-0.579541,-0.6377,0.186205,-0.346179,-0.767365,0.747956,0.851152,0.867276,-0.485627,0.500999,0.029314,-0.112851,-0.04307,0.534907,-0.958374
0.553923,-0.826107,0.816516,-0.622602,-0.908323,0.335315,0.520795,0.349874,-0.43137,0.149647,0.397491,-0.303486,-0.408791,0.256256,-0.93549
-0.97649,0.792858,-0.64821,-0.218593,-0.17306,-0.604161,0.087373,0.96634,-0.013332,0.0226,-0.536623,0.740335,0.240143,-0.482431,-1.0
-0.221776,0.478246,-0.073376,-0.284518,-0.810539,-0.875683,0.247783,0.991179,-0.08753,-0.174069,0.276256,0.759361,-0.266109,-0.506285,-1.0
0.616007,-0.881629,0.607938,-0.042497,0.683016,0.637375,0.308157,0.71231,0.143911,0.179576,-0.051447,-0.634925,-0.031902,0.476706,-1.0
-0.811445,-0.861479,-0.143339,0.344891,0.806725,0.473805,0.247775,0.499468,0.197768,0.080904,-0.602224,-0.395931,0.455178,0.362429,-0.975242
0.599562,-0.957661,-0.085814,0.547516,0.39292,0.349221,0.276825,0.863169,0.159593,0.172992,0.069094,-0.667728,-0.025611,0.433289,-1.0
-0.964895,0.246806,-0.55307,-0.97881,-0.810638,0.862001,0.595114,0.437314,-0.30731,0.3225,-0.005037,-0.458402,0.13259,0.551346,-1.0
-0.966716,0.246868,0.273064,0.796405,0.35298,0.896083,0.737593,0.925035,0.27948,0.479134,-0.116448,-0.086867,0.441187,0.223145,-1.0
0.216869,-0.705904,0.551133,0.461138,0.869149,-0.683165,0.27695,0.921144,0.145876,-0.147096,-0.767466,-0.07651,0.510048,-0.008656,-1.0
0.767976,0.005495,0.915751,0.844105,0.289253,-0.023056,0.175227,0.694163,0.065161,-0.025938,0.84614,0.018737,-0.520714,-0.045056,-1.0
0.453097,0.291442,0.563392,0.132259,0.149413,0.365248,0.75656,0.645347,0.285819,0.530554,0.259991,-0.050667,-0.488805,0.051911,-1.0
0.689418,0.961744,0.961466,0.239181,0.618627,-0.53298,0.773245,0.591284,0.544238,-0.287807,-0.010759,0.179715,0.013662,-0.542145,-1.0
-0.158766,0.217579,-0.846316,0.497747,-0.180885,0.491207,0.025107,0.843979,-0.018021,-0.056265,0.033687,-0.937158,-0.128496,0.474132,-1.0
-0.611031,0.070831,0.79454,-0.91785,0.552403,0.52109,0.855189,0.670338,0.471486,0.448652,-0.156061,-0.045722,0.349477,0.127091,-0.980534
-0.825049,-0.458042,0.091716,-0.817294,-0.602375,-0.05233,0.720348,0.361937,-0.607808,-0.011048,-0.164748,-0.332903,0.239473,0.464435,-1.0
-0.72038,-0.016546,0.706461,-0.245617,0.925628,-0.173284,0.76592,0.868117,0.557436,-0.07064,-0.297558,-0.031791,0.494262,-0.003549,-1.0
-0.34277,-0.133773,-0.667985,0.994125,-0.415209,0.803001,0.510616,0.531641,-0.145256,0.329106,0.048539,-0.430708,-0.031687,0.502909,-0.976308
-0.490455,0.845496,0.796579,-0.567687,0.418113,0.063741,0.358301,0.048125,0.262365,0.02934,-0.507932,0.42684,0.39292,-0.311901,-1.0
0.581218,-0.370777,0.178101,0.991911,-0.845999,-0.856679,0.946145,0.733984,-0.516035,-0.536155,0.033458,0.010407,-0.419851,-0.220169,-1.0
-0.874252,-0.282637,0.981113,-0.490994,0.567673,0.368974,0.850122,0.159639,0.586443,0.363476,-0.146412,-0.090488,0.512177,0.283465,-1.0
0.265855,0.744885,0.719226,-0.224093,-0.475969,0.12479,0.527366,0.674259,-0.348223,0.026173,0.252769,0.318476,-0.426334,-0.443282,-0.961195
0.161903,0.351325,-0.931409,0.640699,0.419461,-0.804256,0.974353,0.607406,0.370122,-0.64277,-0.097023,-0.102267,0.145679,-0.511017,-1.0
-0.873618,0.628735,0.587685,-0.334599,0.130199,0.585604,0.590847,0.460606,0.148203,0.452135,-0.496613,0.036793,0.449262,-0.039965,-1.0
0.143589,-0.472396,0.422316,-0.298,0.297345,0.28416,0.014452,0.726099,0.028716,0.034505,-0.263978,-1.0,0.109759,0.581859,-1.0
0.339607,0.833051,0.724624,0.653424,0.341632,0.616845,0.2031,0.643351,0.058446,0.201323,0.02765,0.881086,0.002121,-0.554398,-1.0
-0.782175,-0.256857,-0.539246,-0.030171,0.322297,-0.508564,0.651563,0.576395,0.254772,-0.504957,-0.336878,0.01672,0.498714,-0.14747,-1.0
0.355917,0.721411,0.466808,0.913758,-0.605831,0.420607,0.206665,0.531714,-0.110611,0.063109,0.622914,0.229427,-0.484549,-0.136104,-1.0
0.256385,0.110858,-0.708228,-0.959831,-0.381107,-0.666279,0.802237,0.05523,-0.281157,-0.601153,0.23259,0.101567,-0.335546,-0.339403,-0.957768
0.798901,0.951601,-0.343698,-0.080052,-0.281546,0.589316,0.89352,0.081405,-0.335889,0.716124,-0.001762,0.081349,-0.516369,-0.082983,-1.0
0.556331,0.356689,0.311835,-0.093765,-0.301714,-0.801334,0.816107,0.169318,-0.134609,-0.646181,0.104301,0.152921,-0.291447,-0.421342,-0.986387
-0.336952,-0.334349,-0.715893,-0.429975,0.972272,0.746254,0.945475,0.992828,0.57816,0.436359,-0.052048,-0.046938,0.436416,0.379948,-1.0
-0.072996,0.655981,0.212881,0.51195,0.656303,0.799201,0.183087,0.722559,0.075839,0.151739,-0.781817,-0.12125,0.513882,0.102284,-1.0
0.727523,-0.787937,-0.804706,0.479726,0.881656,0.184083,0.508602,0.487447,0.39665,0.048322,-0.060639,-0.442887,0.16816,0.483283,-1.0
0.600506,0.67163,0.255869,0.10335,0.525587,0.802598,0.570834,0.082256,0.186443,0.418819,0.273948,-0.376001,-0.274379,0.473348,-1.0
0.624275,0.882831,0.09643,0.877499,0.710892,0.17046,0.856574,0.233688,0.621556,0.153092,-0.01181,0.117054,0.053608,-0.506236,-1.0
0.309133,0.529326,0.507675,-0.806221,0.016366,0.118697,0.588079,0.334838,0.085243,0.491173,0.344071,0.3614,-0.360803,-0.400493,-1.0
0.735573,-0.161006,0.504149,0.129931,0.87341,0.376348,0.943757,0.535028,0.733228,0.331596,0.049756,-0.044032,0.13025,0.550584,-1.0
-0.450467,-0.436271,0.612902,0.341676,0.591256,0.764832,0.274122,0.494106,0.181429,0.212676,-0.441731,-0.485204,0.37674,0.406213,-0.960562
0.525063,-0.672326,0.917851,-0.008032,0.76368,-0.23083,0.782326,0.765397,0.581771,-0.235864,-0.057321,-0.259445,0.260309,0.405294,-0.963164
-0.704436,-0.559449,0.877225,0.762793,0.20966,0.841892,0.296395,0.954601,0.026253,0.210189,-0.368864,-0.566077,0.287543,0.442204,-0.987399
-0.372308,0.199982,0.971015,-0.788272,-0.746881,-0.350041,0.754436,0.880194,-0.581647,-0.312453,0.169567,0.183948,-0.347546,-0.451563,-1.0
-0.478036,-0.968576,-0.239511,-0.553499,-0.816087,0.476164,0.774011,0.996951,-0.511944,0.362864,0.019092,-0.143367,-0.170655,0.588623,-0.912497
-0.737615,0.894943,-0.242607,0.432084,0.561543,0.052854,0.472307,0.720096,0.357848,-0.070141,-0.472175,0.260173,0.470256,-0.404588,-1.0
0.300636,0.934306,-0.415356,0.705371,-0.026372,-0.676008,0.649283,0.880454,-0.095598,-0.500628,0.106002,0.33047,-0.088996,-0.524142,-0.9457
-0.365981,-0.445487,-0.808467,0.011908,0.715599,-0.942295,0.228524,0.123742,0.183837,-0.158032,-0.683781,0.270669,0.367198,-0.190395,-1.0
0.089971,-0.391106,0.796707,-0.932765,0.775501,-0.195415,0.174311,0.208457,0.20205,0.017506,-0.797881,-0.142216,0.489003,0.121872,-0.961643
0.427018,0.718083,-0.205184,-0.622403,0.305598,-0.744024,0.084963,0.366477,0.021025,-0.098252,0.178432,0.896301,0.004716,-0.448442,-1.0
0.25383,0.677509,0.842934,0.051148,0.552146,0.056858,0.529244,0.756227,0.427985,0.019224,-0.195571,0.406685,0.291648,-0.475497,-0.97436
0.950797,-0.037651,0.068877,0.368179,-0.208708,-0.318609,0.445222,0.095356,-0.175763,-0.147145,0.527695,0.111341,-0.357009,-0.221381,-0.960136
-0.048293,-0.912937,-0.272943,-0.98819,0.721406,-0.607416,0.117772,0.599056,0.044587,-0.140088,-0.898793,-0.376783,0.44574,0.182101,-0.971621
-0.020507,-0.369273,-0.169732,-0.847266,0.421458,-0.673197,0.87296,0.08733,0.392595,-0.546836,-0.067688,0.134297,0.462742,-0.262124,-0.970304
-0.387695,-0.057072,-0.587175,0.165718,0.74297,-0.655584,0.888103,0.190836,0.614513,-0.457339,-0.143012,0.097066,0.383751,-0.239861,-0.980791
0.479638,-0.047464,-0.47541,-0.642336,-0.73276,0.392173,0.34715,0.966561,-0.294958,0.091676,0.598137,-0.219882,-0.478162,0.064117,-1.0
-0.114058,-0.207453,-0.399505,0.699374,0.305158,0.205771,0.523129,0.41221,0.305131,0.320742,-0.249087,-0.396038,0.381479,0.373048,-1.0
0.160811,0.172691,-0.146739,-0.069917,0.6096,0.493744,0.841168,0.563136,0.490035,0.520281,-0.195519,-0.060722,0.435375,0.268131,-1.0
0.591684,-0.820271,0.828499,-0.190733,0.87206,-0.253985,0.207688,0.598094,0.15722,-0.017734,-0.324114,-0.773056,0.262714,0.379095,-1.0
0.147445,0.620974,-0.197278,-0.471908,-0.633252,-0.620174,0.729155,0.126582,-0.397321,-0.409073,0.319462,0.277602,-0.298804,-0.3626,-1.0
0.343652,-0.064782,0.518878,-0.022742,0.911066,0.766302,0.214269,0.730027,0.167577,0.175309,-0.422879,-0.661948,0.363642,0.387668,-1.0
-0.195186,0.888182,0.771605,0.681738,0.332398,0.467314,0.312367,0.26888,0.158324,0.226599,-0.518619,0.467434,0.422961,-0.235414,-0.994954
-0.820194,-0.718899,0.551111,-0.787313,0.007917,0.363116,0.513604,0.855514,-0.048248,0.373623,-0.329503,-0.33598,0.336167,0.450348,-0.991067
0.176339,-0.24636,-0.63069,-0.412293,-0.955936,0.665615,0.351968,0.829565,-0.263006,0.254634,0.545496,-0.532405,-0.42221,0.358056,-1.0
0.082747,0.418232,-0.974402,-0.979145,0.482557,0.445938,0.457235,0.097547,0.292728,0.25176,-0.507905,0.104814,0.359775,0.041692,-1.0
-0.598887,-0.011018,0.066442,0.097,0.050456,-0.914601,0.80454,0.85473,0.093972,-0.591595,-0.091997,0.252803,0.335521,-0.469928,-0.937758
-0.415992,-0.596965,-0.433827,0.636574,-0.976776,-0.563177,0.09846,0.161811,-0.007926,0.014225,1.0,-0.014943,-0.557003,0.037295,-1.0
0.910437,0.445787,-0.57875,-0.487019,0.208366,0.456708,0.472832,0.369317,0.173089,0.340174,0.615831,0.043799,-0.504955,0.02399,-0.967554
-0.177629,-0.387629,-0.938759,0.776326,0.534143,0.988527,0.637583,0.87302,0.252354,0.391239,-0.202459,-0.264564,0.257684,0.365667,-1.0
0.991543,-0.25414,0.10233,-0.627891,0.635432,-0.241676,0.005075,0.438524,-0.004075,-0.042413,1.0,-0.043825,-0.554747,-0.017744,-1.0
-0.682496,0.270055,-0.178551,-0.642968,0.634981,-0.742427,0.062494,0.026639,0.025244,-0.042492,-0.717143,0.526105,0.40283,-0.29847,-0.978033
-0.413632,0.68144,-0.203161,-0.822617,0.693622,0.80791,0.48432,0.204824,0.185393,0.378845,-0.433499,-0.08794,0.508914,0.054609,-1.0
0.887163,-0.90507,-0.868438,-0.258885,0.058189,0.628053,0.458827,0.275618,0.018964,0.305751,0.210227,-0.455234,-0.106547,0.407954,-1.0
-0.615877,0.734512,0.642316,-0.84373,-0.278049,-0.802,0.231827,0.880146,-0.07694,-0.10065,-0.159244,0.742847,0.080152,-0.506215,-1.0
0.787569,-0.631479,0.397704,0.497476,-0.557209,0.560193,0.33951,0.965789,-0.089492,0.15574,0.572918,-0.489621,-0.457156,0.358088,-0.97768
-0.00763,0.480976,0.963362,0.879882,0.207292,0.809531,0.728997,0.201562,0.140407,0.567723,-0.157829,-0.23322,0.111715,0.393166,-1.0
0.397185,-0.592705,-0.348052,0.924837,-0.931937,-0.828761,0.435871,0.876078,-0.402143,-0.209212,0.509997,0.107837,-0.427018,-0.114859,-0.927243
0.385942,-0.508033,-0.819706,0.381501,-0.563329,-0.274947,0.579534,0.900087,-0.396233,-0.196446,0.426072,-0.106711,-0.437953,0.14807,-0.947701
0.434223,0.606477,0.016403,0.512948,0.964541,0.852277,0.396866,0.898492,0.243406,0.228264,-0.518637,-0.308553,0.519824,0.189137,-0.971947
0.971026,-0.922084,0.04603,-0.323682,0.350425,-0.232065,0.143626,0.180122,0.104886,-0.086127,0.476026,-0.662602,-0.446082,0.418238,-1.0
-0.918256,0.128474,-0.974483,0.724508,0.740772,-0.460762,0.433445,0.390072,0.294879,-0.192566,-0.586135,0.259422,0.474516,-0.106786,-1.0
0.174553,-0.963508,-0.915135,-0.108627,0.888514,-0.793147,0.762781,0.275869,0.407887,-0.491609,-0.292683,-0.132181,0.500455,0.094924,-0.975137
-0.949131,0.35233,-0.34434,-0.552843,-0.835662,-0.864724,0.659244,0.286928,-0.321796,-0.45102,-0.022599,0.336519,0.06074,-0.440233,-0.993695
-0.400233,0.321865,0.381069,0.263424,-0.063607,-0.447273,0.766339,0.163013,-0.065397,-0.573093,-0.100085,0.212755,0.229603,-0.465077,-1.0
0.917997,0.254998,0.146388,-0.757801,0.32677,0.115613,0.65848,0.093108,0.521287,0.175211,0.454541,0.084175,-0.516625,-0.074757,-0.969478
0.032102,-0.316808,-0.944698,0.978769,-0.838029,-0.891823,0.669514,0.639414,-0.486474,-0.392588,0.192578,0.13131,-0.477665,-0.287331,-1.0
-0.767837,-0.487325,0.070224,0.793711,-0.564173,0.251342,0.015929,0.659058,0.008851,0.019333,-0.302864,-0.949586,0.231262,0.438922,-1.0
-0.827291,-0.211873,-0.015298,0.607533,-0.558603,-0.750673,0.506523,0.086517,-0.268507,-0.360541,-0.225242,0.415255,0.238318,-0.354114,-0.958518
-0.705699,0.127506,-0.710451,-0.154648,-0.600993,-0.413088,0.613583,0.304711,-0.453432,-0.286036,-0.153383,0.418895,0.024122,-0.478253,-0.973877
-0.648162,0.563464,0.125957,-0.689458,-0.904299,-0.906902,0.923633,0.271545,-0.450832,-0.543112,-0.076721,0.043353,-0.015354,-0.594407,-1.0
0.43976,-0.753313,0.171303,0.679634,-0.622941,-0.305544,0.966608,0.181621,-0.789462,-0.344179,0.019519,0.022042,-0.476871,0.172892,-1.0
-0.371929,-0.978966,-0.553282,0.883811,-0.424172,-0.714187,0.707091,0.817435,-0.26506,-0.517009,0.064564,-0.26516,-0.100166,0.476778,-1.0
0.77755,-0.652532,0.961362,0.423899,0.243389,0.282292,0.51784,0.400675,0.205623,0.299398,0.311595,-0.384774,-0.213343,0.453324,-0.937549
0.683684,0.785478,0.645204,-0.032214,-0.194216,0.187152,0.628913,0.060952,-0.345858,0.271002,0.370225,0.158307,-0.367419,-0.248947,-0.948736
0.446865,-0.103528,-0.409027,-0.618589,-0.458144,-0.727758,0.699991,0.748623,-0.226673,-0.459686,0.302682,0.067632,-0.445321,-0.340396,-1.0
-0.028304,0.236524,0.32033,-0.430789,-0.93397,0.189152,0.825016,0.476315,-0.763209,0.110247,0.12164,0.044455,-0.449813,-0.015348,-1.0
-0.546321,-0.896526,0.38629,0.114794,-0.566698,0.10049,0.244213,0.23756,-0.214621,0.101937,0.015094,-0.760125,0.006866,0.45966,-0.952873
0.251619,-0.047677,0.529806,-0.336036,-0.099729,-0.567887,0.535219,0.028696,-0.153982,-0.426484,0.276255,0.380569,-0.306855,-0.350215,-1.0
0.640107,-0.438828,-0.424288,-0.215063,-0.800472,0.325226,0.870738,0.203568,-0.703972,0.276012,0.092002,0.025458,-0.432372,0.279532,-1.0
-0.819436,0.192194,0.710251,0.579655,-0.564482,0.229574,0.565851,0.571221,-0.461997,0.204209,-0.486654,-0.124005,0.534127,0.112401,-1.0
0.486269,0.643849,-0.129061,-0.873971,-0.238027,0.64943,0.171364,0.438709,-0.073534,0.1656,0.816089,0.024195,-0.532023,0.013948,-0.916399
0.32044,0.356631,0.815857,-0.226386,-0.158979,-0.346261,0.356099,0.053391,-0.105511,-0.204869,0.35119,0.520339,-0.247079,-0.388502,-1.0
-0.533152,-0.109701,0.530246,-0.968547,0.203203,0.197397,0.812192,0.159644,0.448009,0.396197,-0.208472,-0.114234,0.501811,0.133974,-0.990356
0.47791,-0.68232,-0.219494,0.121364,0.065964,-0.191566,0.621284,0.84881,0.090341,-0.407031,0.205973,-0.25888,-0.261767,0.312561,-1.0
0.773241,0.335782,-0.217737,-0.414785,0.149211,-0.711923,0.409321,0.867284,0.095529,-0.290358,0.394614,0.572025,-0.213614,-0.455704,-1.0
0.436281,0.691457,-0.915734,0.345606,0.272507,0.960422,0.168831,0.080255,0.125235,0.179106,0.419424,-0.705087,-0.326374,0.442644,-1.0
-0.209572,-0.256774,0.916986,0.27784,-0.854652,-0.349038,0.172165,0.85525,-0.177051,-0.032743,0.8253,0.186954,-0.539354,-0.05549,-0.946077
-0.299181,-0.928192,-0.921007,-0.646341,0.906679,0.846441,0.453026,0.656141,0.192771,0.234403,-0.282933,-0.473164,0.30418,0.338814,-0.975566
0.864898,-0.682229,0.235755,-0.610386,0.287495,-0.230436,0.840248,0.211702,0.551108,-0.467038,0.110017,-0.045827,-0.348665,0.285066,-0.983506
0.187061,0.64945,0.496469,-0.976464,0.105493,0.047417,0.222455,0.182957,0.143329,0.133753,0.166041,0.707205,-0.021372,-0.463309,-0.976542
0.62195,-0.530886,-0.051859,-0.292432,0.072165,0.544002,0.150414,0.701891,0.036435,0.060245,0.487681,-0.792076,-0.211505,0.457966,-0.988044
-0.0645,0.761344,-0.521649,0.952408,0.904835,-0.315077,0.935811,0.113867,0.786015,-0.203554,0.022806,0.067386,0.336598,-0.31102,-1.0
0.231147,0.518343,0.365078,-0.845859,-0.244945,-0.270892,0.219891,0.600237,-0.146292,-0.04717,0.395694,0.664019,-0.209139,-0.326109,-0.977608
0.069723,-0.788966,-0.106609,-0.584848,0.229119,-0.231756,0.430833,0.877624,0.279717,-0.311689,-0.165529,-0.599423,0.068304,0.471781,-0.966429
-0.503065,0.450443,-0.434499,-0.70842,0.622373,0.136831,0.334071,0.443143,0.353916,0.102176,-0.683177,0.214592,0.467287,-0.177851,-1.0
0.175237,0.210986,0.965245,-0.819084,0.431784,0.043652,0.634916,0.370385,0.512741,0.11802,-0.371314,0.216276,0.336485,-0.244612,-1.0
0.368364,0.490731,0.609826,-0.650322,-0.311405,0.969417,0.479858,0.228579,-0.148674,0.390525,0.457752,-0.331567,-0.385114,0.383168,-0.983059
0.028894,-0.863968,0.81403,0.538828,-0.377567,-0.97954,0.207972,0.343881,-0.032193,-0.068628,0.761368,0.20522,-0.460973,-0.099219,-1.0
-0.682202,0.362882,0.722302,-0.022231,-0.039574,-0.705732,0.4091,0.027044,-0.002711,-0.321079,-0.307078,0.482028,0.290246,-0.378557,-0.957928
0.577532,0.991938,0.496914,-0.102229,-0.968032,0.320273,0.039384,0.125874,-0.004718,-0.043635,0.877076,0.431831,-0.450899,-0.209788,-0.943691
0.219013,0.288279,0.8043,-0.984752,0.361077,-0.289766,0.624894,0.758871,0.414273,-0.272644,-0.076913,0.379875,0.141577,-0.554071,-0.999484
0.433973,0.704836,-0.663976,0.060436,0.352873,0.297029,0.227755,0.475707,0.171468,0.106499,0.098873,0.746406,-0.112628,-0.392002,-1.0
-0.949232,0.562475,-0.20918,0.972545,-0.480619,0.322777,0.88308,0.698583,-0.590433,0.302667,-0.10594,0.107774,0.44195,-0.242929,-0.997617
-0.534663,0.849392,0.152667,0.30285,0.751976,0.272775,0.132206,0.327188,0.102655,0.011376,-0.746384,0.330333,0.391756,-0.163918,-0.976516
-0.262899,0.963506,-0.94611,-0.498164,-0.582984,0.117633,0.785734,0.156539,-0.685334,0.123437,0.139467,0.133549,-0.202114,-0.457129,-1.0
0.061581,-0.398296,-0.369719,0.780099,0.645897,0.344804,0.666093,0.105062,0.517218,0.218097,-0.312173,-0.272478,0.251062,0.398909,-1.0
-0.900632,-0.244031,-0.538041,0.674478,0.587344,0.649396,0.316321,0.268491,0.135263,0.140514,-0.518539,-0.264598,0.399193,0.227042,-0.996848
0.813118,-0.769326,0.172338,-0.596471,-0.307239,0.344052,0.061783,0.263504,-0.052942,0.131014,0.615163,-0.626858,-0.286647,0.337104,-0.930416
0.082763,0.517999,0.841511,0.022005,-0.939841,-0.739624,0.928138,0.027301,-0.580499,-0.459014,0.000792,0.051985,-0.172192,-0.434033,-0.992665
-0.415433,0.377722,-0.180132,0.141949,-0.065363,0.935685,0.136981,0.53264,0.063634,0.117349,-0.497999,-0.64975,0.268217,0.417574,-1.0
-0.827832,0.943396,-0.177572,0.873861,-0.511972,0.603238,0.844355,0.306987,-0.356722,0.433109,-0.081505,0.161264,0.433967,-0.369909,-1.0
-0.212501,0.571694,-0.703459,0.48847,0.687041,0.786143,0.117611,0.649795,0.096068,0.113423,-0.940853,-0.184039,0.560382,0.166939,-0.936661
0.164989,-0.75402,0.032336,-0.638017,-0.981821,0.332074,0.096566,0.925444,-0.030945,0.095761,0.538617,-0.622461,-0.336084,0.272804,-1.0
-0.743507,0.168627,-0.376389,0.965623,0.784128,-0.361464,0.730411,0.046414,0.5202,-0.292113,-0.261312,0.130902,0.446877,-0.104957,-1.0
0.304396,0.707828,0.590765,0.45567,0.989547,-0.581973,0.420865,0.169365,0.263737,-0.119316,-0.282592,0.49498,0.210501,-0.472127,-0.953771
-0.099456,-0.059649,0.748581,0.239858,0.985193,0.579125,0.606951,0.264611,0.441089,0.26404,-0.365463,-0.150439,0.455573,0.313877,-1.0
-0.549356,-0.927869,-0.429153,-0.341492,0.384767,-0.238151,0.995451,0.098887,0.691065,-0.419353,0.020153,0.026241,0.372043,0.233494,-1.0
0.378644,0.806657,0.47746,-0.484695,-0.38678,0.721808,0.263645,0.727576,-0.138012,0.253942,0.828302,0.127368,-0.461215,-0.01101,-1.0
-0.893993,0.3114,0.37567,-0.624954,0.471337,0.719178,0.931807,0.499374,0.447918,0.650028,-0.027207,-0.02917,0.4066,0.193792,-1.0
0.118732,0.162655,-0.171759,-0.092953,0.680174,-0.66127,0.301349,0.050021,0.104296,-0.134909,-0.442305,0.682782,0.285997,-0.412744,-0.97383
0.415374,0.362849,0.035259,0.905632,-0.34545,-0.354335,0.953734,0.990859,-0.606747,-0.577082,0.075093,-0.003369,-0.332432,-0.387928,-0.982197
-0.870902,-0.904747,-0.830783,0.457738,-0.502464,-0.241488,0.000574,0.362652,0.003664,-0.071582,-0.467689,-0.8629,0.275854,0.522728,-1.0
0.391751,-0.596391,0.749556,-0.453545,-0.278029,-0.340374,0.006236,0.664557,-0.026491,-0.064269,0.945273,-0.302076,-0.408196,0.190992,-1.0
-0.937747,-0.327797,-0.765286,0.449142,0.867282,0.040534,0.192281,0.468587,0.167558,0.057132,-0.779555,-0.277636,0.484542,0.04877,-1.0
0.082322,0.831855,0.650385,-0.373865,0.992241,0.731577,0.957589,0.543823,0.627171,0.479453,-0.000479,0.040164,0.417803,0.004396,-0.973576
-0.593369,0.484122,-0.879675,0.138097,0.929315,0.73557,0.998441,0.181608,0.697765,0.452553,-0.017802,-0.064936,0.464722,0.002308,-1.0
-0.202306,-0.900915,-0.200295,-0.187104,-0.01205,0.4535,0.686336,0.564685,-0.014414,0.55317,-0.052558,-0.291861,0.171688,0.507439,-0.922725
-0.177452,0.879356,0.430864,0.227617,-0.85262,0.376405,0.677385,0.59951,-0.513147,0.202545,0.264277,0.237695,-0.284966,-0.319628,-0.976534
-0.749848,0.09002,0.648543,0.032931,-0.977432,0.961938,0.236061,0.070425,-0.178731,0.109275,0.188512,-0.696456,-0.182678,0.532907,-1.0
0.06843,-0.859987,-0.562067,0.463685,-0.680432,-0.061063,0.367471,0.789796,-0.345649,0.022098,0.468995,-0.498255,-0.278186,0.317934,-1.0
-0.297428,-0.601092,-0.226838,0.079113,0.727244,0.633601,0.973161,0.46724,0.619345,0.466003,-0.002728,0.051876,0.249258,0.446631,-0.979113
0.295027,0.066183,-0.04375,0.988794,0.387691,0.491635,0.056864,0.814935,0.095547,-0.046127,-0.182707,-0.874453,0.104541,0.402249,-0.919776
-0.388956,-0.698665,0.363358,0.88837,0.507628,-0.626382,0.221825,0.22834,0.080343,-0.224254,-0.740305,-0.039528,0.484092,-0.004947,-1.0
-0.703588,-0.89244,-0.44809,0.251185,0.760509,0.974135,0.98608,0.447674,0.470258,0.598828,0.01661,-0.003842,0.197677,0.373166,-0.975116
0.943567,-0.13229,0.902946,-0.01778,0.915328,0.921888,0.954631,0.467139,0.575143,0.516477,-0.060917,-0.098523,0.041461,0.655576,-0.959732
-0.209964,0.488902,0.911061,0.029643,-0.483482,0.212364,0.704041,0.952369,-0.521534,0.195703,0.130545,0.23282,-0.287207,-0.419657,-0.937145
-0.912872,-0.141054,-0.756275,0.177128,0.549694,0.208455,0.37186,0.376534,0.240216,0.001825,-0.545693,-0.150995,0.60998,0.128628,-0.944622
0.873612,-0.096221,-0.842233,0.059248,-0.633331,0.837175,0.871134,0.774408,-0.451255,0.537368,0.150176,0.003608,-0.396586,0.317037,-1.0
-0.097512,0.995851,-0.97581,0.031891,-0.317716,-0.822349,0.292008,0.06381,-0.062727,-0.198985,0.084107,0.665065,-0.112048,-0.444831,-0.971899
0.387443,-0.902764,0.761435,0.713523,-0.446971,-0.292293,0.6006,0.007555,-0.395814,-0.220658,0.335952,-0.165524,-0.471004,0.272798,-0.994888
-0.364091,-0.248155,-0.595169,0.267306,0.997709,0.372955,0.620594,0.661065,0.395989,0.158404,-0.33749,-0.219314,0.45175,0.249386,-0.92837
0.628735,-0.200932,-0.31354,-0.375257,-0.346199,0.842666,0.20788,0.151936,-0.051287,0.081206,0.463678,-0.618069,-0.33159,0.455699,-1.0
-0.637525,-0.906804,0.345489,-0.797422,0.27033,-0.926929,0.91726,0.615758,0.183116,-0.726932,-0.09851,-0.077113,0.495318,0.004307,-0.996049
0.890433,-0.472465,0.111866,0.041499,0.523338,0.711628,0.891209,0.191769,0.352696,0.59548,0.018475,-0.125968,-0.158534,0.457532,-1.0
-0.712502,-0.556558,0.852896,-0.261326,0.521919,0.479533,0.444101,0.368974,0.207754,0.188976,-0.347018,-0.347777,0.367498,0.385097,-1.0
0.392962,0.586235,0.70056,0.319258,0.316522,-0.381253,0.585852,0.934664,0.195668,-0.366574,-0.000719,0.426739,-0.082559,-0.513324,-0.909475
0.118349,-0.007263,0.827127,-0.542767,0.596234,-0.278872,0.202342,0.8298,0.193793,-0.017738,-0.678049,0.422703,0.431943,-0.242786,-0.96817
-0.616563,-0.689581,0.552784,0.52806,-0.232839,0.736731,0.613449,0.729445,-0.13116,0.379742,-0.051224,-0.398518,0.136275,0.562184,-1.0
0.591411,-0.642806,0.564675,-0.714296,-0.453832,0.05914,0.304831,0.649234,-0.253121,0.090915,0.602834,-0.404019,-0.433456,0.321353,-0.91882
-0.374735,-0.243976,-0.929544,0.071685,0.710663,0.47048,0.51788,0.279118,0.394135,0.229983,-0.349496,-0.328923,0.456063,0.188101,-1.0
0.249825,0.72298,0.457866,-0.416609,0.82668,0.568264,0.74932,0.425938,0.454813,0.319322,-0.223222,0.055375,0.449795,-0.127504,-1.0
-0.281126,-0.853689,0.665554,0.600568,-0.637526,0.255409,0.516628,0.211384,-0.431814,0.160488,0.223555,-0.452974,-0.049252,0.538766,-1.0
0.693134,-0.674295,0.816897,0.581142,-0.970558,0.168802,0.18636,0.063106,-0.157287,0.101323,0.740703,-0.489458,-0.387687,0.283377,-0.945247
-0.727353,0.654482,0.383745,-0.064432,-0.250407,-0.237613,0.306725,0.899042,-0.271665,-0.133181,-0.417169,0.606843,0.260445,-0.409858,-1.0
0.370419,0.842969,0.685319,0.789932,-0.153808,-0.669449,0.412315,0.262317,-0.027419,-0.379826,0.208483,0.510496,-0.122835,-0.513351,-0.94771
0.82378,0.301792,0.361763,-0.067087,0.053401,-0.609868,0.225275,0.753795,0.067018,-0.143658,0.489635,0.619306,-0.319838,-0.41714,-0.990935
-0.313727,-0.154486,0.312184,-0.88825,-0.664952,0.904841,0.846694,0.201404,-0.344349,0.631306,0.051176,-0.211154,-0.244992,0.553736,-0.905798
0.25066,-0.904035,-0.062434,0.208156,0.357275,-0.103081,0.176303,0.918544,0.18569,-0.073467,-0.105717,-0.800918,0.096489,0.512416,-1.0
0.345373,0.965288,-0.393133,-0.061238,0.311324,-0.036134,0.20828,0.816692,0.138396,0.024309,0.092659,0.791019,0.03908,-0.499525,-0.954468
-0.465032,0.667186,-0.250867,0.652176,-0.881339,-0.202408,0.108491,0.96873,-0.148658,0.01745,0.450551,0.766297,-0.186492,-0.369591,-0.944816
0.273744,0.631523,-0.170675,0.908563,0.531897,-0.356194,0.348843,0.419968,0.328171,-0.209597,-0.212822,0.637976,0.219347,-0.512706,-0.957331
0.29722,0.414821,0.639882,-0.660075,0.495324,-0.452186,0.599675,0.732882,0.290551,-0.227379,0.000641,0.360327,0.167003,-0.496862,-0.911132
-0.454553,0.417116,-0.250329,0.57715,-0.290148,0.751585,0.772741,0.090682,-0.205333,0.532374,-0.077567,-0.142312,0.243046,0.465205,-0.957895
0.620389,0.304219,0.031983,-0.87041,0.419344,-0.400664,0.373892,0.382823,0.233673,-0.1679,0.241993,0.571945,-0.137266,-0.544498,-0.970899
0.66798,0.314655,0.91603,0.468823,-0.791535,-0.967514,0.579065,0.028751,-0.326337,-0.454766,0.291488,0.308988,-0.325244,-0.347445,-0.973207
-0.949445,0.723507,0.843182,-0.222431,-0.205247,0.253957,0.273756,0.354409,-0.165233,0.135908,-0.554908,0.341633,0.404503,-0.196596,-0.978239
-0.323109,-0.394071,0.783817,-0.456545,0.318594,-0.818764,0.494498,0.450193,0.160554,-0.433736,-0.445168,0.232612,0.412456,-0.268522,-1.0
0.648323,-0.675834,0.102638,-0.039401,0.061272,-0.526605,0.681782,0.397611,0.09747,-0.506832,0.324557,-0.057462,-0.528921,0.244251,-1.0
-0.452489,0.648725,0.843279,-0.621325,-0.956512,0.800517,0.710874,0.123202,-0.394901,0.312778,0.352435,-0.131768,-0.4581,0.140297,-0.950855
0.248481,0.483517,-0.161255,0.13966,0.319597,0.383587,0.416981,0.142477,0.269141,0.263527,-0.360618,0.519361,0.324446,-0.37445,-0.926768
-0.320648,-0.226372,0.241801,0.140173,-0.081625,0.9707,0.422587,0.770622,-0.043481,0.304358,-0.050291,-0.457274,0.177335,0.510873,-0.984431
0.99167,-0.50661,-0.499877,0.11538,0.741554,-0.539148,0.205328,0.159865,0.107217,-0.061618,0.683106,0.165145,-0.470692,-0.069044,-1.0
-0.697396,0.422674,-0.926153,0.3553,-0.486301,0.410855,0.061054,0.092611,-0.024209,0.014083,-0.875317,0.041345,0.452422,-0.120762,-1.0
0.520649,-0.400408,-0.496671,-0.264339,-0.922329,-0.552524,0.146115,0.083183,-0.095677,-0.040795,0.83135,0.072827,-0.47557,-0.071056,-0.941825
0.298292,-0.634114,0.442048,-0.288803,-0.667372,-0.362219,0.985411,0.867089,-0.784334,-0.389674,0.046816,-0.01964,-0.485696,0.13032,-1.0
-0.911994,0.995937,-0.251721,-0.08347,-0.066839,-0.594082,0.782158,0.915829,-0.010172,-0.659748,-0.102926,0.168845,0.158169,-0.377374,-0.96963
0.850955,-0.369229,0.192527,0.240193,0.631619,0.398323,0.937882,0.09148,0.64724,0.320529,0.036848,-0.075606,-0.114053,0.502335,-1.0
0.241931,0.16161,0.359699,-0.369186,-0.229979,-0.620089,0.741212,0.527681,-0.19614,-0.476583,0.077364,0.350845,-0.258309,-0.409064,-1.0
-0.178456,-0.585752,0.492719,-0.797407,0.512738,0.091175,0.468772,0.97945,0.30715,0.06063,-0.331719,-0.452604,0.42649,0.31713,-0.998201
-0.651349,0.252734,0.307167,0.609169,0.49378,0.29213,0.683033,0.521386,0.437914,0.204611,-0.23894,0.039137,0.438086,0.066409,-0.96528
0.042213,0.025995,0.734713,0.075225,0.744773,-0.694015,0.335889,0.554777,0.24808,-0.147463,-0.502746,0.607237,0.307701,-0.357735,-0.995346
-0.469998,0.255959,-0.943677,-0.401471,0.122247,0.759947,0.140881,0.708297,-0.014066,0.128024,-0.627821,-0.540742,0.272786,0.391949,-0.998032
0.573872,-0.413122,-0.012249,-0.413307,-0.235656,-0.407495,0.281343,0.302728,-0.151495,-0.172426,0.6902,-0.048346,-0.496236,-0.016926,-1.0
-0.524504,0.227648,0.763952,-0.921671,-0.020639,0.210627,0.265986,0.557298,-0.022741,0.200762,-0.706161,-0.035595,0.600466,-0.030647,-1.0
-0.398335,0.29401,0.844929,0.83429,0.115298,0.517814,0.46962,0.37039,0.080931,0.449328,-0.415715,-0.182415,0.457491,0.183541,-0.914139
-0.235053,0.496298,-0.415178,-0.250545,0.823151,-0.958499,0.00451,0.977281,-0.058651,-0.014408,-0.575594,0.856297,0.302426,-0.429779,-0.923621
0.362584,0.677143,0.692403,0.94972,0.080116,-0.520091,0.396873,0.312344,0.017348,-0.304291,0.202546,0.59633,-0.037406,-0.518123,-0.998778
0.541308,0.124405,-0.178671,0.034947,0.409472,-0.388862,0.3197,0.275004,0.235723,-0.170571,0.270678,0.51057,-0.141531,-0.503547,-0.934754
-0.045209,-0.169821,0.705697,0.617083,-0.39681,0.735039,0.504343,0.375835,-0.237435,0.390813,0.145466,-0.399844,-0.206533,0.541501,-1.0
-0.337952,-0.367434,-0.729116,-0.313107,-0.306018,0.331417,0.854817,0.280507,-0.415484,0.456842,-0.047572,-0.163832,-0.025759,0.535306,-0.984631
0.75671,0.423326,-0.816008,0.556543,-0.851194,0.998916,0.456076,0.66135,-0.217721,0.316801,0.612455,-0.214958,-0.534875,0.237092,-0.970376
0.231762,-0.032735,-0.523985,-0.664002,-0.566378,-0.377297,0.34088,0.09678,-0.222962,-0.184717,0.609644,0.30017,-0.44487,-0.245517,-0.937477
-0.983475,0.342909,-0.475241,0.397089,-0.333685,0.414307,0.497925,0.530069,-0.305448,0.278068,-0.517443,-0.025059,0.437469,0.069471,-1.0
0.985771,0.584603,-0.877729,0.294604,0.612335,0.699829,0.585583,0.834449,0.352999,0.362534,0.405292,-0.119897,-0.359017,0.174597,-0.971418
-0.434395,-0.36944,0.322485,0.808518,0.529844,-0.527374,0.676008,0.458858,0.351281,-0.400073,-0.31326,0.034811,0.431077,-0.031695,-0.998941
-0.496795,-0.257281,0.333282,-0.308725,0.949447,-0.619362,0.00402,0.486563,-0.03015,0.011316,-0.95083,0.226558,0.536367,-0.205953,-1.0
-0.471004,-0.976806,0.828769,0.885295,-0.996192,0.177742,0.055395,0.65879,-0.078955,0.087508,0.42269,-0.853652,-0.150775,0.403999,-1.0
0.150668,0.646748,-0.520093,-0.919727,-0.525209,-0.979843,0.175202,0.671663,-0.103091,-0.134512,0.368563,0.800114,-0.157474,-0.40271,-1.0
0.079555,0.471475,0.270127,-0.948115,-0.507755,-0.463894,0.898957,0.077819,-0.570983,-0.520533,0.125919,0.040596,-0.17504,-0.471627,-1.0
-0.50353,0.639583,-0.852958,-0.732095,-0.95201,0.796865,0.069116,0.664057,-0.008304,0.060609,0.934858,-0.254075,-0.52641,0.100316,-1.0
-0.922411,-0.639106,-0.281047,-0.868455,-0.524997,-0.260548,0.923475,0.020865,-0.589418,-0.351681,-0.120961,-0.075765,0.279205,0.335491,-1.0
-0.015148,-0.49176,0.147034,-0.842514,0.585023,-0.548236,0.99984,0.911596,0.613562,-0.503127,-0.058199,-0.048006,0.566602,-0.057671,-0.996275
0.176479,0.333261,-0.604457,-0.808413,-0.08449,0.738997,0.265391,0.131555,-0.038896,0.185269,0.441791,-0.665607,-0.276811,0.489305,-1.0
-0.269629,0.500426,-0.164252,0.943623,0.089972,-0.768025,0.047856,0.568263,-0.13327,-0.087706,-0.308033,0.986266,0.13536,-0.520573,-0.964572
-0.545689,0.134156,0.957359,0.213479,0.714968,-0.710538,0.772507,0.113891,0.49376,-0.445144,-0.101567,0.069868,0.40148,-0.289415,-0.939169
-0.763765,-0.543622,0.113121,0.71782,-0.72876,-0.045932,0.912236,0.128603,-0.787025,-0.029876,0.003317,-0.100239,0.076401,0.501882,-0.91833
-0.341774,-0.648889,-0.614657,-0.24979,-0.520612,0.847593,0.637108,0.51666,-0.353827,0.467008,0.010842,-0.415306,0.043518,0.497646,-0.962101
0.5539,0.327416,0.897419,-0.758544,0.765277,0.483319,0.166694,0.921053,0.082153,0.011377,-0.651147,-0.479056,0.419631,0.355519,-0.963569
0.760288,-0.669814,0.287512,0.471374,-0.70803,-0.604123,0.792513,0.408656,-0.400541,-0.487963,0.184062,0.085225,-0.506699,-0.059275,-0.955931
-0.556726,0.587094,-0.841623,-0.404056,0.458817,-0.857604,0.547035,0.773657,0.145288,-0.374246,-0.322486,0.36606,0.275256,-0.411108,-0.983712
0.266689,0.090083,0.249737,0.648435,-0.2998,-0.883198,0.310953,0.26991,-0.08986,-0.312062,0.361109,0.54078,-0.224451,-0.392369,-1.0
-0.268332,-0.061152,0.832312,-0.64992,0.42846,0.162594,0.371077,0.101992,0.239156,0.129207,-0.528825,-0.113766,0.557917,0.222083,-0.976038
-0.143753,0.44578,0.940588,0.017844,0.473664,-0.555218,0.585234,0.571785,0.248583,-0.336448,-0.189981,0.333314,0.201331,-0.471375,-1.0
-0.080379,0.459041,-0.614322,0.828825,-0.21755,0.732922,0.567916,0.014117,-0.108795,0.453657,0.179395,-0.480893,-0.210671,0.472915,-1.0
-0.691232,-0.299401,-0.57827,0.390775,-0.343798,-0.759748,0.546642,0.370139,-0.191776,-0.477998,-0.274421,0.28288,0.261311,-0.403189,-1.0
0.581683,-0.579814,0.633688,-0.846098,-0.297384,-0.616518,0.977704,0.27794,-0.295653,-0.730424,0.026752,0.012754,-0.564278,-0.053659,-1.0
-0.472804,0.457733,0.65503,-0.854674,0.527749,0.155177,0.332513,0.771178,0.283223,0.007794,-0.590893,0.165107,0.447611,-0.136447,-1.0
0.806187,0.840245,-0.032359,-0.1531,-0.969833,-0.517708,0.107438,0.404195,-0.13188,-0.04356,0.689895,0.531581,-0.394204,-0.297707,-1.0
-0.120921,-0.365485,-0.162278,0.689526,-0.732653,0.510904,0.3483,0.858417,-0.276246,0.228412,0.370423,-0.540533,-0.239249,0.499921,-1.0
0.203792,0.128049,-0.418171,-0.625787,0.797946,-0.091814,0.669877,0.544512,0.518553,-0.036245,-0.215965,0.063223,0.427659,-0.161746,-1.0
0.307423,-0.602528,-0.442738,0.930715,0.367071,0.392534,0.882935,0.349518,0.511417,0.50399,-0.034775,-0.108078,0.027312,0.558229,-1.0
0.214528,0.589641,-0.997568,-0.198874,-0.475863,0.756484,0.408136,0.873016,-0.282609,0.280431,0.444992,-0.157104,-0.479936,0.123821,-1.0
0.709385,-0.869822,-0.023797,0.145541,-0.993274,-0.422938,0.588278,0.761951,-0.437341,-0.126712,0.36375,-0.12927,-0.501111,0.064383,-0.900633
0.887788,0.672136,-0.070648,0.946419,-0.125525,0.32161,0.98332,0.531024,-0.255816,0.722526,0.039683,0.019749,-0.501814,-0.191579,-1.0
0.045044,-0.473188,-0.107674,-0.51457,0.291959,-0.333899,0.767584,0.496974,0.326915,-0.366221,-0.229309,-0.14845,0.447836,0.298041,-0.997668
-0.061484,0.306293,-0.207695,0.409548,0.333696,-0.310502,0.540989,0.415991,0.305531,-0.332131,-0.332968,0.403809,0.247356,-0.326628,-0.966025
0.05838,-0.047874,0.17993,-0.731898,0.297278,0.555564,0.813714,0.134957,0.260191,0.503675,-0.038296,-0.279009,0.147979,0.456827,-1.0
-0.417012,-0.855571,-0.259142,0.963795,-0.380635,-0.428671,0.953743,0.463586,-0.499614,-0.54123,0.032662,-0.054772,0.052262,0.454743,-0.975622
0.506044,0.884464,0.049071,-0.549682,0.560674,0.284452,0.530012,0.852174,0.360582,0.154303,-0.132318,0.456611,0.09771,-0.529047,-0.979867
-0.084574,-0.763364,0.9245,0.700564,0.546472,0.82217,0.844825,0.183772,0.309231,0.608475,-0.051966,-0.165198,0.118653,0.414868,-1.0
-0.166879,-0.309438,-0.85951,0.931307,-0.343101,-0.884019,0.05797,0.828339,0.098571,0.000885,0.27058,0.972707,-0.183791,-0.521817,-0.999484
-0.573153,0.118789,-0.70669,0.788194,0.207638,-0.209924,0.679226,0.935504,0.401939,-0.329967,-0.28071,0.072276,0.457783,-0.212305,-0.984021
0.915098,-0.071032,0.067247,-0.043626,-0.187893,-0.558248,0.329687,0.733702,-0.022509,-0.288609,0.668001,0.341848,-0.386253,-0.224758,-1.0
0.708847,0.260734,0.022592,0.819908,-0.543725,0.371614,0.933546,0.24514,-0.616493,0.434629,0.099807,0.026838,-0.443691,0.015076,-1.0
-0.592887,0.291089,0.835806,-0.221586,0.136526,0.298742,0.717862,0.874527,0.294515,0.490976,-0.30515,-0.024506,0.453499,0.015819,-0.985201
0.449987,0.505937,0.973789,0.01513,0.431055,0.294427,0.43081,0.066511,0.337458,0.201709,0.141714,0.583119,-0.057918,-0.534623,-0.974436
0.994404,-0.186626,-0.391685,0.299779,-0.327234,0.174823,0.483694,0.542811,-0.360605,0.209346,0.466465,-0.060553,-0.429911,0.124797,-1.0
-0.212007,0.645007,-0.979994,-0.839802,-0.352442,-0.680036,0.175872,0.36751,-0.093999,-0.066348,0.093867,0.776011,-0.131123,-0.50701,-0.922111
-0.441764,-0.609149,0.39957,-0.773587,0.675092,-0.394465,0.280242,0.533405,0.057619,-0.139518,-0.712251,-0.080509,0.531713,0.182606,-1.0
0.535046,-0.091491,-0.935943,-0.297951,0.445941,-0.684721,0.618835,0.124639,0.314095,-0.42369,-0.002152,0.384178,-0.108848,-0.486108,-1.0
0.365291,0.379356,0.000126,-0.796367,0.165192,0.048948,0.068426,0.883605,0.062626,-0.016845,0.459144,0.840448,-0.246271,-0.39562,-1.0
0.186862,-0.769632,0.600963,0.907459,-0.534933,0.646261,0.540343,0.017344,-0.210052,0.393989,0.204936,-0.52937,-0.128003,0.482284,-1.0
-0.344668,0.432648,0.254112,-0.0326,-0.336145,-0.153333,0.305172,0.183806,-0.221363,-0.027504,0.014173,0.67289,0.018044,-0.525877,-1.0
-0.130969,-0.921505,-0.112602,0.440388,-0.150749,-0.189876,0.47779,0.572989,-0.189743,-0.344243,0.047014,-0.592269,-0.089642,0.563015,-0.920054
0.211683,0.225664,-0.633179,-0.751318,0.630281,0.249973,0.562168,0.216634,0.464669,0.170001,-0.500347,-0.024515,0.516451,0.012437,-0.977511
0.393698,0.354048,0.082992,0.726759,0.949289,0.421326,0.673943,0.20632,0.563222,0.255828,-0.28393,-0.100959,0.426999,0.098921,-0.964827
-0.132599,-0.677787,-0.607032,-0.20029,0.05715,-0.760119,0.58374,0.62626,0.010935,-0.406269,-0.394822,0.115556,0.344612,-0.239653,-1.0
0.840761,-0.642084,0.434708,-0.596572,0.99835,0.118058,0.643903,0.894505,0.473514,0.048634,-0.107964,-0.430388,0.175276,0.513568,-0.98925
0.763538,0.514403,-0.270287,-0.095819,-0.238679,-0.556034,0.685315,0.650994,-0.219379,-0.469255,0.267003,0.166764,-0.442137,-0.356553,-0.983651
-0.017782,-0.511207,-0.115356,0.913634,0.202663,0.682739,0.135469,0.539114,0.074504,0.141973,-0.196026,-0.905404,0.027107,0.474013,-1.0
-0.447015,0.091493,-0.957351,-0.567717,-0.651986,0.269538,0.940077,0.133506,-0.698329,0.303797,0.118172,-0.085849,-0.358941,0.332684,-1.0
-0.010742,0.253802,0.047112,0.274671,0.554672,-0.540309,0.986627,0.029118,0.5458,-0.457333,-0.041731,0.008216,0.255225,-0.399976,-0.99051
0.104489,0.094488,-0.974905,-0.168072,-0.689349,-0.493909,0.919625,0.476872,-0.637064,-0.347317,0.040267,0.059525,-0.419774,-0.321062,-1.0
-0.992425,-0.34165,0.831169,-0.388224,0.548556,-0.589784,0.3295,0.831304,0.198264,-0.244627,-0.742385,0.105185,0.52452,-0.146952,-1.0
-0.325159,0.815976,0.836814,-0.629911,-0.014079,-0.723214,0.748897,0.878798,0.017606,-0.594337,-0.091143,0.273514,0.139859,-0.590288,-1.0
-0.452196,-0.511222,-0.505991,-0.047423,0.867595,-0.007474,0.657627,0.993239,0.529988,-0.018399,-0.362996,-0.115815,0.479026,0.138936,-1.0
0.084997,-0.409794,-0.137244,0.268497,0.819119,-0.003337,0.58708,0.205862,0.442039,-0.011367,-0.375588,-0.142593,0.503252,0.195949,-1.0
-0.241991,-0.633691,-0.542526,-0.599039,0.721399,0.15542,0.891084,0.617684,0.703287,0.165585,-0.142199,-0.048186,0.408495,0.345753,-1.0
0.883456,-0.858179,0.080659,-0.157329,-0.772994,-0.376069,0.376248,0.852612,-0.231553,-0.102361,0.583972,-0.249558,-0.453316,0.183953,-0.980033
0.600907,-0.172349,0.731379,0.998539,-0.313674,-0.189986,0.749848,0.434424,-0.480438,-0.295186,0.16557,0.047645,-0.471622,-0.014964,-1.0
0.070198,-0.240843,0.778759,-0.771012,0.55575,0.043138,0.962837,0.467911,0.744146,0.077426,-0.038207,0.03565,0.468648,0.265023,-1.0
-0.417765,-0.77794,-0.140333,0.223638,0.665437,-0.230263,0.691158,0.059608,0.508783,-0.149485,-0.40122,-0.168448,0.488191,0.245994,-1.0
-0.86477,0.662533,0.089381,0.238155,0.090226,-0.924276,0.86476,0.184603,0.101717,-0.592886,-0.039212,0.134403,0.240814,-0.404228,-0.936933
-0.413746,-0.935927,-0.474245,0.752124,0.097711,0.100185,0.427071,0.907182,0.275002,0.202144,-0.156627,-0.511721,0.172759,0.4061,-0.961817
0.277158,-0.595722,0.770257,0.167684,-0.435326,0.101985,0.496196,0.11075,-0.403838,0.14423,0.41733,-0.336244,-0.361563,0.336019,-1.0
0.966533,-0.008025,0.5213,0.324938,0.982411,0.023454,0.675235,0.501558,0.56268,0.020287,-0.156712,-0.307888,0.297101,0.491447,-0.979349
0.875181,0.015723,-0.445184,-0.435017,0.299766,-0.278288,0.471413,0.316519,0.373863,-0.313473,0.42542,0.145164,-0.441724,-0.353598,-0.998195
0.560765,0.289308,0.376925,-0.576956,0.946161,0.568527,0.984136,0.832869,0.745253,0.362436,-0.064737,-0.099986,0.364474,0.308256,-1.0
-0.272557,-0.484533,0.37919,0.587078,-0.174035,-0.589868,0.808426,0.338917,-0.278704,-0.546472,-0.205118,0.144311,0.393582,-0.3363,-1.0
-0.882842,-0.362425,0.651897,-0.595112,-0.133954,-0.955473,0.768598,0.134652,-0.105866,-0.499447,-0.249926,0.100124,0.403761,-0.225645,-1.0
0.365725,0.231939,0.832144,0.644663,0.716735,-0.515646,0.861583,0.353204,0.558786,-0.352421,-0.096058,0.271225,0.304878,-0.444696,-0.935071
-0.791438,-0.407807,-0.013656,-0.35736,-0.029978,0.704478,0.08134,0.025964,-0.057858,0.020912,-0.562611,-0.791578,0.268817,0.440921,-0.979605
0.783676,-0.51282,0.465631,-0.247621,0.022268,-0.662143,0.550593,0.091933,0.08824,-0.432004,0.353714,0.066714,-0.498605,-0.083078,-0.956643
0.621923,-0.302761,0.232501,-0.865709,0.626309,-0.192723,0.586097,0.841734,0.511688,-0.304905,-0.024976,-0.344681,0.018358,0.548469,-1.0
0.531801,0.256069,-0.254454,0.110824,-0.428546,-0.340041,0.016683,0.028801,-0.023761,0.052552,0.834513,0.572429,-0.379285,-0.23086,-1.0
0.179841,-0.883601,0.895032,0.990968,-0.274155,0.997338,0.233795,0.361598,-0.103235,0.152004,0.152713,-0.755811,-0.142474,0.453857,-0.956965
0.013316,-0.006339,-0.362512,-0.887336,0.660421,-0.893995,0.838038,0.752031,0.426718,-0.59523,0.014458,0.107531,0.260049,-0.348748,-0.924264
0.986829,-0.667716,0.781687,-0.809449,0.072081,0.641921,0.635983,0.501889,0.017618,0.473042,0.274147,-0.289471,-0.17363,0.427855,-1.0
-0.896436,-0.361202,0.677786,0.873766,-0.051597,0.436661,0.367225,0.084098,0.051611,0.351654,-0.478655,-0.440962,0.39933,0.228294,-1.0
-0.918669,0.126524,-0.410535,-0.3372,-0.544425,-0.867695,0.906439,0.460978,-0.345521,-0.620643,0.01042,0.021473,0.178046,-0.471872,-0.950473
-0.902271,-0.067831,-0.29024,0.50551,-0.361391,0.726194,0.968874,0.939701,-0.425649,0.685035,-0.002288,0.015926,0.248044,0.476746,-1.0
-0.504081,-0.786287,0.13065,-0.990859,-0.499855,0.622168,0.40789,0.040111,-0.133415,0.287567,-0.033784,-0.563054,0.042337,0.464624,-0.984471
-0.324517,-0.423279,0.074333,0.261318,0.519249,0.36575,0.223133,0.090328,0.150226,0.026334,-0.513853,-0.486652,0.328014,0.297649,-1.0
-0.238084,-0.3308,0.926766,-0.518251,-0.362733,-0.204482,0.125865,0.555685,-0.021027,-0.025933,0.611489,-0.699718,-0.281127,0.370595,-1.0
0.377761,0.495675,0.278714,0.240177,0.643477,0.489209,0.477192,0.51581,0.369644,0.152093,-0.58674,0.015057,0.49125,0.068367,-1.0
-0.162729,0.083124,-0.53444,0.862854,-0.633244,0.345179,0.841415,0.476513,-0.568141,0.283988,0.112644,-0.037154,-0.441702,0.286658,-1.0
0.649182,0.903628,0.876813,0.671705,0.215944,0.035673,0.213947,0.811797,0.177343,-0.036068,0.359587,0.705027,-0.281381,-0.368751,-0.965423
-0.322804,-0.449789,-0.569827,0.954335,0.011333,0.125477,0.71178,0.608537,0.057381,0.514792,-0.095171,-0.336988,0.316798,0.388672,-1.0
0.165828,0.012956,-0.862855,0.966556,-0.351147,0.635263,0.969965,0.425326,-0.421967,0.64169,0.062861,-0.063809,-0.355033,0.424644,-1.0
-0.839584,-0.17127,0.408363,0.309469,0.80668,0.621999,0.525039,0.775944,0.350489,0.283111,-0.409604,-0.175833,0.427047,0.262348,-0.999396
-0.235489,0.211915,0.898313,-0.890485,0.555589,0.573339,0.574446,0.502413,0.328858,0.272593,-0.463751,-0.186145,0.411861,0.280281,-0.971688
-0.288123,0.846371,-0.358189,-0.721143,-0.806707,-0.745779,0.81651,0.840837,-0.461002,-0.406658,-0.006477,0.15779,-0.138894,-0.497857,-0.952502
0.717109,0.06252,0.158215,0.430978,-0.091843,0.850776,0.498141,0.976401,-0.022692,0.364853,0.266388,-0.338853,-0.385461,0.352395,-1.0
0.218517,0.786343,-0.724354,-0.903503,-0.705695,0.163699,0.435046,0.269782,-0.337076,0.000345,0.420093,0.305033,-0.403182,-0.318099,-1.0
0.433391,-0.519203,0.201235,0.990166,0.760856,0.29023,0.134811,0.03905,0.113592,0.048304,-0.345546,-0.867308,0.151439,0.474776,-1.0
0.615758,0.473506,0.378587,-0.524497,-0.83761,0.763467,0.020994,0.392434,-0.053354,-0.036573,0.92474,-0.24775,-0.573725,0.179311,-0.898884
0.103588,-0.301391,0.979909,0.916197,0.268647,0.798912,0.813181,0.563152,0.22967,0.643627,-0.013132,-0.203305,0.053887,0.461574,-0.983648
0.382068,-0.038749,-0.000229,-0.692417,-0.91739,0.974801,0.958054,0.745241,-0.447727,0.580494,-0.024631,-0.035885,-0.354636,0.39949,-1.0
0.693282,0.003345,0.627423,0.264307,0.69096,-0.705936,0.48556,0.456793,0.216354,-0.275846,0.000883,0.576186,0.038859,-0.528245,-0.938105
-0.973819,-0.682494,0.784368,-0.05324,0.136716,0.428303,0.584555,0.059084,0.096207,0.441673,-0.391402,-0.231292,0.369774,0.285152,-0.949163
-0.582315,-0.868416,0.726404,-0.238852,0.165187,-0.389802,0.396224,0.020266,0.188034,-0.252706,-0.435321,-0.342145,0.492751,0.231181,-0.967381
0.4102,0.525383,-0.742947,-0.224366,0.794579,0.227098,0.703044,0.194716,0.545637,0.029907,-0.190529,0.199779,0.310722,-0.290198,-0.962109
0.488684,-0.752284,0.577264,0.332533,0.179782,0.490791,0.985351,0.130781,0.325041,0.816155,0.038514,-0.047248,-0.222823,0.510045,-1.0
0.814473,0.14691,0.209694,-0.061727,-0.932434,-0.921458,0.163344,0.795054,-0.093162,-0.057191,0.789747,0.44576,-0.477149,-0.267255,-1.0
-0.108673,0.875034,-0.188208,0.787367,0.451228,0.890801,0.340758,0.832666,0.073044,0.265818,-0.659786,0.010217,0.552212,0.073978,-0.98144
0.238626,-0.730907,0.16364,-0.529446,-0.436875,0.071036,0.035405,0.990027,-0.084163,0.051575,0.613159,-0.847103,-0.270693,0.389482,-1.0
-0.838024,-0.670189,0.601791,-0.362729,-0.104362,-0.121804,0.195708,0.49536,-0.113884,-0.094189,-0.582456,-0.520074,0.386914,0.359628,-1.0
-0.818878,-0.329114,-0.113351,0.432637,-0.226523,0.642073,0.16444,0.920993,0.004095,0.123814,-0.42244,-0.667883,0.238481,0.392558,-0.952477
0.970773,-0.986373,-0.915551,-0.500274,0.696145,-0.897963,0.332373,0.785425,0.10361,-0.237228,0.64252,-0.208067,-0.430815,0.091991,-0.97705
-0.02503,0.08573,0.950472,-0.398359,0.4417,0.367702,0.601647,0.695634,0.404078,0.288411,-0.406766,-0.242579,0.32089,0.200023,-0.941856
0.724044,-0.782878,0.8292,0.980142,0.663722,-0.357061,0.645268,0.137753,0.49232,-0.273726,0.054546,-0.251518,-0.099741,0.541929,-0.936565
0.489181,-0.491732,-0.566476,-0.224621,0.063524,-0.059415,0.617965,0.685505,0.350721,-0.427876,0.249154,-0.196338,-0.31043,0.335715,-1.0
-0.833703,0.934109,0.843054,0.339829,-0.783666,0.725158,0.509949,0.494592,-0.313626,0.244825,-0.146642,0.520413,0.183893,-0.494475,-1.0
-0.07845,-0.198859,-0.913092,-0.120476,-0.066018,0.413485,0.741481,0.833608,-0.094784,0.562119,0.014258,-0.250215,0.087944,0.487269,-1.0
0.118678,0.932703,0.271941,-0.425848,0.420654,0.093948,0.008355,0.357918,0.118686,-0.065299,-0.26702,0.953545,0.179511,-0.489208,-0.995418
-0.284583,0.64869,-0.642866,0.707615,0.653426,-0.343886,0.095263,0.156501,-0.023522,-0.111502,-0.587947,0.649298,0.338951,-0.303399,-1.0
0.690153,-0.101316,-0.824818,-0.411157,-0.517371,0.295813,0.107081,0.100772,-0.139679,0.047414,0.82193,-0.303318,-0.517437,0.1403,-1.0
0.973774,-0.622228,0.765775,0.956545,0.05498,0.653268,0.440754,0.900995,0.050541,0.412183,0.307684,-0.429105,-0.323375,0.460417,-0.985693
0.982303,-0.668092,-0.859251,-0.34039,-0.34884,0.9507,0.735767,0.892148,-0.279882,0.541254,0.222161,-0.108861,-0.261801,0.38262,-0.934485
-0.368628,-0.65349,0.652605,-0.643172,-0.986428,0.832033,0.550598,0.004589,-0.356659,0.211278,0.238695,-0.348691,-0.19866,0.513192,-1.0
-0.694063,0.341274,0.696195,0.902778,-0.418729,-0.798055,0.446729,0.92717,-0.153946,-0.329308,-0.090073,0.567943,0.085167,-0.474093,-0.935023
-0.628225,0.93895,-0.442527,0.847214,0.838328,0.966355,0.812311,0.188765,0.500666,0.42316,-0.15994,-0.018151,0.457956,0.128688,-1.0
0.381306,-0.753681,-0.398815,0.491086,-0.72227,0.213725,0.372405,0.034573,-0.283669,0.066012,0.510125,-0.405641,-0.320029,0.322239,-0.953772
0.655296,0.870381,0.539058,0.558701,-0.13257,-0.561643,0.239351,0.84537,-0.005474,-0.218189,0.333633,0.664983,-0.33478,-0.398291,-0.992641
0.384519,-0.905584,-0.921814,-0.28348,0.488329,0.196988,0.997401,0.518983,0.820627,0.323235,-0.03871,-0.0341,0.075037,0.489902,-1.0
-0.146648,-0.112723,-0.042874,-0.198585,-0.7772,-0.674534,0.961101,0.98861,-0.575366,-0.556601,0.060411,0.103621,-0.363277,-0.230685,-1.0
0.779848,-0.98494,-0.528761,0.33069,-0.953196,0.490729,0.752901,0.447319,-0.672808,0.212024,0.173579,-0.177156,-0.349561,0.301687,-0.984857
0.513946,0.88348,0.255853,-0.887988,0.512921,-0.033523,0.942654,0.561394,0.66357,0.0036,0.010184,0.048543,0.051681,-0.520351,-0.97182
-0.057112,0.150156,0.384487,-0.444058,-0.314141,-0.044181,0.234989,0.457522,-0.164191,-0.004586,0.634423,0.42044,-0.353401,-0.317686,-0.924737
-0.858285,-0.717453,0.095562,-0.859044,-0.955594,0.927176,0.451006,0.658473,-0.243808,0.244707,-0.029216,-0.518557,-0.167481,0.506736,-0.946737
0.640662,-0.25483,-0.501695,0.484868,0.339016,0.025544,0.255506,0.495979,0.118848,0.008659,0.521727,-0.539379,-0.395006,0.285523,-1.0
0.446698,0.622528,-0.594465,-0.165653,-0.922318,0.144617,0.065401,0.123425,-0.004357,-0.048351,0.893183,0.374576,-0.406465,-0.136976,-1.0
0.367229,0.361085,-0.883695,-0.604382,-0.591742,0.806138,0.558737,0.963992,-0.334191,0.372311,0.427379,-0.137504,-0.413894,0.254484,-1.0
-0.587943,0.37383,0.058636,-0.196265,0.472415,-0.053514,0.586438,0.532218,0.483621,-0.01076,-0.343423,0.246326,0.463612,-0.236589,-1.0
-0.955242,-0.387733,0.397384,-0.830878,-0.588276,-0.462047,0.147703,0.281327,-0.176824,-0.072555,-0.87435,0.20556,0.421384,-0.011133,-0.943176
0.499234,0.287783,-0.026087,-0.616345,0.766108,0.49521,0.824659,0.774163,0.547331,0.277482,-0.126965,-0.131065,0.328576,0.362752,-0.968751
-0.519871,0.486617,0.187154,-0.301165,-0.305857,-0.857713,0.087054,0.06697,0.008245,-0.098675,-0.263947,0.890182,0.110366,-0.439521,-0.941899
0.391654,0.206826,0.842973,0.217812,0.929559,-0.330179,0.094987,0.068846,0.077091,0.053668,-0.645148,0.72839,0.344717,-0.437709,-1.0
-0.552581,-0.363717,-0.048132,0.245822,0.006011,0.15849,0.810711,0.81254,-0.020607,0.58189,-0.20249,-0.071272,0.308329,0.342521,-1.0
0.772935,-0.007541,0.134128,0.017241,-0.711412,0.624503,0.095989,0.194307,-0.078979,0.05728,0.846591,-0.403276,-0.390603,0.207672,-1.0
0.402955,-0.470812,0.583216,-0.708787,-0.972588,-0.505071,0.336077,0.738671,-0.351167,-0.06849,0.64281,-0.016466,-0.51408,-0.066183,-1.0
0.103593,0.284236,-0.230155,0.304303,-0.58085,0.397656,0.680862,0.719321,-0.479438,0.259449,0.256301,-0.053713,-0.480347,0.154793,-0.993184
-0.771811,-0.146486,0.980642,-0.753918,-0.794494,-0.523718,0.086108,0.499736,-0.093995,-0.064472,0.122739,0.994066,-0.068316,-0.571822,-1.0
0.623338,-0.507208,-0.362738,-0.679231,-0.3249,0.778595,0.368475,0.690376,-0.093161,0.179198,0.290979,-0.471357,-0.280085,0.409047,-0.933967
-0.552321,0.674044,-0.700164,0.981425,-0.280028,0.032493,0.006464,0.848069,0.024688,0.052242,-0.394694,0.852225,0.251497,-0.502586,-0.901221
0.367948,-0.118104,-0.411477,0.646844,-0.110274,-0.041015,0.953846,0.484817,-0.696908,-0.282122,0.117622,0.002701,-0.473184,0.113051,-1.0
-0.396181,-0.071299,0.016116,0.084055,-0.7084,-0.688289,0.350706,0.292248,-0.271954,-0.220915,0.26953,0.631203,-0.237578,-0.481142,-1.0
0.794685,0.983472,-0.616294,-0.390263,-0.504152,-0.108855,0.409408,0.433827,-0.195014,0.03751,0.462656,0.329204,-0.359929,-0.284173,-1.0
-0.827653,-0.447614,-0.609795,0.352216,-0.485586,0.735312,0.973215,0.555684,-0.428275,0.624764,0.063601,-0.021061,0.162316,0.425883,-1.0
-0.278988,0.778899,-0.435919,-0.569928,-0.502537,0.437553,0.863867,0.460643,-0.5156,0.488009,0.009839,0.177156,-0.382922,-0.44913,-1.0
-0.351945,0.906847,-0.773619,0.761793,0.066115,-0.242129,0.532404,0.481679,0.095915,-0.545706,-0.152537,0.430973,0.204612,-0.443345,-1.0
0.010762,-0.727116,-0.943001,0.614902,-0.729749,-0.521833,0.521243,0.915618,-0.305892,-0.254458,0.448688,-0.067716,-0.435616,0.198669,-0.991131
0.025108,-0.061476,0.267827,0.430727,0.544738,0.126071,0.348489,0.000394,0.283618,0.066067,-0.670712,-0.222671,0.50312,0.193348,-0.925814
-0.101551,0.413274,-0.640714,0.403061,-0.34836,0.266036,0.353616,0.65884,-0.159784,0.138972,0.618245,0.320558,-0.450947,-0.384854,-1.0
0.251262,0.532786,-0.120101,-0.858767,0.425514,0.548516,0.247305,0.333893,0.095681,0.083449,-0.744052,-0.071624,0.505005,0.002682,-0.940007
-0.823897,0.735468,-0.706595,0.062529,-0.774561,-0.999012,0.55823,0.413296,-0.176627,-0.446014,0.00305,0.448761,0.065787,-0.495465,-1.0
-0.266629,-0.138814,0.144498,-0.28777,0.296646,-0.452968,0.356579,0.788374,0.074438,-0.279705,-0.634035,0.294917,0.373626,-0.126236,-0.903889
-0.524536,0.172166,0.324114,-0.771019,0.602445,0.139245,0.192935,0.862444,0.022331,0.031839,-0.77717,-0.005225,0.508776,0.065196,-1.0
-0.794519,-0.814624,0.282926,0.630757,-0.681309,0.797505,0.075165,0.905892,-0.002033,0.053708,-0.118615,-0.920919,-0.020268,0.606977,-1.0
-0.79105,-0.457517,0.61709,-0.192426,-0.12515,0.218522,0.421352,0.597815,-0.165144,0.247199,-0.365784,-0.370756,0.44422,0.394756,-0.935824
0.620566,-0.601664,0.159758,0.460761,-0.678818,0.507151,0.012977,0.94483,-0.056262,0.051329,0.725532,-0.609456,-0.553255,0.437118,-0.886271
-0.294507,0.113223,0.11314,-0.154513,-0.613629,0.926563,0.596224,0.614143,-0.263694,0.333569,0.117817,-0.436619,-0.144323,0.471209,-1.0
0.850381,-0.850442,-0.326242,0.232154,-0.555634,-0.657951,0.897582,0.907278,-0.455406,-0.554863,0.038251,0.024272,-0.477941,0.054547,-0.988714
-0.453064,-0.989578,-0.976743,0.649709,0.474815,0.946751,0.640056,0.354318,0.223176,0.440869,-0.271616,-0.380583,0.222682,0.380669,-1.0
0.372803,0.429808,-0.595946,-0.492205,0.137245,-0.850262,0.440998,0.107714,0.065874,-0.2216,0.124287,0.603968,-0.073139,-0.47075,-1.0
-0.591926,0.228174,-0.707424,-0.33857,0.450581,0.733722,0.358764,0.927735,0.130311,0.176918,-0.503201,-0.294519,0.435991,0.206452,-0.922925
-0.612899,-0.59267,0.525337,-0.558299,0.901087,-0.061444,0.886356,0.564126,0.722607,-0.054413,-0.079916,-0.050784,0.502753,0.159013,-0.929157
-0.810583,0.255486,-0.283446,-0.562034,0.646942,-0.338844,0.177099,0.397697,0.062513,-0.083472,-0.743703,0.303244,0.41869,-0.139333,-0.953214
-0.00715,-0.733462,0.066978,-0.831594,-0.848609,0.106669,0.183316,0.234174,-0.107329,-0.001809,0.562796,-0.576954,-0.447465,0.363865,-1.0
0.810844,-0.577552,-0.564157,-0.425022,0.487906,0.512701,0.725393,0.765664,0.383662,0.387981,0.139854,-0.246116,-0.17382,0.637142,-0.965073
0.194591,-0.216626,-0.166273,0.359042,0.961416,-0.246433,0.194685,0.458595,0.07417,0.050483,-0.756871,0.007487,0.522816,-0.115119,-1.0
-0.765306,-0.470861,-0.775698,0.467606,-0.580055,0.279502,0.39133,0.933525,-0.193648,0.112139,-0.067304,-0.518801,0.124835,0.46946,-0.989275
0.058496,0.684148,-0.588171,-0.092667,0.550336,-0.53234,0.791491,0.590799,0.488509,-0.328537,-0.060264,0.180269,0.235935,-0.552859,-0.976752
0.463381,0.825989,0.932937,0.331468,-0.815638,-0.363201,0.400249,0.672173,-0.301331,-0.038479,0.446573,0.338454,-0.443556,-0.352672,-1.0
-0.090092,0.128476,-0.452191,-0.582568,-0.043421,-0.355672,0.864948,0.904067,-0.075248,-0.678517,-0.005125,0.023206,0.03444,-0.563803,-1.0
0.464122,0.292815,-0.756296,0.249874,-0.545113,-0.5872,0.0659,0.127009,0.030031,-0.142229,0.730279,0.673304,-0.486175,-0.282017,-1.0
-0.982413,-0.703375,-0.782866,-0.209451,0.571229,-0.136621,0.765616,0.309306,0.542881,-0.075818,-0.207968,-0.118395,0.505116,0.175096,-1.0
0.952604,-0.284027,-0.68031,0.478547,-0.362503,0.88639,0.604963,0.709956,-0.230612,0.433771,0.212345,-0.257103,-0.471414,0.314018,-1.0
0.856464,-0.568768,0.53079,-0.372318,0.329281,0.137195,0.523046,0.441402,0.415978,0.175418,0.263637,-0.252182,-0.342748,0.335819,-1.0
0.814466,0.986896,-0.365864,0.603605,-0.400076,0.852555,0.23776,0.079781,-0.004939,0.178031,0.744219,0.142823,-0.474814,-0.066794,-1.0
-0.973181,0.661642,0.11816,0.251038,0.256613,0.744027,0.016523,0.967039,-0.020754,-0.013934,-0.940609,-0.162208,0.606083,-0.00425,-1.0
0.267386,0.288401,0.300542,0.795432,-0.76747,-0.969917,0.204733,0.468109,-0.102143,-0.05895,0.529774,0.646049,-0.279817,-0.396115,-0.999514
0.090335,0.16034,0.991296,0.986646,-0.197828,-0.171492,0.815384,0.74439,-0.531832,-0.490226,0.064082,0.148706,-0.283011,-0.398856,-0.909719
0.879527,0.303251,-0.352522,0.857942,-0.425568,-0.520341,0.318524,0.805333,-0.186474,-0.207953,0.543751,0.447497,-0.408382,-0.238282,-0.970311
0.106829,-0.577109,-0.516543,0.413579,-0.886071,0.223906,0.699411,0.408352,-0.492339,0.042404,0.267632,-0.180045,-0.383748,0.327313,-0.982475
0.516805,0.461,0.873509,0.839474,-0.935008,-0.505944,0.562575,0.381688,-0.406472,-0.183139,0.357202,0.200457,-0.471848,-0.38453,-1.0
0.600485,-0.404037,0.644163,0.66738,0.636198,0.58664,0.528911,0.982514,0.25132,0.246482,-0.138379,-0.545356,-0.04351,0.49868,-1.0
-0.732934,-0.27648,-0.942409,0.923932,-0.04273,-0.739376,0.242602,0.734485,-0.075098,-0.191107,-0.652291,0.367974,0.337677,-0.30868,-0.908257
-0.714767,0.605521,0.654399,0.71147,-0.408569,0.664695,0.772063,0.714236,-0.343605,0.494026,-0.230214,0.021025,0.43332,0.136582,-1.0
0.852333,0.737915,-0.189375,-0.203475,-0.019591,0.126621,0.959864,0.224091,-0.111655,0.75809,0.084297,0.017957,-0.30223,-0.276575,-1.0
0.126108,0.495037,0.640281,0.239801,-0.907436,0.01066,0.075554,0.855215,-0.027365,-0.050866,0.792058,0.397415,-0.453621,-0.259963,-1.0
0.044203,0.304751,0.575665,0.386632,0.41138,-0.807665,0.211153,0.48881,0.100969,-0.125584,-0.246255,0.752828,0.145628,-0.440271,-1.0
0.129681,-0.237214,0.648442,-0.622964,0.278132,-0.997291,0.260159,0.625041,0.036077,-0.151988,-0.189977,0.8377,-0.010802,-0.43449,-1.0
0.186934,0.564302,-0.493796,-0.551187,0.058829,0.001866,0.210954,0.620466,0.073197,0.010093,0.11409,0.713039,-0.121686,-0.512268,-0.999326
0.045776,0.122832,-0.962851,0.1059,0.500082,0.5126,0.329947,0.370397,0.207601,0.153689,-0.528003,-0.443843,0.344599,0.368764,-1.0
0.409873,-0.982195,0.627307,0.934692,-0.323949,0.948732,0.427866,0.207713,-0.119942,0.354906,0.157883,-0.525355,-0.177205,0.547142,-1.0
0.548326,0.356998,0.924296,0.591697,0.743586,-0.149988,0.846677,0.691106,0.643717,-0.07951,-0.03937,0.143964,0.108622,-0.461616,-0.913439
0.361354,-0.509754,0.448532,-0.49291,0.848032,0.399293,0.038697,0.492528,0.035728,0.053447,-0.447525,-0.811912,0.252605,0.586246,-0.948352
-0.848648,-0.977861,0.421511,-0.497842,0.306497,0.100751,0.80215,0.547286,0.536935,0.244198,-0.146225,-0.085743,0.389311,0.337573,-0.972026
0.501427,-0.793553,0.4779,-0.812898,-0.081002,0.961284,0.192093,0.934634,-0.000107,0.180159,0.316607,-0.742885,-0.148579,0.466055,-0.971256
-0.250162,-0.876387,-0.811725,0.231567,0.257068,-0.697135,0.521614,0.313449,0.029451,-0.416489,-0.36756,-0.217501,0.543077,0.136078,-0.91488
0.603921,0.376319,-0.337984,0.36697,-0.291255,0.914874,0.08682,0.764812,0.023424,0.10762,0.818991,-0.603001,-0.414596,0.213272,-1.0
-0.306069,0.78045,-0.676412,-0.950053,0.195408,0.805108,0.029182,0.242527,0.092983,0.008819,-0.994544,-0.188443,0.578624,0.084469,-1.0
0.744893,0.37925,-0.314017,0.666307,-0.173346,-0.519155,0.422829,0.824391,-0.164472,-0.359834,0.328287,0.484983,-0.339196,-0.364338,-1.0
0.531982,0.912486,-0.021906,-0.424372,0.874055,-0.732454,0.997586,0.106457,0.594386,-0.482497,-0.017388,-0.066129,0.155735,-0.413195,-1.0
0.347364,0.06643,-0.412122,0.251948,-0.085131,0.007884,0.759911,0.554594,-0.637454,0.112069,0.273031,-0.004379,-0.498689,-0.007802,-0.89931
-0.70106,-0.429151,-0.33185,-0.504304,0.885147,0.375263,0.667331,0.489073,0.416933,0.178443,-0.388937,-0.098157,0.422889,0.268588,-0.993792
-0.405322,0.740141,-0.502792,-0.066551,0.479171,-0.358547,0.995761,0.165565,0.644412,-0.448978,-0.064553,0.115143,0.278037,-0.451754,-1.0
0.194327,-0.637314,-0.699405,-0.114688,0.900846,0.244323,0.350371,0.834679,0.163108,0.112496,-0.357228,-0.569099,0.353305,0.352738,-1.0
-0.980072,0.884233,0.300065,-0.825836,0.361355,0.601451,0.75532,0.020541,0.342646,0.537896,-0.251795,0.068797,0.428621,-0.149458,-1.0
0.791417,-0.234905,-0.959623,0.049281,-0.271699,-0.683936,0.765911,0.872521,-0.197498,-0.522253,0.221506,0.114228,-0.457776,-0.148353,-1.0
0.034752,0.035137,-0.423131,0.23291,0.6336,0.567514,0.178268,0.153577,0.117356,0.056092,-0.637076,-0.515131,0.31012,0.383594,-0.961543
0.643459,0.894154,-0.226309,0.54089,0.123573,-0.325104,0.924738,0.095924,0.215469,-0.688385,0.089737,0.07868,-0.14178,-0.439191,-1.0
-0.133777,0.099693,0.906032,-0.261883,0.788089,0.562969,0.375022,0.59757,0.326452,0.162696,-0.631432,-0.306134,0.444878,0.205651,-1.0
0.718565,0.536203,0.083114,-0.101469,-0.887242,-0.345487,0.906609,0.547557,-0.657425,-0.246898,0.124956,0.082054,-0.455538,-0.191336,-0.913728
-0.950541,-0.377004,-0.695558,-0.748853,-0.231894,0.550073,0.329799,0.19564,-0.008816,0.304652,-0.423825,-0.541309,0.274639,0.497853,-0.900241
0.173108,0.162609,-0.076453,-0.438473,0.760964,-0.790973,0.103627,0.388902,0.075282,-0.109317,-0.425264,0.779467,0.231503,-0.454807,-0.98768
0.227798,-0.731667,0.453227,-0.026848,-0.84572,-0.522155,0.251712,0.339061,-0.145101,-0.076225,0.756987,-0.155588,-0.522148,0.105064,-1.0
-0.442039,-0.712903,-0.767205,-0.077786,0.081724,0.221472,0.4809,0.912527,0.098285,0.382566,-0.299818,-0.489453,0.247316,0.394826,-0.948919
0.706083,-0.180248,0.279733,-0.83174,-0.286509,0.186086,0.612973,0.903178,-0.439141,0.329818,0.401784,-0.21648,-0.467592,0.235869,-1.0
0.187046,0.785259,-0.551808,-0.495247,-0.074794,-0.135754,0.215943,0.499935,-0.00098,-0.158754,0.286243,0.825331,-0.100158,-0.488588,-0.911727
0.041383,0.304691,-0.090348,-0.448515,0.552149,-0.652038,0.454883,0.493435,0.196135,-0.280198,-0.251757,0.482121,0.229168,-0.37177,-1.0
-0.182862,-0.947432,0.446508,-0.320907,-0.518472,0.701179,0.511673,0.274151,-0.232699,0.343966,0.130166,-0.491657,-0.083098,0.451624,-1.0
-0.628544,0.755137,0.093396,-0.768323,-0.36726,-0.45984,0.138341,0.027589,-0.107803,-0.008345,-0.102371,0.909052,0.09398,-0.447739,-0.978247
0.127767,0.674712,-0.106467,-0.604008,0.09101,0.140567,0.51176,0.984691,0.236596,0.294551,0.068009,0.438788,0.023651,-0.41598,-1.0
-0.510952,0.596014,0.971781,0.093545,-0.455714,-0.436234,0.670982,0.146808,-0.413886,-0.359476,-0.081536,0.340749,0.049315,-0.513261,-1.0
0.755719,0.413859,-0.467949,-0.877842,0.00565,0.536618,0.831662,0.558365,0.080868,0.706253,0.124895,-0.072169,-0.553884,0.136348,-1.0
0.167656,0.62684,-0.726111,0.546242,0.094595,0.810196,0.881499,0.726053,0.13293,0.71396,0.049966,-0.022696,-0.224013,0.45353,-1.0
-0.876641,0.539869,0.235617,0.761098,0.437124,0.180711,0.896584,0.08089,0.695962,0.357246,-0.123278,-0.034997,0.536412,-0.075198,-1.0
-0.665202,-0.331848,0.800621,-0.730917,-0.735862,0.989341,0.24713,0.01302,-0.147151,0.150331,0.051026,-0.701159,0.032914,0.477472,-0.924305
0.28017,0.881508,-0.242423,0.316467,-0.315086,0.331841,0.36665,0.748683,-0.227048,0.146542,0.418897,0.426033,-0.366076,-0.326604,-0.991797
0.898269,0.886385,-0.47277,0.326019,-0.383639,0.817794,0.608962,0.856255,-0.218141,0.501353,0.378595,0.09021,-0.469026,-0.1335,-1.0
-0.213489,0.530755,0.972255,0.908672,0.099284,0.309902,0.893163,0.838578,0.225483,0.629863,-0.064555,-0.026239,0.372388,-0.293511,-0.998082
0.829818,0.614077,0.426753,0.463855,-0.242242,-0.041613,0.915741,0.133094,-0.75136,-0.131891,0.112646,0.038138,-0.45808,-0.329633,-1.0
-0.237938,0.576561,-0.32361,0.085343,0.135595,-0.421927,0.623736,0.090973,0.250932,-0.413793,-0.082119,0.296148,0.169482,-0.514602,-1.0
-0.712978,0.168839,-0.712864,-0.503005,0.80426,-0.407088,0.174112,0.508678,0.167554,-0.068738,-0.783456,0.350995,0.459333,-0.181626,-1.0
0.293965,0.86231,-0.143837,0.264158,0.858513,-0.786725,0.400728,0.514403,0.216389,-0.174998,-0.09578,0.603586,0.125879,-0.464787,-1.0
-0.301499,0.805348,0.829569,-0.510652,0.632753,-0.273915,0.54365,0.26239,0.411779,-0.156724,-0.353219,0.336535,0.319652,-0.324889,-0.929281
0.229731,0.350094,0.238125,-0.559969,-0.135819,0.281714,0.527187,0.568122,-0.14322,0.334029,0.533264,0.152199,-0.531046,-0.160887,-1.0
-0.627794,0.061701,-0.717608,0.281343,0.723159,-0.200256,0.325749,0.415528,0.170893,-0.096018,-0.64309,0.195502,0.499809,-0.118354,-0.95785
0.55032,0.271337,0.263572,0.505799,0.917879,-0.810084,0.10709,0.114541,0.001612,-0.069849,-0.276995,0.854863,0.107207,-0.429517,-1.0
-0.291655,-0.20323,-0.771112,-0.704643,0.25141,0.204883,0.726048,0.305587,0.4198,0.359426,-0.177677,-0.213858,0.297816,0.252196,-1.0
-0.090309,0.58923,-0.510703,0.250243,-0.845119,-0.091768,0.972222,0.10565,-0.758684,-0.010759,-0.008418,0.036396,-0.433973,-0.38583,-1.0
-0.605187,-0.788357,-0.509866,-0.393025,0.121415,0.706018,0.936716,0.766568,0.065748,0.722926,-0.006602,-0.027972,0.303734,0.399889,-1.0
-0.465271,-0.240841,-0.657871,0.200912,-0.828344,0.837796,0.443803,0.948605,-0.299357,0.333931,0.241471,-0.560396,-0.14621,0.414308,-0.982946
0.859008,0.774672,-0.02455,0.960452,0.648789,-0.378921,0.448292,0.704716,0.308926,-0.120557,0.078731,0.469738,-0.085829,-0.539934,-0.980431
0.089971,0.716692,-0.544162,0.093341,-0.971879,-0.580866,0.959942,0.514082,-0.729025,-0.433414,0.032734,-0.002138,-0.262978,-0.417296,-1.0
-0.994111,-0.159697,-0.932018,-0.519659,0.784535,-0.020312,0.986641,0.283615,0.708872,-0.003171,0.000398,-0.015233,0.481793,0.06051,-1.0
-0.351977,-0.456258,-0.227718,0.44347,0.364277,0.763171,0.763414,0.078814,0.235195,0.538187,-0.165646,-0.31561,0.207595,0.375646,-0.993985
0.840003,-0.011717,-0.01428,-0.704677,-0.697733,-0.778399,0.616878,0.617922,-0.242051,-0.373459,0.339512,0.177287,-0.397096,-0.135184,-1.0
0.791388,-0.373335,0.008914,0.464645,-0.383986,-0.17504,0.864683,0.779783,-0.711828,-0.30709,0.174189,0.029158,-0.430353,0.111501,-1.0
-0.750176,-0.837331,-0.243183,-0.008697,0.894743,-0.05272,0.137533,0.089619,0.135109,0.037823,-0.823747,-0.27838,0.422946,0.181467,-1.0
-0.513211,-0.342354,0.832092,-0.341844,-0.535784,0.78618,0.645721,0.362381,-0.351724,0.351802,0.113611,-0.414865,-0.078873,0.543338,-1.0
0.547009,-0.167104,-0.754444,-0.877019,-0.077385,-0.357529,0.281126,0.696078,-0.060393,-0.224844,0.633684,0.238728,-0.428488,-0.162628,-0.963978
-0.274641,-0.220583,-0.248111,0.45738,0.02454,0.671007,0.707089,0.155568,0.025186,0.56075,-0.041683,-0.267113,0.096538,0.524023,-1.0
-0.415867,-0.845322,-0.3476,-0.64906,-0.218892,-0.332646,0.239437,0.564053,-0.104234,-0.14756,-0.377408,-0.685865,0.152277,0.467472,-1.0
0.510685,-0.529221,-0.75864,0.688516,-0.429508,-0.866503,0.231439,0.979181,-0.164904,-0.165325,0.7329,0.289453,-0.388325,-0.159473,-1.0
-0.412545,0.257559,-0.938915,-0.376244,-0.413679,0.644869,0.365167,0.776901,-0.126876,0.266522,-0.024945,-0.685224,-0.027598,0.461531,-0.940669
0.980706,-0.705816,-0.279556,0.315517,-0.997275,0.405387,0.011472,0.411934,0.030019,0.009908,0.858943,-0.486327,-0.510264,0.172823,-1.0
0.070888,-0.132701,-0.991754,-0.447155,0.262009,-0.860802,0.808699,0.572869,0.228138,-0.601832,0.022857,0.301142,0.17244,-0.452163,-0.984711
-0.315023,-0.593919,-0.358915,0.150103,0.417329,0.396367,0.334269,0.191903,0.250908,0.229802,-0.531538,-0.563481,0.366924,0.297815,-1.0
0.215815,0.248563,-0.941976,0.114028,0.916511,-0.160187,0.114755,0.615235,0.109432,0.007293,-0.805107,0.459976,0.354946,-0.282671,-0.928018
0.081143,0.70347,0.869763,0.502356,-0.875733,-0.402388,0.060275,0.632826,-0.056323,-0.070904,0.576296,0.656271,-0.261648,-0.443726,-1.0
-0.278856,0.90651,0.003222,-0.267744,-0.074674,-0.415262,0.642116,0.512766,-0.05762,-0.593851,-0.08723,0.352057,0.009438,-0.391664,-1.0
0.14373,-0.707115,-0.326404,0.816561,0.316316,0.527856,0.525857,0.72669,0.198936,0.487298,-0.082044,-0.452583,0.022962,0.497137,-1.0
0.569989,-0.541933,0.129024,-0.59074,0.970715,0.175204,0.331369,0.822614,0.255168,0.026724,-0.326042,-0.591661,0.290038,0.470194,-1.0
-0.482967,0.901159,-0.52675,0.721744,0.839498,-0.658454,0.098399,0.143497,0.01327,-0.059319,-0.58681,0.663289,0.38335,-0.412538,-1.0
-0.380995,0.95307,0.483665,-0.878076,0.901204,0.764312,0.577469,0.230655,0.32428,0.342415,-0.410391,0.071365,0.398743,-0.039021,-1.0
-0.386241,0.386775,-0.960945,0.407503,0.546241,0.222449,0.062312,0.536189,-0.076492,0.038986,-0.817544,0.136153,0.533289,-0.208459,-0.929847
0.749084,-0.291186,-0.624886,-0.354798,0.114633,-0.766784,0.06903,0.656973,0.065242,-0.057469,0.702546,0.589903,-0.34285,-0.243963,-1.0
0.152029,0.067218,-0.759898,-0.232131,0.732234,-0.046138,0.489163,0.824988,0.323587,-0.046034,-0.530131,0.036777,0.500802,-0.170938,-0.970329
-0.719873,-0.486821,-0.35444,-0.933019,-0.943091,0.782507,0.298743,0.130797,-0.193432,0.254307,0.114758,-0.694191,-0.055106,0.574985,-1.0
0.992349,0.665511,0.835132,-0.731535,-0.397687,0.462711,0.120117,0.349361,-0.072755,0.065583,0.783981,0.075225,-0.490749,-0.016949,-0.960785
0.691792,-0.273393,-0.447791,0.980795,0.209025,-0.90116,0.647334,0.758945,0.032898,-0.506036,0.288083,0.186708,-0.319666,-0.396692,-0.963884
0.223121,0.697012,0.883377,0.236071,0.046508,-0.156604,0.425421,0.61861,0.115966,-0.384647,0.118641,0.635937,-0.138996,-0.470847,-0.977393
0.340879,-0.829016,-0.733792,0.036059,-0.944244,0.914746,0.268411,0.904647,-0.119687,0.06608,0.400919,-0.624182,-0.255826,0.435202,-1.0
0.39362,-0.058857,-0.430803,0.416964,0.984035,-0.000787,0.317348,0.69594,0.272747,-0.114468,-0.690645,-0.110869,0.470848,0.005004,-0.95686
0.379883,0.577707,-0.705531,0.614133,-0.396056,-0.562661,0.206086,0.482227,-0.093548,-0.14522,0.599027,0.690829,-0.331834,-0.351597,-0.96655
-0.506559,-0.982539,0.24695,0.576416,0.788117,-0.46321,0.618262,0.001297,0.42075,-0.126299,-0.352894,-0.241169,0.533379,0.202817,-0.998189
0.369781,-0.528544,-0.946706,0.782115,0.353304,0.635177,0.966692,0.884193,0.389477,0.736322,0.025117,0.004402,0.011969,0.513836,-0.972828
-0.620172,-0.937498,0.789031,0.453901,0.773433,-0.768976,0.535033,0.309354,0.363306,-0.291195,-0.435302,-0.183296,0.507477,0.034369,-1.0
-0.752682,0.238115,-0.842602,0.672307,0.510872,-0.192798,0.736024,0.906182,0.457214,-0.196255,-0.333825,0.148455,0.464631,-0.13663,-1.0
0.154116,-0.782376,-0.310034,0.728706,-0.98715,-0.217323,0.570495,0.67777,-0.481366,-0.195156,0.38966,-0.209136,-0.498442,0.217421,-0.985035
-0.622681,-0.935535,0.382935,0.669993,0.397053,-0.020891,0.377199,0.63931,0.288362,-0.070517,-0.482447,-0.318688,0.389382,0.33295,-0.987553
0.054408,-0.168795,0.590177,0.552589,-0.750962,0.156896,0.38639,0.103589,-0.248741,0.048521,0.597796,-0.293773,-0.452967,0.142633,-1.0
0.466125,-0.775378,-0.727548,-0.095268,0.196187,0.28663,0.145176,0.352767,0.076373,0.151625,0.266366,-0.763649,-0.130524,0.554983,-1.0
0.594296,0.211523,-0.988867,0.989812,-0.648087,-0.709058,0.873064,0.235198,-0.529308,-0.459127,0.055311,0.129968,-0.417756,-0.312399,-1.0
0.88378,0.953471,-0.332531,-0.929394,0.339624,0.750882,0.323534,0.041488,0.118102,0.302745,0.633831,0.18505,-0.465059,-0.171347,-0.993519
-0.081021,-0.049693,-0.246092,-0.155162,0.988159,0.052297,0.372509,0.006709,0.346637,0.08497,-0.618525,-0.069892,0.489478,0.019421,-0.964884
0.981796,-0.577275,0.229979,-0.184941,-0.410279,-0.600089,0.4964,0.023591,-0.216778,-0.240234,0.552688,0.084147,-0.491258,0.052667,-1.0
0.652969,-0.440416,0.670476,0.588908,0.918032,-0.074289,0.627287,0.417079,0.556578,0.002006,-0.131626,-0.223372,0.307078,0.457532,-1.0
-0.928593,0.055615,-0.334176,0.052792,0.181751,-0.261423,0.839852,0.223975,0.447356,-0.553149,-0.229886,0.039477,0.446569,-0.134452,-0.944669
0.970235,0.948094,-0.715958,-0.678869,0.776761,-0.552494,0.551919,0.716765,0.341009,-0.320187,0.055446,0.350781,-0.016601,-0.4202,-1.0
-0.588381,-0.023083,0.097342,0.662196,0.958459,-0.517884,0.731208,0.182155,0.43984,-0.308389,-0.35731,0.022501,0.408617,-0.133586,-0.989303
0.365801,0.753995,0.231272,0.078952,0.620692,0.153807,0.860681,0.251183,0.733368,0.125557,-0.075139,0.124769,0.132129,-0.50092,-1.0
0.5631,0.293162,-0.360313,0.970781,0.428896,-0.761567,0.986642,0.556886,0.379814,-0.729932,0.059615,-0.047128,-0.114906,-0.436288,-1.0
0.18627,0.136254,0.669822,-0.537595,0.509167,-0.10991,0.723243,0.663206,0.517229,-0.077523,-0.227564,0.088022,0.421394,-0.274372,-1.0
0.169394,-0.769802,0.538957,-0.788722,-0.407525,-0.96063,0.229216,0.666096,-0.081175,-0.226196,0.743318,0.183223,-0.458464,-0.19776,-0.987531
0.954807,-0.287441,-0.119194,0.795333,-0.729546,0.040661,0.137307,0.688009,-0.20989,0.007116,0.884426,-0.213075,-0.464378,0.090441,-1.0
0.08989,0.852688,-0.131782,-0.593055,-0.151172,-0.542343,0.823519,0.093849,-0.182789,-0.645179,0.031855,0.310636,-0.03734,-0.401798,-1.0
0.930225,0.977967,0.049021,-0.536882,-0.245637,-0.275616,0.998144,0.810765,-0.563013,-0.571856,-0.062902,-0.022584,-0.392656,-0.315218,-0.976207
0.043123,-0.464439,0.981994,-0.965167,0.011795,-0.21044,0.186004,0.709645,-0.036978,-0.159584,0.135636,-0.79643,-0.208262,0.502035,-0.994884
-0.921985,0.997302,-0.823528,-0.066882,-0.715932,-0.723385,0.674778,0.093316,-0.349704,-0.48692,-0.026784,0.337258,0.084241,-0.45769,-0.948065
0.940368,0.434964,0.229026,-0.363986,-0.129157,0.705254,0.079697,0.496288,0.028671,0.030504,0.868303,-0.250256,-0.40252,0.032094,-1.0
0.841245,-0.742744,0.76118,0.613647,-0.417246,-0.682047,0.078063,0.749853,0.01012,-0.045393,0.912596,0.046347,-0.480135,0.092558,-1.0
0.136105,-0.194076,0.288035,0.083128,-0.996279,0.696456,0.933278,0.891615,-0.667508,0.424823,-0.043336,-0.014423,-0.580109,0.301975,-1.0
0.345675,0.76889,0.924845,0.084915,-0.74793,-0.403516,0.495803,0.90747,-0.357903,-0.201819,0.335953,0.338202,-0.349208,-0.373678,-1.0
-0.297984,0.039128,-0.706794,-0.313186,-0.557513,-0.807937,0.235958,0.342795,-0.121185,-0.195479,0.16277,0.730584,-0.207971,-0.48957,-0.997975
0.149328,-0.520857,-0.693791,0.13623,-0.26748,0.0792,0.147348,0.899501,-0.118276,-0.014631,0.494119,-0.617305,-0.254439,0.425839,-1.0
0.177371,0.456698,-0.986715,-0.223491,-0.551669,-0.669622,0.282316,0.297284,-0.048308,-0.138757,0.326235,0.569064,-0.363997,-0.43074,-0.976609
-0.092498,-0.599556,-0.921875,-0.050365,0.096974,-0.066526,0.509514,0.97991,0.372249,-0.208282,-0.130167,-0.40611,0.127141,0.554496,-0.980155
-0.95158,0.137204,0.217929,-0.449772,-0.754927,0.762447,0.547641,0.635409,-0.324056,0.301847,-0.150432,-0.414789,0.149236,0.573843,-1.0
-0.106896,-0.174561,-0.563599,0.388671,0.342415,-0.052298,0.520419,0.962472,0.378732,-0.123758,-0.403961,-0.11854,0.461329,0.152025,-1.0
0.578823,-0.856817,0.724152,0.144604,-0.733693,0.148666,0.051666,0.637256,0.000902,-0.027819,0.746903,-0.621453,-0.394931,0.366595,-1.0
0.769558,-0.34395,-0.172541,-0.094424,0.05332,0.901407,0.928066,0.678584,0.068098,0.789436,0.095389,-0.132959,-0.250409,0.486343,-0.965495
-0.250321,0.217109,-0.901126,0.735824,-0.084443,-0.202851,0.355625,0.601591,-0.167579,-0.294755,-0.300141,0.675034,0.096945,-0.376942,-0.994486
0.15047,0.848089,-0.602605,0.260104,0.910249,-0.120613,0.149423,0.585003,0.150322,0.024252,-0.570413,0.675316,0.326361,-0.331543,-0.917043
0.337412,-0.827074,-0.48444,0.477154,-0.86946,0.680179,0.127135,0.571287,-0.071357,-0.023429,0.536597,-0.63582,-0.274548,0.321834,-1.0
0.614382,-0.032971,-0.02529,-0.454273,-0.474809,0.370503,0.91516,0.222017,-0.54711,0.453935,0.090533,-0.061967,-0.524013,0.166847,-1.0
0.580045,-0.437124,0.350527,0.078437,0.278723,0.030422,0.181795,0.822309,0.176865,0.03817,0.437383,-0.723301,-0.276057,0.412448,-0.972602
0.207274,0.021627,0.996285,0.732664,0.779637,0.010834,0.716065,0.476661,0.62643,0.140475,-0.319858,-0.010671,0.475785,-0.046725,-0.956473
-0.884949,0.385494,-0.596181,-0.561361,-0.972212,-0.351426,0.293802,0.181284,-0.173796,0.026354,0.19373,0.730771,-0.113396,-0.569748,-0.968902
-0.983445,0.032971,-0.419436,0.203166,-0.124034,-0.331289,0.857288,0.659808,-0.212043,-0.796204,-0.078538,0.121417,0.396953,-0.27807,-1.0
0.454958,0.731332,0.486006,-0.399586,-0.217336,0.13968,0.556108,0.831477,-0.369055,0.188901,0.375706,0.33426,-0.37358,-0.245081,-0.979658
-0.235969,0.679389,-0.998859,0.068691,-0.154353,-0.804113,0.921175,0.783341,-0.110464,-0.675754,-0.078206,0.079906,0.098697,-0.512475,-0.957446
-0.408114,-0.343091,-0.340723,0.185701,0.421554,0.153372,0.069326,0.349523,0.019052,0.016076,-0.808448,-0.494672,0.410217,0.21293,-1.0
-0.756824,0.310314,-0.54188,-0.868814,0.439826,-0.924763,0.685905,0.422945,0.303708,-0.516521,-0.280017,0.214079,0.382695,-0.372898,-0.993562
0.305899,-0.570991,0.297884,0.69221,-0.467345,0.185092,0.183658,0.961409,-0.080715,0.119961,0.499195,-0.528732,-0.316864,0.293227,-1.0
-0.776617,0.722954,0.457896,-0.64955,0.179849,0.717824,0.35066,0.636796,0.0518,0.267147,-0.666896,0.007695,0.500633,-0.013655,-0.961359
0.214758,-0.790796,0.267695,0.959543,-0.564009,0.749204,0.816825,0.446,-0.418516,0.606478,0.143701,-0.164371,-0.144521,0.375379,-1.0
-0.887609,-0.115835,0.693205,0.627932,0.71047,-0.180388,0.396929,0.033,0.310807,-0.156167,-0.522257,0.024068,0.421739,-0.055334,-0.972137
-0.94826,0.902208,-0.771246,-0.344335,-0.215191,-0.662052,0.202015,0.993902,-0.04272,-0.179415,-0.345295,0.785454,0.152936,-0.453237,-1.0
-0.695937,0.417265,-0.120422,-0.306019,0.982361,-0.59136,0.547497,0.880439,0.330967,-0.245076,-0.329444,0.300769,0.389178,-0.350507,-1.0
-0.511797,-0.264294,-0.211489,0.893081,0.885401,0.298743,0.318483,0.713125,0.181374,-0.038045,-0.577582,-0.276368,0.418989,0.214417,-1.0
0.173608,-0.277901,-0.76774,0.613985,-0.602131,-0.807612,0.036525,0.212027,-0.082611,-0.045628,0.703729,0.495959,-0.397548,-0.19344,-1.0
0.793666,-0.307831,0.721119,0.505139,-0.729183,0.128833,0.478124,0.014522,-0.335919,0.061082,0.466704,-0.203456,-0.47789,0.188431,-1.0
-0.501902,-0.617726,0.364005,-0.466628,0.99194,-0.361109,0.35584,0.8472,0.272887,-0.101016,-0.714169,-0.061199,0.496604,0.104644,-1.0
-0.844557,-0.407983,-0.032008,0.816804,0.232322,0.570463,0.070748,0.612269,0.093811,0.08394,-0.674093,-0.694562,0.393026,0.350116,-1.0
0.803928,0.274345,0.74575,-0.171953,0.100511,-0.869754,0.98278,0.427783,0.027013,-0.817513,0.012743,-0.056304,-0.233578,-0.4338,-0.942745
-0.102427,0.846998,0.657628,0.836945,0.236532,-0.579837,0.864154,0.222769,0.260837,-0.713782,-0.055465,0.126526,0.098905,-0.430837,-0.975626
-0.769488,-0.727448,0.549419,-0.421705,0.06144,0.271903,0.368233,0.384889,0.102437,0.271807,-0.407101,-0.545842,0.310246,0.353197,-1.0
0.373811,-0.483029,0.040004,-0.103624,0.594767,-0.060246,0.531143,0.662239,0.380187,-0.035469,-0.119499,-0.458116,0.236884,0.423278,-0.9954
-0.88332,-0.059861,0.126844,-0.938317,0.514449,0.198606,0.581637,0.685933,0.457909,0.0962,-0.470119,-0.17819,0.372551,0.08716,-0.986825
0.665051,0.100032,-0.556046,-0.422584,0.807166,-0.434446,0.344135,0.588661,0.241095,-0.137119,-0.213602,0.651586,0.098319,-0.535261,-0.897545
-0.887499,-0.655632,0.998463,-0.736754,-0.330044,0.622206,0.301666,0.625787,-0.088808,0.238359,-0.368421,-0.714165,0.178078,0.490995,-1.0
-0.58879,0.677428,-0.659149,-0.364748,0.108668,-0.187737,0.928003,0.033739,0.349525,-0.665797,0.007046,0.11663,0.3555,-0.329826,-0.948111
-0.261429,0.397561,-0.761825,0.204239,-0.072394,-0.877147,0.952392,0.089304,-0.075898,-0.844238,0.02508,0.035954,0.050838,-0.521335,-1.0
0.677899,-0.594331,0.604522,-0.362591,-0.141747,0.825459,0.721595,0.359803,-0.13471,0.518511,0.172556,-0.24305,-0.214563,0.516812,-1.0
0.166238,0.843878,0.874777,0.832275,-0.133444,0.416184,0.04781,0.478034,0.022936,-0.003424,0.615858,0.820879,-0.323119,-0.364789,-0.929861
-0.61486,-0.421088,0.095021,-0.981751,0.167707,0.766477,0.528315,0.959347,0.09174,0.365573,-0.349611,-0.27643,0.274256,0.438943,-1.0
0.091697,0.018686,-0.363601,-0.784574,-0.000262,-0.840994,0.266991,0.950724,0.019421,-0.266724,0.06327,0.648505,-0.059842,-0.466492,-0.910439
-0.853419,0.4968,0.844796,0.938895,0.583266,0.864265,0.577419,0.272403,0.283225,0.36173,-0.432717,-0.097395,0.418077,0.201995,-1.0
-0.492092,0.441101,-0.885639,-0.876055,-0.303826,0.409647,0.704635,0.613441,-0.304122,0.553047,-0.343001,0.127357,0.46988,-0.014897,-1.0
-0.765948,-0.222863,-0.038398,-0.443315,-0.930391,0.409731,0.728587,0.651227,-0.564358,0.229718,0.08335,-0.230356,-0.084037,0.590506,-1.0
0.330891,0.840125,-0.464665,-0.474499,-0.317309,0.266363,0.221235,0.58986,-0.208395,0.144765,0.568472,0.534367,-0.362959,-0.269868,-0.943542
0.415215,0.992493,-0.714439,-0.940263,-0.153234,-0.062178,0.104508,0.414702,-0.037709,0.063416,0.425415,0.796505,-0.186526,-0.384095,-0.857613
-0.802288,0.068173,-0.768233,0.290009,-0.024429,-0.767507,0.998509,0.727408,0.01554,-0.810404,-0.047581,0.013924,0.317221,-0.447819,-0.924518
-0.154113,-0.765712,-0.064361,0.686727,-0.389797,-0.141213,0.023953,0.48364,-0.04317,0.005618,0.362404,-0.850911,-0.226854,0.507489,-1.0
0.754115,0.417756,0.738595,-0.084428,0.242079,-0.935228,0.025823,0.619222,-0.101522,-0.097456,0.285757,0.919787,-0.270974,-0.574401,-0.957995
0.291109,-0.980827,-0.12925,-0.675801,0.363294,0.386857,0.237601,0.771349,0.139611,0.176166,-0.049548,-0.793419,0.046011,0.620853,-1.0
-0.8898,-0.288746,0.183797,0.655894,0.496381,-0.42025,0.359327,0.382691,0.238049,-0.176732,-0.662581,0.138089,0.51431,0.020286,-1.0
-0.421361,-0.879933,-0.509274,-0.140251,-0.581166,0.697113,0.573143,0.353259,-0.260286,0.347704,0.071522,-0.408005,-0.01004,0.451231,-0.980837
-0.059952,-0.760196,0.554702,-0.409639,-0.198224,0.398339,0.163013,0.026273,0.009907,0.076447,0.107083,-0.843568,-0.073638,0.466813,-0.932092
-0.948484,0.987835,0.795569,0.191192,0.337709,0.842819,0.801537,0.043764,0.228055,0.507439,-0.222406,-0.036181,0.503155,-0.07376,-1.0
0.257188,0.085471,-0.610257,-0.148979,-0.074586,0.238595,0.662753,0.571767,-0.0597,0.506701,0.334783,-0.140274,-0.445858,0.225002,-1.0
0.478249,0.02404,0.879307,0.64986,0.111906,-0.829865,0.718404,0.878047,0.057252,-0.50228,0.131291,0.155697,-0.194067,-0.44265,-0.933383
0.720775,0.177873,0.54379,-0.063404,-0.818503,-0.68754,0.932439,0.653922,-0.622781,-0.486651,0.046515,-0.058005,-0.479139,-0.264199,-0.989438
-0.952678,0.542792,-0.662119,-0.266222,-0.255064,-0.798533,0.74849,0.229795,-0.103056,-0.601611,-0.094582,0.190214,0.207609,-0.436839,-0.995593
0.15519,-0.523907,-0.687548,-0.528355,-0.820386,-0.889614,0.410206,0.91412,-0.194985,-0.25346,0.565697,0.104019,-0.46168,-0.220641,-1.0
0.836104,0.192241,0.765759,0.596459,-0.967467,-0.205005,0.929522,0.27443,-0.825877,-0.131792,0.080923,0.043812,-0.535984,-0.153932,-0.953632
-0.520039,0.763959,-0.765842,-0.871661,-0.50713,-0.999377,0.602057,0.152242,-0.256531,-0.496494,-0.024418,0.306768,-0.042576,-0.449657,-1.0
0.564161,-0.195526,0.050143,-0.21526,0.432735,0.465906,0.424683,0.314937,0.217711,0.251078,0.182577,-0.667606,-0.103451,0.422182,-0.9932
0.44482,-0.230522,0.819795,-0.409275,0.12273,-0.87724,0.065936,0.764755,0.033868,-0.046292,0.365648,0.842821,-0.248199,-0.411088,-1.0
-0.775848,0.884191,0.027159,-0.755473,-0.471067,0.290502,0.938052,0.272136,-0.588981,0.413798,-0.022745,0.003747,0.204011,-0.533019,-0.986078
-0.216717,-0.000156,-0.052739,0.27325,-0.702345,-0.787477,0.376415,0.624308,-0.169888,-0.173926,0.305064,0.566963,-0.250119,-0.414217,-1.0
0.982965,0.612506,0.993691,0.286012,-0.086125,0.483049,0.830014,0.4371,-0.080028,0.604235,0.123379,0.07212,-0.460901,-0.119281,-1.0
0.748182,-0.091826,-0.909251,-0.4479,-0.759396,0.697887,0.154808,0.374956,-0.121291,0.104269,0.74625,-0.3443,-0.535971,0.160384,-0.858062
-0.845772,0.643448,0.092665,-0.298546,0.203266,-0.565118,0.76083,0.23244,0.296407,-0.602612,-0.145271,0.140752,0.361107,-0.395188,-1.0
0.243626,-0.911608,-0.67547,0.500928,0.063387,-0.904264,0.526778,0.382699,0.042962,-0.363454,0.494815,-0.004198,-0.467373,0.048756,-1.0
0.779277,-0.638652,0.510905,-0.901892,0.756247,-0.769606,0.662359,0.289106,0.335459,-0.295685,-0.041709,0.344045,-0.165331,-0.512306,-0.963254
0.201089,0.259819,0.080218,-0.745165,0.985281,-0.218061,0.82649,0.402,0.652845,-0.054681,-0.128231,-0.023682,0.424588,-0.267526,-0.979065
0.992405,-0.339627,0.237365,0.984047,0.885812,0.599483,0.173034,0.113904,0.100284,0.069354,0.150722,-0.845388,-0.086178,0.530516,-1.0
-0.036224,-0.407807,-0.915799,-0.253516,-0.823576,0.829375,0.863145,0.292401,-0.409255,0.57035,0.199431,-0.096314,-0.183006,0.397799,-0.952386
0.785996,0.494143,0.360071,0.256347,0.703228,0.398137,0.423764,0.519357,0.401004,0.149879,0.309735,0.479472,-0.338967,-0.40057,-0.989636
-0.273316,-0.960641,0.58767,0.909352,0.680905,-0.614498,0.342842,0.790162,0.171667,-0.189848,-0.609825,-0.243992,0.435271,0.171942,-1.0
-0.044388,-0.547707,0.897743,-0.017639,-0.621489,0.157125,0.886748,0.476154,-0.6379,0.238732,0.150905,-0.015223,-0.303607,0.364209,-0.970983
0.10655,0.874483,-0.95038,-0.76144,0.772647,-0.296995,0.929011,0.096477,0.733301,-0.223489,0.013044,0.023509,0.265564,-0.388044,-1.0
0.055805,-0.985812,0.40364,0.871876,-0.652922,-0.732298,0.046973,0.523196,0.022604,-0.06096,0.907375,-0.379799,-0.465884,0.192015,-0.96297
0.062706,-0.482189,0.338843,0.249462,0.025864,-0.261735,0.061182,0.118031,0.025446,-0.162804,0.142684,-0.981799,-0.096381,0.556267,-1.0
0.814395,-0.213301,0.395718,0.627818,-0.324095,0.97528,0.167228,0.739143,-0.058099,0.113476,0.537135,-0.521169,-0.303064,0.28746,-1.0
0.619389,-0.247197,0.533587,-0.007158,-0.473671,-0.360899,0.166873,0.732811,-0.045025,-0.037849,0.85356,0.033764,-0.576771,-0.022592,-1.0
-0.756828,0.482924,-0.170863,0.08461,0.008678,0.618365,0.196465,0.988441,-0.005168,0.08435,-0.767224,-0.218957,0.526128,0.07297,-0.99602
-0.233816,0.132463,0.384984,-0.397667,0.847796,0.538786,0.454213,0.033206,0.292196,0.219957,-0.500343,-0.207276,0.416103,0.200801,-1.0
0.039072,-0.372006,0.728388,-0.53953,0.135755,-0.640633,0.730541,0.947301,0.059198,-0.608429,-0.129383,0.28957,0.137655,-0.503996,-0.900095
-0.499216,-0.561865,-0.633871,0.741472,-0.88853,0.112091,0.099245,0.779071,-0.052746,0.033235,0.396877,-0.737346,-0.358496,0.418808,-1.0
-0.633285,-0.075757,-0.705941,0.787319,-0.498503,-0.740593,0.639831,0.077763,-0.245373,-0.475287,-0.042614,0.339223,0.056567,-0.485052,-1.0
-0.807962,0.754848,0.769941,-0.057529,0.723533,0.572952,0.717916,0.74601,0.495847,0.504617,-0.356636,-0.024403,0.536714,0.001125,-1.0
-0.398404,-0.856681,-0.186275,0.971779,0.093105,0.903913,0.202797,0.671256,0.114236,0.2171,-0.116332,-0.793392,0.181925,0.465176,-1.0
0.996751,-0.176624,0.280677,-0.46163,-0.417453,0.844262,0.406463,0.838062,-0.142296,0.178816,0.473426,-0.286531,-0.348162,0.355183,-0.964747
0.090089,0.568634,0.274656,-0.75967,-0.254286,-0.760721,0.178497,0.58634,0.003415,-0.166379,0.20586,0.805413,-0.035102,-0.543703,-0.994046
-0.122694,-0.880278,-0.535325,0.761668,-0.614939,0.243495,0.257603,0.215481,-0.175225,0.156427,0.303593,-0.709374,-0.14378,0.463239,-1.0
-0.049465,0.242938,-0.94409,-0.257336,-0.955187,0.861254,0.778607,0.33551,-0.507934,0.451745,0.143173,-0.136823,-0.391241,0.268533,-0.982552
0.616736,-0.612586,0.988567,0.318488,0.584124,0.35897,0.747416,0.41301,0.410496,0.304437,0.033147,-0.272211,-0.093487,0.430853,-1.0
0.195844,-0.282614,-0.809019,-0.043463,0.805724,-0.764736,0.35616,0.112889,0.122056,-0.238498,-0.390528,0.349417,0.383629,-0.296623,-1.0
0.690941,0.975662,-0.332396,0.673205,0.405157,0.600975,0.731975,0.006565,0.329434,0.411007,0.166499,0.179547,-0.330548,-0.5238,-0.924129
-0.139807,0.719319,0.812201,-0.678221,-0.40164,-0.946182,0.330289,0.650816,-0.085516,-0.261545,0.116751,0.630452,-0.114675,-0.433464,-0.921075
-0.407762,-0.649844,-0.336302,0.371607,0.527784,-0.74309,0.04948,0.869932,0.037537,-0.066699,-0.927939,0.084944,0.592616,-0.034234,-1.0
-0.323721,0.239916,0.253538,0.502306,-0.108476,-0.640427,0.296282,0.266799,-0.025129,-0.259119,-0.230386,0.610541,0.174442,-0.362191,-1.0
0.690171,-0.871477,0.92381,0.285442,0.705925,0.769763,0.866829,0.49205,0.486594,0.541438,-0.019264,-0.149216,0.057634,0.565653,-0.988705
-0.559473,-0.308632,-0.600396,-0.018281,0.354786,0.015186,0.417589,0.746194,0.37879,-0.068391,-0.449032,-0.148446,0.46537,0.219977,-1.0
0.429174,-0.048581,0.099974,0.258726,0.586875,-0.936935,0.912839,0.603194,0.411222,-0.658295,-0.041253,0.07774,0.064172,-0.489825,-0.992951
-0.987474,0.746174,0.636551,0.276938,-0.427427,-0.486998,0.708622,0.349219,-0.408051,-0.42478,-0.191277,0.296391,0.184203,-0.45361,-1.0
0.363396,-0.19331,-0.351628,-0.169777,-0.854645,-0.069172,0.642694,0.144484,-0.465841,-0.062367,0.408474,-0.078845,-0.519834,0.084179,-0.970512
0.168654,-0.54964,-0.970702,0.840454,0.182758,-0.958207,0.891033,0.020264,0.14608,-0.636098,-0.012642,0.145959,0.059428,-0.50744,-0.914454
-0.641833,-0.295257,-0.588713,0.219628,0.31955,-0.621226,0.070514,0.837517,0.046923,-0.094866,-0.873517,0.269984,0.506148,-0.272001,-1.0
-0.191035,-0.657408,-0.1131,0.663723,0.352251,0.775032,0.58742,0.725582,0.207693,0.426526,-0.099571,-0.42782,0.06812,0.472255,-0.95264
0.778872,0.798978,-0.322767,0.300382,-0.835718,0.705454,0.874155,0.250346,-0.531111,0.378074,0.209363,0.008792,-0.50463,-0.028623,-0.980997
-0.205062,0.727993,-0.863049,-0.628365,-0.033994,-0.321893,0.09698,0.823669,-0.045941,-0.112537,-0.147506,0.978354,0.054411,-0.431299,-0.98534
0.57007,0.049916,0.879525,-0.912014,0.947722,-0.199354,0.877069,0.547555,0.733983,-0.182512,-0.118348,0.137041,0.483272,-0.305153,-1.0
0.297965,-0.833502,-0.105024,0.411206,0.579061,0.1072,0.893186,0.647248,0.699233,0.117924,-0.009758,-0.144636,0.091427,0.481616,-0.922043
-0.920137,-0.609062,-0.26602,0.388811,0.142741,-0.781092,0.669497,0.050642,0.11049,-0.53298,-0.320974,0.061004,0.486522,-0.116695,-1.0
0.56625,0.260812,-0.261435,0.108202,0.817292,-0.612539,0.100365,0.293273,0.151203,-0.086502,-0.26908,0.794536,0.114597,-0.464896,-0.987631
-0.35983,0.112113,0.095613,-0.241927,-0.215557,-0.172107,0.866359,0.090803,-0.632204,-0.352074,0.01257,0.15533,0.124801,-0.481429,-1.0
-0.211077,-0.923368,-0.671566,-0.343096,-0.790905,0.745724,0.187409,0.285161,-0.183731,0.164648,0.252423,-0.724647,-0.192658,0.445135,-0.95253
-0.224024,-0.032782,0.008319,0.613204,0.045035,-0.899788,0.818315,0.874376,-0.021962,-0.636517,-0.137925,0.195724,0.130251,-0.42355,-1.0
0.281166,0.869728,0.611502,-0.420792,0.423013,0.381841,0.393439,0.336808,0.196523,0.139266,-0.100841,0.592235,0.155051,-0.495081,-0.956397
-0.694785,-0.903364,-0.96799,-0.362039,-0.363062,-0.183177,0.897926,0.519554,-0.610394,-0.295485,-0.138088,-0.020293,0.229543,0.462721,-1.0
-0.846271,0.970951,-0.989099,-0.62585,-0.208802,-0.656253,0.04832,0.826978,-0.092017,-0.047792,-0.356721,0.89145,0.183777,-0.471588,-0.951141
-0.153094,-0.944248,0.706641,0.186132,0.802222,-0.752252,0.655048,0.327022,0.304293,-0.294821,-0.345555,-0.11677,0.498116,0.085206,-0.971713
0.761833,-0.430812,-0.071268,0.603505,0.017052,0.765958,0.428197,0.80094,0.093133,0.325463,0.29012,-0.507809,-0.286012,0.391805,-1.0
0.712348,0.178146,0.786541,-0.13806,0.132804,-0.371859,0.759062,0.772042,0.233662,-0.580229,0.157483,0.120188,-0.391623,-0.233478,-0.908321
-0.046536,-0.265225,0.203614,0.353488,-0.837664,0.405335,0.301999,0.401984,-0.126866,0.008045,0.494677,-0.536883,-0.342074,0.427747,-0.882071
0.7698,-0.640133,0.979779,0.112605,0.195962,-0.952465,0.158717,0.675611,0.008591,-0.141586,0.840077,0.343536,-0.413323,-0.163661,-0.976899
0.301744,0.51355,-0.907101,-0.919649,0.384209,-0.994252,0.699129,0.469626,0.203688,-0.573454,-0.000585,0.33179,0.131378,-0.540556,-0.975574
-0.277014,-0.555422,0.150678,0.766164,-0.481384,-0.733711,0.345319,0.875986,-0.143146,-0.183792,0.460265,0.37401,-0.393497,-0.268542,-0.956674
0.233817,0.894072,0.281285,-0.438074,-0.792685,-0.413819,0.489066,0.587629,-0.3194,-0.20841,0.393422,0.411724,-0.384973,-0.493347,-0.992969
0.155315,-0.873482,-0.087274,0.757547,-0.575375,-0.80885,0.758743,0.631924,-0.333436,-0.484058,0.136785,-0.015768,-0.534228,0.096261,-1.0
-0.380568,-0.867206,0.191507,0.85593,-0.468843,0.190361,0.71638,0.848128,-0.581194,0.186716,0.087535,-0.29193,0.005488,0.411007,-1.0
0.231509,0.506635,-0.186959,-0.406458,0.976994,-0.160484,0.430378,0.923688,0.310682,-0.029544,-0.425634,0.43669,0.351481,-0.299797,-1.0
-0.544699,-0.116462,0.538414,0.845616,-0.884014,0.991776,0.748527,0.552254,-0.351658,0.387462,0.075808,-0.194303,-0.180415,0.490645,-0.964759
0.826859,0.73108,0.105316,0.824633,-0.257271,-0.424608,0.498188,0.28359,-0.160753,-0.312887,0.385019,0.380122,-0.378107,-0.385997,-1.0
-0.57589,-0.249575,-0.01606,0.111596,0.30242,0.250265,0.991041,0.820483,0.577704,0.48231,-0.066589,0.048462,0.455643,0.242469,-1.0
-0.030883,-0.328701,-0.632466,-0.956481,0.34732,-0.656822,0.336841,0.614728,0.096962,-0.188695,-0.472312,0.34852,0.390602,-0.353896,-0.950197
-0.000953,-0.896772,0.056146,-0.868289,0.366657,-0.605984,0.187383,0.430798,0.102735,-0.139539,-0.580791,-0.437378,0.401248,0.273772,-1.0
-0.561754,-0.846032,-0.155902,-0.163583,-0.636226,-0.629085,0.785866,0.13594,-0.375069,-0.443515,0.15632,-0.167956,-0.13622,0.419833,-1.0
0.297768,0.977852,0.557174,-0.531279,-0.994954,-0.341759,0.692529,0.763113,-0.527188,-0.210218,0.234043,0.221799,-0.324101,-0.30984,-1.0
-0.263139,0.517534,0.818881,0.99127,-0.767532,0.153903,0.51267,0.257525,-0.345891,0.03846,0.386054,0.193026,-0.348837,-0.313951,-1.0
0.890151,0.178062,-0.554088,-0.917848,0.793262,-0.331693,0.283482,0.540513,0.155569,-0.064875,0.124976,0.686628,-0.102772,-0.486049,-0.902188
0.953335,-0.550767,0.607412,-0.830086,-0.95804,-0.695373,0.500292,0.112682,-0.242504,-0.301803,0.436665,0.045062,-0.51273,0.035261,-1.0
0.679101,-0.794516,-0.507727,0.909009,-0.677997,-0.203114,0.454574,0.140031,-0.316183,-0.051235,0.510286,-0.166276,-0.571107,0.184274,-0.871134
0.858356,-0.80272,0.754156,0.09959,-0.981428,-0.730206,0.308375,0.489967,-0.155776,-0.22944,0.653658,-0.153462,-0.534763,-0.006801,-1.0
-0.376685,0.08361,0.33491,-0.925219,-0.993329,-0.634653,0.810594,0.448074,-0.543158,-0.369588,0.092364,0.055468,-0.344172,-0.383317,-0.945826
0.967348,-0.189841,-0.909,0.500469,-0.355375,0.820958,0.066701,0.67799,0.009094,0.008202,0.700126,-0.647335,-0.347127,0.311928,-1.0
0.255656,0.60435,0.008967,0.097461,-0.302342,-0.700037,0.191513,0.150031,-0.077819,-0.091638,0.37173,0.686086,-0.16698,-0.448291,-1.0
-0.634931,0.711769,-0.312825,-0.190132,-0.168362,0.363949,0.751477,0.807855,-0.143088,0.625825,-0.232202,0.196929,0.362157,-0.386446,-0.975744
-0.831984,0.860267,0.188434,0.703829,-0.618884,0.293765,0.314441,0.968113,-0.269909,0.157997,-0.255274,0.645818,0.136185,-0.44757,-0.922834
0.105578,-0.551845,-0.165052,-0.084671,0.741607,0.524399,0.459941,0.591263,0.296329,0.209695,-0.304564,-0.401844,0.250866,0.448902,-0.970194
0.075742,0.975293,0.567952,0.132176,0.968936,-0.370597,0.182885,0.436471,0.117236,-0.032718,-0.435448,0.803974,0.158572,-0.374546,-0.953855
-0.982907,-0.145049,0.743595,-0.077111,0.716202,0.666242,0.294792,0.687946,0.202592,0.180253,-0.747149,-0.255049,0.404924,0.255881,-1.0
-0.518829,-0.552779,-0.828562,0.68942,-0.592658,-0.066303,0.73633,0.553647,-0.618078,-0.057688,-0.054486,-0.283856,-0.003454,0.482835,-0.962353
-0.590769,0.547897,-0.026956,0.008479,0.635833,0.660242,0.586058,0.831735,0.345273,0.314178,-0.398839,0.012481,0.500282,0.079589,-0.9723
-0.577447,0.156674,-0.769081,0.486256,-0.048373,0.298252,0.862636,0.312392,-0.209371,0.710604,-0.084519,-0.054654,0.467481,0.123146,-1.0
-0.307923,0.14442,0.928015,-0.059643,0.729672,0.376847,0.569798,0.036157,0.436878,0.259353,-0.49572,-0.079132,0.538308,0.133077,-1.0
-0.450751,-0.481342,-0.17364,0.383969,0.029561,-0.760826,0.381258,0.887019,0.047786,-0.3434,-0.511192,0.232505,0.374356,-0.200572,-0.864951
-0.247085,-0.792795,0.121375,-0.882651,0.458516,-0.559284,0.637585,0.061073,0.322702,-0.411326,-0.265072,-0.182414,0.45652,0.210417,-0.948528
-0.133958,-0.351824,-0.059667,0.079699,-0.590521,0.966055,0.840656,0.994979,-0.275421,0.553469,0.05341,-0.171367,-0.146466,0.523989,-1.0
0.196872,-0.172122,0.711999,-0.170955,-0.193229,0.79335,0.142109,0.877382,-0.00286,0.128793,0.382148,-0.745416,-0.248308,0.454795,-0.968496
-0.763828,0.477568,-0.738266,0.718637,0.043954,0.88365,0.812482,0.766502,-0.037668,0.638597,-0.143449,-0.112754,0.412926,0.26569,-1.0
0.768002,0.863578,-0.623568,-0.073766,-0.259364,0.957542,0.83396,0.869304,-0.246824,0.692814,0.116597,-0.004931,-0.453717,0.04605,-1.0
0.331053,-0.901514,-0.873285,-0.905672,-0.146746,-0.731509,0.470126,0.350166,-0.069773,-0.400261,0.435633,-0.1097,-0.547673,0.076302,-0.988563
0.62601,0.381439,0.470553,-0.474969,-0.361555,-0.322559,0.912057,0.288307,-0.530838,-0.57823,0.078194,0.040614,-0.40112,-0.389772,-0.956544
-0.925607,0.220216,0.267848,-0.365943,-0.626756,0.137212,0.40856,0.409596,-0.305334,0.037238,-0.57793,0.122752,0.503695,-0.176348,-1.0
-0.444102,-0.303861,0.15244,-0.343627,-0.678261,0.209265,0.911755,0.198095,-0.755854,0.235094,-0.032702,-0.066907,-0.26293,0.414553,-0.960168
-0.135159,0.518669,-0.613674,0.368041,-0.865207,0.422327,0.38032,0.325189,-0.252326,0.121053,0.616053,0.146441,-0.474091,-0.018976,-0.956271
0.785552,0.320727,0.467586,-0.98759,0.717192,0.23818,0.738711,0.842874,0.600235,0.169001,0.262731,0.289201,-0.270974,-0.373828,-0.980643
0.142519,-0.366683,-0.629394,0.279993,-0.321199,-0.257641,0.062628,0.498085,-0.011037,0.012649,0.844366,-0.179847,-0.443453,0.155338,-0.980181
-0.989412,0.698383,-0.388169,-0.045894,0.808932,0.349966,0.853233,0.369736,0.53712,0.191163,-0.228243,0.004526,0.425795,-0.181776,-1.0
-0.019275,-0.281097,-0.685684,0.484501,0.969956,-0.337332,0.707092,0.022919,0.470813,-0.152033,-0.264795,-0.005534,0.395914,-0.102908,-1.0
-0.764667,0.122277,0.25354,-0.207534,0.26349,0.97719,0.797027,0.506539,0.180272,0.625896,-0.186787,-0.169217,0.430642,0.353327,-1.0
-0.051819,-0.664043,0.204507,-0.397208,0.33365,-0.892348,0.002604,0.980053,-0.031344,0.030542,-0.806058,0.373574,0.389673,-0.128389,-1.0
0.45324,0.77508,-0.90985,0.61258,0.263563,0.163583,0.550026,0.243437,0.347222,0.14688,0.188678,0.420068,-0.092092,-0.465358,-0.963358
-0.181775,0.375795,0.585523,-0.567324,0.75945,-0.325265,0.107139,0.431217,0.090876,-0.089608,-0.684117,0.504545,0.425813,-0.350911,-0.884927
0.681594,-0.835008,0.896262,-0.385087,-0.978731,0.043759,0.994701,0.339694,-0.840259,0.051488,-0.027771,-0.012645,-0.418322,0.276236,-1.0
0.282124,0.533636,-0.928864,-0.504292,0.655205,0.685886,0.987708,0.222718,0.54806,0.549591,0.014551,0.090334,0.415278,0.178351,-1.0
0.832625,-0.971419,-0.629184,-0.642637,0.34704,-0.131871,0.831208,0.443158,0.612735,-0.268818,0.06712,-0.111951,-0.305904,0.485013,-0.928917
0.677364,0.772747,0.071232,0.046726,-0.366453,-0.09398,0.39253,0.673687,-0.302197,-0.030844,0.426143,0.347976,-0.307978,-0.382279,-1.0
0.259159,0.793891,-0.200008,-0.815842,0.69078,-0.056747,0.293828,0.323788,0.21426,0.012558,-0.359149,0.700464,0.2709,-0.424102,-1.0
0.131133,0.698441,0.694911,-0.036424,0.37197,-0.85599,0.426729,0.044455,0.092352,-0.32803,-0.114864,0.586874,-0.026346,-0.382282,-0.975511
-0.951357,0.942971,-0.661272,0.887686,0.244373,0.410138,0.894662,0.130559,0.324248,0.534686,-0.031105,0.013383,0.40668,-0.250376,-1.0
-0.444878,0.682599,-0.927006,-0.168548,-0.964111,0.551443,0.935728,0.857836,-0.590973,0.295552,0.034415,0.010891,-0.45321,-0.083998,-1.0
0.728488,-0.592999,0.907616,0.417779,0.81597,-0.293342,0.301341,0.760739,0.237826,-0.063297,-0.245077,-0.729774,0.155524,0.476236,-1.0
-0.252768,0.854494,-0.907768,0.478629,0.241053,-0.099279,0.004867,0.908046,0.021159,-0.040282,-0.532849,0.814799,0.235458,-0.479142,-0.920315
0.837902,0.210678,-0.265755,0.662908,0.328852,-0.410135,0.174338,0.710606,0.073827,-0.157368,0.536044,0.725343,-0.334544,-0.388259,-0.888391
-0.715221,0.645969,0.97748,-0.577082,-0.74123,-0.894279,0.963764,0.889383,-0.402739,-0.618886,0.090148,-0.002956,0.045622,-0.452242,-0.99545
-0.95862,0.589402,0.710537,0.495697,-0.221605,0.818517,0.418883,0.773498,-0.003965,0.349405,-0.529143,-0.250388,0.528264,0.040767,-1.0
0.088641,0.580272,-0.380106,0.564819,0.004328,-0.732592,0.929948,0.013112,-0.071664,-0.745295,-0.062313,0.055715,0.004874,-0.499582,-0.94714
0.526699,-0.545713,0.087029,0.55237,-0.988674,-0.510922,0.067741,0.816875,-0.082367,-0.001614,1.0,-0.025652,-0.522368,0.006193,-1.0
0.95267,-0.479849,-0.347361,-0.853037,-0.261507,0.975207,0.491695,0.294291,-0.032166,0.364432,0.354981,-0.313116,-0.293311,0.435836,-0.879074
-0.484443,-0.929355,-0.918149,0.599621,0.434887,-0.855767,0.567837,0.122686,0.10926,-0.406713,-0.49511,-0.026861,0.552406,0.030039,-0.989986
-0.295889,-0.063684,-0.965163,0.833144,0.867335,-0.105219,0.601848,0.654865,0.495633,0.046241,-0.361661,0.088979,0.50584,0.024431,-0.975781
-0.446832,-0.161316,0.086609,0.895678,0.746135,0.192787,0.977145,0.957277,0.771495,0.169163,-0.058332,0.002309,0.462496,0.153073,-0.973129
-0.796745,0.892988,0.205588,0.096332,-0.580842,-0.991066,0.786139,0.884877,-0.287785,-0.610849,-0.023126,0.259481,0.045979,-0.473225,-1.0
-0.650028,-0.268104,0.401778,0.896895,0.495193,-0.260356,0.799228,0.844011,0.625752,-0.232186,-0.21648,0.053887,0.558146,-0.013299,-1.0
-0.037885,-0.271126,-0.765612,-0.897297,0.186494,0.418293,0.822283,0.701259,0.198189,0.634514,-0.10252,-0.204671,0.172971,0.447965,-1.0
-0.700926,0.083419,-0.553841,-0.557015,0.815246,-0.618906,0.859811,0.041173,0.515704,-0.378033,-0.107061,0.041764,0.510886,-0.292207,-1.0
0.146232,0.635775,-0.20799,0.805555,0.828973,-0.930381,0.96536,0.717632,0.484307,-0.591812,0.028889,0.048839,0.160128,-0.555544,-1.0
-0.677131,0.928095,-0.286961,-0.512691,0.258158,-0.692043,0.656059,0.019224,0.157784,-0.488457,-0.148836,0.285299,0.253741,-0.306476,-0.97946
0.766095,-0.938143,0.340644,0.747181,0.641219,-0.795051,0.753042,0.268926,0.337795,-0.431418,0.102729,-0.161757,-0.329398,0.424133,-1.0
-0.109214,-0.582652,0.360328,0.97782,-0.83173,0.420749,0.222394,0.320902,-0.210721,0.020939,0.440433,-0.639715,-0.290341,0.354583,-0.942239
-0.477049,0.423297,-0.219933,-0.589968,-0.781736,-0.812015,0.737965,0.84618,-0.460959,-0.512887,0.069118,0.277588,-0.123625,-0.439867,-0.947357
-0.411253,-0.914021,-0.169994,-0.839416,-0.39861,0.83205,0.1106,0.86398,-0.158872,0.032489,-0.008092,-0.933286,-0.032795,0.524561,-0.979725
0.78733,-0.657207,0.327045,-0.261594,-0.414397,-0.813544,0.005014,0.343784,0.009702,-0.01469,0.977576,0.143726,-0.486327,-0.100962,-1.0
0.472702,0.631095,-0.90325,0.044816,0.153318,-0.292016,0.488814,0.728095,0.230425,-0.289316,0.230248,0.518441,-0.133228,-0.41001,-1.0
-0.494483,-0.990899,0.029217,-0.089427,-0.651055,-0.927926,0.574779,0.784858,-0.279947,-0.347686,0.412618,-0.222069,-0.444772,0.151891,-0.962851
-0.7279,0.449021,-0.566105,0.120208,-0.383868,0.241973,0.392071,0.980272,-0.243674,0.253984,-0.580284,0.277778,0.474384,-0.26283,-0.971683
-0.883789,-0.003934,-0.101156,0.482588,-0.660633,0.850095,0.131949,0.214979,-0.048036,0.111269,-0.177135,-0.87279,0.141079,0.467435,-0.990352
-0.602845,-0.04259,-0.536934,-0.447924,0.842521,-0.777991,0.342759,0.002453,0.186958,-0.189375,-0.666714,0.233623,0.452488,-0.184116,-1.0
0.220549,-0.270959,0.42862,0.328953,0.108375,0.341973,0.213318,0.872562,0.041999,0.19173,0.119144,-0.824976,-0.063658,0.48432,-0.880615
0.746717,-0.067086,-0.541026,0.620181,-0.496173,0.085753,0.325745,0.96516,-0.291616,0.082427,0.618791,-0.089739,-0.502709,0.113896,-0.972788
0.117262,0.259018,0.78801,0.119228,-0.535814,0.849577,0.354566,0.159998,-0.139926,0.222654,0.542637,-0.415946,-0.404695,0.3375,-1.0
-0.798304,-0.781584,0.445775,0.368254,-0.767288,0.338816,0.481825,0.958953,-0.3347,0.143651,0.034783,-0.506774,-0.013067,0.456276,-1.0
0.58725,0.823015,0.910641,0.014725,-0.507935,0.210287,0.128347,0.060594,-0.124586,0.04492,0.685574,0.42519,-0.40353,-0.276032,-0.874604
0.958651,-0.795321,0.372129,0.777818,-0.686682,0.804298,0.907899,0.060903,-0.457204,0.430515,0.007226,-0.076064,-0.304349,0.37237,-1.0
-0.325086,0.913225,-0.711326,0.369838,0.662306,0.078192,0.283903,0.021945,0.180542,0.038262,-0.570322,0.372839,0.415365,-0.318452,-0.967564
0.088346,0.152074,0.333813,-0.00336,-0.702655,0.078537,0.945403,0.578729,-0.723269,0.051249,0.076366,0.015399,-0.375557,-0.127567,-1.0
-0.490138,-0.026815,-0.926157,-0.260988,0.967911,-0.816572,0.401297,0.437969,0.307496,-0.144852,-0.513476,0.234479,0.392452,-0.242614,-1.0
-0.381034,0.474593,-0.737043,-0.035626,0.830392,0.875234,0.057423,0.295019,0.053114,0.037517,-0.923146,-0.229068,0.432516,0.169816,-0.959976
0.511963,-0.621534,-0.821679,-0.033704,-0.936996,-0.134161,0.157265,0.04729,-0.113273,-0.033835,0.751147,-0.317853,-0.475857,0.177431,-1.0
0.621457,0.398811,0.79021,0.148713,0.566472,0.252927,0.297519,0.569145,0.178909,0.029922,0.250586,0.580579,-0.26562,-0.5658,-1.0
-0.825318,0.091222,-0.85825,-0.852153,0.456577,0.213567,0.00019,0.476787,-0.043253,0.005135,-1.0,-0.121791,0.507156,0.048859,-0.948866
-0.860964,-0.324423,0.844962,0.283619,0.638666,0.552022,0.316211,0.366918,0.182552,0.050295,-0.634686,-0.354309,0.440834,0.275445,-1.0
0.205388,-0.418674,0.861893,-0.737593,-0.813262,-0.018932,0.808539,0.879041,-0.662645,-0.025655,0.207134,-0.012748,-0.497712,0.193122,-1.0
-0.786504,0.410075,0.102646,-0.459882,0.317437,-0.619868,0.194045,0.328238,0.077178,-0.073167,-0.569523,0.612983,0.365762,-0.313768,-1.0
0.462587,0.947169,0.722541,0.678746,-0.595495,-0.620731,0.38222,0.899523,-0.200498,-0.210534,0.351442,0.491151,-0.391079,-0.379225,-1.0
0.266366,0.745241,0.574592,-0.983286,-0.374367,0.583313,0.667286,0.826537,-0.26896,0.499738,0.264148,0.062514,-0.459436,-0.098953,-1.0
0.156789,-0.695406,-0.660808,0.845371,-0.450903,-0.416729,0.680251,0.033591,-0.431263,-0.401823,0.191636,-0.155637,-0.441448,0.175482,-1.0
-0.55665,0.073923,0.335166,0.72927,-0.046273,-0.687533,0.782175,0.855855,-0.002477,-0.661577,-0.160476,0.129258,0.240687,-0.384437,-1.0
-0.574887,0.653543,0.10348,-0.883444,0.884668,0.761555,0.44005,0.593008,0.30379,0.178285,-0.519851,-0.018497,0.485192,0.065668,-1.0
0.985491,0.714545,0.184215,0.69947,-0.833916,-0.816952,0.221874,0.798113,-0.111946,-0.108331,0.562316,0.55264,-0.419668,-0.362994,-0.947445
-0.967285,-0.706369,0.115254,-0.977898,-0.819946,0.162657,0.663119,0.349028,-0.554292,0.124848,-0.073057,-0.356254,0.043222,0.573754,-0.912194
-0.141534,0.436586,-0.730812,-0.403094,0.722101,0.398934,0.014927,0.966508,-0.007121,0.017586,-0.995666,0.008392,0.414038,-0.030789,-0.976716
-0.186736,-0.395687,-0.14152,-0.338577,-0.782127,-0.778818,0.877827,0.168551,-0.482764,-0.528287,0.039341,0.035138,-0.432889,-0.275141,-0.972564
-0.07226,-0.664396,0.223073,-0.075311,0.63897,0.712851,0.190629,0.61397,0.141322,0.099044,-0.318781,-0.754714,0.220882,0.531292,-1.0
-0.642712,0.972734,-0.06944,-0.135358,-0.936755,0.976643,0.551107,0.430752,-0.344253,0.334883,0.430452,-0.024639,-0.51416,-0.058165,-0.977899
0.334653,0.57321,0.003751,0.163344,0.40527,-0.382211,0.452139,0.444016,0.329234,-0.219079,-0.046214,0.5557,-0.020377,-0.508311,-1.0
0.208112,0.971567,0.841154,-0.463759,-0.911423,-0.053658,0.9914,0.308569,-0.717294,-0.036125,0.046517,0.03178,-0.316385,-0.29716,-0.951396
-0.426139,0.841875,-0.046756,0.151417,-0.961052,0.609103,0.360391,0.486119,-0.292295,0.058149,0.585682,0.259551,-0.547971,-0.175618,-0.92576
-0.615363,-0.091384,0.538439,0.245184,-0.953558,0.828698,0.132378,0.114928,-0.036983,0.061663,0.30913,-0.734971,-0.179158,0.458365,-1.0
-0.142053,0.322018,0.547433,-0.94036,-0.567803,0.455807,0.211541,0.759862,-0.199048,0.069265,0.801945,-0.226836,-0.448902,0.152728,-0.950405
-0.144759,0.891191,0.275719,0.574197,-0.742558,-0.768876,0.734342,0.50711,-0.509496,-0.483949,0.127519,0.25369,-0.136898,-0.375307,-0.979318
0.972284,0.95248,0.414411,-0.685405,0.630544,-0.200151,0.084284,0.387795,0.092242,-0.11559,0.318665,0.835909,-0.144777,-0.483727,-1.0
-0.187927,-0.212238,0.605255,0.538518,0.358471,0.962095,0.090249,0.811536,-0.034158,0.115282,-0.427852,-0.958322,0.231371,0.441941,-1.0
0.025857,-0.448868,0.505769,0.846029,0.785984,-0.524989,0.779084,0.392844,0.503567,-0.356582,-0.174295,0.005607,0.530178,-0.039268,-0.994954
-0.496083,-0.852492,-0.560001,0.727241,-0.53382,-0.593227,0.437981,0.528982,-0.222337,-0.260223,0.030391,-0.520055,-0.109549,0.491807,-1.0
0.004532,-0.788862,-0.63009,0.375475,-0.146443,-0.856723,0.198414,0.77129,0.004099,-0.162418,0.764657,0.374001,-0.533145,-0.225422,-0.969794
0.025382,-0.840958,-0.325862,-0.996199,-0.560442,0.617455,0.131601,0.900501,-0.114393,0.04696,0.364514,-0.838888,-0.170802,0.448507,-0.992644
0.528259,0.969881,-0.969337,0.963045,0.860771,0.37891,0.950142,0.678831,0.736753,0.328283,-0.050929,0.074171,0.221935,-0.483837,-1.0
0.198652,-0.59758,-0.591546,0.861871,0.151713,0.805692,0.75815,0.747892,0.165035,0.606995,-0.062255,-0.283475,0.030321,0.493748,-1.0
0.520253,0.132796,-0.489456,-0.993424,-0.422632,0.150295,0.160323,0.709559,-0.130778,0.026843,0.788917,-0.066687,-0.563052,0.081795,-1.0
0.32214,-0.456536,-0.738704,-0.36865,-0.083633,0.95731,0.947935,0.483421,-0.076106,0.791174,0.068561,-0.018606,-0.138937,0.471691,-0.968528
-0.457644,-0.664876,0.769934,-0.99247,-0.089042,0.447364,0.291769,0.73632,0.039803,0.242756,-0.173305,-0.669991,0.109735,0.475726,-1.0
0.357299,0.789742,0.844929,0.471936,0.686966,0.886316,0.999358,0.181123,0.449529,0.642123,0.015793,-0.09159,0.467915,0.140312,-1.0
-0.213679,-0.147365,0.781936,-0.688358,0.229001,0.184908,0.268408,0.598528,0.128235,0.046246,-0.572688,-0.449145,0.362949,0.421479,-1.0
0.853633,-0.161391,-0.702139,0.419087,0.324216,0.392125,0.671104,0.11615,0.399987,0.357326,0.189842,-0.296319,-0.226302,0.349015,-0.96058
-0.535142,-0.705095,-0.816722,-0.188464,0.65432,-0.676401,0.519762,0.4217,0.243383,-0.381876,-0.396888,-0.052111,0.512883,0.040315,-1.0
-0.854363,0.33666,0.505843,0.531473,-0.24787,0.856357,0.960048,0.806424,-0.229444,0.829724,-0.103224,-0.114788,0.518125,0.358192,-0.9726
0.167461,-0.494171,-0.554206,-0.20479,0.624497,-0.628541,0.341509,0.184855,0.128838,-0.171895,-0.636657,0.14416,0.496524,-0.1369,-0.988717
-0.583002,0.296416,0.502437,-0.437625,0.279731,0.499908,0.093459,0.539184,0.077244,0.058334,-0.84869,-0.131744,0.475542,0.065988,-1.0
0.50573,0.168627,-0.93846,0.864466,0.543536,0.52176,0.446311,0.744969,0.221325,0.176743,-0.100693,-0.615814,-0.064728,0.419896,-0.909128
-0.88233,0.417801,0.504065,0.927122,0.409746,-0.992523,0.97063,0.872821,0.352344,-0.77323,0.021575,0.033656,0.369303,-0.299764,-0.994041
0.636679,-0.390127,-0.180725,-0.598481,0.436329,-0.670349,0.162227,0.358807,0.014311,-0.050288,0.505435,0.63163,-0.335862,-0.391278,-0.958942
0.275682,0.155129,0.459107,0.594505,0.75621,-0.732208,0.960345,0.015809,0.569807,-0.61092,0.029271,-0.039678,0.176461,-0.384255,-1.0
0.933033,-0.425149,0.465407,0.506043,-0.60626,-0.649762,0.261643,0.203491,-0.174122,-0.224646,0.706972,0.130569,-0.521059,-0.160017,-1.0
0.972045,-0.433112,0.372609,0.818242,-0.874862,-0.076736,0.472323,0.192203,-0.320108,-0.043804,0.460347,-0.110743,-0.442906,0.147046,-1.0
0.679104,0.433891,-0.560506,-0.199318,0.960125,-0.618998,0.114667,0.164768,-0.009555,-0.055612,-0.179932,0.921519,0.094647,-0.464272,-1.0
0.120278,-0.829785,0.336444,-0.33841,0.291982,0.465232,0.056748,0.476468,0.092202,0.116996,-0.043811,-0.8672,0.013786,0.524312,-0.876183
0.9332,-0.610228,0.616935,0.250419,0.242099,-0.75283,0.551743,0.622863,0.23734,-0.398974,0.391206,0.046877,-0.560306,-0.167073,-1.0
-0.016913,0.743087,0.39359,0.911487,-0.198124,0.958528,0.41796,0.995975,-0.017514,0.3285,0.34985,-0.603911,-0.262613,0.456534,-1.0
0.620259,-0.981855,0.753421,0.589234,0.765165,0.882785,0.820189,0.814347,0.475926,0.419339,-0.053891,-0.241907,0.002092,0.453968,-1.0
-0.603495,-0.452966,-0.601493,0.62435,0.761647,-0.42512,0.091364,0.70249,0.072063,-0.121102,-0.91677,-0.100255,0.471562,-0.011299,-0.994525
-0.497456,0.32274,-0.117805,0.33114,-0.812159,-0.484655,0.605893,0.769974,-0.420793,-0.254386,0.235885,0.302158,-0.210377,-0.495281,-0.996631
0.793433,-0.338797,0.779438,0.077649,0.825389,0.477646,0.628696,0.269962,0.506721,0.270561,-0.011926,-0.411425,-0.009188,0.476492,-0.974623
0.753143,0.929459,-0.494483,-0.192142,0.923674,0.526004,0.919397,0.429407,0.695117,0.361036,0.013081,0.114548,0.190551,-0.432246,-0.988091
0.544728,-0.600426,-0.777429,0.875778,-0.699218,0.171515,0.888718,0.283625,-0.716213,0.168999,0.052232,-0.053209,-0.53458,0.32709,-0.95398
0.239803,0.811731,-0.814833,0.219388,-0.252374,0.979095,0.909719,0.516391,-0.192593,0.73564,0.166044,-0.050047,-0.35854,0.205798,-1.0
0.359319,0.996858,0.682294,-0.622932,-0.864228,0.136528,0.296477,0.763744,-0.192629,0.020558,0.569131,0.450991,-0.446245,-0.265323,-1.0
-0.905938,0.061633,-0.237258,-0.051729,-0.442364,0.702751,0.694046,0.89461,-0.257699,0.455344,-0.220331,-0.22862,0.339643,0.504597,-1.0
-0.937286,0.608801,-0.47461,-0.412294,0.007359,-0.264337,0.340673,0.475833,-0.067879,-0.267045,-0.530024,0.446295,0.361286,-0.450473,-0.942025
-0.215555,-0.515529,0.211093,-0.957735,0.815524,0.251897,0.636038,0.096476,0.559518,0.090224,-0.253496,-0.160436,0.360797,0.408191,-1.0
-0.630017,0.1456,-0.98867,0.417616,-0.408758,0.892524,0.219312,0.528313,-0.094886,0.165849,-0.296835,-0.712215,0.1876,0.445631,-0.915127
0.680014,-0.136805,0.345021,-0.640995,-0.038072,-0.38077,0.277815,0.566979,-0.023632,-0.243127,0.747403,0.227988,-0.431843,-0.171849,-0.927648
-0.57063,0.450099,-0.723384,-0.4664,0.176399,0.356579,0.418696,0.303174,0.099316,0.237147,-0.59245,0.096263,0.539059,-0.053199,-0.990964
0.838644,0.866693,-0.230247,0.361707,-0.545507,-0.798052,0.815451,0.838793,-0.385968,-0.518303,0.129757,0.180746,-0.233003,-0.36776,-0.933415
-0.505377,0.385914,-0.416987,-0.255272,0.874979,0.360447,0.466508,0.413605,0.330992,0.098385,-0.506457,-0.038826,0.537366,-0.019283,-1.0
-0.076567,-0.367099,-0.313501,-0.936766,-0.449447,0.171493,0.395366,0.699524,-0.292681,0.086631,0.35715,-0.441477,-0.250081,0.357488,-1.0
0.585257,-0.912058,-0.621544,0.30558,-0.25363,0.295435,0.682625,0.463615,-0.39885,0.428878,0.169595,-0.256577,-0.337469,0.449073,-1.0
-0.113936,0.118943,0.001363,0.283824,0.05059,0.761406,0.439642,0.379743,-0.028695,0.422836,-0.131919,-0.571051,0.186873,0.372512,-0.987001
-0.566323,-0.86855,0.668114,0.841066,0.147191,0.15324,0.271667,0.135871,-0.043838,0.114134,-0.415498,-0.603792,0.434646,0.397618,-1.0
0.219117,0.311155,-0.728632,-0.964776,0.08416,-0.428925,0.111531,0.390556,0.035687,-0.096349,0.212823,0.834412,-0.146754,-0.517226,-1.0
-0.094722,0.099653,-0.672016,-0.175686,0.929139,0.068897,0.875944,0.355468,0.726142,0.063159,-0.152019,0.010827,0.488933,0.014473,-1.0
-0.808545,-0.121157,0.791484,-0.897758,0.439535,0.653883,0.670055,0.987751,0.360511,0.435086,-0.309763,-0.157652,0.368626,0.287886,-0.914162
-0.643511,-0.948696,0.706693,0.668902,0.697958,0.664414,0.056554,0.346893,0.062623,-0.019495,-0.613108,-0.711948,0.28128,0.459623,-1.0
-0.285789,0.272824,-0.32085,0.467839,0.759615,0.309507,0.427236,0.417998,0.402805,0.136632,-0.622421,0.037447,0.45393,0.069468,-0.985619
0.913628,-0.265891,0.02582,0.41996,-0.038012,-0.965601,0.917947,0.475408,-0.135183,-0.733582,-0.019549,0.050364,-0.372953,-0.326127,-0.988677
0.917524,-0.821808,0.477456,-0.35499,0.637741,-0.279319,0.12472,0.69824,0.087173,-0.011209,0.374602,-0.887589,-0.210744,0.466343,-1.0
0.44007,-0.534665,-0.059243,0.496104,-0.235702,0.564029,0.80736,0.238678,-0.161394,0.512928,0.156382,-0.163706,-0.21092,0.372128,-0.975872
-0.997262,0.605618,0.54348,0.850036,0.535649,0.144713,0.772175,0.716462,0.531374,0.267226,-0.202778,-0.05571,0.524233,-0.122933,-1.0
-0.155093,0.487936,-0.542668,0.234708,-0.781205,-0.974789,0.904606,0.907144,-0.474384,-0.5235,0.072298,0.06787,-0.248955,-0.616407,-0.998272
0.824135,-0.719454,-0.0888,-0.823883,0.830748,-0.426968,0.882727,0.177897,0.703476,-0.214033,0.011534,-0.058787,-0.017144,0.500211,-1.0
-0.972736,0.727301,-0.34669,-0.86113,0.564793,0.328434,0.35344,0.569794,0.251406,0.235004,-0.599187,0.10708,0.501547,-0.130388,-0.973855
0.305757,0.860536,0.925781,-0.564855,0.58107,-0.842303,0.361373,0.551962,0.233741,-0.231891,-0.134281,0.616572,0.066191,-0.465859,-0.984271
-0.529482,-0.211404,0.939954,-0.33446,-0.977215,-0.839929,0.988202,0.211431,-0.638823,-0.620937,0.020319,-0.01125,-0.307282,-0.446358,-0.987157
0.195884,0.076401,0.121663,-0.42393,-0.389258,0.612415,0.534601,0.330136,-0.262127,0.375169,0.372582,-0.29077,-0.343263,0.450911,-0.861398
0.320007,-0.421685,0.159973,-0.145485,0.895789,-0.421161,0.89281,0.279482,0.656985,-0.350801,-0.047536,0.026838,0.495431,-0.059334,-0.990097
-0.063642,-0.569755,-0.705528,0.86479,-0.78485,-0.075875,0.420621,0.075429,-0.405719,0.00073,0.5827,-0.433684,-0.393985,0.287995,-1.0
-0.211815,-0.916812,-0.291812,-0.788679,-0.883975,-0.273313,0.676468,0.987777,-0.50897,-0.010152,0.237037,-0.294454,-0.344181,0.4099,-0.890799
-0.546444,0.458758,0.889104,-0.574115,-0.331791,0.999042,0.281159,0.055178,-0.11413,0.290814,-0.201669,-0.732261,0.195342,0.470743,-1.0
-0.061607,0.917854,-0.797866,-0.776364,0.181438,0.542346,0.530262,0.492886,0.207536,0.442695,-0.247796,0.407029,0.208969,-0.321268,-1.0
0.961933,-0.777574,-0.57638,-0.179027,-0.263525,0.708682,0.209786,0.650397,-0.066136,0.076726,0.506101,-0.584712,-0.304748,0.43492,-0.982448
-0.074544,-0.685412,0.740454,0.140382,-0.698253,0.434726,0.292796,0.309262,-0.209231,0.171018,0.304154,-0.644078,-0.210256,0.361452,-0.994153
-0.004364,0.891903,-0.541121,-0.103479,0.869132,-0.371919,0.383624,0.460157,0.260548,-0.128579,-0.378599,0.536034,0.298886,-0.434918,-0.992807
0.435042,-0.999888,0.830369,0.770506,-0.806584,0.554983,0.337431,0.376588,-0.256704,0.16673,0.436727,-0.545736,-0.324738,0.424593,-1.0
-0.007362,-0.307721,0.451862,-0.345197,-0.358435,-0.832456,0.032515,0.928722,0.020339,-0.011505,0.473372,0.880275,-0.248637,-0.443992,-1.0
0.668833,0.926342,-0.683207,0.973324,-0.299668,-0.520341,0.441829,0.311276,-0.1165,-0.311294,0.320151,0.463488,-0.307356,-0.468452,-0.967012
-0.934152,-0.647941,-0.08128,0.535266,0.648014,-0.888661,0.123232,0.211614,-0.007846,0.076372,-0.903118,0.134789,0.487717,-0.011758,-1.0
0.05343,-0.320878,-0.109585,-0.804615,0.886927,-0.169075,0.249191,0.854074,0.144162,0.008371,-0.79973,-0.141036,0.486642,0.083714,-0.999769
-0.532642,0.743658,-0.833832,0.334257,-0.427726,-0.607713,0.720542,0.147486,-0.263269,-0.477939,-0.008272,0.280816,0.113081,-0.389987,-1.0
-0.081528,0.921666,0.2282,0.499888,-0.645883,0.187717,0.612501,0.073199,-0.460032,0.193019,0.230729,0.303097,-0.227202,-0.349545,-0.946556
0.444093,0.069269,-0.219079,0.770242,-0.929648,0.301166,0.693182,0.133852,-0.507209,0.173505,0.313671,-0.067323,-0.440473,0.190418,-1.0
0.188313,-0.279585,-0.968454,0.647472,0.005547,-0.702643,0.920979,0.152426,0.018737,-0.712942,-0.08519,0.038097,-0.241274,-0.414283,-1.0
0.532717,-0.344304,-0.905326,0.854611,0.610272,0.9832,0.325979,0.662895,0.20667,0.214545,-0.0134,-0.710151,0.124836,0.497019,-0.9307
0.861042,-0.829174,-0.778848,-0.345644,0.295899,-0.248235,0.694675,0.257663,0.410172,-0.346987,0.286018,-0.205984,-0.332392,0.451661,-0.936373
0.857627,-0.854941,0.699503,-0.47849,0.463823,0.574995,0.392932,0.14912,0.203083,0.210355,0.271702,-0.604051,-0.150038,0.388482,-1.0
-0.156925,0.684515,0.873769,0.632931,-0.260419,0.721706,0.614137,0.449937,-0.136861,0.480044,0.375796,-0.173846,-0.519069,0.152001,-1.0
-0.399071,0.236167,-0.829922,-0.539976,-0.523853,0.181052,0.575386,0.998645,-0.44858,0.143259,0.466146,0.204909,-0.586229,-0.241636,-1.0
0.96299,-0.762069,-0.305625,0.530186,0.499393,-0.920368,0.200863,0.628051,0.094087,-0.137952,0.793984,0.261815,-0.469568,-0.140328,-0.949669
-0.620347,-0.324337,-0.601163,-0.814671,-0.362424,0.937334,0.925752,0.849974,-0.246859,0.793673,-0.123047,-0.050195,0.084847,0.457831,-1.0
0.479142,-0.393999,-0.684354,0.294141,-0.369101,-0.392512,0.577471,0.820447,-0.299591,-0.389265,0.301202,0.009428,-0.432315,0.034381,-1.0
-0.582494,-0.967254,-0.105448,-0.526683,-0.509819,0.310346,0.579587,0.778565,-0.37535,0.191096,-0.006176,-0.385871,0.06344,0.544292,-0.99541
0.073839,-0.206174,-0.176962,-0.484267,-0.938127,0.856248,0.997127,0.383955,-0.607169,0.507225,0.102916,-0.042614,-0.401076,0.390219,-0.945921
-0.199093,0.762622,-0.422631,-0.124008,0.639628,-0.712637,0.183991,0.218423,0.090683,0.035111,-0.399853,0.772345,0.210728,-0.393951,-1.0
0.323627,-0.712622,-0.026766,0.022858,-0.669585,0.384826,0.572095,0.621269,-0.418975,0.16209,0.259201,-0.311283,-0.331543,0.372712,-0.976303
-0.277862,-0.021076,0.801021,0.089563,0.29058,-0.084091,0.201232,0.28467,0.184554,0.008128,-0.78433,0.100633,0.553178,-0.113907,-1.0
0.328082,-0.585921,0.418034,0.415929,-0.812459,0.939385,0.554781,0.940605,-0.321101,0.3216,0.210843,-0.330425,-0.326225,0.432205,-1.0
0.752843,0.382541,0.656801,0.900522,0.514935,-0.101648,0.079108,0.989763,0.026706,0.023496,0.463554,0.855758,-0.167288,-0.436033,-0.977348
0.666944,-0.750247,0.137044,0.682349,-0.723745,0.501479,0.271561,0.164961,-0.137991,0.215487,0.494111,-0.444056,-0.377046,0.30849,-1.0
-0.574303,-0.61765,-0.736531,0.871057,-0.645478,-0.046656,0.360246,0.550119,-0.230996,0.015331,0.116074,-0.593707,0.015077,0.435969,-1.0
-0.215736,0.826255,0.29841,-0.371586,0.860044,0.00515,0.69316,0.338719,0.642148,0.056168,-0.24725,0.225062,0.36948,-0.364762,-0.970324
-0.771047,-0.03124,-0.316033,-0.397947,-0.31233,0.370389,0.131317,0.446185,-0.100532,0.04923,-0.637755,-0.550839,0.474863,0.276619,-0.944081
0.032124,-0.324489,0.366782,-0.29586,-0.94623,-0.903238,0.120943,0.393789,-0.041868,-0.061241,0.773292,0.515948,-0.381054,-0.361363,-1.0
-0.448876,-0.0874,-0.28262,0.130389,0.465187,0.795544,0.943585,0.106357,0.39275,0.65708,-0.076534,0.004525,0.404976,0.385532,-1.0
-0.219484,0.317323,-0.280857,-0.110462,-0.926144,-0.267017,0.552885,0.816701,-0.42463,-0.241234,0.358334,0.199739,-0.37926,-0.405723,-1.0
-0.501674,-0.704186,0.897655,-0.796198,-0.888304,-0.321847,0.957989,0.563572,-0.755102,-0.282741,0.043807,-0.082551,-0.315458,0.351557,-1.0
0.483059,-0.04996,0.737874,-0.798081,0.969094,-0.68628,0.370193,0.859482,0.231427,-0.153155,-0.329964,0.449094,0.367245,-0.385568,-1.0
0.334178,0.549216,-0.536136,0.378542,0.266645,0.67553,0.042538,0.561208,-0.025322,0.091124,0.428475,-0.861947,-0.351566,0.425649,-0.914708
0.89994,0.224879,-0.468733,0.190061,-0.520213,-0.607372,0.857519,0.369148,-0.416614,-0.589327,0.203049,0.105596,-0.421734,-0.202583,-1.0
0.254613,0.796181,-0.999407,0.333263,-0.480373,0.193925,0.964186,0.001282,-0.668453,0.20417,0.005415,0.030735,-0.393507,-0.319347,-0.981694
-0.250304,-0.878103,-0.087226,0.577561,0.767692,-0.283019,0.08603,0.613929,0.12263,-0.081579,-0.822439,-0.448982,0.391696,0.346133,-1.0
0.787748,-0.004362,-0.393615,0.954901,0.014932,0.950263,0.587131,0.242,-0.022218,0.470885,0.209347,-0.30908,-0.316574,0.324153,-0.998709
0.713868,-0.140495,-0.112221,-0.797695,-0.693941,-0.783875,0.206305,0.303468,-0.03016,-0.198432,0.759636,0.375253,-0.427831,-0.163691,-1.0
0.114344,-0.371291,0.755145,0.821344,0.360948,0.785174,0.725681,0.561153,0.158404,0.523242,-0.196139,-0.313176,0.049743,0.56716,-0.958662
0.627725,0.965304,-0.565614,0.488797,0.09575,-0.002014,0.329692,0.545206,0.189434,0.033008,0.28553,0.574305,-0.241379,-0.402049,-0.949061
-0.297012,-0.940881,-0.032606,-0.27641,0.479044,0.40654,0.708963,0.776721,0.401951,0.355655,-0.12498,-0.227519,0.265296,0.540021,-1.0
-0.900198,-0.819007,-0.644352,-0.956441,0.865644,-0.305077,0.477551,0.967798,0.466719,-0.230549,-0.560164,-0.13203,0.532173,0.135161,-0.952701
-0.766839,-0.717942,-0.623991,0.149336,0.470713,0.992742,0.994554,0.730727,0.311879,0.707658,-0.062103,0.029005,0.222058,0.513013,-1.0
0.29946,-0.344952,-0.657585,-0.138852,-0.148409,0.310558,0.84406,0.608877,-0.20511,0.701817,0.037727,-0.077474,-0.345382,0.498002,-1.0
-0.647618,-0.905178,-0.56618,0.425945,-0.126563,0.880424,0.22174,0.050602,-0.02553,0.199333,-0.207852,-0.728632,0.121221,0.449664,-1.0
0.474261,-0.530847,-0.030968,0.055203,-0.593526,-0.664908,0.842343,0.033531,-0.488099,-0.514934,0.109586,0.054487,-0.470241,0.002442,-1.0
0.11975,-0.611421,0.765869,0.552939,-0.321692,0.195023,0.8124,0.900176,-0.577893,0.354592,0.100652,-0.113244,-0.204269,0.43824,-1.0
-0.185228,0.162153,0.163877,0.387922,-0.902348,0.854811,0.324859,0.541881,-0.134466,0.234344,0.451692,-0.45054,-0.398872,0.347339,-1.0
-0.415821,0.387158,0.501719,-0.968557,0.797186,-0.072973,0.461206,0.13239,0.287907,0.020345,-0.429626,0.107003,0.404006,-0.139423,-0.934691
-0.538262,-0.095,0.212311,-0.615669,-0.791294,-0.321653,0.85575,0.507258,-0.65818,-0.17176,0.086314,0.091114,-0.330455,-0.35032,-1.0
-0.155844,0.46834,-0.80557,-0.790693,-0.518311,-0.944758,0.001854,0.122413,-0.041093,0.043707,0.23653,0.965816,-0.149913,-0.531721,-0.922253
0.757237,-0.501756,-0.180434,0.663512,-0.580024,0.587834,0.210407,0.96992,-0.150428,0.04006,0.606491,-0.475078,-0.35438,0.274606,-1.0
-0.762546,-0.465924,-0.397964,-0.44003,-0.213675,0.930611,0.980245,0.553623,-0.144968,0.710549,-0.042005,-0.113501,0.216943,0.416589,-1.0
-0.11942,-0.946846,-0.819054,0.529679,-0.112926,-0.021783,0.956791,0.073997,-0.78227,-0.093744,-0.044118,0.061117,0.032271,0.564512,-1.0
-0.918551,-0.223164,-0.274369,-0.251004,0.869232,-0.027755,0.7737,0.737952,0.569372,0.02851,-0.176737,-0.041668,0.537281,-0.000477,-1.0
0.351298,0.233156,0.656164,-0.643393,0.050941,-0.550371,0.721052,0.911596,0.114479,-0.576092,0.087064,0.269488,-0.204795,-0.472141,-0.979385
-0.684389,-0.637688,-0.685221,-0.298118,-0.644119,0.051922,0.721034,0.25372,-0.628806,0.054006,-0.087502,-0.223283,0.10911,0.462727,-1.0
-0.073961,-0.745564,0.731137,0.840103,-0.166535,0.081097,0.560833,0.701394,-0.341187,0.226153,0.087766,-0.430951,-0.040654,0.45468,-1.0
0.755363,0.497893,-0.42695,-0.007541,0.663298,-0.646859,0.054179,0.200446,-0.009263,-0.085869,0.129157,0.934184,0.015062,-0.526387,-0.888446
-0.547367,-0.804825,0.665044,0.008598,-0.725691,0.065667,0.549423,0.054977,-0.404755,0.016683,0.111395,-0.461862,-0.028769,0.421837,-1.0
0.420189,-0.888179,-0.414294,-0.179038,0.059864,0.389655,0.783293,0.707114,0.017096,0.627504,0.056416,-0.172067,-0.121049,0.447812,-0.978233
-0.078059,-0.507436,0.020335,0.451864,0.679688,0.383652,0.007942,0.135128,0.003944,-0.039417,-0.646211,-0.772834,0.30344,0.347953,-1.0
-0.861698,-0.87375,0.36895,0.264598,-0.592744,-0.60762,0.755228,0.492831,-0.475859,-0.355096,-0.200291,-0.114265,0.377805,0.252484,-1.0
0.182316,0.82209,0.805203,-0.23197,-0.311066,-0.656956,0.322549,0.169932,-0.085642,-0.25181,0.189399,0.705133,-0.116158,-0.429402,-0.987253
-0.578935,0.026274,0.815268,0.290818,0.329992,0.679999,0.199176,0.33394,0.070133,0.179331,-0.684779,-0.518201,0.38156,0.310314,-0.962437
0.292843,-0.344206,-0.444445,-0.017662,-0.109909,-0.722191,0.699161,0.581862,-0.031263,-0.53974,0.199389,0.258808,-0.473998,-0.365606,-1.0
0.573254,-0.131573,0.114379,0.044772,0.041954,-0.484668,0.736975,0.779915,0.118957,-0.555299,0.258323,0.192909,-0.364277,-0.167636,-0.980012
-0.248117,0.371262,-0.423412,-0.68477,-0.881429,-0.284935,0.20874,0.028711,-0.142056,-0.129617,0.484505,0.574761,-0.417483,-0.377328,-0.951984
0.620801,0.29805,-0.240281,0.192453,0.060838,-0.699257,0.889668,0.903072,0.05195,-0.771062,0.091894,0.107085,-0.198779,-0.428658,-0.984549
-0.145762,-0.656299,-0.800421,-0.614104,0.94654,0.039929,0.22575,0.564659,0.153651,-0.007529,-0.650886,-0.538698,0.380304,0.326972,-1.0
-0.776952,-0.399728,0.169986,-0.090042,0.143233,0.252209,0.147533,0.410368,0.140654,0.152119,-0.727431,-0.430248,0.395736,0.263975,-1.0
-0.118735,0.984078,-0.368874,0.543351,-0.840824,-0.296863,0.465743,0.434501,-0.258491,-0.083794,0.291147,0.511542,-0.268323,-0.354766,-1.0
0.115059,0.316058,0.135993,-0.018633,0.691123,0.509915,0.629186,0.690449,0.435628,0.360917,-0.276108,-0.089115,0.524686,0.165472,-0.985057
0.266503,-0.124871,-0.697479,0.034,-0.350491,-0.543137,0.294212,0.38468,-0.178703,-0.120357,0.678152,0.344516,-0.391045,-0.273148,-0.921606
-0.124369,-0.058359,0.203985,-0.175332,-0.885042,0.48194,0.868047,0.252925,-0.603722,0.257498,0.087455,-0.112938,-0.364212,0.260005,-1.0
0.144038,0.663568,-0.841746,-0.89323,0.130876,-0.726148,0.136996,0.060693,0.017732,-0.113058,-0.024647,0.945196,-0.086156,-0.47908,-1.0
-0.583282,-0.668645,-0.37533,-0.949091,-0.210707,0.542691,0.450002,0.348607,-0.167331,0.356017,-0.202188,-0.516509,0.073432,0.337158,-1.0
-0.124385,-0.497498,0.772224,-0.567444,-0.174982,0.616105,0.800845,0.599237,-0.209471,0.587456,-0.01256,-0.236485,-0.020691,0.524858,-1.0
0.198064,-0.904172,0.233278,0.779904,-0.832022,0.504117,0.572532,0.731395,-0.362815,0.241871,0.171543,-0.292292,-0.287005,0.446727,-0.891471
-0.825814,-0.511739,0.924067,0.328012,-0.124381,-0.170013,0.472141,0.202854,-0.244111,-0.283943,-0.499839,-0.150896,0.482981,0.226519,-0.958351
-0.298193,-0.069895,0.478421,-0.275804,-0.607647,0.310189,0.773638,0.530214,-0.523957,0.241469,0.141167,-0.208869,-0.308989,0.419158,-1.0
-0.88166,0.576801,-0.000728,0.885868,0.383783,0.172716,0.029499,0.793057,0.158947,-0.019954,-0.896104,0.298233,0.554621,-0.170149,-0.982283
0.544973,0.305671,0.881299,-0.092261,-0.618032,0.010554,0.555494,0.430621,-0.383975,-0.065354,0.483119,0.074391,-0.461852,-0.092964,-1.0
0.473615,-0.731699,0.119021,0.580236,-0.185257,-0.465389,0.019943,0.485036,-0.106919,-0.061996,0.925316,-0.434738,-0.454184,0.168845,-1.0
-0.160729,0.651381,0.400324,-0.814195,-0.38402,-0.401,0.307361,0.958581,-0.076994,-0.188679,0.144592,0.634879,-0.087215,-0.401877,-0.97498
0.665308,0.902843,-0.731571,-0.515319,-0.17733,0.485984,0.155047,0.187973,-0.082661,0.098389,0.785593,0.322021,-0.367828,-0.278717,-0.994989
0.742837,0.933061,-0.806095,-0.548274,0.555939,-0.56856,0.879322,0.045763,0.395935,-0.491217,-0.065725,0.086345,-0.099291,-0.450543,-0.909347
0.418809,-0.887178,0.569601,-0.844617,-0.526716,-0.381678,0.132771,0.519825,-0.01949,-0.091507,0.801395,-0.384113,-0.430663,0.231476,-0.973506
0.470548,-0.604833,-0.324617,-0.153848,-0.016684,0.739814,0.886142,0.181331,-0.035627,0.74702,0.026399,-0.063535,-0.167281,0.391018,-1.0
0.207528,0.874717,-0.998665,-0.667268,0.445372,-0.090963,0.239296,0.643928,0.119711,-0.07394,-0.153014,0.745652,0.065782,-0.463108,-0.930709
0.865906,-0.860256,0.548702,-0.176198,0.866566,0.759117,0.352743,0.444673,0.131174,0.16715,-0.013946,-0.734787,0.011562,0.43369,-0.989462
0.010941,0.288664,-0.197476,-0.400233,0.695798,-0.978283,0.537949,0.000232,0.237468,-0.315856,-0.256259,0.401913,0.1685,-0.437431,-1.0
-0.616529,0.455483,-0.822319,0.969586,0.996877,-0.477589,0.722403,0.771732,0.51135,-0.348402,-0.241459,0.20418,0.45194,-0.293642,-0.980166
0.02501,-0.920025,-0.883879,0.093899,-0.208082,0.764781,0.743725,0.618118,-0.111943,0.503175,0.019109,-0.279431,-0.098958,0.506027,-0.983017
-0.413137,-0.033355,0.340383,0.783696,-0.486079,-0.934154,0.555513,0.176092,-0.298197,-0.415079,-0.031652,0.461089,-0.04755,-0.519581,-0.939715
-0.408567,-0.664644,0.728985,0.298032,-0.970941,0.881156,0.835924,0.352279,-0.512145,0.450402,0.045799,-0.145696,-0.237515,0.456462,-1.0
-0.314417,-0.549827,0.551409,0.023793,-0.652693,0.734656,0.539301,0.990768,-0.283735,0.23611,0.11122,-0.473381,-0.111727,0.528113,-0.952081
0.104752,0.914772,-0.11508,0.174431,0.835744,0.033074,0.663334,0.915982,0.551251,0.032268,-0.286968,0.268997,0.507672,-0.343094,-1.0
0.298491,-0.848442,0.064408,0.92244,-0.988762,0.155099,0.246736,0.375767,-0.117944,0.038659,0.620933,-0.447041,-0.363106,0.276628,-0.971177
-0.021541,-0.300545,0.094114,-0.09724,0.189994,0.933097,0.615965,0.655848,0.161553,0.43177,-0.069331,-0.362059,0.100023,0.435064,-0.953077
0.800099,0.57204,0.71421,-0.894383,0.148313,0.234329,0.656811,0.282396,0.334045,0.468159,0.320371,0.124518,-0.473504,-0.316064,-1.0
0.918155,0.668021,0.633939,-0.006834,0.561455,-0.737323,0.929143,0.201791,0.493359,-0.572646,0.075667,0.039522,-0.121188,-0.500807,-1.0
0.676057,-0.09794,0.493518,0.491263,-0.052319,-0.317242,0.92453,0.086105,-0.02414,-0.698066,0.114889,0.005824,-0.546487,-0.219441,-0.948549
0.655975,0.075283,-0.071018,-0.462567,-0.249379,-0.58344,0.660022,0.050378,-0.177017,-0.559743,0.260519,0.220434,-0.393104,-0.358846,-1.0
0.989385,-0.464938,0.241299,-0.16627,-0.113229,0.771519,0.236837,0.887521,-0.020586,0.170589,0.512186,-0.534568,-0.193106,0.363515,-0.932257
0.170108,0.74204,-0.812176,-0.872637,-0.455256,0.444649,0.300107,0.020022,-0.125659,0.218285,0.637871,0.273951,-0.540312,-0.235086,-0.983829
-0.344253,-0.56005,0.330397,0.925871,0.500328,0.278663,0.573103,0.603537,0.395886,0.255781,-0.415181,-0.326174,0.3328,0.360761,-1.0
0.830088,-0.32748,0.886095,-0.382735,-0.31893,-0.330654,0.210365,0.433368,-0.071447,-0.102523,0.876369,0.032192,-0.423302,0.020995,-0.997593
0.790748,0.068049,0.686751,-0.527398,0.047417,-0.840105,0.328362,0.86692,-0.011423,-0.205894,0.356124,0.604915,-0.361206,-0.365946,-1.0
0.11685,-0.01356,-0.88856,-0.605608,-0.268623,0.596064,0.695093,0.459404,-0.272071,0.462674,0.112293,-0.203933,-0.278613,0.399402,-1.0
-0.055098,0.380054,-0.713802,-0.240168,-0.99633,0.889739,0.257468,0.911573,-0.119124,0.08715,0.669515,-0.434225,-0.481486,0.264199,-1.0
0.865255,-0.336369,-0.658621,0.649422,-0.027703,-0.215971,0.434368,0.241421,-0.09874,-0.250245,0.558852,-0.154612,-0.58979,0.040864,-0.9364
0.502057,0.685542,-0.184944,0.230547,0.039198,-0.585679,0.62993,0.326576,0.017552,-0.484352,0.145636,0.360477,-0.200165,-0.519117,-1.0
0.646343,0.36777,-0.262172,-0.216278,-0.652252,-0.873511,0.587183,0.206202,-0.19606,-0.286703,0.312292,0.306536,-0.344459,-0.34287,-1.0
-0.767494,0.09184,-0.013637,-0.642686,-0.325985,0.055589,0.262248,0.753534,-0.186035,-0.065683,-0.669294,0.023233,0.538351,-0.067828,-0.945724
-0.73731,-0.072596,0.282765,0.312117,-0.068214,-0.839745,0.339476,0.016495,0.02907,-0.272156,-0.397488,0.55029,0.374841,-0.288229,-0.953598
0.555098,-0.984898,-0.704912,0.703186,0.146093,0.417577,0.585182,0.270172,0.119501,0.406862,0.156822,-0.466034,-0.156909,0.573838,-1.0
-0.38966,0.145839,0.873332,0.649613,-0.466037,0.022782,0.260941,0.469379,-0.158116,-0.073613,0.389945,0.521536,-0.319003,-0.438709,-1.0
-0.234632,0.303459,-0.208546,-0.544563,0.169276,0.820741,0.205636,0.774211,-0.07355,0.226887,-0.472647,-0.547378,0.302865,0.461585,-0.951281
0.973152,-0.959162,0.198569,-0.290106,-0.179683,-0.420644,0.811191,0.249128,-0.2808,-0.518684,0.184557,-0.002398,-0.434579,0.214281,-1.0
0.164902,0.167724,0.747293,-0.490885,-0.486145,0.524263,0.898887,0.669687,-0.514641,0.476914,0.147459,0.016584,-0.429353,0.198172,-1.0
0.334172,0.714435,0.870696,-0.594298,-0.548146,-0.399837,0.605907,0.028564,-0.365763,-0.263587,0.228793,0.290102,-0.375917,-0.367182,-0.90736
0.826107,0.542018,0.756997,0.793061,-0.45351,-0.522889,0.073416,0.626523,-0.101999,-0.128686,0.683171,0.579945,-0.324567,-0.288988,-1.0
-0.775447,-0.065995,-0.729693,-0.327032,-0.3949,0.858429,0.189993,0.819798,-0.133046,0.067531,-0.376994,-0.744495,0.289888,0.480237,-0.943812
-0.837708,0.981262,-0.506576,-0.673689,-0.702729,0.245599,0.005852,0.257557,0.020601,0.075202,-0.168662,0.997154,0.10791,-0.507881,-0.995224
0.665404,0.254041,0.274255,0.054691,-0.839201,-0.496861,0.246063,0.855579,-0.17058,-0.02483,0.655328,0.323988,-0.537681,-0.196469,-0.952423
-0.277747,-0.073824,0.855943,0.811217,-0.103433,0.378247,0.991792,0.660747,-0.256496,0.760311,-0.015463,-0.015271,0.258414,0.508067,-1.0
-0.025,0.39507,-0.924829,-0.651637,0.149308,0.800621,0.103734,0.03713,0.037147,0.054701,-0.318798,-0.804933,0.131855,0.458167,-1.0
-0.838236,0.835702,0.292914,-0.792717,-0.116882,0.60823,0.379563,0.592255,-0.015282,0.253824,-0.487667,0.136041,0.517325,-0.194363,-1.0
-0.409086,-0.798553,-0.714643,-0.647742,-0.468079,0.516638,0.30126,0.963552,-0.17336,0.241587,-0.044822,-0.601435,-0.117599,0.46099,-1.0
-0.994823,-0.955005,-0.604886,-0.134599,-0.322252,-0.622773,0.885894,0.694351,-0.341885,-0.516553,-0.130379,0.037723,0.457792,0.201994,-1.0
-0.890232,-0.033964,0.44917,-0.582788,0.029648,0.621785,0.142189,0.903049,0.01957,0.095046,-0.749836,-0.56541,0.388583,0.215947,-1.0
-0.258713,0.738468,-0.620306,0.089972,-0.595116,-0.301031,0.779202,0.711542,-0.563489,-0.302412,0.082788,0.23933,-0.158788,-0.499556,-1.0
-0.216373,0.997205,0.919392,0.596491,-0.351881,0.051582,0.269354,0.836367,-0.177683,-0.062499,0.089067,0.651171,-0.055925,-0.538326,-1.0
-0.467068,0.86802,-0.224221,0.490873,0.400614,0.192909,0.066673,0.516937,0.095067,0.077138,-0.752645,0.567186,0.45,-0.359457,-1.0
0.436851,-0.163092,0.662324,-0.531166,0.336239,-0.008742,0.999424,0.629008,0.819041,-0.098736,-0.134274,0.04943,-0.33112,0.38805,-1.0
0.501435,-0.704709,-0.208395,0.803589,0.616586,-0.38389,0.211353,0.553955,0.074864,-0.048198,-0.208904,-0.778822,0.169863,0.448077,-0.917096
-0.283405,-0.241575,0.591123,0.669291,0.759509,-0.678184,0.760953,0.701461,0.528204,-0.452146,-0.180952,0.161548,0.456355,-0.168858,-0.953459
0.731603,0.680689,-0.804027,0.608656,-0.766143,0.992688,0.575109,0.759539,-0.338603,0.419566,0.430602,-0.11089,-0.441564,0.095434,-0.952685
0.896896,0.318236,0.659036,0.138187,-0.943508,0.749718,0.349151,0.106906,-0.250258,0.229129,0.70283,-0.178282,-0.535823,0.124675,-1.0
0.156327,-0.18954,0.190203,-0.956344,-0.365472,0.554041,0.551727,0.785814,-0.22401,0.402006,0.281316,-0.316337,-0.307864,0.382987,-0.968498
-0.804943,-0.265522,0.706045,0.899696,-0.327338,0.198252,0.370742,0.605612,-0.215744,0.149501,-0.483555,-0.473571,0.387089,0.322692,-1.0
-0.646984,0.475975,-0.213647,-0.513582,-0.010024,0.460921,0.600426,0.815923,0.024208,0.489137,-0.415557,0.007594,0.508544,0.036985,-1.0
0.278205,0.905993,0.930723,-0.471838,-0.530364,-0.626854,0.012926,0.900377,0.025235,0.042141,0.496886,0.851704,-0.243934,-0.448804,-0.92382
-0.05689,0.846655,-0.113179,0.611497,0.11304,0.653667,0.462595,0.670531,0.038672,0.335833,-0.287825,0.370414,0.292527,-0.357646,-1.0
0.410727,-0.573009,-0.695931,-0.260414,-0.854191,0.837072,0.902239,0.451762,-0.419857,0.558371,-0.050952,-0.004986,-0.235218,0.394482,-1.0
-0.140522,-0.906375,-0.814506,0.870446,0.796209,-0.160786,0.993238,0.326209,0.757373,-0.087965,-0.03822,-0.014787,0.507862,0.292046,-0.988557
0.502052,0.387227,0.617059,0.334925,-0.58736,-0.045864,0.527166,0.932616,-0.386983,-0.030569,0.364916,0.235541,-0.405318,-0.217013,-0.909465
-0.092854,0.694587,0.341273,-0.724807,-0.745685,0.792344,0.216128,0.260859,-0.146782,0.15349,0.746124,-0.09792,-0.525492,-0.00139,-0.99376
0.22861,0.374779,-0.254788,-0.090553,-0.526496,0.824425,0.469016,0.693538,-0.237888,0.358424,0.491148,-0.33955,-0.453879,0.284073,-0.924443
-0.76863,0.969082,0.891477,-0.980315,-0.75175,0.139323,0.024736,0.884353,0.0242,0.021279,-0.023643,0.966341,0.000821,-0.480218,-1.0
0.610815,0.014539,0.467578,-0.166119,0.306506,0.451578,0.986526,0.892824,0.455645,0.724703,-0.02434,-0.035134,-0.294077,0.39345,-1.0
-0.11795,-0.323524,-0.813205,0.088562,-0.082271,-0.961485,0.568988,0.751794,-0.05626,-0.518357,-0.047885,0.506389,0.003691,-0.590391,-1.0
-0.464737,-0.926545,-0.375446,-0.426373,-0.726529,0.584967,0.687175,0.053096,-0.402718,0.323529,-0.013427,-0.352635,-0.034431,0.512119,-1.0
-0.174455,0.838619,0.490652,0.813962,-0.627212,-0.500911,0.276763,0.912675,-0.117848,-0.039959,0.197787,0.62462,-0.107787,-0.477438,-0.961187
-0.392165,0.597587,0.822805,0.263796,-0.96624,0.59412,0.825946,0.847876,-0.593136,0.231641,0.171952,0.015309,-0.480003,-0.066213,-0.994177
-0.002153,-0.512385,-0.481805,0.657844,-0.282052,0.368702,0.906654,0.497977,-0.492941,0.589094,0.006816,-0.06416,-0.019382,0.519193,-1.0
-0.144608,-0.23524,-0.742894,0.310513,-0.934026,-0.98918,0.734905,0.262794,-0.352656,-0.498745,0.158059,0.086361,-0.359106,-0.41243,-1.0
-0.353799,-0.820685,-0.295705,-0.507046,0.050887,-0.509459,0.452665,0.942637,0.038566,-0.34995,-0.380183,-0.376732,0.30792,0.233736,-0.974462
0.003023,0.404564,0.007095,-0.509646,-0.362824,-0.635576,0.376355,0.592986,-0.116129,-0.217121,0.256045,0.546761,-0.161832,-0.414858,-1.0
-0.384866,0.386236,-0.237531,-0.933203,0.800186,0.378168,0.393832,0.108267,0.315364,0.091079,-0.688524,-0.052762,0.469859,0.011707,-1.0
0.825413,0.727316,-0.022341,0.254737,0.309462,-0.562347,0.784683,0.627274,0.24458,-0.611814,0.071184,0.105178,-0.181173,-0.453407,-1.0
-0.470173,-0.093994,0.056311,-0.078704,0.744862,-0.882044,0.500582,0.291151,0.275146,-0.288959,-0.492355,0.319853,0.309675,-0.331854,-0.92488
0.931595,-0.078943,0.661314,-0.630184,0.7774,0.818699,0.923574,0.038942,0.493261,0.541899,0.115633,-0.052074,-0.039132,0.505351,-1.0
-0.787948,0.871502,0.479936,0.271499,0.875796,-0.333798,0.217298,0.67318,0.209641,-0.069919,-0.678879,0.479956,0.389143,-0.324186,-0.998635
0.7007,0.721097,-0.850223,-0.423575,0.209674,-0.181195,0.11768,0.427397,0.040211,-0.026614,0.43866,0.809097,-0.154406,-0.352701,-0.918519
0.016031,-0.423572,0.811862,0.636745,0.251595,0.778422,0.86062,0.964077,0.138517,0.645004,-0.02789,-0.159242,0.109941,0.48182,-1.0
-0.865002,-0.586051,0.523612,-0.12454,-0.114938,-0.753827,0.124202,0.861629,0.035247,-0.038224,-0.901632,0.268495,0.416182,-0.051711,-0.899852
0.873883,0.143367,-0.881603,0.293593,-0.589897,-0.387289,0.518699,0.472377,-0.340693,-0.180431,0.47919,0.110989,-0.549275,-0.174667,-1.0
0.463005,-0.890628,0.646237,0.490131,0.914444,0.975011,0.586484,0.750786,0.281925,0.303577,-0.145693,-0.440115,0.069522,0.514931,-1.0
-0.044394,0.646898,0.986934,0.842349,0.299203,0.083362,0.540511,0.004652,0.458749,0.107595,-0.152786,0.357085,0.302361,-0.394953,-0.997097
-0.27162,0.617833,0.354203,-0.637664,0.286551,-0.280643,0.384073,0.315394,0.333379,-0.258436,-0.310182,0.481868,0.378313,-0.381236,-1.0
-0.019707,0.933943,0.473004,-0.630675,0.859594,0.969163,0.801128,0.714025,0.427392,0.478607,-0.109685,-0.058984,0.487098,0.067817,-0.985725
-0.919109,0.961465,0.563111,0.793727,0.951058,0.065738,0.878566,0.09202,0.643718,0.100105,-0.040618,0.075641,0.488999,-0.248248,-1.0
-0.011057,0.53431,0.945581,0.422038,0.429684,-0.113242,0.7055,0.278219,0.505036,-0.149403,-0.164244,0.290393,0.269044,-0.402192,-1.0
0.983102,0.207509,0.180024,-0.314681,-0.145304,0.150227,0.75716,0.492823,-0.462272,0.411977,0.312575,0.0552,-0.532971,-0.085666,-0.931937
-0.651703,0.317615,0.360943,0.390834,0.084889,-0.854774,0.785438,0.040284,0.115677,-0.653794,-0.145663,0.224397,0.342084,-0.306651,-1.0
0.234552,0.089985,-0.520599,0.066512,-0.492984,0.852609,0.361582,0.745542,-0.157349,0.220847,0.326516,-0.442673,-0.391957,0.361217,-0.92768
-0.043517,-0.150608,0.426343,0.575435,-0.869822,0.219782,0.465146,0.897269,-0.360902,0.065178,0.454399,-0.335393,-0.484744,0.188937,-1.0
-0.349081,0.491098,-0.451119,-0.977527,-0.267735,-0.742779,0.65368,0.974903,-0.185866,-0.560806,-0.029141,0.318522,0.042894,-0.564554,-1.0
0.031694,-0.044897,-0.476679,-0.91145,-0.313161,-0.946295,0.830769,0.833066,-0.192199,-0.642537,0.118353,0.169411,-0.179928,-0.454957,-0.954615
0.306491,-0.582958,-0.35162,-0.565777,0.233166,-0.594006,0.686882,0.774946,0.151774,-0.543784,0.281413,0.087357,-0.521447,-0.140464,-1.0
-0.660674,0.452603,0.207359,0.563804,0.322486,-0.508459,0.825554,0.52753,0.312723,-0.542475,-0.116451,0.105044,0.387014,-0.37254,-0.936605
-0.241271,0.810405,0.851147,-0.491212,-0.44014,0.636405,0.023867,0.116794,-0.012543,0.043515,0.785646,0.664044,-0.457916,-0.362855,-1.0
0.743581,-0.393144,-0.355275,-0.145086,-0.162675,0.13237,0.990738,0.084914,-0.675875,0.489362,0.02189,-0.0001,-0.436629,0.283005,-1.0
-0.556533,-0.257967,0.622032,0.641974,0.914984,0.551768,0.195589,0.468251,0.118135,0.125428,-0.752506,-0.389754,0.450371,0.222696,-0.980553
-0.812906,0.507707,-0.061966,0.599183,-0.636452,-0.595333,0.839008,0.905366,-0.514148,-0.501357,0.013989,0.214925,0.068196,-0.508555,-1.0
-0.65611,-0.916086,0.787494,-0.280325,-0.695357,-0.679742,0.347432,0.752983,-0.184263,-0.234298,0.122941,-0.655834,-0.137805,0.423259,-0.984356
0.819575,-0.102995,0.802023,-0.264505,-0.741454,-0.480979,0.792845,0.519277,-0.569766,-0.302405,0.200595,0.066213,-0.541016,-0.087149,-1.0
-0.775798,-0.687764,-0.002548,-0.473319,0.603909,0.758602,0.973651,0.78648,0.478036,0.598922,-0.008649,-0.101176,0.388835,0.383275,-0.941778
-0.977321,0.066198,-0.256958,-0.231511,-0.040609,-0.572556,0.652781,0.015798,-0.123375,-0.526838,-0.251083,0.232585,0.407254,-0.305339,-0.887781
0.986055,-0.146033,0.009128,-0.901786,0.840034,0.503115,0.57312,0.225029,0.304741,0.222971,0.120955,-0.412406,-0.01717,0.434403,-0.960491
0.045644,0.721251,0.536845,-0.600876,-0.190717,-0.57253,0.024277,0.604864,0.055763,-0.100531,0.108641,0.963112,-0.061722,-0.500868,-0.993772
-0.13896,0.256985,-0.350592,0.662306,-0.178579,0.945761,0.761232,0.76641,-0.091791,0.519223,-0.021793,-0.198234,-0.050683,0.461321,-0.995063
0.897633,-0.432759,-0.823723,0.33494,0.759772,0.861958,0.147517,0.639242,0.087321,0.026534,0.131503,-0.861341,-0.067494,0.433244,-1.0
-0.264016,-0.910702,-0.662797,-0.409396,-0.57673,-0.009546,0.965052,0.255339,-0.76169,0.053642,0.026712,0.005401,-0.164701,0.399633,-0.903637
0.829689,-0.429011,0.192705,0.980255,-0.315144,-0.926746,0.87595,0.483152,-0.268383,-0.596601,0.152359,0.064782,-0.431381,-0.138734,-1.0
0.773401,0.817598,0.164425,0.479345,-0.378264,-0.210671,0.834948,0.715634,-0.631246,-0.342984,0.040885,0.138685,-0.288177,-0.231552,-1.0
0.449806,0.710044,-0.579781,0.131174,-0.387186,0.732211,0.41197,0.173251,-0.263747,0.309884,0.505883,-0.005304,-0.518867,0.000122,-0.973023
-0.082702,0.462191,0.952349,0.214629,0.168361,-0.6332,0.811746,0.774515,0.210693,-0.665096,-0.07081,0.205938,0.185323,-0.465474,-1.0
0.073421,-0.434758,-0.261132,0.493325,0.667597,0.300427,0.376793,0.557913,0.188593,0.173795,-0.34363,-0.536077,0.297786,0.458626,-1.0
-0.84167,0.649085,0.07017,0.030818,-0.749106,0.121674,0.21367,0.242297,-0.147672,-0.026673,-0.125939,0.691453,0.027448,-0.474694,-1.0
0.108757,0.79134,0.264203,0.071508,-0.625413,-0.396327,0.356109,0.533067,-0.247764,-0.157767,0.366537,0.554787,-0.207799,-0.445232,-0.959659
0.279119,-0.783613,0.923367,0.73622,-0.084543,0.35271,0.863703,0.674282,-0.097458,0.626847,0.071642,-0.079217,-0.22116,0.503344,-1.0
0.036169,0.823107,0.804178,0.677607,-0.001797,-0.484287,0.508232,0.788985,0.088197,-0.371643,0.007965,0.462058,0.048802,-0.542119,-0.978861
-0.801909,-0.343981,-0.575627,-0.268383,-0.856277,0.252507,0.952768,0.906985,-0.805827,0.181388,-0.044798,0.028338,-0.035451,0.490821,-0.914501
-0.891343,-0.136204,-0.8196,-0.31107,0.896809,-0.684188,0.660547,0.522421,0.438033,-0.281287,-0.369476,0.080153,0.52585,-0.105282,-0.944249
0.037972,0.792777,-0.188647,0.160308,-0.273279,-0.333754,0.098669,0.625327,-0.001758,0.014254,0.183829,0.922582,-0.108328,-0.403911,-0.971114
0.715841,-0.101407,-0.222828,-0.298857,0.813645,-0.44198,0.64726,0.479519,0.49084,-0.235531,-0.081106,0.323632,0.154693,-0.471978,-0.995944
0.391422,0.02267,0.396248,-0.739679,0.783952,-0.560408,0.941292,0.640337,0.593579,-0.42194,-0.035522,0.103282,0.252556,-0.433248,-0.991205
-0.441882,-0.281527,0.233492,-0.565065,0.642177,-0.409749,0.08184,0.04357,0.022456,-0.006785,-0.867763,0.102385,0.473613,-0.0213,-1.0
-0.814185,0.987768,-0.975831,-0.314505,0.204157,-0.871035,0.089856,0.199364,-0.084291,-0.060663,-0.430933,0.778502,0.257597,-0.417793,-1.0
0.118683,-0.858627,-0.71191,-0.128876,-0.672509,0.156336,0.602991,0.1664,-0.574664,0.133855,0.281177,-0.337039,-0.361312,0.467455,-0.929389
-0.74433,-0.863627,0.842993,-0.794029,-0.65248,0.412598,0.690652,0.075017,-0.547924,0.292996,-0.10946,-0.388942,0.002264,0.563018,-0.965086
0.397549,-0.117302,0.706814,0.054232,-0.255515,-0.882131,0.606301,0.331518,-0.23602,-0.454616,0.218519,0.272937,-0.285022,-0.403707,-1.0
-0.346551,0.167594,-0.895708,0.657,-0.911256,-0.874297,0.092663,0.368658,-0.109001,-0.04268,0.440889,0.904248,-0.136578,-0.526024,-1.0
-0.586828,-0.249742,-0.151416,0.898428,0.406557,0.210875,0.135446,0.148892,0.106754,0.030121,-0.84457,-0.25554,0.482538,0.167476,-0.987969
0.841153,0.236317,0.685194,0.001685,-0.914568,-0.624953,0.332667,0.75154,-0.262874,-0.090022,0.623238,0.276418,-0.339125,-0.263245,-1.0
0.228154,0.547764,-0.618675,0.507978,0.600504,-0.574193,0.92861,0.097568,0.48181,-0.598148,-0.075056,0.013126,0.185274,-0.471554,-0.993648
-0.554537,-0.828252,0.911758,0.735627,-0.926907,0.495928,0.50993,0.881201,-0.3815,0.216209,0.113495,-0.493689,-0.214723,0.554442,-1.0
-0.175876,-0.089424,-0.565765,0.289549,-0.345095,0.821022,0.507536,0.492288,-0.16661,0.255153,0.02727,-0.547781,-0.057076,0.476895,-0.930285
-0.951051,0.90534,0.583,0.378016,0.929595,0.665978,0.118996,0.883904,0.06634,0.070496,-0.948168,0.130857,0.550031,-0.111162,-1.0
0.504982,0.932775,0.014294,0.146155,0.204921,-0.041004,0.60362,0.841849,0.481671,-0.140122,0.120496,0.421634,-0.106853,-0.541545,-1.0
-0.25436,-0.460666,-0.275871,-0.955311,0.359617,-0.472119,0.754632,0.164216,0.414437,-0.467897,-0.183456,-0.012104,0.552945,-0.124916,-0.915708
0.847764,0.428327,-0.756778,0.860015,0.498963,0.629609,0.736043,0.929781,0.368259,0.50174,0.174812,-0.189407,-0.465455,0.342466,-1.0
0.929326,0.959236,0.206168,-0.484884,-0.724725,-0.732147,0.22112,0.119139,-0.091865,-0.029176,0.638872,0.452378,-0.310346,-0.369808,-1.0
0.443774,0.949171,0.5779,0.489898,-0.23888,-0.855563,0.622697,0.751836,-0.122667,-0.543363,0.147818,0.336725,-0.154988,-0.497441,-1.0
-0.177598,-0.16806,0.999092,0.047886,-0.408877,0.912218,0.964311,0.753693,-0.323499,0.671022,-0.014104,-0.035896,-0.139595,0.554949,-1.0
-0.24148,-0.397457,0.165562,-0.105884,0.732287,0.352109,0.920059,0.520205,0.65121,0.362732,-0.093306,0.023114,0.368161,0.275083,-0.997127
-0.130005,0.596498,-0.904008,-0.232258,0.713106,-0.691755,0.582268,0.855865,0.343682,-0.350402,-0.156988,0.337907,0.234775,-0.383833,-0.921011
0.108311,0.551323,0.390097,0.978459,0.841306,0.970745,0.517039,0.343309,0.249811,0.266026,-0.385038,-0.185791,0.429572,0.255622,-1.0
-0.925623,0.51617,0.647446,0.514458,-0.683471,-0.713059,0.146127,0.185242,-0.057874,-0.116462,-0.050436,0.847238,0.172784,-0.562303,-1.0
-0.415773,0.449408,0.278782,0.848845,-0.01153,0.245193,0.352734,0.6918,-0.010106,0.25814,-0.582565,0.288562,0.360097,-0.174031,-0.966558
0.336443,0.675009,0.48149,0.85508,0.267294,0.97566,0.224666,0.713781,0.034478,0.131853,0.126718,-0.747717,-0.163574,0.441756,-0.992505
0.581343,0.695358,0.820187,0.413574,-0.825809,0.471543,0.20959,0.600549,-0.111962,0.108339,0.826472,0.095048,-0.448132,-0.079918,-0.981047
-0.525647,-0.503131,-0.429886,0.281669,-0.138307,0.713989,0.344532,0.335686,-0.108946,0.253,-0.206859,-0.621834,0.193876,0.497461,-1.0
-0.113023,0.36992,0.872247,-0.998039,-0.89819,-0.526268,0.391783,0.263799,-0.315708,-0.168168,0.431102,0.365919,-0.30217,-0.337449,-1.0
-0.515753,-0.935114,0.866985,0.891507,-0.97778,0.181644,0.621778,0.703335,-0.407958,0.101781,0.160777,-0.267823,-0.205592,0.456652,-0.921476
-0.572769,0.076866,0.439111,-0.380754,0.621899,0.319589,0.097802,0.796346,0.129302,0.036079,-0.767983,-0.176152,0.405396,0.150686,-1.0
-0.786283,0.652238,0.524683,0.954535,-0.556339,0.603244,0.39306,0.886788,-0.256657,0.250895,-0.63534,0.157748,0.480595,-0.05966,-1.0
-0.806929,-0.130214,0.62422,0.199678,-0.201631,0.753789,0.591666,0.302191,-0.104215,0.539138,-0.229373,-0.370814,0.315213,0.458636,-0.959826
0.503006,0.040723,0.832932,0.050598,-0.324501,0.275687,0.798682,0.66305,-0.478978,0.414649,0.162056,-0.005011,-0.437383,0.080908,-1.0
-0.796448,0.238572,-0.112667,0.414239,0.033598,-0.652836,0.26925,0.299635,0.031354,-0.258669,-0.519354,0.525001,0.314862,-0.385223,-1.0
0.787937,0.292933,-0.800205,-0.43586,-0.481395,0.240696,0.870107,0.302025,-0.613774,0.38896,0.080271,0.052138,-0.518204,-0.058596,-1.0
0.164736,-0.321792,0.681466,0.004103,0.761581,-0.476361,0.625745,0.939509,0.480565,-0.308139,-0.391776,0.047846,0.552319,-0.097202,-1.0
0.57305,0.496618,-0.023432,-0.941318,0.983409,0.09528,0.361905,0.422671,0.297853,0.009222,-0.513823,0.465418,0.350501,-0.383288,-0.952162
0.558072,0.3282,0.218679,-0.555903,0.215855,-0.322804,0.959864,0.488835,0.422316,-0.57198,-0.051625,0.153445,-0.231207,-0.499139,-0.977787
0.851342,-0.17636,0.438925,0.144222,0.121312,0.608268,0.805615,0.566265,0.110922,0.670482,0.098441,-0.106278,-0.20596,0.375228,-1.0
-0.261142,0.147814,-0.297788,0.520278,-0.072752,-0.707157,0.585916,0.409631,-0.072775,-0.422804,-0.083301,0.425496,0.122194,-0.452107,-0.923139
0.809422,-0.599989,-0.0255,-0.359388,-0.281362,-0.097682,0.986841,0.758434,-0.799527,-0.248682,-0.056142,-0.012221,-0.50466,0.196218,-1.0
0.94005,0.467472,-0.941991,0.456551,-0.451743,0.764448,0.587979,0.21565,-0.237363,0.289612,0.314434,-0.100199,-0.496561,0.057683,-0.994475
-0.264338,-0.910666,0.768052,0.095903,-0.654256,0.316014,0.863386,0.448774,-0.627743,0.329517,0.007258,-0.139241,-0.177317,0.34101,-1.0
0.675033,-0.217388,-0.518664,-0.138499,0.168825,0.361245,0.495211,0.335077,0.167893,0.421827,0.378742,-0.363718,-0.307933,0.381087,-1.0
-0.584389,0.063443,0.723904,-0.791738,0.254032,-0.270847,0.074861,0.09329,-0.008061,-0.059289,-0.897223,0.359448,0.351752,-0.161078,-0.917805
0.886114,-0.997593,-0.697159,0.823066,0.433178,0.740792,0.464007,0.412264,0.316516,0.341248,0.159553,-0.515968,-0.032075,0.435364,-1.0
-0.687014,-0.709751,0.369718,-0.037991,-0.365033,0.740205,0.246891,0.232144,-0.030833,0.083496,-0.114141,-0.73064,0.125467,0.540109,-1.0
0.728789,0.838179,-0.77677,0.244124,0.507694,-0.202698,0.258508,0.744757,0.160518,-0.020034,0.122148,0.835111,-0.036061,-0.56453,-1.0
-0.90475,0.973348,-0.727202,-0.049243,0.271761,0.30721,0.891389,0.00153,0.476512,0.490712,-0.078159,0.163171,0.445493,-0.299117,-0.994879
-0.343119,-0.464602,0.920454,-0.460303,-0.33429,-0.30949,0.415275,0.747402,-0.238388,-0.227737,-0.018626,-0.592068,0.044268,0.4898,-0.89731
-0.382565,0.688289,0.597684,-0.849828,0.976259,0.788174,0.408529,0.103663,0.21943,0.20836,-0.586178,-0.070536,0.63925,0.080405,-0.913719
-0.399654,-0.327403,0.905607,0.952587,0.549426,0.124016,0.708347,0.8492,0.56308,0.07787,-0.199334,-0.03886,0.455485,0.228479,-1.0
-0.921956,-0.604852,-0.170342,-0.090178,-0.909931,0.466943,0.938713,0.52779,-0.666468,0.290848,0.06727,-0.004809,0.044081,0.540863,-1.0
-0.287815,-0.605071,-0.832798,0.98582,0.272405,0.787843,0.308906,0.282818,0.027701,0.246987,-0.171003,-0.648698,0.206147,0.395812,-1.0
0.792299,0.291287,-0.309872,-0.665932,0.591582,-0.359632,0.571661,0.046529,0.412927,-0.315363,0.225243,0.341866,-0.106528,-0.430825,-0.939682
-0.957445,0.548484,0.745556,-0.612105,-0.778587,0.31644,0.821609,0.632964,-0.549418,0.226825,-0.152551,0.200721,0.320583,-0.31102,-0.936151
-0.524773,-0.711017,-0.2605,-0.11546,-0.49838,0.152113,0.180369,0.097043,-0.179022,0.036502,-0.062294,-0.823697,0.087519,0.435305,-1.0
0.658813,0.608559,0.680221,0.147169,-0.25814,-0.19599,0.400982,0.248765,-0.360834,-0.296036,0.46095,0.469364,-0.355591,-0.374533,-1.0
-0.247678,-0.618116,0.021134,0.551227,0.548292,-0.665526,0.785277,0.958992,0.386552,-0.548463,-0.292572,0.028925,0.482539,0.053985,-1.0
-0.765271,-0.913991,-0.711158,-0.923674,0.569097,-0.183289,0.807115,0.607581,0.575446,-0.223897,-0.17624,-0.010329,0.399731,0.206678,-0.971124
0.056368,0.088667,-0.950262,-0.603974,0.36105,0.296341,0.554371,0.787037,0.244287,0.327705,-0.354324,-0.233846,0.387771,0.311029,-0.991303
0.127107,-0.142611,0.893976,-0.911741,-0.775258,-0.958493,0.748967,0.923422,-0.358115,-0.477809,0.170501,0.185474,-0.44258,-0.348554,-0.979427
0.232709,0.25779,0.059232,-0.174436,-0.616336,-0.91081,0.514495,0.80861,-0.176958,-0.344748,0.268275,0.358965,-0.277252,-0.385008,-0.965563
0.31391,0.711286,-0.4781,0.488493,0.918395,0.863207,0.951397,0.168049,0.571724,0.453949,0.004212,-0.070342,0.428756,0.154872,-1.0
-0.488308,0.970321,0.079969,0.882175,-0.445528,0.848868,0.845757,0.577457,-0.320659,0.610593,-0.002369,0.132266,0.205102,-0.49521,-1.0
0.413717,0.053193,0.076918,-0.369008,0.494455,0.869795,0.308143,0.191849,0.105594,0.201043,0.042272,-0.667513,-0.024925,0.509993,-1.0
-0.929553,0.587144,0.487407,-0.937966,-0.661132,-0.311501,0.620532,0.766976,-0.478884,-0.206442,-0.168582,0.3537,0.085323,-0.494178,-0.99026
0.824104,0.242516,-0.467647,-0.65661,-0.95887,0.350855,0.278176,0.653961,-0.243328,0.139043,0.740762,-0.091377,-0.521835,0.072795,-0.978119
-0.571084,0.60709,-0.373202,0.424669,-0.150766,0.975141,0.516809,0.522651,-0.067361,0.4487,-0.350029,-0.293578,0.376378,0.372677,-0.9853
-0.303028,-0.836014,-0.7703,-0.84696,0.824689,0.185736,0.889137,0.929128,0.698763,0.209942,-0.160077,-0.054515,0.38102,0.409492,-1.0
0.573468,-0.477155,0.717606,-0.306513,-0.213647,-0.282803,0.774515,0.193495,-0.464088,-0.558662,0.250756,0.017867,-0.388074,0.097335,-0.986964
0.822501,0.68847,-0.128992,0.741177,0.289015,0.347048,0.528502,0.102869,0.23992,0.348684,0.297532,0.283894,-0.442414,-0.258003,-1.0
0.877658,0.425847,0.82902,-0.697955,-0.106685,0.074584,0.760265,0.752771,-0.504638,0.32238,0.160575,0.009459,-0.479562,-0.15124,-0.9394
-0.512541,-0.30466,-0.813938,-0.846783,0.540596,0.598629,0.528553,0.928825,0.310547,0.351563,-0.369763,-0.33706,0.436442,0.263186,-0.97187
-0.687121,0.645332,-0.299474,-0.0276,-0.130495,0.002472,0.087595,0.570087,-0.040541,-0.024696,-0.548543,0.693522,0.264324,-0.461556,-1.0
-0.97486,0.398276,0.464854,0.825511,0.276618,-0.072489,0.779625,0.753675,0.581535,-0.155422,-0.155828,0.032604,0.477537,-0.21926,-0.948181
-0.656998,0.064826,-0.408751,-0.166936,0.057368,-0.504137,0.579124,0.403963,-0.020589,-0.396194,-0.261266,0.233796,0.345232,-0.290686,-0.931131
0.257842,0.006087,0.340344,-0.062844,0.635197,0.215386,0.346924,0.086916,0.306815,0.066858,-0.56955,-0.381309,0.510267,0.249986,-1.0
-0.917714,0.647586,0.900639,0.930539,0.463325,-0.240637,0.002323,0.40309,0.006176,-0.048461,-0.885095,0.55622,0.440862,-0.213931,-0.937286
-0.908473,-0.331736,-0.265038,0.373474,0.73442,0.576499,0.234678,0.10082,0.139068,0.083471,-0.663852,-0.392333,0.462384,0.265398,-0.926175
-0.747182,0.455828,0.846496,0.006672,0.082326,0.192531,0.493897,0.656317,0.188578,0.347012,-0.529296,0.116138,0.521936,-0.092988,-1.0
0.292073,0.713889,0.428629,0.622115,0.805241,-0.263576,0.054025,0.348105,0.023027,-0.010854,-0.433049,0.974485,0.229026,-0.409317,-0.978892
0.137796,-0.560618,0.876795,-0.64454,0.824664,0.249128,0.53685,0.950914,0.36275,0.114909,-0.269456,-0.312068,0.310174,0.391805,-1.0
-0.741403,0.822725,-0.364661,0.442145,0.712216,-0.977437,0.114341,0.882301,0.139017,0.029328,-0.506991,0.591646,0.300942,-0.458617,-0.984417
-0.618025,0.972719,0.253797,-0.261671,-0.586671,0.991003,0.013654,0.903951,-0.044494,-0.003567,-0.861119,-0.524749,0.545828,0.302465,-0.990042
-0.696987,-0.405736,-0.416052,0.125168,-0.062782,-0.970428,0.390265,0.596224,-0.034308,-0.262082,-0.417937,0.369236,0.344209,-0.244202,-0.965889
-0.672438,-0.669097,-0.647181,0.071082,0.585344,0.199737,0.831275,0.171161,0.626761,0.152553,-0.04776,-0.032411,0.391945,0.240834,-1.0
0.534382,0.869235,-0.368899,-0.110943,-0.330058,-0.331013,0.521849,0.134269,-0.283429,-0.287322,0.247506,0.444549,-0.335796,-0.480845,-0.980913
0.877121,0.654245,-0.16647,0.413177,0.059449,-0.3666,0.217037,0.045707,-0.048302,-0.199078,0.481299,0.542392,-0.235465,-0.430944,-1.0
0.47873,0.235243,0.168297,-0.726767,-0.830136,-0.320776,0.720935,0.995585,-0.575225,-0.222177,0.217196,0.069355,-0.356586,-0.225624,-1.0
0.277035,0.117885,0.303802,-0.992621,-0.973754,0.97825,0.149699,0.046968,-0.172946,0.032469,0.673386,-0.362805,-0.459416,0.239483,-0.959746
-0.90716,-0.08813,-0.056529,0.900984,0.769934,-0.707175,0.466438,0.410053,0.287978,-0.26277,-0.49204,0.162485,0.375385,-0.18091,-0.960712
0.130557,-0.961231,0.007829,-0.387823,0.07287,0.278792,0.789394,0.946844,0.19533,0.615347,-0.085994,-0.237434,0.019633,0.474296,-0.901321
-0.59087,0.527764,-0.580049,-0.033375,0.783944,0.055066,0.788672,0.634798,0.594138,-0.008756,-0.300548,0.055286,0.461763,-0.100182,-0.997737
0.74205,-0.276802,-0.548179,0.066272,0.133208,0.251165,0.904084,0.138179,0.294123,0.57333,-0.025879,-0.060788,-0.328269,0.326294,-1.0
-0.393589,-0.78127,0.884217,0.771885,-0.405639,-0.820059,0.74005,0.625373,-0.284672,-0.648356,0.053712,0.315142,-0.185663,-0.424704,-0.956003
0.306841,-0.879607,0.028596,-0.296096,-0.989107,-0.537018,0.334842,0.846698,-0.172382,-0.099661,0.530415,-0.109612,-0.508969,0.156999,-1.0
0.215601,0.416951,0.772027,-0.634899,-0.081657,0.623383,0.403681,0.71306,-0.031265,0.287046,0.500535,-0.300691,-0.408177,0.371373,-1.0
-0.214176,-0.328395,-0.652423,0.707107,-0.086042,-0.034193,0.128481,0.884732,-0.04297,0.021357,-0.375894,-0.853354,0.213104,0.468975,-1.0
-0.434608,0.390847,0.02273,0.499327,-0.740759,0.380967,0.630128,0.385299,-0.459049,0.166393,0.304872,0.147006,-0.504018,-0.073036,-1.0
0.556085,0.100759,-0.469275,-0.269137,-0.38133,0.608679,0.270184,0.782334,-0.102033,0.156958,0.699696,-0.343263,-0.485267,0.240079,-0.981777
-0.948996,-0.265433,0.348549,0.122688,-0.562333,0.930481,0.831274,0.974061,-0.29273,0.629869,-0.057613,-0.110196,0.079605,0.432429,-0.995723
-0.965121,0.433194,-0.611248,-0.536117,-0.329247,-0.301151,0.281377,0.559551,-0.187232,-0.115651,-0.401887,0.506133,0.294715,-0.325794,-0.909478
-0.103131,0.172858,-0.25659,-0.381255,-0.884617,0.07804,0.690152,0.374071,-0.582509,0.000486,0.280414,0.014078,-0.609762,-0.042247,-0.97926
-0.589885,0.070311,0.020718,0.459296,0.708007,0.210462,0.160527,0.893698,0.093941,-0.00091,-0.83908,-0.040246,0.47365,0.053229,-1.0
-0.706431,0.897153,0.901958,0.805682,0.989298,0.746657,0.231847,0.665704,0.210784,0.032432,-0.817787,0.036697,0.52107,-0.053426,-0.984608
-0.344701,-0.561704,0.958636,0.539247,0.722707,0.875198,0.487614,0.804684,0.2713,0.269943,-0.316771,-0.492453,0.343136,0.301078,-0.962946
-0.378553,-0.801841,-0.432355,0.987434,-0.957091,-0.806194,0.537927,0.01883,-0.276136,-0.261501,0.417031,-0.061809,-0.511986,-0.034675,-1.0
0.050644,0.523348,-0.578134,-0.549647,0.077821,-0.235574,0.403751,0.806319,0.12796,-0.295919,0.004348,0.669199,0.069368,-0.382308,-1.0
-0.645044,0.883538,-0.791457,0.235242,-0.930257,0.927723,0.581029,0.359678,-0.40298,0.281828,0.404411,-0.078407,-0.530595,0.006304,-1.0
-0.465137,0.794063,-0.536326,-0.651073,-0.322471,0.077923,0.493916,0.316451,-0.438394,0.033163,-0.114534,0.521826,0.088738,-0.38303,-0.990304
-0.002094,-0.387419,0.861672,-0.961997,0.147304,-0.948778,0.735885,0.737734,0.084435,-0.628023,-0.02676,0.302934,0.10599,-0.496409,-1.0
0.660237,0.363414,-0.451167,0.132998,-0.109555,-0.844474,0.123412,0.783092,-0.010449,-0.044673,0.565237,0.721478,-0.263445,-0.459194,-0.998884
0.990864,0.562595,0.230059,-0.457948,0.417233,-0.47705,0.328249,0.325598,0.21453,-0.163102,0.239218,0.482957,-0.278319,-0.398102,-0.974335
-0.834154,0.450861,0.214774,0.891936,-0.496119,-0.697197,0.891036,0.296393,-0.417561,-0.592941,0.001231,0.145014,0.142209,-0.504036,-1.0
-0.257659,0.907239,0.803386,-0.554113,0.126834,0.45892,0.557113,0.56602,0.07824,0.448906,-0.299242,0.332559,0.30154,-0.385817,-0.922455
-0.424671,-0.836236,-0.834265,0.456255,-0.461053,-0.327032,0.602148,0.889692,-0.378249,-0.263816,-0.040146,-0.371873,-0.05748,0.525767,-1.0
0.526849,-0.291638,-0.779989,-0.58248,-0.719552,0.480506,0.456167,0.180457,-0.276241,0.231607,0.459797,-0.263395,-0.403145,0.252889,-0.963267
0.573665,0.045589,0.712503,-0.364875,0.895236,-0.479438,0.286556,0.134594,0.268618,-0.186047,-0.369435,0.595373,0.273132,-0.467047,-1.0
-0.250238,0.426992,0.839518,0.100294,-0.26595,0.012503,0.140389,0.068609,-0.022618,-0.003235,-0.013481,0.808976,-0.05441,-0.559122,-1.0
-0.695548,-0.157253,0.042411,-0.925794,-0.073627,0.216785,0.651523,0.728591,-0.187892,0.523731,-0.254618,-0.20216,0.43912,0.252698,-0.959789
0.764275,-0.004071,0.196164,-0.127749,0.655804,0.16147,0.920041,0.169265,0.690773,0.065135,0.057741,-0.070262,-0.288261,0.411912,-1.0
-0.727098,0.964004,0.962646,-0.157,0.879029,0.028292,0.714945,0.529321,0.588077,0.080768,-0.287614,0.15485,0.442147,-0.275891,-0.957759
0.528693,0.88139,-0.939992,0.870272,0.437701,-0.282573,0.613343,0.636392,0.373884,-0.291702,0.029192,0.355024,-0.021767,-0.580244,-1.0
0.691516,-0.013455,0.968181,-0.510305,0.349356,0.5222,0.747583,0.361297,0.407849,0.519875,0.117178,-0.286136,-0.210698,0.334789,-0.957302
-0.764309,0.722355,0.495388,-0.657093,-0.876374,0.883126,0.878999,0.007654,-0.500157,0.525892,0.048325,-0.035868,-0.282692,0.386312,-1.0
0.584875,0.401453,0.423889,-0.25746,0.878755,-0.962124,0.317213,0.244258,0.203024,-0.14299,-0.152594,0.636236,0.150075,-0.486601,-1.0
0.240513,0.957053,0.09741,0.750928,0.167445,-0.508642,0.356813,0.364214,-0.018845,-0.259407,-0.003444,0.59926,-0.055401,-0.434602,-1.0
-0.002801,-0.001656,-0.73658,-0.373336,0.294602,0.411524,0.416223,0.76291,0.168772,0.267121,-0.293464,-0.403484,0.283217,0.373752,-0.99861
-0.039733,0.199677,0.579727,-0.694187,0.443804,0.590427,0.347283,0.793243,0.141209,0.1764,-0.376845,-0.438288,0.368238,0.328262,-1.0
0.104163,0.849165,-0.332074,-0.41055,-0.374339,-0.788321,0.135771,0.753857,-0.009058,-0.065147,0.28397,0.832815,-0.128144,-0.626127,-0.966691
0.860932,0.878829,0.35372,-0.371015,0.289509,0.263582,0.472244,0.371917,0.209129,0.231237,0.268875,0.370979,-0.380324,-0.463933,-1.0
0.468686,0.611375,0.979235,-0.606154,-0.111209,0.695064,0.989282,0.739146,-0.190874,0.894457,-0.002914,0.023735,-0.449609,0.01466,-0.872608
0.24088,-0.127994,0.149972,0.473149,-0.82392,0.447821,0.072486,0.618664,-0.037073,0.018532,0.645277,-0.45208,-0.465411,0.224835,-1.0
0.442091,-0.412269,0.649659,0.537583,0.331706,-0.126978,0.701457,0.03753,0.498575,-0.168652,0.092387,-0.280719,-0.057023,0.504261,-0.983391
0.152458,-0.807923,0.478625,0.217053,-0.857681,-0.729083,0.816225,0.553129,-0.588803,-0.351398,0.200474,-0.014647,-0.565354,-0.084023,-1.0
-0.988955,-0.65781,0.56701,-0.960833,0.374254,0.915225,0.949752,0.660508,0.212941,0.765289,-0.081231,-0.052797,0.347842,0.39563,-1.0
0.748719,0.399133,0.847801,-0.280498,-0.558563,0.663788,0.691958,0.412584,-0.28676,0.491727,0.262624,-0.159968,-0.461988,0.09357,-1.0
-0.185881,-0.418219,0.504436,-0.074383,0.253628,-0.053167,0.904555,0.279119,0.753667,-0.174528,-0.002758,-0.085441,0.377336,0.301367,-0.9713
0.662571,0.126027,0.909013,0.417692,-0.66665,-0.670247,0.257159,0.975911,-0.142508,-0.120403,0.69761,0.372922,-0.398942,-0.233187,-0.852129
0.275614,-0.361125,0.682664,-0.85224,0.243139,0.710784,0.569393,0.635709,0.087709,0.399401,-0.026314,-0.489583,-0.140764,0.536522,-1.0
0.306695,0.730265,-0.620904,0.155499,0.309835,-0.161867,0.847474,0.878445,0.607173,-0.358197,0.023569,0.129487,0.036229,-0.482386,-0.949627
0.807359,0.79893,-0.02344,0.500129,-0.748573,0.022182,0.207607,0.61422,-0.15683,-0.002544,0.740972,0.435509,-0.491259,-0.303297,-0.984302
-0.945832,-0.945884,0.37477,-0.205579,0.072496,0.335882,0.989862,0.42171,0.133603,0.714695,0.038357,-0.033646,0.398484,0.379198,-1.0
-0.031752,-0.456829,0.231466,-0.170975,0.642199,-0.726038,0.109209,0.924128,-0.003804,-0.144051,-0.893016,0.358178,0.493253,-0.199787,-0.956627
-0.495929,-0.930547,-0.458988,0.394083,-0.72316,0.486036,0.186169,0.145705,-0.170493,0.021363,0.17296,-0.738207,-0.160956,0.566373,-0.970129
-0.489328,0.945166,-0.239664,-0.995582,-0.968647,-0.438905,0.073922,0.441303,-0.035499,-0.072644,0.27186,0.814334,-0.1842,-0.502301,-1.0
-0.371375,-0.722178,0.923066,0.01143,-0.270161,0.310466,0.707806,0.719328,-0.359374,0.400992,-0.034883,-0.249535,0.082163,0.425135,-0.936846
-0.950148,-0.375631,-0.846181,-0.068048,0.318578,-0.745236,0.586131,0.674537,0.089618,-0.468983,-0.405587,0.157481,0.483264,-0.148686,-1.0
-0.79174,0.489424,0.288181,-0.400252,-0.128134,0.314823,0.904878,0.200091,-0.261576,0.66759,-0.064242,-0.066128,0.513321,-0.207871,-0.959071
0.829135,0.749209,-0.235696,-0.765221,-0.141401,-0.562844,0.921159,0.209074,-0.19874,-0.611243,0.032636,0.090325,-0.206592,-0.420265,-0.987608
-0.140463,-0.303044,0.667024,-0.314229,-0.996921,-0.681885,0.661012,0.65867,-0.413786,-0.360904,0.296227,0.141855,-0.486173,-0.356685,-1.0
-0.273594,-0.329128,0.03719,-0.634344,-0.86553,0.045625,0.151471,0.549154,-0.150024,0.028604,0.768542,-0.501619,-0.411412,0.287064,-0.97022
0.200667,0.814386,-0.456844,0.395491,-0.806776,0.740042,0.56342,0.654052,-0.350744,0.317532,0.481809,-0.032117,-0.484583,0.013354,-0.977364
-0.375511,-0.175827,-0.17785,-0.316283,0.914869,0.55642,0.065064,0.453352,0.13969,0.151644,-0.831267,-0.402014,0.39892,0.302286,-0.972643
-0.995649,0.07271,0.546275,-0.198722,0.663181,-0.423779,0.730608,0.980016,0.524952,-0.401184,-0.214923,0.063681,0.494879,-0.143992,-0.987533
0.942971,0.160615,-0.598449,-0.507177,0.965769,0.905052,0.688626,0.008945,0.312909,0.431159,-0.011868,-0.282126,0.027434,0.561806,-1.0
-0.58717,0.492196,-0.222205,-0.346451,0.90023,-0.308455,0.305008,0.025433,0.30483,-0.112888,-0.713445,0.399627,0.456221,-0.22101,-0.963582
0.136072,-0.27975,0.877518,-0.513624,0.474552,-0.801748,0.008855,0.110831,-0.011718,-0.026355,-0.551801,0.869348,0.290186,-0.433914,-0.930339
0.228599,-0.204948,0.304083,0.529148,-0.735577,-0.747149,0.639179,0.966151,-0.33586,-0.365511,0.328641,0.180628,-0.479383,-0.297179,-0.967864
0.025554,-0.289268,-0.406904,0.740999,0.816128,-0.08492,0.155521,0.753683,0.100597,-0.020517,-0.805574,-0.210591,0.467622,0.123176,-0.927521
0.643088,-0.080135,0.209238,-0.038287,-0.29206,-0.473443,0.067304,0.291111,-0.08507,-0.073972,0.937421,0.35688,-0.517055,-0.17434,-1.0
0.33634,-0.10548,-0.632859,0.929721,0.173579,0.696186,0.305647,0.080946,0.093278,0.21034,0.178551,-0.568891,-0.103641,0.529443,-1.0
-0.999906,0.820279,-0.580693,0.306066,0.666839,0.499895,0.399469,0.537408,0.282735,0.155807,-0.541508,0.125382,0.482985,-0.00339,-1.0
0.25372,-0.181737,0.247302,0.084467,0.228505,-0.201204,0.608114,0.869464,0.34925,-0.49242,0.325235,0.222885,-0.448063,-0.261266,-1.0
0.395805,0.619371,0.773693,-0.7053,0.720205,-0.575283,0.782824,0.028887,0.472719,-0.37539,0.008234,0.201619,0.151043,-0.491015,-1.0
0.755047,0.23564,0.045708,-0.331636,-0.172262,0.03707,0.786126,0.129517,-0.676222,0.087949,0.265708,0.002648,-0.59895,-0.055738,-0.979452
0.252499,-0.484387,0.281582,-0.846996,-0.887868,-0.313974,0.776898,0.059932,-0.563152,-0.153179,0.24568,-0.084826,-0.535739,0.025934,-0.936938
-0.79786,-0.24766,0.384664,-0.256633,-0.057646,-0.961159,0.683223,0.245239,-0.056395,-0.547322,-0.239732,0.322062,0.246344,-0.33619,-1.0
0.963399,0.641562,-0.673202,-0.481318,0.102398,0.112865,0.118308,0.076334,0.135236,0.080522,0.714623,0.527111,-0.331021,-0.188945,-0.932289
-0.729146,-0.680896,0.952234,0.126641,0.70854,-0.97204,0.095741,0.477314,-0.033894,-0.088252,-0.924279,0.12002,0.489365,-0.096821,-1.0
-0.701932,-0.263588,-0.923003,-0.678068,0.395957,-0.640785,0.711029,0.870171,0.253797,-0.533855,-0.265368,0.084683,0.458354,-0.118153,-0.999521
0.277573,0.895693,-0.60475,-0.657494,-0.674811,0.272026,0.691103,0.759484,-0.531036,0.128056,0.239038,0.14928,-0.488325,-0.271545,-1.0
-0.68676,-0.762003,0.358693,0.13811,-0.535431,0.589124,0.485337,0.101409,-0.242013,0.237197,0.021917,-0.457171,0.030237,0.372514,-0.994491
0.154536,-0.112642,0.945248,0.036623,-0.218073,-0.701782,0.878763,0.265975,-0.231479,-0.665151,0.117936,0.084731,-0.282313,-0.416743,-1.0
-0.066951,-0.312172,-0.606863,0.821016,-0.986468,-0.395749,0.305043,0.406478,-0.186986,-0.070448,0.631047,0.123431,-0.420174,-0.030027,-0.957496
0.649573,-0.420396,0.256074,-0.740732,0.971667,-0.962139,0.3562,0.054966,0.174864,-0.182245,-0.389301,0.438146,0.226205,-0.344454,-0.937413
0.998892,-0.350435,-0.39939,-0.337925,0.32339,0.167269,0.961327,0.077304,0.643531,0.303571,0.045111,0.032122,-0.406475,0.256281,-1.0
0.153972,-0.794399,0.116289,0.842243,0.221632,0.776316,0.257491,0.56055,-0.000173,0.213839,-0.045464,-0.712749,0.037856,0.513424,-0.944031
0.279175,-0.341584,-0.233544,0.272249,-0.46305,0.234351,0.872088,0.123303,-0.685897,0.353817,0.114593,-0.042278,-0.441129,0.292474,-0.968836
0.182429,-0.745105,0.439105,0.412214,-0.692283,0.620162,0.671917,0.636231,-0.432954,0.322279,0.07702,-0.209572,-0.308821,0.35639,-0.992581
0.910713,-0.68066,-0.773878,-0.577031,0.718459,0.912335,0.009368,0.365204,-0.02763,-0.028768,0.073425,-0.923185,-0.028218,0.402586,-1.0
-0.925812,-0.718426,-0.595042,0.296258,0.603237,0.65807,0.616593,0.945564,0.343479,0.330571,-0.297323,-0.284758,0.417783,0.408161,-0.935707
0.312833,-0.789699,-0.479021,-0.029665,0.947867,-0.499405,0.313966,0.92853,0.177714,-0.140553,-0.571389,-0.294725,0.492087,0.287024,-0.915792
0.622672,-0.602031,-0.202829,0.540799,0.439606,-0.464595,0.315751,0.012169,0.241104,-0.253062,0.489367,-0.421437,-0.402735,0.249771,-1.0
-0.938644,-0.615075,0.322607,0.929625,0.552294,-0.532176,0.2751,0.513715,0.239968,-0.116623,-0.701326,-0.042246,0.518857,-0.035044,-1.0
0.800845,0.990634,-0.496141,0.640318,0.237862,-0.051338,0.834397,0.816851,0.669082,-0.153513,0.152084,0.12134,-0.159764,-0.484099,-0.967557
0.220393,-0.950001,0.768165,0.42268,-0.601792,0.606254,0.435286,0.927791,-0.178481,0.23505,0.248443,-0.449234,-0.198078,0.440506,-1.0
0.320368,-0.50653,-0.755634,0.197656,-0.957869,-0.294078,0.100673,0.340285,-0.081084,-0.01333,0.918111,-0.179066,-0.545475,0.10385,-0.999547
-0.145419,-0.275923,0.334641,0.517142,0.409157,0.702391,0.840384,0.9943,0.365831,0.556501,-0.059438,-0.146829,0.23831,0.398543,-1.0
0.139882,0.388794,-0.335642,-0.383183,0.104825,-0.376146,0.581459,0.148445,0.223518,-0.388928,-0.056411,0.321278,-0.099076,-0.531332,-1.0
-0.209683,-0.158298,-0.127852,-0.111591,-0.288267,0.184517,0.638067,0.927317,-0.363346,0.306471,0.0053,-0.33181,-0.179843,0.37453,-0.935044
0.964367,-0.069827,-0.171142,-0.619966,0.224713,0.825804,0.229833,0.87994,0.123319,0.143671,0.515542,-0.662378,-0.400086,0.308696,-1.0
0.541933,0.266528,-0.694991,0.177415,-0.547867,0.228531,0.207606,0.987113,-0.188523,0.045274,0.814918,0.124061,-0.501362,0.05643,-1.0
-0.65752,0.189114,0.408564,0.610462,0.609491,0.084403,0.246933,0.795735,0.181218,0.058822,-0.694398,0.089906,0.511284,-0.038067,-0.984039
0.436008,0.847623,0.712539,0.068091,-0.040697,-0.026816,0.119995,0.01386,-0.149763,-0.093651,0.4612,0.811253,-0.199301,-0.401905,-1.0
-0.378329,0.78354,-0.387215,0.740261,0.283961,-0.061959,0.851526,0.104299,0.682032,-0.033163,-0.11282,0.112278,0.239327,-0.466976,-1.0
-0.644908,-0.097237,-0.894037,-0.105899,-0.788194,0.006816,0.290923,0.744854,-0.167272,-0.097015,0.599302,-0.485568,-0.33908,0.311302,-1.0
0.486657,0.456647,-0.434501,0.139966,-0.047654,0.045201,0.423962,0.665952,-0.246458,0.246552,0.472738,0.327533,-0.413035,-0.212299,-1.0
-0.603684,-0.694585,0.443274,0.323698,-0.120203,0.444012,0.440955,0.854615,-0.065631,0.356468,-0.280823,-0.463291,0.191264,0.52224,-1.0
0.224452,-0.911357,0.908267,-0.673584,0.725258,-0.704252,0.724802,0.298009,0.419562,-0.407801,-0.228894,-0.107439,0.443725,0.272836,-0.990914
-0.987578,0.974624,0.539151,0.922876,-0.14245,0.884788,0.967554,0.134754,-0.188607,0.798191,0.043463,0.027685,0.529339,-0.01297,-0.935262
-0.202978,-0.869874,-0.982767,-0.108253,-0.195728,0.700932,0.87532,0.723806,-0.257791,0.645323,-0.058772,-0.089647,0.009052,0.567648,-1.0
-0.358929,-0.304058,0.922602,0.02407,0.539416,0.141511,0.143001,0.339307,0.188851,0.015986,-0.85719,-0.383443,0.459139,0.230942,-0.936138
-0.999002,-0.03289,-0.953822,0.0301,-0.158395,-0.3538,0.487815,0.720702,-0.203225,-0.318283,-0.514376,0.148841,0.426844,-0.162966,-1.0
-0.156438,0.140745,0.254705,-0.456681,-0.462754,-0.902117,0.116632,0.98704,-0.022211,-0.105928,0.347358,0.844209,-0.079561,-0.431168,-1.0
0.1517,0.620248,-0.29945,0.094437,-0.373494,0.587653,0.786618,0.279814,-0.371737,0.516404,0.209069,-0.002988,-0.506441,0.065157,-1.0
0.329412,-0.980767,-0.359046,-0.425241,-0.216546,0.067194,0.199124,0.102288,-0.126713,0.114484,0.380061,-0.642639,-0.157661,0.483321,-1.0
-0.429709,-0.277037,-0.328431,0.875269,0.091026,0.628843,0.963662,0.792054,0.092627,0.755358,-0.013823,-0.04341,0.305371,0.472622,-0.966155
-0.830581,-0.776998,-0.774305,-0.352147,-0.483837,0.690538,0.283165,0.196417,-0.128735,0.176588,-0.120621,-0.684442,0.085837,0.44618,-0.979608
-0.90475,0.782996,0.44635,0.991586,-0.537147,0.942787,0.97641,0.945558,-0.380603,0.719009,-0.049691,-0.032832,0.453014,0.152004,-0.999781
0.622459,-0.337227,-0.362867,-0.473468,0.169404,0.631182,0.874177,0.169048,0.132965,0.697962,0.077644,-0.040424,-0.188548,0.397738,-0.991798
0.725889,0.6219,0.939525,0.208039,-0.307349,-0.976559,0.126383,0.058723,-0.064893,-0.122744,0.379968,0.718529,-0.277141,-0.430899,-0.924311
-0.17465,-0.147987,-0.420454,0.682382,0.929561,0.495877,0.999995,0.813933,0.688753,0.363738,-0.105341,0.031763,0.451075,0.213413,-1.0
0.722822,0.485117,-0.535087,0.676086,-0.931096,-0.539182,0.608638,0.095105,-0.40947,-0.231106,0.228364,0.264846,-0.389856,-0.218896,-0.939393
-0.756797,0.274161,0.383986,0.112588,0.746667,-0.673563,0.038581,0.651661,0.026412,-0.019228,-0.789949,0.547133,0.482077,-0.261153,-1.0
-0.118846,-0.873059,0.071804,-0.802114,0.468133,-0.150478,0.944354,0.024411,0.715221,-0.336521,-0.006928,-0.030257,0.202661,0.422693,-1.0
-0.231608,0.486502,-0.319473,-0.82669,-0.965366,0.817669,0.811384,0.450889,-0.465136,0.444025,0.142055,-0.063567,-0.523714,0.26837,-0.99401
0.727444,-0.403055,0.703677,0.810611,0.50799,0.340167,0.266917,0.064425,0.294221,0.150563,0.127966,-0.721112,-0.145038,0.486507,-1.0
0.334275,-0.475662,0.863322,-0.212217,-0.990893,-0.918493,0.123691,0.298452,-0.005893,-0.106178,0.871294,0.343242,-0.460682,-0.114666,-0.99202
-0.711961,0.242189,-0.073148,0.245657,-0.649979,0.169938,0.593667,0.391313,-0.45045,0.120534,-0.264741,0.248418,0.400185,-0.457475,-0.99332
0.766831,0.103782,0.937972,-0.326227,0.320975,-0.182457,0.529514,0.463902,0.35623,-0.209934,0.374084,0.246941,-0.42733,-0.275266,-0.929373
-0.594411,-0.526606,0.124953,-0.014213,0.307193,0.212649,0.594854,0.923105,0.445316,0.237442,-0.212919,-0.236423,0.35401,0.407192,-1.0
-0.197266,-0.481157,0.581526,0.177163,0.645742,-0.087352,0.383182,0.537271,0.349177,-0.084197,-0.625045,-0.344259,0.423858,0.211718,-1.0
0.843129,-0.625322,-0.572254,-0.279478,0.205321,-0.882786,0.625682,0.170771,0.083405,-0.491113,0.253695,0.199174,-0.465123,-0.138002,-1.0
0.6311,0.210822,-0.757825,-0.362904,0.047458,0.835875,0.704288,0.756809,0.112302,0.603584,0.177204,-0.206311,-0.373914,0.370375,-1.0
-0.829924,0.242951,-0.945362,0.79392,0.716472,0.24494,0.965561,0.264675,0.678297,0.269629,-0.047913,0.042681,0.493189,0.02201,-1.0
-0.848633,0.386019,0.277284,0.216996,0.586876,-0.220767,0.854632,0.692924,0.673093,-0.305672,-0.069046,0.048528,0.437258,-0.24381,-0.984332
-0.527014,0.934291,-0.160092,-0.828692,0.602751,0.254081,0.665408,0.400568,0.551989,0.207651,-0.242636,0.172827,0.424177,-0.2806,-1.0
0.440331,0.264772,-0.904181,0.838487,0.109068,0.411353,0.164474,0.340889,-0.054735,0.105421,0.734529,-0.42111,-0.474143,0.272699,-0.983919
-0.640402,0.928085,-0.746569,-0.612188,0.965759,-0.687407,0.409717,0.261949,0.311571,-0.197772,-0.39577,0.452394,0.399749,-0.358974,-1.0
-0.294367,-0.789085,0.09274,0.678263,0.613866,-0.624964,0.582815,0.117216,0.291584,-0.389453,-0.45868,-0.049549,0.504658,0.058798,-1.0
-0.277024,0.831927,0.416994,-0.650879,0.807253,-0.783558,0.266576,0.520659,0.200855,-0.18366,-0.519701,0.619019,0.287724,-0.396472,-1.0
-0.252718,-0.625506,0.894836,0.418257,0.098486,0.537976,0.963793,0.984394,0.206215,0.773712,0.034756,0.023907,0.126503,0.550532,-1.0
-0.381311,-0.629536,0.030569,-0.233325,0.472111,0.158291,0.136066,0.595872,0.169301,-0.13831,-0.597189,-0.547968,0.39074,0.342285,-0.941529
-0.033328,0.468197,0.781929,0.473761,-0.753107,-0.861879,0.109389,0.659535,-0.08734,-0.064458,0.443958,0.896786,-0.193243,-0.424765,-1.0
-0.532557,-0.128198,0.769272,-0.126134,0.588876,0.11567,0.90889,0.734242,0.738737,0.082813,-0.063218,-0.108381,0.457233,0.14473,-1.0
-0.149946,-0.504455,0.745753,-0.563949,-0.987074,0.08173,0.190186,0.257842,-0.137594,-0.013544,0.637885,-0.418043,-0.372576,0.263435,-1.0
0.903872,0.130697,0.340662,-0.42783,0.440396,-0.756225,0.17565,0.353569,0.075297,-0.178223,0.377595,0.77165,-0.291072,-0.541179,-1.0
-0.064406,0.468211,0.243492,-0.888505,0.221542,-0.999404,0.135533,0.718193,-0.001063,-0.129935,-0.12179,0.90138,0.085681,-0.475136,-1.0
0.380321,-0.535839,-0.295957,0.179145,0.895212,0.883777,0.793773,0.852449,0.42022,0.450098,-0.142257,-0.147668,0.194712,0.528303,-0.982835
-0.22127,0.730412,-0.37833,0.798094,0.622162,-0.721451,0.678994,0.583304,0.370842,-0.372173,-0.203439,0.299354,0.135887,-0.438373,-0.908485
-0.921712,-0.040549,0.953426,-0.97906,0.163511,-0.215847,0.923648,0.696621,0.43821,-0.55369,-0.047721,0.065843,0.516846,-0.038502,-1.0
0.454384,0.695899,-0.904679,-0.343412,0.582793,-0.57293,0.84497,0.057676,0.420736,-0.431728,-0.048564,0.079256,0.043731,-0.465376,-0.949333
0.196116,-0.468028,-0.096994,-0.177879,0.067295,0.722321,0.044964,0.311075,-0.078131,0.060246,0.083545,-1.0,-0.089287,0.473015,-1.0
-0.61274,-0.883263,0.41317,0.173524,0.77031,-0.757672,0.760946,0.592098,0.455002,-0.384052,-0.214659,-0.083391,0.528802,0.025355,-1.0
-0.222532,0.949242,-0.344432,-0.67818,-0.244872,-0.420197,0.049308,0.105487,-0.045198,-0.023592,0.020878,0.971673,-0.05268,-0.487462,-0.924537
0.567834,-0.490012,-0.809587,-0.526759,-0.589072,0.376228,0.555214,0.133103,-0.393348,0.17598,0.301659,-0.309583,-0.459756,0.332152,-1.0
0.688748,0.307518,-0.049826,-0.099065,0.192897,0.719704,0.176424,0.27218,0.068627,0.153961,0.629405,-0.519776,-0.411189,0.252832,-0.960057
-0.330221,-0.652523,0.40196,-0.437567,0.378723,-0.020087,0.097191,0.060598,0.119313,0.000173,-0.655149,-0.655784,0.399535,0.370348,-0.982
-0.293582,-0.858701,0.294742,-0.274841,0.829115,0.052433,0.926411,0.724302,0.767528,0.06367,-0.043501,-0.007979,0.336774,0.320242,-0.938853
-0.045997,-0.389837,-0.899168,-0.487604,-0.657946,0.979463,0.142386,0.439438,0.007507,0.091502,0.275316,-0.833753,-0.213946,0.391101,-1.0
0.089623,-0.62142,0.672114,0.623157,-0.152576,0.787014,0.012372,0.617024,-0.03773,0.088726,0.092028,-0.99344,-0.070631,0.523818,-0.946101
0.360583,0.904464,-0.759095,-0.1027,0.048991,-0.199955,0.854719,0.867521,0.14569,-0.62004,0.116719,0.138228,-0.128803,-0.520262,-1.0
-0.499103,-0.13596,0.669583,-0.810202,-0.069127,0.08886,0.13012,0.72288,-0.053523,0.094208,-0.719911,-0.478066,0.435167,0.185756,-0.99383
-0.674171,0.586056,0.073974,0.340832,-0.929831,-0.396218,0.061449,0.16728,-0.06778,-0.10502,0.28821,0.923566,-0.070448,-0.404438,-1.0
-0.270627,-0.019275,0.226951,0.355993,-0.03315,0.578403,0.007639,0.932801,-0.060603,0.083765,-0.320112,-0.925969,0.215383,0.486606,-1.0
-0.593925,-0.019554,-0.611117,0.122867,0.944816,-0.392079,0.256834,0.610513,0.137622,-0.082127,-0.770459,0.216658,0.460319,-0.085314,-0.996079
-0.109911,0.102491,-0.310503,0.752008,-0.315267,0.68489,0.513965,0.216351,-0.194808,0.405172,0.243232,-0.455435,-0.214915,0.482409,-0.996243
0.406388,0.698853,-0.280155,-0.098514,0.321233,0.79953,0.966362,0.4543,0.335801,0.751456,0.050923,-0.054436,-0.348071,0.320834,-1.0
0.73948,0.915238,-0.665665,-0.195326,0.999607,-0.206524,0.604906,0.765093,0.467028,-0.128045,-0.130249,0.286518,0.113056,-0.461257,-1.0
-0.52871,-0.796653,-0.874302,-0.344744,-0.056659,0.968605,0.262697,0.015555,-0.009631,0.270078,-0.190859,-0.719392,0.07613,0.432435,-0.968013
0.522069,0.125683,0.12436,-0.144913,-0.383156,0.265608,0.893558,0.902315,-0.554915,0.428859,0.141142,0.16487,-0.534915,0.086869,-1.0
0.564753,0.212005,-0.431382,-0.315959,0.495532,0.105089,0.674988,0.893884,0.487239,0.112144,0.117886,0.23657,-0.240115,-0.488474,-0.94771
0.311653,0.413097,-0.33334,-0.405918,0.101449,-0.277237,0.799454,0.910346,0.204097,-0.655341,0.168379,0.148441,-0.137101,-0.540809,-0.973476
-0.80915,0.619571,-0.18972,0.098568,-0.585436,-0.745831,0.553978,0.667644,-0.325592,-0.428457,-0.031277,0.395338,0.037594,-0.551945,-0.959537
-0.293836,-0.672121,-0.514384,0.023188,-0.618078,-0.627673,0.186929,0.795472,-0.085475,-0.021397,0.844308,-0.070766,-0.491175,0.094758,-0.939673
-0.564446,0.920018,0.92719,0.761355,-0.612805,0.335002,0.18637,0.990806,-0.139993,0.134445,0.032933,0.841565,-0.096012,-0.562954,-0.98255
-0.659618,0.475368,0.112666,-0.356257,-0.197812,-0.728952,0.639232,0.718134,-0.097674,-0.540399,-0.132088,0.256461,0.10288,-0.468672,-0.972301
0.558456,0.489097,-0.224113,-0.417467,-0.041403,-0.270389,0.65272,0.527784,-0.112949,-0.498658,0.252302,0.300256,-0.279647,-0.402628,-1.0
-0.411502,0.50042,-0.438971,-0.454506,0.717166,-0.910578,0.005045,0.453941,-0.042914,-0.040739,-0.640814,0.715911,0.243479,-0.375039,-0.976352
-0.604334,-0.284382,0.404243,-0.878459,-0.993203,0.521157,0.251276,0.003318,-0.166852,0.160447,0.360904,-0.606746,-0.18063,0.440959,-1.0
-0.935324,0.260201,-0.64415,-0.779249,0.186242,-0.202129,0.388893,0.919432,0.14278,-0.23234,-0.543575,0.287018,0.45192,-0.211096,-1.0
0.392633,0.667485,0.328183,-0.22625,0.701677,-0.690166,0.113657,0.559086,0.093932,-0.115023,-0.147405,0.906952,0.069352,-0.443947,-0.987151
-0.301029,-0.449563,-0.640135,0.678105,0.109615,-0.352325,0.510219,0.908861,0.166243,-0.389968,-0.469746,-0.184913,0.343095,0.149601,-0.983397
-0.251371,0.329348,0.123001,-0.46302,0.567995,0.703774,0.631881,0.316497,0.316763,0.413194,-0.236389,-0.185906,0.491713,0.224758,-0.993606
0.811463,0.792076,0.948943,0.998389,0.706485,-0.857662,0.057258,0.004863,0.100289,-0.100348,0.064168,0.945168,0.020018,-0.456641,-0.930488
0.928003,-0.716953,-0.693311,0.123768,-0.827768,-0.282003,0.897736,0.609637,-0.783814,-0.113298,0.141554,-0.08368,-0.507637,0.110721,-0.946527
-0.492164,-0.889827,0.917487,0.042064,-0.411341,0.072066,0.939811,0.731844,-0.718475,0.116929,0.070377,0.007027,0.029127,0.548879,-0.976574
-0.2958,0.651989,-0.538833,-0.566706,-0.379766,-0.323427,0.185334,0.580666,-0.154682,-0.153514,0.071478,0.802284,-0.065516,-0.549756,-0.989448
0.04029,0.73871,0.242697,-0.531089,0.844296,0.329812,0.163177,0.016782,0.09952,0.05245,-0.862029,0.304798,0.553781,-0.235994,-1.0
0.355765,-0.293235,-0.941563,0.240325,-0.269113,-0.174984,0.80895,0.784689,-0.638747,-0.383908,0.101222,-0.064849,-0.461494,0.08863,-0.992235
-0.838053,-0.018908,0.464074,0.738029,0.688047,0.78834,0.446546,0.117503,0.361639,0.263833,-0.410412,-0.305088,0.450065,0.197493,-0.945121
-0.620191,-0.284034,0.206083,-0.117143,-0.510109,0.909666,0.473269,0.418153,-0.209613,0.39417,-0.053327,-0.62348,-0.006773,0.446025,-0.979679
-0.317222,-0.59386,-0.87414,0.319932,-0.587654,0.768262,0.466519,0.345888,-0.289126,0.241991,0.110675,-0.551093,-0.124261,0.461182,-0.913456
-0.302439,0.902515,0.346568,-0.45536,-0.597606,-0.389681,0.286633,0.99151,-0.236108,-0.107645,0.171618,0.619601,-0.096081,-0.539232,-1.0
0.460145,0.966391,0.278416,0.914123,-0.116049,0.213672,0.767592,0.804947,-0.298016,0.555963,0.140307,0.251052,-0.35413,-0.398014,-0.949618
0.101498,-0.581721,0.569107,-0.838647,0.928877,-0.708577,0.874725,0.122242,0.546011,-0.435698,-0.04637,0.016051,0.424469,-0.039517,-1.0
-0.155747,-0.027928,-0.246039,-0.115212,-0.890171,-0.974279,0.479687,0.606934,-0.263184,-0.285601,0.322505,0.374565,-0.24636,-0.358219,-0.95669
-0.361846,-0.12695,0.734956,0.452611,0.344821,0.256032,0.227672,0.255937,0.142885,-0.013023,-0.660457,-0.43545,0.410456,0.3448,-0.974051
0.643389,0.500176,-0.253457,-0.850111,-0.670245,-0.282643,0.392507,0.644339,-0.333926,-0.177532,0.573092,0.294845,-0.425763,-0.294415,-0.987773
-0.035306,-0.547618,0.623578,-0.552814,0.964017,-0.11491,0.160082,0.471801,0.108247,0.069032,-0.760283,-0.408508,0.454755,0.194194,-1.0
-0.200882,-0.726632,-0.659092,-0.050635,-0.912297,-0.149201,0.351774,0.446964,-0.266179,-0.025402,0.588666,-0.427485,-0.30398,0.281882,-1.0
-0.518383,-0.815925,0.159253,-0.102023,0.974537,-0.859761,0.84672,0.265028,0.491814,-0.425505,-0.217763,0.063591,0.419211,0.085449,-0.975966
-0.188854,0.550508,-0.77076,0.89254,0.64751,-0.326656,0.164432,0.67396,0.088472,0.006285,-0.616809,0.582418,0.346696,-0.281277,-1.0
0.512275,-0.223349,-0.142155,0.668967,-0.071069,-0.906004,0.888954,0.790468,0.00328,-0.704324,0.076823,0.150846,-0.331857,-0.330606,-1.0
0.95183,0.906643,-0.203622,-0.091672,0.487261,0.030104,0.117075,0.225043,-0.01454,0.016761,0.356244,0.803045,-0.272192,-0.393923,-0.97568
0.28647,0.212509,0.536383,-0.725191,0.013504,0.136406,0.274374,0.178398,0.032377,0.219468,0.698339,0.193871,-0.510873,-0.117717,-1.0
0.904832,0.384233,-0.019379,0.039383,0.050135,-0.227731,0.293015,0.083289,0.043278,-0.239461,0.589913,0.489654,-0.420438,-0.358932,-1.0
0.13815,0.898641,0.089892,0.771614,-0.605629,-0.031831,0.413384,0.369011,-0.245081,0.030156,0.479942,0.393647,-0.426075,-0.395088,-1.0
0.49695,-0.980403,0.912068,-0.455948,0.868982,0.012917,0.949148,0.498085,0.848503,0.026759,-0.014946,-0.08082,0.147227,0.368601,-1.0
0.661198,0.408409,0.094077,-0.778389,0.962382,-0.895475,0.897275,0.477233,0.582012,-0.493617,-0.018114,0.090209,0.119068,-0.516273,-0.956829
-0.155555,0.260755,0.255806,-0.81288,0.341226,-0.012849,0.189156,0.444169,0.084115,-0.026901,-0.674692,0.349974,0.454585,-0.172445,-1.0
-0.747499,0.091504,-0.581136,0.25262,0.118791,0.037429,0.268177,0.408517,0.269558,0.100672,-0.753359,0.062365,0.440442,-0.107625,-1.0
0.794063,-0.732653,0.107206,-0.045898,0.772735,-0.336556,0.09819,0.364333,0.107812,0.022382,0.111223,-0.931124,-0.015078,0.510807,-0.926409
-0.740358,0.487316,-0.594869,-0.300558,0.140897,-0.040212,0.602061,0.350818,0.483838,-0.175057,-0.328524,0.219665,0.448502,-0.231097,-1.0
-0.681902,-0.111318,0.889967,-0.18441,0.233592,-0.566673,0.022221,0.201564,0.068982,-0.012938,-0.879218,0.371435,0.478446,-0.28703,-0.97262
0.797562,-0.972513,0.860637,-0.940885,0.885262,-0.066723,0.438915,0.167403,0.339187,-0.044017,-0.053361,-0.514509,0.083907,0.530703,-0.961972
-0.835827,-0.187794,0.787274,-0.695438,0.322745,0.189661,0.477557,0.341477,0.282864,0.250104,-0.487612,-0.183204,0.447435,0.107349,-0.972684
0.655239,-0.892291,0.600941,-0.126474,-0.350504,-0.829083,0.831055,0.541368,-0.269936,-0.57055,0.17254,-0.178592,-0.537324,0.050162,-1.0
-0.102946,0.350084,0.053713,0.074177,-0.214133,0.452017,0.162794,0.40404,-0.021137,0.174118,0.650451,-0.581795,-0.36248,0.247601,-0.96404
-0.916845,-0.960386,0.357826,-0.601619,-0.868431,0.310516,0.535868,0.353515,-0.297163,0.12068,0.000219,-0.424261,-0.005732,0.51907,-0.960936
-0.121102,0.849936,-0.240156,-0.162824,-0.238115,-0.62263,0.808356,0.819043,-0.236142,-0.58275,-0.065321,0.207986,-0.043641,-0.51526,-0.864118
-0.797849,0.858818,0.115091,0.938918,0.769101,-0.806954,0.643317,0.988749,0.319316,-0.352415,-0.245047,0.236295,0.336152,-0.405876,-0.987768
-0.355082,0.680008,0.306664,-0.267852,0.813854,-0.983425,0.906182,0.265431,0.407965,-0.500469,-0.019226,0.118137,0.354872,-0.422849,-0.894204
-0.089331,0.85496,-0.29912,-0.047261,-0.828146,0.741799,0.907408,0.976947,-0.561391,0.453437,-0.004376,-0.043201,-0.501069,-0.056719,-0.937784
-0.654781,0.112479,0.034551,-0.419339,-0.660423,0.915311,0.342838,0.413976,-0.208511,0.324927,0.04445,-0.674086,0.044572,0.420637,-0.951197
-0.895237,0.407428,-0.416617,-0.612601,-0.093237,0.773041,0.634519,0.030112,-0.116601,0.517608,-0.342972,-0.05628,0.439223,0.16919,-0.978965
-0.484661,0.631993,0.726732,-0.351893,-0.432622,0.675046,0.497149,0.784082,-0.119901,0.338889,-0.432793,-0.367224,0.308761,0.301234,-0.974536
0.958406,0.774901,-0.292796,0.609073,0.429204,0.420433,0.302589,0.022386,0.258027,0.221053,0.615922,0.309864,-0.331545,-0.277144,-1.0
0.259099,0.458501,-0.736377,-0.599618,0.282881,0.641453,0.033108,0.575526,-0.036527,-0.031628,-0.06334,-0.951762,0.149614,0.50449,-0.944065
-0.899987,-0.882194,-0.102227,-0.393107,0.642609,0.455038,0.972342,0.911927,0.612616,0.412932,-0.043856,-0.033788,0.292104,0.328379,-0.991572
-0.756239,-0.376449,0.224154,-0.071116,0.864148,0.927183,0.664585,0.63985,0.367618,0.412021,-0.294125,-0.291455,0.413104,0.334724,-0.977729
0.175091,0.421183,-0.050399,0.251962,-0.468201,0.614482,0.017919,0.596664,-0.003407,-0.021821,0.908973,-0.282616,-0.503759,0.150957,-0.977877
-0.760088,-0.927527,0.389643,0.463072,-0.586638,0.61142,0.668623,0.154176,-0.476592,0.384223,0.037295,-0.363947,0.056161,0.522545,-1.0
0.03685,0.85671,-0.896104,0.418244,0.543294,0.942121,0.631417,0.171512,0.259363,0.389977,-0.393501,-0.080484,0.478406,0.049193,-0.91141
-0.711826,-0.817202,-0.487994,-0.931605,-0.013283,0.656015,0.816347,0.961748,-0.038256,0.700056,-0.116355,-0.192305,0.271998,0.463463,-1.0
-0.082986,-0.240031,-0.45009,-0.155991,-0.140345,0.104676,0.698554,0.7858,-0.459621,0.300595,0.035142,-0.286058,-0.038326,0.492497,-1.0
0.253423,-0.861689,0.079906,0.838235,-0.755599,0.873402,0.460261,0.776998,-0.23623,0.270523,0.248173,-0.542675,-0.147122,0.505013,-1.0
-0.540581,-0.830604,0.737607,-0.940053,-0.077921,-0.718561,0.873088,0.130697,-0.053227,-0.707862,-0.114019,-0.077779,0.559179,0.052569,-0.935817
0.217141,-0.417304,0.794703,-0.451327,0.378832,-0.349432,0.698237,0.177244,0.428837,-0.308684,-0.291136,-0.079724,0.490115,0.10582,-0.981579
0.276361,-0.970926,0.525104,0.500923,0.737937,0.151453,0.308277,0.194814,0.202994,0.012949,-0.249437,-0.701723,0.176918,0.495912,-1.0
0.994181,0.504595,0.308842,-0.568864,0.186238,-0.632715,0.054903,0.547933,-0.026176,-0.008747,0.482848,0.908114,-0.331156,-0.531957,-0.907531
0.144172,0.497946,-0.412049,-0.669958,-0.373256,-0.540989,0.583771,0.792957,-0.175597,-0.437607,0.147939,0.315099,-0.224862,-0.522972,-1.0
0.295959,-0.24866,-0.388541,0.135632,0.844612,0.203189,0.906773,0.477035,0.66955,0.171695,-0.056805,-0.03997,0.322656,0.31687,-0.989403
-0.369654,0.510489,-0.978488,0.152603,0.790187,0.43748,0.213975,0.183564,0.137812,0.111223,-0.812566,0.058834,0.535891,-0.066973,-0.961551
0.297406,-0.559115,-0.29648,-0.478922,-0.882888,-0.524788,0.127712,0.695001,-0.162894,-0.066054,0.826304,-0.055473,-0.488396,-0.086599,-1.0
0.248467,-0.638883,-0.753422,-0.595177,-0.217576,-0.986484,0.229477,0.855354,0.036819,-0.185392,0.595415,0.459796,-0.376454,-0.283557,-0.995196
0.921819,0.189414,-0.605535,-0.853384,0.001591,0.939445,0.166549,0.123378,0.029475,0.125369,0.686352,-0.484078,-0.439711,0.341062,-1.0
0.907579,-0.093802,0.843703,0.55058,-0.612968,0.573764,0.614211,0.006322,-0.303749,0.306893,0.354556,-0.308384,-0.439523,0.235963,-1.0
-0.3021,-0.282066,0.89669,0.447609,-0.75855,0.020144,0.535909,0.061664,-0.36559,-0.003191,0.29514,-0.186143,-0.42974,0.259591,-1.0
0.142189,-0.27622,0.342861,0.094597,-0.228568,-0.04322,0.716551,0.480025,-0.630678,-0.05781,0.153542,-0.120492,-0.358241,0.306248,-1.0
0.333449,-0.940945,-0.703646,-0.051489,-0.372075,0.071754,0.228367,0.089274,-0.174529,-0.000821,0.451889,-0.624543,-0.385011,0.374362,-1.0
0.103002,0.767334,0.253044,0.416576,-0.268749,0.679776,0.383601,0.050156,-0.17685,0.190908,0.628085,0.108751,-0.503537,-0.182598,-1.0
-0.03167,-0.892684,0.609942,0.36914,0.698958,-0.656386,0.304709,0.600866,0.175877,-0.261741,-0.589462,-0.285963,0.42236,0.183607,-1.0
0.00131,-0.333443,-0.309213,0.045865,0.498027,0.872957,0.635804,0.013305,0.274861,0.492261,-0.208539,-0.352355,0.141973,0.383245,-0.90547
0.43387,-0.659075,-0.864758,-0.383608,-0.668278,0.361205,0.644382,0.247848,-0.468543,0.156869,0.196737,-0.226551,-0.342803,0.361402,-1.0
-0.302454,-0.335258,-0.76587,0.252297,-0.195606,-0.312289,0.084384,0.745686,-0.038438,-0.098807,-0.784313,-0.135938,0.444753,0.07676,-1.0
0.747484,0.054412,-0.528714,-0.116817,-0.803825,-0.442084,0.227043,0.579188,-0.148739,-0.071946,0.785401,0.190382,-0.515873,-0.15486,-1.0
0.856937,-0.300711,0.711607,0.819381,0.958254,0.512464,0.272105,0.735635,0.258485,0.084597,-0.129934,-0.724857,0.11874,0.464576,-1.0
0.513554,0.164626,0.014144,0.551007,0.308824,0.547145,0.53169,0.170485,0.205188,0.349957,0.266899,-0.310378,-0.292642,0.489624,-1.0
-0.422523,0.97981,-0.15284,-0.423193,0.542079,-0.404841,0.576513,0.303084,0.358535,-0.331014,-0.259728,0.338549,0.297259,-0.436664,-1.0
0.272241,0.645509,0.317231,-0.392545,0.144132,0.518014,0.017661,0.677914,0.013401,0.041234,0.679358,0.681248,-0.289417,-0.295388,-0.992554
0.03851,0.728909,-0.17208,-0.907273,-0.483866,-0.561643,0.114254,0.529386,-0.060896,-0.076006,0.357829,0.845969,-0.184819,-0.56594,-0.94792
-0.398679,0.056044,-0.817828,0.338354,0.987023,0.850108,0.800597,0.525727,0.493077,0.397688,-0.130387,-0.046302,0.430031,0.159755,-1.0
0.857579,-0.765979,0.60758,0.962126,-0.149474,-0.209623,0.631028,0.569173,-0.278596,-0.39301,0.317527,-0.21337,-0.452138,0.264387,-1.0
0.968963,0.977831,0.601363,0.073777,0.960976,-0.060779,0.977517,0.089533,0.77498,-0.006624,0.024842,-0.077401,-0.026414,-0.392021,-1.0
0.997275,-0.26065,-0.719227,-0.706669,-0.859911,0.547313,0.593985,0.047542,-0.445728,0.156006,0.453513,-0.255231,-0.555471,0.223964,-0.93883
-0.451587,0.745065,-0.178666,-0.126179,-0.745908,0.176827,0.467883,0.143532,-0.346612,0.151822,0.139799,0.476332,-0.277738,-0.538189,-0.980742
-0.030969,0.184309,0.646935,0.453647,0.736949,0.991353,0.969118,0.707351,0.402967,0.622744,0.052066,0.011797,0.335546,0.376921,-0.921062
0.357009,-0.27575,0.558694,-0.570039,0.291681,0.969477,0.538146,0.145153,0.106354,0.424672,0.016681,-0.448676,-0.007829,0.484461,-1.0
0.447185,0.409359,-0.359561,-0.783675,-0.812651,-0.340557,0.920558,0.138577,-0.744083,-0.231916,0.008457,0.099379,-0.458348,-0.243198,-1.0
-0.972434,0.252867,0.561381,-0.715506,0.479743,0.367403,0.981112,0.235457,0.557419,0.530798,-0.012339,0.042658,0.510418,0.107765,-0.97884
-0.599748,-0.256272,-0.740008,0.628218,-0.547734,-0.849628,0.378519,0.213287,-0.159009,-0.172431,-0.061918,0.600745,0.007211,-0.517768,-1.0
-0.108967,-0.97913,0.755159,0.56246,-0.689471,-0.842394,0.10758,0.397272,-0.043279,-0.096028,0.857162,-0.226529,-0.408395,0.053501,-0.878583
-0.28073,0.51568,-0.9337,-0.764159,0.735371,-0.332871,0.697088,0.75014,0.540149,-0.217255,-0.247456,0.233352,0.363245,-0.30503,-0.978772
0.997784,-0.592151,0.089099,0.52622,-0.131955,-0.488656,0.591155,0.882699,-0.16576,-0.454245,0.472173,0.023777,-0.513215,-0.066505,-0.964673
0.198795,0.16092,-0.787422,-0.72935,-0.613905,-0.965701,0.729674,0.471294,-0.387159,-0.558106,0.186028,0.168495,-0.313475,-0.385817,-1.0
-0.989777,-0.972153,0.481705,0.349957,0.482168,0.47571,0.348857,0.618604,0.171372,0.136143,-0.417107,-0.443921,0.382405,0.287875,-0.981749
-0.136068,0.05112,0.695949,0.917414,-0.392798,0.9119,0.27482,0.163385,-0.082355,0.182485,0.238889,-0.708813,-0.137283,0.467907,-1.0
-0.622583,-0.0041,-0.182452,0.40567,-0.464228,0.065097,0.407573,0.67845,-0.359033,0.037176,-0.552037,-0.229073,0.498271,0.184678,-0.93919
-0.792457,0.221704,0.465566,0.955801,-0.928387,-0.449639,0.069357,0.991539,-0.003719,0.022228,0.186345,0.898784,-0.120873,-0.554338,-1.0
-0.134552,0.719175,-0.748008,0.096873,-0.814857,0.887086,0.877278,0.618557,-0.534864,0.475655,0.022211,-0.137477,-0.48355,0.180482,-0.935829
-0.659566,-0.487141,-0.667045,0.137076,0.098579,0.962146,0.945786,0.036169,0.212302,0.835087,-0.032255,0.047776,0.26392,0.330532,-1.0
-0.076784,0.277246,0.527682,-0.558585,0.869421,-0.626676,0.745552,0.816878,0.491965,-0.26915,-0.121425,0.108356,0.357399,-0.298405,-1.0
0.930144,0.4819,-0.750309,0.489831,-0.171345,-0.611761,0.19223,0.798706,-0.064788,-0.134492,0.624368,0.579066,-0.396425,-0.371506,-1.0
-0.459977,-0.151313,0.033786,0.723688,-0.598898,0.990701,0.80083,0.733434,-0.430059,0.557246,0.011681,-0.130209,-0.038317,0.502098,-1.0
0.500576,0.360778,-0.231166,-0.273045,0.162949,0.182895,0.250873,0.398756,0.146736,0.194273,0.638866,0.310884,-0.370293,-0.209911,-1.0
-0.688304,-0.852896,0.49331,-0.408527,0.265763,-0.155647,0.176415,0.130926,0.129331,-0.119333,-0.667263,-0.52899,0.386635,0.194925,-1.0
0.354114,-0.254888,0.464306,0.653708,0.701301,0.742886,0.772047,0.9624,0.494874,0.489166,-0.136615,-0.205763,0.22747,0.435692,-1.0
-0.197876,-0.515964,0.881303,0.717756,-0.472628,-0.353354,0.316606,0.190492,-0.201443,-0.202044,0.532542,-0.328309,-0.410941,0.268012,-0.973663
-0.341021,-0.933412,0.25667,-0.550276,0.028102,-0.633135,0.777807,0.526909,0.070952,-0.738923,-0.149442,-0.073489,0.409824,0.329749,-1.0
0.873185,-0.7273,0.815972,-0.628838,-0.585474,-0.165237,0.064081,0.536853,-0.029519,-0.05698,0.803315,-0.30032,-0.517575,0.175409,-1.0
0.092648,0.502377,-0.940526,0.413629,-0.442569,-0.805341,0.901753,0.799587,-0.348364,-0.683042,-0.003598,0.067045,-0.18332,-0.480452,-0.982556
-0.825983,-0.937615,-0.442424,0.586105,0.107417,-0.648251,0.133852,0.356873,0.002013,-0.092875,-0.870096,-0.18278,0.418911,0.203338,-1.0
0.85702,0.649501,0.49894,-0.125376,0.777415,0.648485,0.191937,0.237647,0.173891,0.123891,0.780627,0.036308,-0.522866,-0.064061,-1.0
-0.80179,-0.454467,0.805477,0.32248,-0.753189,-0.657359,0.688959,0.341934,-0.336865,-0.413788,-0.114123,0.290127,0.232488,-0.509097,-0.955118
0.724172,-0.278217,0.839149,-0.238455,-0.445833,-0.3276,0.390835,0.189709,-0.291587,-0.243889,0.636296,0.118123,-0.468578,-0.074377,-0.96581
-0.40383,0.240883,0.13649,-0.5069,0.641004,0.995839,0.969301,0.64624,0.466278,0.605255,-0.023804,-0.068591,0.467921,0.273412,-0.959462
0.527884,0.844741,0.576461,-0.884943,-0.54137,-0.795276,0.101837,0.510319,0.009367,-0.040234,0.453825,0.741445,-0.282414,-0.378722,-1.0
-0.710413,-0.113935,-0.608927,-0.72342,-0.682223,-0.405556,0.723593,0.644169,-0.468907,-0.333222,0.042716,0.272327,0.081355,-0.484759,-1.0
0.749711,0.0417,-0.036185,-0.067383,0.488214,-0.312469,0.541517,0.387652,0.3163,-0.290601,0.338225,0.319465,-0.250742,-0.519484,-0.987633
-0.067935,0.986321,-0.677465,-0.395731,-0.395227,0.955171,0.162209,0.366183,-0.055541,0.086219,0.872568,0.058516,-0.537402,-0.11093,-0.914959
0.997772,0.167239,-0.982248,-0.584674,0.402111,-0.460512,0.734947,0.29034,0.358418,-0.434869,0.152227,0.151899,-0.33888,-0.327218,-0.963029
0.391631,-0.610964,0.538748,0.003197,0.500141,-0.415788,0.662827,0.841735,0.38651,-0.388319,-0.141743,-0.184693,0.198262,0.53882,-0.887359
-0.238091,0.572973,-0.130202,0.844853,-0.379031,0.557579,0.487769,0.003936,-0.166895,0.38481,0.553334,0.052951,-0.441582,-0.042844,-1.0
-0.702638,0.31106,-0.550217,-0.912127,-0.004169,-0.343747,0.171156,0.02998,-0.023463,-0.144363,-0.514444,0.57563,0.481993,-0.291967,-1.0
0.60787,0.352352,0.397898,-0.464617,0.556279,-0.956925,0.838876,0.731237,0.283682,-0.561633,-0.026295,0.135827,-0.047745,-0.494473,-0.962287
0.19843,0.919969,0.260348,0.230013,-0.828777,-0.070751,0.682737,0.183323,-0.442839,-0.032197,0.22028,0.18559,-0.442604,-0.38839,-0.937893
-0.12062,0.918456,0.326952,0.13085,-0.336307,0.851716,0.405751,0.144974,-0.094679,0.310617,0.613243,0.202855,-0.459549,-0.150824,-1.0
-0.487123,0.828742,-0.449806,-0.625191,0.03032,-0.33987,0.740884,0.243733,0.139368,-0.687978,-0.032235,0.269203,0.368397,-0.530624,-0.974722
-0.639421,0.10172,-0.78002,0.240078,-0.724253,0.88847,0.758529,0.519123,-0.34887,0.379148,0.084164,-0.151994,-0.043513,0.490116,-0.979731
-0.958095,-0.492564,0.557868,0.04443,-0.837708,-0.595257,0.533725,0.013736,-0.245835,-0.203418,-0.413096,0.27491,0.393588,-0.404992,-1.0
-0.8879,0.764663,-0.883832,0.062926,0.038255,-0.060702,0.701923,0.395036,0.203149,-0.500971,-0.194517,0.214232,0.433628,-0.352588,-1.0
0.643743,0.319306,0.124732,0.85459,-0.92327,-0.092492,0.461542,0.497361,-0.302377,-0.005607,0.540528,0.167047,-0.426491,-0.079346,-1.0
0.524816,-0.252016,0.992967,-0.677751,-0.24527,0.098434,0.301036,0.132789,-0.237647,0.052358,0.562157,-0.239037,-0.448174,0.194462,-0.980875
-0.333077,-0.688649,-0.882885,0.298692,-0.015324,-0.726159,0.3236,0.250471,-0.023732,-0.333433,-0.637343,0.069132,0.405444,-0.15183,-1.0
-0.159172,-0.388554,0.533375,0.875455,0.132054,-0.116812,0.284763,0.73295,0.19463,-0.215305,-0.576754,-0.455545,0.362381,0.332877,-1.0
0.451744,-0.379948,-0.403824,-0.821983,0.549425,0.143181,0.318586,0.488146,0.205041,0.123278,-0.183046,-0.714885,0.003821,0.504695,-1.0
0.668692,-0.837953,-0.796926,-0.473003,0.859275,-0.689914,0.197014,0.61418,0.118743,-0.166738,-0.631536,-0.462211,0.403463,0.355436,-1.0
0.89609,0.423181,-0.627304,-0.357701,-0.194558,0.487543,0.8681,0.934021,-0.171533,0.634207,0.154721,-0.052783,-0.563575,-0.059271,-1.0
0.344117,-0.596279,0.087901,-0.419056,0.658522,-0.877128,0.286149,0.107715,0.167201,-0.206522,-0.530786,0.417653,0.382663,-0.321789,-1.0
-0.547862,0.499558,-0.21372,-0.82408,0.820749,0.916694,0.117189,0.179805,0.065693,0.061136,-0.874513,-0.218223,0.461762,0.168395,-0.967901
-0.963955,0.541806,0.540309,-0.473325,0.896779,-0.306746,0.863475,0.762736,0.59004,-0.297759,-0.14962,0.031815,0.451819,-0.203908,-0.983978
0.512274,0.710168,-0.02542,0.755849,0.417571,-0.285384,0.480436,0.888968,0.33909,-0.22753,0.05759,0.488932,-0.048381,-0.516088,-1.0
0.418613,-0.311957,-0.797311,-0.92822,-0.903815,0.135934,0.657267,0.199136,-0.614243,0.025916,0.374528,-0.107012,-0.495619,0.140643,-1.0
-0.979504,0.960263,0.206911,-0.142713,0.071665,0.266496,0.51829,0.204439,0.038543,0.29833,-0.311893,0.345299,0.419578,-0.343939,-1.0
-0.688906,-0.927459,0.47933,-0.484544,-0.498446,0.008015,0.319771,0.562266,-0.190328,0.043891,-0.123785,-0.594484,0.11607,0.424342,-1.0
0.482702,0.682111,0.419472,-0.522532,-0.787552,0.881219,0.498797,0.378802,-0.196647,0.259162,0.399996,-0.082004,-0.501699,0.121549,-0.987073
-0.87099,0.632366,0.854729,-0.118443,-0.07459,-0.196214,0.553823,0.301704,-0.136254,-0.361079,-0.314974,0.275911,0.37396,-0.293525,-1.0
-0.837228,0.785292,-0.58803,0.156754,-0.384738,0.547848,0.225338,0.249327,-0.120922,0.199263,-0.716018,0.392161,0.485792,-0.29651,-1.0
0.685602,-0.996705,-0.437977,-0.918676,-0.623073,-0.072846,0.022208,0.288183,-0.015609,-0.050458,0.776191,-0.565752,-0.404009,0.331827,-1.0
0.545934,-0.822698,0.880425,-0.75688,-0.98185,0.241565,0.385803,0.685945,-0.333512,0.03225,0.562944,-0.369642,-0.490863,0.226477,-1.0
-0.968881,-0.00099,0.993402,0.380527,0.568745,-0.818779,0.552675,0.945829,0.308029,-0.472138,-0.359016,0.193719,0.393441,-0.279167,-1.0
-0.669849,-0.84402,0.945182,0.092811,-0.602591,-0.806953,0.010691,0.958214,0.030431,-0.05174,-0.925804,-0.487577,0.406801,0.242232,-1.0
0.289655,0.821027,0.104764,0.43204,0.167491,0.137109,0.443493,0.953356,0.23393,0.303996,0.175864,0.443798,-0.095083,-0.461925,-0.994629
0.007547,-0.578432,0.746356,0.259143,-0.911647,-0.067846,0.565706,0.063677,-0.466056,-0.061677,0.313166,-0.187951,-0.453388,0.209856,-0.980304
-0.239944,0.20637,-0.514961,0.1188,-0.443705,-0.231412,0.922213,0.28788,-0.660439,-0.403295,0.066977,0.051555,-0.245929,-0.456049,-1.0
-0.764879,0.250789,-0.06855,-0.944551,0.844101,0.975869,0.1997,0.459016,0.131637,0.22719,-0.698811,-0.423355,0.460033,0.222498,-1.0
-0.555908,-0.519279,0.137955,0.322457,-0.333392,0.499747,0.900825,0.495342,-0.425209,0.637699,-0.035129,-0.045836,0.122192,0.477168,-0.984658
0.78115,-0.657724,0.37314,-0.314087,0.272693,0.020635,0.027064,0.41113,-0.006761,-0.04338,0.621156,-0.805993,-0.317943,0.417009,-1.0
-0.251757,0.100753,0.485538,0.584374,0.043481,0.331126,0.730932,0.861173,0.054062,0.524504,-0.16221,-0.085101,0.344866,0.292177,-0.975972
-0.064278,-0.907814,0.37389,0.019394,-0.292384,0.140757,0.252197,0.760781,-0.199104,0.02955,0.288215,-0.70129,-0.071251,0.516871,-0.937388
0.389569,-0.432506,0.846827,-0.58399,-0.630571,0.635485,0.149447,0.14875,-0.093466,0.150156,0.548909,-0.561724,-0.393088,0.351782,-1.0
-0.414167,-0.95583,0.296372,-0.647106,0.162663,-0.775661,0.080966,0.922421,0.063705,-0.073672,-0.929519,-0.254452,0.450165,0.158609,-1.0
0.16704,0.643948,-0.042393,0.568937,0.848908,-0.918605,0.784145,0.071095,0.37393,-0.508568,-0.049952,0.167809,0.316321,-0.427635,-1.0
-0.768379,-0.335148,-0.527428,-0.905618,0.645391,0.854092,0.385745,0.11272,0.183298,0.255125,-0.433046,-0.368453,0.450877,0.362022,-0.966069
-0.76468,0.123861,0.907833,0.397956,-0.693384,0.050267,0.127707,0.639786,-0.038355,0.028366,-0.647377,0.604592,0.321217,-0.355607,-0.858904
0.271596,0.20765,-0.755106,0.033386,-0.298244,0.033778,0.948092,0.524357,-0.658209,0.04838,0.028974,0.052948,-0.462929,-0.160237,-1.0
0.44204,-0.212571,-0.681288,-0.899323,0.254915,-0.531906,0.092337,0.563558,-0.047427,-0.071884,0.459823,0.836438,-0.196945,-0.437996,-0.990009
0.229028,-0.851757,0.756878,-0.25734,0.462792,-0.235733,0.297973,0.741027,0.108331,0.025306,-0.298124,-0.665276,0.153412,0.44076,-0.99186
-0.563377,0.854923,0.87654,0.814394,-0.292243,-0.93964,0.765423,0.75413,-0.278531,-0.538898,-0.049332,0.160766,0.062951,-0.454706,-1.0
-0.489069,0.568964,0.114107,-0.753438,-0.079683,0.418417,0.820352,0.16337,-0.167047,0.670746,-0.235733,0.11033,0.481105,-0.09633,-1.0
0.549539,-0.421785,0.441653,0.736699,0.530384,-0.545131,0.992606,0.497715,0.484986,-0.590866,-0.020718,0.002373,-0.133506,-0.536083,-0.93546
-0.695217,0.011728,-0.829866,0.523056,0.762844,0.884711,0.868935,0.702744,0.346517,0.546267,-0.16743,-0.057732,0.393653,0.265678,-0.971409
-0.474706,-0.383319,0.789034,0.441986,-0.64687,-0.241219,0.044318,0.144602,0.027646,0.017215,0.77226,-0.643903,-0.374436,0.435696,-0.971214
0.814274,-0.27735,0.422915,-0.176662,0.396347,0.708393,0.595403,0.317921,0.245718,0.46649,0.11621,-0.409332,-0.183332,0.361068,-1.0
0.283812,0.030967,0.711441,-0.927722,0.974521,-0.473421,0.161496,0.452061,0.107894,-0.01374,-0.648956,0.532834,0.420945,-0.261725,-1.0
0.550816,-0.897482,0.974218,0.088453,0.799491,0.201306,0.174719,0.906949,0.096507,0.040543,-0.171138,-0.887499,0.143538,0.45519,-0.986523
0.834805,0.274043,0.24282,-0.233255,0.134355,0.661532,0.819617,0.296571,0.185053,0.676783,0.092588,-0.108556,-0.534719,0.344613,-1.0
-0.130724,-0.799817,-0.595718,0.426409,0.434287,0.326222,0.579399,0.166209,0.391175,0.314986,-0.17707,-0.369729,0.159588,0.496234,-0.952544
0.416506,-0.425076,0.342553,-0.040994,0.215729,0.508988,0.390697,0.875836,0.18699,0.302551,0.107922,-0.59901,-0.175514,0.467624,-0.975539
0.854784,0.889914,-0.862613,-0.101762,0.92633,0.488505,0.645797,0.92235,0.420631,0.168846,-0.016845,0.257039,0.097721,-0.527453,-1.0
-0.137394,0.945708,0.435397,0.141708,-0.124905,0.08746,0.278549,0.410159,-0.159651,0.116499,0.023346,0.692489,-0.057533,-0.469702,-0.884704
-0.359457,-0.669295,0.115685,0.230029,-0.725096,0.7143,0.670584,0.164998,-0.343308,0.384426,0.200281,-0.323221,-0.223128,0.446773,-1.0
-0.224207,0.253605,-0.973468,0.479962,0.758093,-0.178343,0.197116,0.115763,0.093042,-0.021498,-0.715993,0.291649,0.500891,-0.164607,-1.0
0.343773,-0.465183,-0.802337,0.724899,-0.591209,0.181248,0.576087,0.879718,-0.443393,0.12757,0.403286,-0.36331,-0.513525,0.352755,-0.916452
0.09876,-0.352484,-0.373935,0.144975,0.861,0.853712,0.726027,0.634506,0.413196,0.34429,-0.176452,-0.26761,0.257673,0.431365,-1.0
-0.933072,0.995665,0.650052,-0.567906,0.850947,0.701273,0.938094,0.564238,0.617361,0.454107,0.068895,0.013805,0.524816,-0.015856,-1.0
0.492789,-0.28784,0.866829,-0.283492,0.365832,0.239532,0.117815,0.30295,0.126627,0.077957,0.221086,-0.825243,-0.049214,0.532596,-1.0
-0.015648,0.30851,-0.134857,-0.38468,0.784189,-0.50644,0.023928,0.212467,0.053782,-0.015615,-0.616214,0.773785,0.273289,-0.36967,-0.952894
-0.423707,0.540831,0.419615,-0.484075,0.58122,-0.613394,0.218462,0.815507,0.168269,-0.191732,-0.53976,0.660064,0.337297,-0.400183,-0.972096
0.250245,0.377864,-0.561938,0.218834,-0.386065,-0.388793,0.177052,0.318313,-0.141788,-0.147797,0.637202,0.699357,-0.280266,-0.39222,-1.0
-0.890856,0.021109,-0.922347,-0.937001,-0.336136,-0.938379,0.767321,0.924728,-0.215787,-0.529125,-0.109898,0.202678,0.337172,-0.39738,-0.983864
-0.960299,0.317658,-0.356063,-0.571733,-0.084204,-0.171248,0.091628,0.82915,-0.070825,-0.047165,-0.820993,0.482997,0.422646,-0.206307,-1.0
0.403555,0.51938,0.891012,0.16157,-0.587476,-0.585359,0.708433,0.455481,-0.440495,-0.352819,0.243777,0.26592,-0.370006,-0.293455,-1.0
-0.246813,-0.04014,0.804392,-0.335391,-0.806674,0.646866,0.952326,0.733012,-0.525131,0.417253,0.012201,-0.002631,-0.246436,0.402432,-0.933858
-0.924322,0.989851,0.498814,0.061232,-0.677056,-0.299031,0.342956,0.078092,-0.178738,-0.021673,-0.149887,0.752801,0.003277,-0.537005,-1.0
-0.94086,0.051626,-0.250545,0.066667,-0.450667,-0.437789,0.541669,0.91259,-0.320652,-0.230044,-0.284172,0.261085,0.36907,-0.394559,-1.0
-0.062174,-0.270562,0.611022,-0.092762,0.215432,-0.987849,0.541652,0.273586,0.099269,-0.357231,-0.139089,0.45372,0.214416,-0.364066,-0.985302
0.63594,-0.58117,0.565201,-0.706878,-0.844096,-0.186655,0.129616,0.672623,-0.029459,-0.072301,0.779652,-0.129487,-0.575059,0.097616,-0.983282
0.737748,-0.613099,-0.748518,0.289716,-0.737634,-0.311841,0.648624,0.468942,-0.56027,-0.228595,0.355287,0.000235,-0.449667,0.049547,-0.954976
0.754327,0.559844,0.856639,0.455985,0.471926,0.597404,0.467888,0.4788,0.23264,0.412017,0.558957,-0.084227,-0.473781,0.042888,-0.952398
0.186077,0.225001,0.707152,0.842847,-0.228413,-0.632958,0.259903,0.834993,-0.038973,-0.330793,0.267987,0.743141,-0.165225,-0.49969,-0.993788
-0.963094,-0.474451,0.212263,-0.432439,0.715374,-0.734972,0.982145,0.106545,0.539666,-0.476212,-0.051418,0.008207,0.532794,-0.111527,-0.990852
0.338789,-0.626998,-0.889323,0.920395,0.667847,0.313439,0.011151,0.675703,0.024772,-0.030685,-0.426251,-0.963228,0.156137,0.381281,-1.0
0.031241,0.845132,0.084439,-0.605702,0.602658,0.221204,0.319804,0.667917,0.28643,0.010591,-0.440082,0.556636,0.399451,-0.418844,-1.0
-0.655541,-0.315563,0.718169,0.759528,-0.550999,0.357143,0.999957,0.787624,-0.633259,0.541313,-0.008674,0.019034,0.078219,0.515868,-0.99962
-0.5598,0.136881,0.833473,-0.074952,-0.138533,-0.96896,0.032012,0.07873,-0.028899,-0.035422,-0.357314,0.834191,0.25651,-0.491953,-0.985391
0.761702,0.632447,-0.693577,-0.021239,0.709682,0.912586,0.376842,0.465305,0.215603,0.211586,0.221319,-0.55109,-0.150861,0.468558,-1.0
0.503248,0.435621,0.216361,0.026515,0.865039,-0.684525,0.193431,0.530165,0.028958,-0.073831,-0.188889,0.853668,0.198587,-0.4271,-1.0
-0.027483,0.74673,-0.365214,0.178248,0.04469,-0.8618,0.389451,0.115132,0.000993,-0.233613,-0.04663,0.629517,0.034678,-0.492763,-1.0
-0.991649,0.54008,0.307106,-0.271015,-0.924286,-0.558324,0.104698,0.584145,-0.06164,-0.048646,0.008123,0.904208,0.013313,-0.52707,-1.0
-0.336521,-0.667911,0.606452,-0.982228,-0.507114,0.871686,0.394328,0.302935,-0.206503,0.269675,0.078012,-0.598504,0.016956,0.448122,-0.975485
0.512028,-0.719198,-0.927367,-0.647386,0.090508,-0.049733,0.266337,0.277966,0.152151,-0.143997,0.408679,-0.573805,-0.252263,0.465302,-0.931964
-0.641394,0.046222,-0.225363,0.431291,-0.876762,-0.470773,0.376872,0.335565,-0.242972,-0.306462,0.193455,0.572226,-0.18189,-0.400886,-1.0
0.141784,-0.356488,0.720248,-0.712477,-0.717479,0.380215,0.97422,0.94167,-0.670252,0.381152,0.004673,-0.102456,-0.443056,0.234875,-0.985232
-0.211709,0.158766,-0.685107,0.900689,-0.202975,0.670062,0.433632,0.847604,-0.085451,0.289044,-0.074429,-0.559729,-0.078429,0.501325,-1.0
-0.505217,-0.251575,0.117624,-0.456612,-0.599084,0.487712,0.592433,0.696428,-0.321978,0.25499,0.084195,-0.372094,-0.171974,0.53275,-0.875882
-0.456645,-0.765325,0.006984,0.345466,0.362783,0.194502,0.074092,0.04758,0.027258,0.030749,-0.714377,-0.675756,0.277088,0.296198,-0.990123
0.104417,-0.923655,0.649868,-0.909332,0.822047,0.26038,0.216478,0.393249,0.20286,-0.003134,-0.527504,-0.740569,0.287052,0.359536,-0.948976
0.976196,-0.397046,0.351306,-0.284751,0.740893,0.873309,0.760914,0.713769,0.356115,0.511659,0.004003,-0.196911,-0.053645,0.501126,-0.923043
0.653812,-0.694684,0.467449,-0.100837,0.07524,0.448652,0.200508,0.571311,0.054048,0.176379,0.380183,-0.702342,-0.277566,0.389398,-0.991935
-0.651546,0.605874,0.887519,0.395436,0.587657,-0.767834,0.612254,0.358329,0.3935,-0.412259,-0.357266,0.376725,0.28613,-0.403707,-1.0
0.048296,0.980314,-0.050186,0.611288,0.788112,0.251486,0.005298,0.662665,0.029964,-0.153644,-0.725043,0.674819,0.378334,-0.261512,-1.0
0.797749,0.196172,0.849659,-0.560125,0.162778,-0.390965,0.265255,0.972432,0.061886,-0.226071,0.505157,0.50001,-0.347136,-0.380485,-1.0
-0.661558,-0.311369,0.090277,-0.053998,-0.112065,-0.571374,0.851642,0.931025,-0.155574,-0.628955,-0.196001,0.110836,0.432884,-0.320473,-0.956682
-0.383956,0.864741,-0.220575,-0.460566,0.941321,0.91417,0.93945,0.124345,0.500842,0.619935,-0.051903,0.018174,0.484784,0.025158,-0.985156
-0.414645,-0.36039,0.804265,-0.585808,0.624131,-0.283206,0.843427,0.134065,0.688776,-0.257653,-0.123935,0.029266,0.530356,-0.00674,-0.958954
-0.230507,0.253635,-0.84006,0.611856,0.977341,0.484353,0.935529,0.095884,0.639007,0.411584,-0.026724,-0.004555,0.549756,0.07282,-0.97695
-0.969576,0.106852,-0.378462,-0.78791,-0.484497,-0.944102,0.24559,0.249121,-0.101125,-0.176812,-0.321826,0.662393,0.162057,-0.506771,-1.0
0.581112,0.900017,-0.401392,0.376284,0.092137,0.237736,0.448554,0.383916,0.039114,0.212369,0.345021,0.36121,-0.290005,-0.44081,-1.0
-0.465429,-0.097955,0.177029,-0.264272,-0.713753,-0.992036,0.070829,0.657042,-0.093222,-0.022391,0.190246,0.888043,-0.100673,-0.439285,-0.942273
-0.660954,0.139028,0.119723,-0.267332,0.0628,0.063881,0.804776,0.266173,0.552772,0.476391,-0.2564,0.056054,0.449962,-0.023508,-0.965209
0.016935,-0.768851,-0.222418,0.035569,0.203823,-0.953755,0.908351,0.943874,0.081219,-0.70163,-0.123845,0.052781,0.404008,-0.354907,-0.999478
-0.17909,-0.822629,0.565114,0.068826,-0.530585,-0.263233,0.604744,0.094193,-0.498186,-0.37709,0.113993,-0.308857,-0.287423,0.335818,-1.0
0.130671,0.612175,0.743329,0.385069,0.954923,0.450353,0.453584,0.492926,0.358413,0.196276,-0.520407,0.074589,0.497044,-0.101,-0.889637
0.757939,0.429843,-0.139163,-0.233538,-0.491231,-0.56098,0.211538,0.83658,-0.171167,-0.165885,0.740229,0.418671,-0.402373,-0.423902,-1.0
-0.892155,-0.019221,-0.92035,-0.563732,0.905688,-0.943654,0.424046,0.079314,0.227703,-0.251061,-0.408109,0.261274,0.453896,-0.233253,-0.956001
-0.282391,0.673259,0.745025,0.275894,0.575337,0.725921,0.016062,0.71249,0.047207,-0.074147,-0.970575,-0.07512,0.541203,0.016471,-0.990594
0.724736,-0.645112,0.374875,-0.800667,-0.898357,-0.56065,0.392415,0.125525,-0.280441,-0.18987,0.651102,-0.034659,-0.520408,-0.01368,-1.0
-0.825769,-0.321848,-0.734007,0.885355,0.271793,-0.549852,0.635475,0.003236,0.23041,-0.396644,-0.351352,0.066961,0.51824,-0.291852,-0.901766
-0.079358,0.365499,0.76837,0.196895,0.918986,0.951269,0.584961,0.41772,0.306831,0.29967,-0.35417,-0.302207,0.424647,0.276385,-1.0
-0.503319,-0.886993,0.132072,0.377674,-0.525153,-0.840928,0.915895,0.117418,-0.262371,-0.619416,-0.031014,-0.14549,-0.14,0.423573,-0.983968
0.866076,0.150709,0.629637,-0.027318,0.501511,0.859342,0.97448,0.918842,0.399003,0.65171,-0.007465,-0.108228,-0.246451,0.37647,-0.926294
0.859942,0.401521,0.383232,-0.728445,-0.947931,-0.780179,0.426801,0.394377,-0.228339,-0.250214,0.499745,0.302781,-0.41961,-0.329047,-1.0
0.347729,-0.917271,-0.37987,0.315551,-0.944636,0.407252,0.073416,0.617195,-0.030979,0.049396,0.601623,-0.581527,-0.410037,0.312191,-0.962877
-0.219476,-0.251671,0.308896,-0.527283,0.701088,0.316189,0.452613,0.15822,0.230109,0.146621,-0.522729,-0.354289,0.421454,0.271604,-1.0
0.508279,0.858142,0.760501,-0.781653,0.944582,0.543866,0.539331,0.178453,0.444381,0.271681,-0.347819,0.28103,0.406876,-0.392418,-0.98642
-0.975983,0.177919,-0.56533,-0.331145,0.860289,0.05867,0.055163,0.459329,0.032294,-0.000632,-0.94404,0.06041,0.490631,0.02598,-0.973653
0.913443,0.731102,0.824265,-0.317633,0.629,-0.622408,0.220922,0.075267,0.13004,-0.164741,0.259982,0.755414,-0.200562,-0.464805,-0.996885
-0.967868,0.179071,-0.049743,0.594767,0.099604,0.49307,0.349697,0.604678,-0.01632,0.182895,-0.674125,-0.1379,0.594392,0.113143,-1.0
-0.920124,0.791555,0.780984,-0.239744,-0.833433,0.309294,0.616345,0.716286,-0.458438,0.196666,-0.111665,0.316583,0.105867,-0.515343,-0.983412
0.801482,-0.405423,0.487958,0.747185,-0.841852,-0.619444,0.675782,0.107051,-0.431772,-0.357939,0.315244,0.044402,-0.54795,-0.050855,-0.926382
0.864963,0.155458,0.89834,0.708978,-0.506085,0.763376,0.996538,0.725794,-0.457128,0.706401,-0.011563,0.041139,-0.403983,0.151094,-0.991122
-0.927267,0.908689,0.776507,0.231565,-0.226144,-0.993621,0.024814,0.247457,0.037093,0.012749,-0.350056,0.963559,0.144978,-0.529864,-1.0
0.832237,0.017349,-0.136406,-0.246965,-0.215069,0.2799,0.405921,0.862944,-0.31403,0.254298,0.52326,-0.135451,-0.379233,0.106811,-0.895054
-0.852197,0.413428,-0.14343,-0.32026,-0.41981,0.409345,0.578179,0.599467,-0.333623,0.331718,-0.496985,0.065688,0.536172,-0.062603,-0.925929
0.585262,-0.792096,-0.437828,-0.846617,-0.091902,0.333814,0.117581,0.425793,-0.081295,0.059146,0.419256,-0.759524,-0.287586,0.414306,-1.0
0.681412,0.626443,-0.008305,-0.619048,0.343492,-0.982186,0.101778,0.252358,-0.069536,-0.148185,0.213044,0.910482,-0.14333,-0.432229,-1.0
-0.711262,-0.129144,-0.877234,-0.297948,-0.380736,-0.9223,0.952788,0.925836,-0.288643,-0.814813,-0.07874,0.099881,0.249724,-0.518087,-0.902072
0.420725,0.255096,0.142781,-0.301489,-0.432312,-0.389783,0.892515,0.776321,-0.57285,-0.403363,0.009643,0.098509,-0.414341,-0.382661,-1.0
0.810015,0.870576,-0.27561,0.754999,-0.936244,0.00226,0.622494,0.562827,-0.53792,0.046978,0.266162,0.194885,-0.333997,-0.170028,-1.0
0.466474,-0.240686,-0.03573,-0.980909,-0.692048,-0.596423,0.327807,0.513044,-0.226321,-0.25556,0.722832,0.254017,-0.577815,-0.114296,-1.0
0.927745,0.93823,0.089004,-0.471383,-0.126248,0.571708,0.664857,0.620108,-0.142003,0.537681,0.304876,0.053313,-0.422459,-0.189597,-1.0
0.109088,-0.91697,0.301084,-0.853363,-0.461854,-0.834172,0.442762,0.268763,-0.233327,-0.220365,0.564547,-0.060997,-0.528704,0.048217,-1.0
0.888655,0.036773,0.066238,0.652987,0.332179,0.310574,0.005362,0.908596,0.070734,0.053124,0.903776,-0.485358,-0.477984,0.240624,-0.935869
-0.184778,0.027099,-0.424561,0.944782,-0.246009,0.729579,0.908268,0.080226,-0.140191,0.767718,-0.098632,-0.137628,0.018321,0.499224,-1.0
0.984498,-0.982462,-0.979418,0.212418,0.028545,-0.339787,0.806954,0.622455,0.049246,-0.600822,0.172252,-0.097141,-0.405238,0.308887,-0.980329
-0.687511,0.437085,0.736671,-0.501198,0.009868,0.121947,0.947565,0.750556,0.0735,0.736637,0.025022,-0.012955,0.479839,-0.204095,-0.935811
-0.37276,0.030096,-0.557549,-0.651683,-0.745452,-0.335425,0.818121,0.487322,-0.469144,-0.280864,0.179024,0.020323,-0.412835,-0.350351,-0.962919
0.694785,-0.672188,-0.603922,0.935506,0.251954,0.709237,0.590665,0.690489,0.165927,0.533844,0.012478,-0.448645,-0.145106,0.467903,-1.0
0.501961,-0.61047,-0.177161,-0.040633,-0.038087,-0.969187,0.206914,0.845507,-0.062746,-0.149765,0.602718,0.369173,-0.461137,-0.158147,-0.979121
-0.089832,-0.374075,0.929575,0.1029,0.689981,-0.822488,0.728861,0.722976,0.419123,-0.560079,-0.218152,0.197442,0.396262,-0.3146,-1.0
-0.948324,0.884925,-0.56204,-0.638181,-0.575023,-0.840316,0.195042,0.539992,-0.052796,-0.125812,-0.118636,0.838554,0.156236,-0.469183,-0.951754
0.047508,0.011201,0.416664,-0.787008,0.762634,0.837361,0.694639,0.144438,0.352972,0.426954,-0.260896,-0.085204,0.41823,0.384079,-0.909749
0.438527,-0.027696,0.794098,-0.069277,0.918123,-0.345709,0.275721,0.985626,0.213489,0.016156,-0.527339,0.426817,0.38259,-0.219681,-1.0
-0.045793,0.53557,-0.908614,-0.967333,0.990147,0.329126,0.413774,0.342364,0.393161,0.048202,-0.551735,0.151266,0.421067,-0.10967,-0.912871
-0.625804,0.229785,-0.199163,-0.329996,0.791086,-0.290135,0.949567,0.653887,0.636827,-0.237607,-0.077567,0.020049,0.540978,-0.210236,-0.982261
-0.174823,-0.44049,0.299044,0.506891,-0.289574,-0.707218,0.975489,0.55369,-0.304729,-0.679483,-0.055986,-0.024939,-0.184304,-0.514391,-0.981534
-0.91715,0.218247,0.776379,-0.432396,0.57826,-0.4496,0.890517,0.307429,0.583923,-0.422983,-0.049956,0.065105,0.340626,-0.204938,-1.0
-0.649224,-0.025208,-0.350019,-0.942625,0.44376,-0.242293,0.771127,0.29302,0.453468,-0.365444,-0.197038,0.090679,0.507862,-0.073657,-0.898928
0.137792,0.383231,-0.36026,-0.852048,-0.853622,-0.198355,0.432691,0.007962,-0.382136,-0.101479,0.49779,0.341057,-0.433103,-0.258401,-0.973087
0.119113,0.889713,-0.249004,-0.290696,0.393547,0.340146,0.85326,0.261014,0.49899,0.518204,-0.107328,0.140513,0.205579,-0.424776,-0.891443
-0.815509,0.372925,-0.915784,-0.276284,-0.010021,0.166538,0.020618,0.89522,0.066298,0.026117,-0.873767,0.301524,0.543195,0.011816,-0.935946
-0.74028,0.568089,0.184168,-0.028173,0.681646,-0.54846,0.670359,0.995383,0.39799,-0.394543,-0.166049,0.148912,0.387301,-0.259054,-0.968966
-0.835596,-0.283104,-0.568626,0.534296,0.59102,0.843891,0.070552,0.339716,-0.006758,0.14179,-0.661854,-0.668063,0.537818,0.328992,-1.0
0.440473,-0.403949,-0.914318,-0.796002,0.031043,0.106046,0.93324,0.82256,0.245696,0.823375,0.02939,0.12479,-0.271941,0.245062,-1.0
0.220966,0.319882,-0.485188,0.920886,-0.877443,0.590545,0.562349,0.536779,-0.452466,0.240332,0.345764,-0.122979,-0.468078,0.128762,-1.0
-0.032276,-0.89422,0.282609,0.008113,0.985441,0.214166,0.75451,0.242661,0.656439,0.085169,-0.112853,-0.201352,0.283561,0.305005,-1.0
-0.420955,-0.129736,0.05022,-0.479295,0.097631,0.532232,0.156691,0.802124,0.011481,0.123656,-0.520509,-0.674505,0.334019,0.399387,-0.998271
0.318308,-0.92477,-0.970109,-0.767849,0.371357,0.884183,0.724907,0.418861,0.14835,0.526362,0.03402,-0.277558,0.15919,0.527816,-0.950787
0.319801,-0.644186,-0.377824,0.214334,0.271214,0.365675,0.010439,0.410984,-0.012145,-0.083162,0.044149,-1.0,-0.060953,0.535244,-1.0
0.710575,0.843165,0.456191,-0.702639,0.683241,-0.624563,0.730058,0.518946,0.344306,-0.366802,-0.02388,0.179221,0.05385,-0.466642,-1.0
-0.504257,0.564424,0.423063,-0.723345,-0.739232,0.988221,0.57785,0.546751,-0.324608,0.334707,0.202455,-0.466527,-0.308522,0.454612,-0.910615
0.104807,0.129173,0.557833,0.09283,-0.2227,-0.0895,0.422639,0.08705,-0.357698,-0.119795,0.511615,0.321886,-0.443122,-0.27426,-1.0
-0.961904,0.685229,0.057918,-0.97204,0.735588,0.063636,0.072335,0.533945,-0.005323,-0.056822,-0.849934,0.337647,0.401105,-0.22297,-0.977086
-0.281176,-0.548741,-0.73249,0.848514,-0.574502,-0.59699,0.203383,0.61481,-0.085037,-0.160102,0.821055,0.078343,-0.577677,-0.081234,-0.871782
-0.252779,0.108443,-0.817045,0.819439,0.855731,0.563377,0.77011,0.203413,0.461882,0.404514,-0.220646,-0.04445,0.456647,0.244206,-1.0
0.764787,0.827591,-0.46018,0.900406,0.534197,-0.864109,0.247189,0.664955,0.018573,-0.193295,0.14033,0.741913,-0.03086,-0.498291,-1.0
0.620363,-0.415411,-0.799775,-0.011876,0.190091,0.486972,0.977014,0.711446,0.271059,0.762017,-0.060256,-0.126905,-0.180264,0.520939,-0.967945
-0.229124,0.123018,-0.323447,-0.791623,0.631413,0.697531,0.682594,0.71907,0.25056,0.391285,-0.265952,-0.237065,0.415006,0.310465,-0.916894
0.034821,0.403472,-0.980601,0.091488,0.529756,0.374777,0.822983,0.832725,0.615187,0.452283,-0.218887,0.008163,0.437231,0.035016,-0.93034
0.294269,0.403778,0.363861,0.872339,-0.040363,-0.57361,0.229944,0.051519,-0.065845,-0.207948,0.257796,0.738392,-0.16929,-0.457709,-1.0
-0.059079,0.037193,0.368363,-0.535357,-0.348223,0.97721,0.790684,0.828668,-0.22767,0.671429,-0.022849,-0.196198,-0.094538,0.508725,-1.0
0.711936,0.384664,-0.543629,-0.88469,-0.836276,-0.104231,0.258797,0.880591,-0.250608,-0.044765,0.671191,0.221118,-0.46001,-0.139379,-1.0
0.490768,0.698756,0.804854,-0.846937,0.663913,0.006055,0.897113,0.496048,0.684739,0.051735,0.022177,0.081724,0.119443,-0.39625,-1.0
0.872162,-0.280952,-0.492853,0.788066,-0.594631,-0.607956,0.46866,0.269061,-0.300701,-0.224419,0.53549,0.089738,-0.474453,-0.031964,-0.990126
-0.17917,-0.13685,0.199341,0.687551,0.358643,-0.847695,0.697812,0.705708,0.177252,-0.396353,-0.203553,0.113617,0.353288,-0.403074,-1.0
-0.141823,0.921267,-0.754996,-0.300997,-0.948492,-0.762705,0.346347,0.166016,-0.238169,-0.182829,0.313106,0.669676,-0.160562,-0.421301,-0.918639
-0.606876,-0.764054,0.257776,0.342324,-0.62484,0.18613,0.757114,0.952966,-0.66936,0.151107,0.018788,-0.173294,-0.041402,0.479476,-1.0
-0.06468,0.153467,0.180924,-0.594705,-0.014058,-0.056842,0.478576,0.858114,-0.123817,-0.338579,-0.103879,0.535752,0.112966,-0.50657,-0.891131
0.210835,0.582045,-0.091319,-0.250794,0.559701,-0.737083,0.665907,0.683405,0.266242,-0.493224,-0.119633,0.30768,0.105577,-0.462491,-1.0
-0.806866,-0.195534,-0.633895,-0.397262,0.884569,0.925769,0.807529,0.095733,0.447948,0.516276,-0.261857,-0.057544,0.503863,0.233868,-1.0
0.840369,-0.231078,-0.041303,-0.539523,-0.881909,-0.34889,0.991168,0.015035,-0.779217,-0.30107,-0.0501,0.019675,-0.490562,-0.084941,-0.961326
-0.718506,-0.007477,0.935819,-0.991952,-0.097847,0.001769,0.218454,0.238297,-0.208592,0.06927,-0.735792,0.029505,0.501978,-0.003503,-1.0
-0.397525,-0.074464,0.051161,0.807118,0.193097,0.233427,0.341099,0.54714,0.127449,0.157072,-0.645125,-0.240972,0.462074,0.199897,-1.0
0.224924,0.331173,-0.948098,0.148378,0.93497,0.298214,0.871797,0.339971,0.65479,0.237387,-0.158387,-0.087317,0.490984,-0.079966,-1.0
-0.323358,-0.565792,-0.887917,-0.619931,-0.643694,0.414785,0.344061,0.892701,-0.28149,0.178018,0.12646,-0.57903,-0.085576,0.467789,-1.0
0.481874,0.934878,0.787776,-0.346915,-0.2208,0.288608,0.136705,0.327692,-0.068108,0.135645,0.712243,0.632138,-0.448988,-0.308425,-1.0
0.503758,-0.215976,0.35553,-0.55341,0.613615,-0.943587,0.649155,0.474056,0.323322,-0.409272,-0.087778,0.336015,0.01654,-0.484244,-0.916419
0.462772,0.240377,-0.788907,0.597005,-0.275874,0.190236,0.164298,0.370872,-0.220208,0.049131,0.824109,0.049516,-0.549899,-0.0031,-0.991363
0.028429,0.165982,-0.970504,-0.50105,-0.909365,0.266964,0.865037,0.938982,-0.673785,0.129113,0.124787,-0.02742,-0.508529,0.131809,-1.0
0.260519,0.212702,0.692988,0.236238,-0.432609,-0.46795,0.695975,0.718088,-0.415528,-0.312099,0.189859,0.227551,-0.227305,-0.307039,-1.0
0.473873,-0.261101,-0.064303,-0.038762,-0.175534,-0.118918,0.2494,0.431741,-0.236931,-0.120823,0.76253,-0.230939,-0.551791,0.153211,-1.0
-0.169021,-0.523035,-0.276915,-0.184076,-0.536126,0.652968,0.349994,0.346543,-0.172146,0.12638,0.241968,-0.635805,-0.230046,0.489721,-1.0
-0.932446,0.517368,-0.333011,-0.306701,0.004829,-0.222974,0.761796,0.245961,-0.043138,-0.581527,-0.212224,0.154959,0.349193,-0.326427,-1.0
-0.09609,0.605358,-0.205331,-0.073685,0.43773,-0.778216,0.64087,0.47876,0.294824,-0.386453,-0.161805,0.347604,0.148208,-0.449058,-1.0
-0.868672,0.732422,0.269441,-0.52682,-0.511759,-0.291196,0.548105,0.418012,-0.31445,-0.187199,-0.205787,0.435135,0.173539,-0.571323,-1.0
-0.267786,0.221514,-0.473746,0.724948,0.203627,0.319062,0.650739,0.724313,0.376729,0.472212,-0.345753,-0.048917,0.515932,0.127474,-1.0
0.915132,0.083427,-0.717371,-0.828868,-0.518691,0.635282,0.889412,0.79847,-0.496023,0.5715,0.1155,-0.059984,-0.516199,0.146266,-1.0
-0.961385,0.916161,0.311504,-0.113449,-0.894748,0.634574,0.441183,0.580451,-0.320246,0.150129,-0.097875,0.56693,0.048643,-0.445048,-1.0
-0.85015,0.683577,0.594486,-0.024772,0.749629,-0.908003,0.390382,0.408502,0.19867,-0.226124,-0.430559,0.426936,0.286786,-0.371064,-0.997369
-0.859019,0.935493,-0.5477,-0.383094,0.761802,-0.337081,0.830081,0.871941,0.619249,-0.249106,-0.114983,0.049521,0.394335,-0.34375,-1.0
0.945087,0.544934,0.045969,0.502962,-0.802528,0.07243,0.942319,0.540469,-0.860682,0.016899,0.02001,0.012164,-0.459948,-0.142525,-0.979932
-0.49801,0.785611,0.339128,0.340257,0.308176,-0.139822,0.136305,0.348054,0.076356,-0.084447,-0.563228,0.613268,0.350038,-0.31227,-1.0
-0.997562,-0.958256,-0.577588,-0.030136,0.967239,-0.68385,0.542784,0.538473,0.400485,-0.236222,-0.439784,-0.140124,0.424317,0.083304,-0.985256
0.749453,0.524327,0.884775,-0.845406,0.351959,-0.223889,0.537709,0.800746,0.349874,-0.220114,0.297514,0.360391,-0.290795,-0.403954,-1.0
0.737151,0.725684,0.309573,-0.511482,0.951959,-0.404657,0.115703,0.535989,0.064148,0.024538,-0.179001,0.868073,0.076034,-0.558373,-0.92453
0.915205,0.016888,0.195443,0.972932,0.543809,-0.107052,0.065931,0.381638,0.141789,-0.051498,0.914918,0.350615,-0.452824,-0.08752,-1.0
0.750335,-0.3765,-0.079771,-0.229628,-0.669628,-0.584013,0.127334,0.160393,-0.066675,-0.040166,0.929159,0.090984,-0.540632,-0.067529,-1.0
-0.035442,-0.761305,0.064512,0.508461,0.234161,-0.568033,0.299609,0.511561,0.140765,-0.090409,-0.530352,-0.403022,0.390892,0.25525,-0.911451
-0.518665,0.579332,-0.861051,-0.067212,0.732862,-0.085898,0.826376,0.803525,0.636611,-0.07715,-0.208563,0.11863,0.429773,-0.130322,-0.967306
0.938308,0.118884,0.270482,0.57915,-0.357035,0.805071,0.550095,0.382507,-0.22493,0.465288,0.431597,-0.257762,-0.398145,0.193017,-0.909049
-0.137493,0.530964,-0.459786,0.469776,0.963152,-0.541489,0.140054,0.271636,0.09883,-0.054311,-0.657241,0.548031,0.318287,-0.33566,-1.0
0.112621,0.083697,0.018592,-0.274459,0.709827,0.016695,0.933191,0.087543,0.804951,0.066732,-0.10042,0.011359,0.501166,-0.072737,-1.0
0.607261,-0.327026,0.090016,-0.972761,-0.698508,0.976976,0.534099,0.231039,-0.262162,0.33323,0.315309,-0.382194,-0.28726,0.406246,-1.0
0.015125,0.20874,0.825055,0.273288,-0.127345,0.908269,0.872659,0.042408,-0.036632,0.677701,-0.005246,-0.093175,-0.007183,0.548087,-0.978915
-0.875956,-0.635945,-0.653471,-0.872047,0.714308,0.732017,0.67427,0.801372,0.254365,0.463215,-0.180475,-0.141148,0.314345,0.334461,-0.990838
0.115309,0.847198,-0.372895,0.723087,-0.104665,0.683115,0.014427,0.700544,-0.096403,0.019936,0.853595,0.617485,-0.436776,-0.27119,-0.986617
-0.454156,-0.685027,-0.70993,-0.959823,0.853765,-0.302954,0.163392,0.415899,0.06179,-0.032158,-0.836967,-0.280673,0.531257,0.20124,-0.975083
0.99578,0.407331,-0.896779,-0.278775,-0.621415,0.974259,0.37576,0.044152,-0.226992,0.179389,0.615551,-0.205307,-0.490497,0.142905,-1.0
-0.058408,0.097671,-0.615865,0.986275,0.265688,0.084374,0.171623,0.524131,0.129791,0.018829,-0.799426,-0.031693,0.460431,0.014743,-1.0
0.736403,-0.475868,0.407297,-0.988027,0.235233,-0.48224,0.86707,0.477567,0.169475,-0.598762,0.186719,0.017495,-0.51383,-0.007678,-0.970167
-0.733473,-0.180264,-0.102392,-0.230133,-0.920465,-0.77839,0.923034,0.819137,-0.558624,-0.553113,-0.044367,-0.008429,-0.101178,-0.483553,-0.944658
-0.757879,-0.240418,-0.063668,0.963187,0.789247,0.661895,0.805867,0.743654,0.59411,0.42499,-0.134807,-0.039193,0.506776,0.262202,-1.0
0.205917,-0.609413,0.404663,0.739623,0.143322,0.727269,0.032646,0.971722,0.055639,0.176332,0.033934,-0.984634,-0.00035,0.538832,-1.0
0.512126,0.880086,0.777861,-0.691561,-0.907277,0.792645,0.500349,0.671738,-0.307011,0.207565,0.509701,0.057804,-0.599993,-0.048684,-1.0
-0.369627,0.301913,0.13826,0.00451,0.907932,0.39085,0.96107,0.099745,0.741392,0.241212,-0.047848,0.060088,0.48704,0.095435,-0.95699
-0.689668,-0.133472,0.342769,0.647328,0.112174,-0.777705,0.292668,0.884874,0.015485,-0.15834,-0.523773,0.413079,0.423864,-0.328336,-1.0
-0.718998,-0.789792,-0.564153,0.705019,-0.755486,-0.600203,0.4095,0.978878,-0.279023,-0.141263,0.063608,-0.5614,-0.023787,0.382556,-0.954518
-0.12899,-0.439611,0.854379,-0.695192,-0.501274,0.625566,0.841385,0.03728,-0.47324,0.580483,0.068216,-0.169485,-0.084276,0.48372,-1.0
-0.425646,-0.231257,-0.438645,0.597101,-0.002648,0.281119,0.921502,0.613262,-0.068868,0.722701,-0.098825,-0.099077,0.271385,0.379161,-0.935032
-0.018345,0.120514,-0.363042,-0.264825,0.197015,-0.969827,0.903338,0.820324,0.189554,-0.729264,-0.07213,0.19264,0.047929,-0.425155,-0.998697
0.907385,0.886229,-0.435989,0.036361,-0.485473,-0.731333,0.295338,0.973646,-0.113249,-0.170312,0.427389,0.488698,-0.364835,-0.385217,-1.0
0.65197,0.636164,-0.655939,0.011374,-0.233804,-0.102612,0.411846,0.711741,-0.342388,-0.172836,0.469114,0.329399,-0.344468,-0.309634,-1.0
-0.333981,-0.495511,0.005588,0.055875,-0.713028,0.789644,0.805654,0.063636,-0.482359,0.414498,0.077358,-0.124446,-0.108437,0.525496,-0.914967
-0.792486,0.592417,-0.777822,0.330742,0.783119,-0.319042,0.107691,0.613861,0.066694,-0.061103,-0.748586,0.478289,0.427037,-0.228905,-0.959312
-0.101853,-0.678587,-0.20366,-0.224169,0.373824,-0.145842,0.32793,0.912877,0.281325,-0.104166,-0.336086,-0.51225,0.228932,0.385257,-1.0
0.980396,-0.331826,-0.379172,-0.728192,0.894584,-0.89297,0.995317,0.583074,0.592785,-0.594655,0.064932,0.032506,-0.12333,-0.534323,-1.0
0.604252,0.814832,-0.851809,-0.457891,-0.90104,-0.445573,0.172979,0.543797,-0.1609,-0.088176,0.647106,0.610737,-0.40775,-0.31979,-0.991155
-0.691346,0.465425,-0.933846,0.12582,-0.768635,0.896759,0.583224,0.765623,-0.221946,0.312084,0.051646,-0.396472,-0.173964,0.570504,-1.0
0.083018,-0.512007,-0.552168,-0.16599,-0.445841,-0.275995,0.639035,0.531428,-0.428626,-0.421064,0.265505,-0.151594,-0.42502,0.27044,-1.0
-0.080987,0.614903,0.513175,0.246393,-0.033919,-0.150747,0.582692,0.346962,-0.061505,-0.558929,-0.06274,0.344627,0.071341,-0.454571,-1.0
-0.74168,-0.119047,-0.327793,0.792584,-0.462853,0.613523,0.243519,0.621343,0.006772,0.195686,-0.288111,-0.680177,0.178214,0.517656,-0.959025
0.349291,0.348862,-0.843436,-0.8126,0.107692,-0.367251,0.531016,0.748032,0.213478,-0.353019,0.098175,0.413621,-0.165423,-0.370799,-0.970925
-0.596298,0.367253,0.183139,-0.439071,0.70157,0.748324,0.01706,0.512416,0.037728,-0.029146,-0.99136,-0.363428,0.49639,0.130952,-1.0
0.730319,-0.416808,0.313892,-0.040947,-0.189488,0.931427,0.637795,0.3045,-0.212604,0.510887,0.229223,-0.281129,-0.340678,0.444525,-1.0
0.056452,-0.10617,0.189895,0.928466,0.973033,-0.697693,0.762172,0.744927,0.485899,-0.425734,-0.163115,0.101038,0.429317,-0.248505,-0.970521
0.774609,-0.564099,0.53059,0.945961,-0.829883,-0.998636,0.417214,0.835027,-0.240453,-0.355018,0.529249,0.218563,-0.525442,-0.112873,-1.0
-0.480384,-0.745428,0.434139,0.571158,0.272422,0.746337,0.10186,0.69326,0.089271,-0.001408,-0.356237,-0.758777,0.217776,0.398272,-1.0
-0.829362,0.640719,0.174694,0.337698,0.495962,-0.885046,0.796183,0.16545,0.386104,-0.576871,-0.104642,0.103676,0.36337,-0.415469,-0.968054
-0.163786,-0.389705,-0.547654,0.151036,-0.868984,0.497277,0.53284,0.651746,-0.315746,0.244562,0.240069,-0.404689,-0.278816,0.407024,-0.965176
0.793602,-0.79746,0.15417,0.986733,0.21939,0.049784,0.800996,0.697705,0.663677,0.217387,0.159868,-0.20647,-0.270178,0.372512,-1.0
-0.970594,0.374873,0.324099,0.989346,0.518945,0.930062,0.304719,0.10744,0.162341,0.195319,-0.684153,-0.278079,0.422178,0.218415,-1.0
0.724085,0.356123,-0.756498,-0.17663,0.177987,0.860187,0.7699,0.990562,0.0662,0.630344,0.218185,-0.181818,-0.404381,0.376333,-1.0
-0.524944,0.373277,0.293562,-0.209025,0.943672,0.61162,0.554215,0.641283,0.403827,0.231443,-0.474601,-0.088497,0.489891,0.031686,-1.0
0.839122,0.763806,0.29327,0.622385,0.300401,0.749233,0.150931,0.564262,0.128214,0.100868,0.728857,0.008021,-0.5257,0.004763,-0.982889
-0.72355,-0.503466,-0.92961,0.802993,0.471066,-0.432245,0.199776,0.219992,0.131164,-0.117725,-0.755901,-0.082964,0.479274,0.041776,-0.961689
0.540118,0.297613,-0.694419,-0.013754,0.039718,-0.097461,0.327264,0.965263,0.130943,-0.296879,0.523786,0.460736,-0.45721,-0.341946,-1.0
0.667981,0.827235,-0.875986,0.470231,-0.313937,-0.456042,0.727549,0.660972,-0.33066,-0.446038,0.173428,0.246415,-0.299534,-0.465154,-1.0
0.132314,0.448312,0.834671,0.690977,-0.052684,0.418225,0.378307,0.564214,-0.032792,0.2083,0.621332,0.055512,-0.321075,-0.02576,-1.0
-0.747124,-0.253111,0.948784,-0.554376,0.461696,0.21069,0.167591,0.33197,0.201385,0.095767,-0.812576,-0.239851,0.45349,0.126449,-1.0
0.910482,-0.803161,-0.220963,0.998716,-0.636073,-0.183818,0.264117,0.761218,-0.121919,-0.104273,0.643693,-0.325869,-0.428497,0.231066,-1.0
0.36202,-0.108153,0.100176,0.171216,-0.204924,-0.979635,0.514515,0.363546,0.006557,-0.43242,0.277294,0.431077,-0.342081,-0.421512,-0.97318
0.587984,-0.74031,-0.432272,0.764653,-0.127632,0.638708,0.197898,0.006741,-0.084657,0.233077,0.295363,-0.753803,-0.29856,0.39207,-1.0
-0.03167,-0.424261,-0.286726,-0.586182,0.053318,0.464196,0.953517,0.322331,0.085398,0.837926,-0.046479,-0.001288,0.01032,0.493813,-1.0
-0.863037,-0.343873,-0.900863,0.332431,-0.596844,0.802097,0.390478,0.102845,-0.173559,0.290601,-0.18335,-0.603763,0.103819,0.530092,-1.0
-0.022176,0.670044,-0.464506,0.408294,-0.606907,0.997674,0.367054,0.416436,-0.164904,0.320135,0.647728,-0.319072,-0.387649,0.26983,-0.917253
0.225675,0.465198,-0.570239,0.336398,0.674417,-0.718609,0.478055,0.250568,0.269828,-0.223928,-0.156762,0.477605,0.246455,-0.423995,-1.0
0.876379,-0.541819,-0.423581,-0.697443,-0.801123,0.744721,0.170056,0.077919,-0.011848,0.073834,0.608889,-0.468271,-0.365509,0.223057,-0.975989
0.582043,0.933376,0.464301,0.588351,-0.809446,0.134306,0.72202,0.373538,-0.632006,0.133353,0.253732,0.190593,-0.528369,-0.270472,-1.0
-0.456293,-0.120654,0.203825,-0.472784,0.081571,0.951617,0.799611,0.374724,0.081599,0.687728,-0.056486,-0.110187,0.265887,0.387765,-0.944154
0.315065,-0.611925,-0.749142,0.281443,-0.576614,0.312304,0.856759,0.169009,-0.661333,0.277455,0.121479,-0.058466,-0.314301,0.335152,-1.0
0.799655,-0.896867,0.823846,-0.84301,0.090077,-0.111842,0.07948,0.362917,0.068618,0.014536,0.617785,-0.723195,-0.37998,0.516663,-1.0
0.175441,-0.391896,0.178954,-0.749985,0.14217,-0.76308,0.162513,0.309492,0.099259,-0.064552,0.13877,0.772377,-0.061435,-0.508992,-0.947319
0.086024,-0.155076,-0.374422,-0.182305,0.981105,-0.196515,0.04623,0.386756,-0.041968,-0.022364,-0.910145,0.030196,0.564263,-0.039521,-1.0
-0.6427,-0.876409,0.929412,0.460619,0.857881,-0.307373,0.993104,0.531134,0.692823,-0.265561,-0.008652,-0.045091,0.428465,0.112845,-0.95121
-0.665508,-0.933291,-0.131276,-0.151926,0.099319,0.78216,0.66419,0.087715,0.156825,0.490703,-0.136226,-0.352822,0.276938,0.391651,-1.0
0.330976,0.177314,-0.184041,0.362917,-0.281707,0.890461,0.02295,0.616673,0.007217,0.042738,0.641477,-0.694856,-0.311315,0.366325,-1.0
-0.904605,-0.612679,-0.136361,0.968624,0.835575,0.39048,0.856533,0.35335,0.592378,0.300646,-0.115314,-0.051664,0.433704,0.293081,-1.0
0.166964,-0.647405,-0.119138,-0.529502,-0.006356,0.585899,0.114921,0.336715,0.007584,0.097336,0.176444,-0.925117,-0.05567,0.554185,-0.97191
-0.287801,-0.441334,-0.829844,0.423906,-0.73992,0.447499,0.981399,0.880636,-0.767676,0.398466,-0.0504,-0.069751,-0.278692,0.398441,-1.0
0.060363,-0.858402,0.771687,0.866162,-0.578776,0.02348,0.609005,0.035537,-0.440368,0.018157,0.269006,-0.217219,-0.372078,0.509526,-1.0
-0.734618,-0.566122,0.114818,0.949918,0.241977,-0.771229,0.085784,0.858255,-0.011003,-0.113204,-0.875661,0.16181,0.445559,-0.115785,-1.0
0.92455,0.781817,-0.613024,-0.370075,-0.806405,0.797619,0.1795,0.137017,-0.198538,0.070277,0.807227,0.030826,-0.461523,-0.020644,-1.0
0.888341,-0.693103,-0.420282,-0.859839,0.629413,-0.25389,0.347261,0.470656,0.32169,-0.104252,0.332078,-0.507217,-0.243892,0.47145,-1.0
0.451789,0.025944,-0.245662,0.438642,-0.511423,0.105849,0.844264,0.526204,-0.663862,0.170239,0.197385,0.007654,-0.544965,0.06359,-0.971865
0.889253,0.812655,0.434804,-0.35509,-0.938635,-0.815668,0.810491,0.230469,-0.500718,-0.458804,0.139027,0.029039,-0.349754,-0.312322,-1.0
-0.313362,0.235608,-0.360816,-0.118769,-0.482893,-0.365238,0.666719,0.451327,-0.389588,-0.307368,0.003799,0.211456,-0.123466,-0.448323,-1.0
0.997567,0.439889,-0.091979,0.683904,0.876636,0.352196,0.682907,0.429489,0.533328,0.236667,0.2536,0.264502,-0.354146,-0.323867,-1.0
0.150201,0.251869,0.530414,0.995732,-0.141476,-0.508167,0.715297,0.732574,-0.09353,-0.48958,0.026854,0.256738,-0.226044,-0.412709,-1.0
-0.574594,-0.212655,-0.380283,-0.570427,-0.778425,-0.808034,0.954383,0.941231,-0.427502,-0.463508,-0.068935,0.105487,-0.10907,-0.472128,-0.944487
0.022547,-0.255943,0.492243,0.807499,0.383493,0.302529,0.194443,0.470492,0.058586,0.112296,-0.434458,-0.67085,0.188651,0.418053,-1.0
0.765881,-0.837925,0.171206,0.486818,-0.715856,0.863509,0.297658,0.265405,-0.189495,0.208618,0.415771,-0.544967,-0.388164,0.370349,-1.0
-0.807416,-0.331071,0.432711,0.574391,0.480204,-0.615785,0.148068,0.313168,0.134591,-0.10077,-0.818442,0.173375,0.458931,-0.079234,-0.986048
0.049891,-0.562851,-0.72023,-0.609409,0.745244,0.685261,0.180571,0.44222,-0.005337,0.027594,-0.443305,-0.766355,0.249809,0.445452,-1.0
-0.195043,0.468651,0.301222,-0.724907,-0.498534,-0.943146,0.402273,0.344147,-0.11457,-0.314282,0.096637,0.586786,-0.141921,-0.502708,-1.0
0.626897,-0.111434,0.539828,0.120485,0.995727,0.903555,0.90614,0.917734,0.574007,0.581901,0.00936,-0.01099,0.22499,0.450897,-0.949553
-0.643596,0.139564,-0.275472,0.166115,-0.574418,0.864229,0.660992,0.088563,-0.344873,0.475102,0.028265,-0.342826,-0.002725,0.545986,-0.8836
-0.374106,-0.448515,-0.530827,0.160235,0.248858,-0.034452,0.64883,0.294818,0.585165,-0.026243,-0.318822,-0.236391,0.369365,0.233231,-0.91679
-0.009412,-0.466275,0.050486,-0.556426,0.698619,-0.084695,0.410268,0.300453,0.328033,-0.057058,-0.549847,-0.215802,0.485962,0.218348,-0.952032
-0.380777,0.158213,-0.496533,-0.724804,0.983176,0.424613,0.508067,0.069866,0.41756,0.229178,-0.470315,-0.08274,0.484042,0.018116,-0.961722
0.557852,-0.431023,0.384753,0.768537,-0.156875,-0.64825,0.560659,0.319752,-0.119971,-0.344233,0.426171,0.172616,-0.415941,-0.151078,-1.0
-0.098814,-0.816962,0.204666,0.140986,0.049489,0.737199,0.987212,0.785743,-0.008441,0.80252,0.047223,0.0113,0.002395,0.452039,-0.979147
0.479365,-0.933679,0.649457,-0.854616,0.677864,0.562301,0.155746,0.002198,0.098736,0.110086,-0.148161,-0.831202,0.117691,0.467765,-0.976117
-0.059735,0.621868,-0.447511,0.782572,-0.65694,-0.122795,0.707986,0.532178,-0.509033,-0.140771,0.167722,0.218306,-0.301762,-0.353803,-1.0
0.426284,0.138596,-0.894346,0.182914,0.034308,-0.570132,0.509023,0.028545,-0.00637,-0.365409,0.308109,0.439806,-0.244903,-0.409073,-1.0
0.33904,-0.854294,0.14884,0.89137,-0.62312,-0.478042,0.4458,0.442348,-0.374355,-0.214338,0.428527,-0.233002,-0.450413,0.179158,-1.0
0.672693,0.510001,-0.983041,-0.884682,0.079623,-0.342549,0.419724,0.98772,0.047484,-0.300047,0.371068,0.472947,-0.288593,-0.391046,-0.936613
-0.182849,0.169191,0.562717,0.883852,0.00938,-0.97481,0.165694,0.657531,0.006651,-0.151836,-0.181172,0.923262,0.083237,-0.45719,-0.990278
0.775456,-0.926365,-0.975285,0.834049,0.198073,0.796241,0.65773,0.730532,0.069905,0.568779,0.145937,-0.278211,-0.175318,0.530338,-1.0
0.328779,-0.081395,-0.982784,0.390397,-0.527924,-0.737273,0.890262,0.017026,-0.436179,-0.623451,0.029042,0.07114,-0.376829,-0.291865,-0.968591
0.638253,-0.958906,0.251622,0.380727,0.687558,0.69454,0.85053,0.522154,0.479333,0.527978,-0.058248,-0.135763,-0.05084,0.469176,-0.963295
0.246468,-0.097246,-0.561321,-0.636282,-0.714383,-0.707339,0.363491,0.611233,-0.167502,-0.28425,0.422352,0.315257,-0.456053,-0.235366,-0.896889
-0.946514,-0.793846,-0.782203,0.523184,0.341213,0.833028,0.092315,0.94038,0.021509,0.142193,-0.534672,-0.883072,0.324009,0.421256,-1.0
0.086643,0.737994,0.164098,-0.74218,0.896837,0.341364,0.129128,0.742469,0.127096,0.068388,-0.820099,0.448648,0.424147,-0.140504,-1.0
-0.032734,0.687505,-0.569825,-0.850321,-0.383156,-0.696307,0.266466,0.313897,-0.051824,-0.143758,0.192871,0.761095,-0.114742,-0.56808,-0.990605
-0.525406,-0.361073,-0.029791,-0.708525,-0.899919,0.204242,0.146151,0.70369,-0.086611,-0.040095,0.524112,-0.654985,-0.339101,0.343156,-0.997745
-0.431914,-0.098585,0.547783,-0.447214,-0.880847,-0.220994,0.071484,0.337472,-0.013758,-0.033801,0.978183,0.231986,-0.499555,-0.169256,-1.0
0.820482,0.656734,-0.994921,-0.182257,0.868995,-0.000617,0.405394,0.260485,0.354098,0.096932,-0.0914,0.615842,0.116511,-0.45679,-1.0
0.717978,-0.360769,0.23267,-0.787696,-0.634904,-0.307781,0.237688,0.430405,-0.085485,-0.130253,0.77217,0.001537,-0.569794,0.043971,-0.968519
0.868054,-0.247948,0.927312,0.386745,0.640196,0.286275,0.701153,0.703534,0.48642,0.162657,0.197458,-0.338432,-0.13549,0.459659,-0.972742
-0.226708,-0.952493,-0.005585,0.78016,-0.610081,-0.302389,0.759735,0.929879,-0.59792,-0.394036,0.064821,-0.321799,-0.216447,0.465286,-0.943628
0.793951,-0.782746,-0.865898,-0.931617,-0.846453,-0.727242,0.960148,0.14791,-0.685338,-0.513993,0.098946,-0.004441,-0.550233,0.087617,-0.904741
-0.530011,-0.234727,0.956489,0.186318,0.051375,-0.14293,0.632548,0.585952,0.21819,-0.409187,-0.368905,0.003585,0.425421,0.109029,-0.994854
-0.42237,0.126677,0.381595,-0.928116,-0.076696,0.168164,0.176528,0.078765,-0.032878,0.053183,-0.774089,-0.044948,0.468852,0.090191,-1.0
-0.811731,0.045182,-0.266909,-0.629179,-0.468613,0.823697,0.944464,0.361549,-0.312714,0.613978,-0.060439,-0.09797,0.273739,0.422623,-1.0
-0.478444,0.251771,0.733132,0.124868,0.132986,-0.029317,0.508901,0.493475,0.451647,-0.028507,-0.525904,0.253948,0.40566,-0.20508,-1.0
0.672657,-0.867181,0.327086,0.828455,-0.447378,-0.273679,0.977322,0.046524,-0.639698,-0.410377,-0.036675,-0.054723,-0.391097,0.107218,-1.0
-0.688916,0.30287,-0.086552,-0.880415,-0.256668,-0.561566,0.438218,0.671684,-0.087945,-0.272246,-0.24798,0.486841,0.2827,-0.420576,-1.0
-0.879465,-0.478249,-0.865238,-0.86038,0.326953,0.373149,0.544792,0.464203,0.299547,0.332051,-0.325924,-0.272677,0.421417,0.265449,-0.956909
-0.847742,0.509705,0.805846,0.863009,0.044499,-0.116651,0.413997,0.204948,0.199157,-0.240873,-0.553732,0.265169,0.330409,-0.259622,-0.937677
-0.703627,-0.876998,0.249833,-0.648214,-0.607324,0.118698,0.394605,0.118898,-0.363273,0.076581,-0.052673,-0.646657,0.052995,0.425791,-1.0
0.657602,-0.37615,0.16884,-0.883462,-0.773126,0.03425,0.492931,0.597113,-0.436211,0.001939,0.551341,-0.174592,-0.540045,0.131918,-1.0
0.363766,0.412383,0.339803,-0.867688,-0.902678,-0.672369,0.087429,0.4951,-0.026989,-0.069328,0.71154,0.528451,-0.427282,-0.379747,-1.0
-0.44331,-0.976119,0.072977,0.861136,-0.061526,0.13281,0.258293,0.708219,-0.144077,0.148103,-0.293767,-0.640806,0.127942,0.42553,-0.997793
0.876346,0.021452,-0.919315,0.555757,-0.513936,0.946294,0.151707,0.870794,-0.100364,0.081765,0.687331,-0.511018,-0.472698,0.310331,-0.993996
0.973353,-0.581639,-0.988114,0.942171,-0.912408,-0.107591,0.481799,0.694909,-0.423702,-0.143153,0.458509,-0.101792,-0.496696,0.082446,-1.0
0.029349,0.415566,0.604255,-0.634589,0.446304,-0.25755,0.547117,0.822322,0.41007,-0.180918,-0.26621,0.349386,0.289249,-0.50336,-0.950987
0.588872,0.459085,-0.079572,-0.580875,0.492808,0.891767,0.215041,0.336571,0.030261,0.159018,0.16702,-0.772676,-0.094993,0.498812,-1.0
-0.348381,-0.416166,-0.328102,0.452634,-0.433347,0.561735,0.212555,0.369205,-0.151073,0.120969,0.015983,-0.847228,0.022012,0.450054,-1.0
0.946421,-0.342292,0.271606,0.308707,0.493485,-0.814566,0.819397,0.747106,0.358183,-0.527048,0.146166,0.121972,-0.360761,-0.369741,-0.910708
-0.58363,0.692094,-0.334093,-0.798195,0.854401,0.835926,0.145705,0.738227,0.047027,0.125573,-0.844604,-0.0812,0.50683,-0.01238,-0.891685
-0.468184,0.265764,-0.368406,-0.286824,-0.623005,0.308728,0.184069,0.533558,-0.121733,0.113955,0.753089,-0.235799,-0.467842,0.116666,-1.0
-0.945935,-0.305312,0.88277,-0.416109,0.240775,0.090803,0.90783,0.228346,0.741047,0.365115,0.010969,-0.060549,0.468304,0.176449,-1.0
-0.239349,-0.979033,-0.204542,-0.073073,-0.163305,-0.635133,0.541242,0.408063,-0.146522,-0.359719,-0.213028,-0.505792,0.141964,0.404991,-0.946224
-0.006314,0.01887,-0.922883,0.501627,-0.695574,0.400454,0.211754,0.934604,-0.163896,0.051952,0.719855,-0.335832,-0.361067,0.189074,-1.0
-0.276309,0.256388,-0.167056,0.266285,-0.702858,-0.948327,0.446268,0.67307,-0.298345,-0.28905,0.234228,0.552672,-0.216946,-0.502466,-1.0
0.645185,-0.789384,0.601847,0.298085,0.317721,0.42966,0.188088,0.606558,0.086523,0.079397,0.224868,-0.723809,-0.131116,0.432218,-0.984351
0.229334,0.387922,0.844853,-0.297235,0.264986,0.076595,0.693905,0.43414,0.560994,0.087905,0.051318,0.388208,0.128101,-0.505853,-1.0
-0.221985,-0.626494,-0.648172,0.923781,-0.074508,0.629296,0.309996,0.644795,-0.026413,0.253135,-0.053762,-0.645669,0.021133,0.490937,-1.0
0.050226,0.881211,-0.745039,-0.12042,-0.162812,0.134019,0.579171,0.497366,-0.246039,0.255525,0.094619,0.513383,-0.13143,-0.578963,-0.948163
-0.594648,-0.604215,-0.310927,0.436698,-0.815801,-0.94793,0.424133,0.047241,-0.163832,-0.257798,0.300577,0.527993,-0.279349,-0.374103,-0.997998
0.060738,0.491449,-0.64483,0.996432,0.300881,0.923337,0.166129,0.568595,0.079046,0.153169,-0.397097,-0.805233,0.233982,0.47303,-1.0
-0.799348,0.259473,0.269308,0.211865,0.73227,0.64087,0.992546,0.590634,0.528912,0.590824,0.036363,-0.06799,0.515811,0.023706,-1.0
-0.399951,0.269117,0.773293,0.298902,-0.143828,-0.401076,0.512611,0.259581,-0.134827,-0.342228,-0.180363,0.278234,0.213534,-0.42927,-1.0
-0.067881,-0.348929,0.13103,-0.931883,-0.295425,-0.514585,0.391147,0.114241,-0.144133,-0.206236,0.622839,0.417118,-0.445647,-0.327683,-1.0
-0.457835,0.027434,-0.84376,-0.731849,0.251729,0.648884,0.930555,0.473361,0.155863,0.734605,0.073707,-0.09187,0.376275,0.378308,-0.99182
-0.117301,-0.459914,-0.191854,-0.188085,-0.059249,-0.004806,0.356805,0.149182,-0.273062,-0.00299,-0.095772,-0.528242,0.054498,0.543874,-1.0
-0.892571,0.727024,-0.297886,0.828904,-0.206696,-0.60412,0.234373,0.442676,-0.031719,-0.249327,-0.308304,0.631533,0.309911,-0.393201,-0.986157
-0.901935,-0.689094,-0.674507,0.079009,-0.392461,0.255403,0.093196,0.350292,-0.03647,0.004665,-0.453322,-0.779741,0.288307,0.463318,-1.0
0.104513,0.862111,-0.483735,0.608161,-0.898478,-0.872157,0.277555,0.750847,-0.20789,-0.119456,0.469834,0.613076,-0.161215,-0.323538,-0.963701
-0.362565,-0.071862,0.578615,-0.945895,-0.331633,-0.449135,0.894508,0.687588,-0.448806,-0.667701,0.01595,0.102921,0.005019,-0.47694,-0.983942
0.102432,-0.902188,-0.611525,-0.838334,-0.218592,0.048946,0.795721,0.610009,-0.62083,0.184305,0.049567,-0.191724,-0.146916,0.529053,-0.98383
-0.162584,0.591599,-0.883507,0.388208,-0.34867,0.242595,0.841539,0.847172,-0.607781,0.428589,0.010626,0.174962,-0.242256,-0.397494,-1.0
0.737745,-0.027603,0.485519,0.746037,0.393133,0.097903,0.020733,0.82687,0.078378,0.002726,0.934524,-0.362017,-0.479898,0.149631,-1.0
-0.256316,0.31981,0.776759,-0.582363,-0.639032,0.126332,0.32866,0.275194,-0.241149,-0.040675,0.563974,0.364072,-0.473872,-0.257037,-0.955651
-0.815263,0.306679,0.850478,0.143917,-0.855116,0.12344,0.322064,0.230324,-0.317782,0.055357,0.076236,0.610958,-0.173542,-0.486031,-0.926273
0.267638,-0.199895,-0.505122,0.700784,-0.921808,0.626856,0.409816,0.356067,-0.292796,0.178804,0.468736,-0.339358,-0.429507,0.366107,-1.0
0.023672,0.314388,-0.764775,-0.357492,0.443513,-0.093483,0.636054,0.540841,0.493296,-0.08876,-0.302884,0.332332,0.421933,-0.370608,-0.954836
-0.481418,0.727949,-0.472337,-0.407502,0.624979,-0.223481,0.999313,0.029946,0.721092,-0.231069,0.046987,-0.01453,0.408459,-0.377394,-0.930551
-0.339116,-0.587567,-0.246366,0.169767,-0.726832,0.37905,0.991486,0.08691,-0.661944,0.346228,-0.038036,0.028048,-0.213655,0.444786,-1.0
0.249968,0.389025,0.536157,0.381442,-0.550919,-0.790747,0.046719,0.005893,0.012772,0.020949,0.528091,0.822067,-0.285064,-0.379193,-1.0
0.515589,-0.654793,0.646277,-0.412243,-0.831957,-0.417088,0.833462,0.389868,-0.543341,-0.365295,0.165415,-0.037294,-0.434644,0.114054,-0.994054
-0.684578,0.786978,0.917306,-0.776425,-0.403414,-0.48383,0.680269,0.325426,-0.325619,-0.35803,-0.044312,0.246858,0.095682,-0.479724,-0.991492
0.346867,-0.29548,0.140045,-0.34469,-0.336326,-0.409907,0.35406,0.934727,-0.175999,-0.155487,0.573812,0.090539,-0.475335,-0.094249,-1.0
-0.087187,-0.357657,-0.255529,-0.25965,-0.440695,-0.288286,0.34402,0.002011,-0.225718,-0.168125,0.59901,-0.149288,-0.387637,-0.001495,-1.0
-0.444524,0.213305,0.759514,0.020545,0.855711,-0.996574,0.168732,0.963277,0.135591,-0.055289,-0.672327,0.554635,0.337624,-0.351979,-0.916165
-0.887708,-0.988623,-0.518583,0.007736,-0.595487,0.720363,0.218503,0.895381,-0.001042,0.150801,-0.041098,-0.761966,0.092382,0.477796,-0.997815
-0.459286,-0.967051,-0.296279,-0.813911,-0.305143,-0.987192,0.12513,0.04147,-0.049498,-0.13365,-0.852709,0.127102,0.554301,-0.091497,-1.0
-0.437388,0.938579,-0.681728,0.578073,0.988129,0.000484,0.868398,0.107284,0.742186,-0.011741,-0.15495,0.03415,0.348492,-0.26099,-1.0
0.109782,0.707762,-0.197186,-0.97497,-0.207275,-0.534319,0.602715,0.610019,-0.121589,-0.501689,0.179132,0.318126,-0.185733,-0.480312,-1.0
-0.288118,-0.258886,0.900282,-0.201871,-0.958139,0.349231,0.396676,0.520284,-0.24401,0.067725,0.56267,-0.406431,-0.375138,0.323059,-1.0
-0.027179,-0.169234,-0.21813,-0.893815,0.943342,0.799489,0.80458,0.361574,0.55585,0.382747,-0.216158,-0.139285,0.288144,0.393426,-1.0
0.76969,-0.044957,0.260412,0.600574,0.066379,0.406988,0.189873,0.181998,0.015387,0.11322,0.757409,-0.439453,-0.459915,0.291725,-0.997951
0.971432,0.67255,-0.397185,0.098763,0.21715,-0.872172,0.468508,0.216875,0.00414,-0.313973,0.322276,0.561701,-0.328968,-0.501754,-0.979397
-0.115411,0.969386,0.727043,0.093567,-0.743999,0.723409,0.939212,0.781118,-0.549997,0.511188,0.096732,0.100517,-0.473661,-0.197941,-1.0
-0.507839,-0.255152,-0.544951,-0.316648,0.022273,-0.378203,0.496627,0.724589,0.033631,-0.33711,-0.455688,0.217002,0.420749,-0.07817,-1.0
-0.945306,-0.871984,0.671555,0.771055,0.70083,-0.210801,0.940732,0.095944,0.673243,-0.185122,-0.094133,0.007645,0.496205,0.232544,-0.945672
-0.151438,0.474526,-0.708207,-0.662335,0.649805,0.77214,0.125422,0.220669,0.052176,0.146504,-0.852525,-0.354336,0.463696,0.23748,-1.0
-0.720809,-0.285948,0.579909,0.320866,0.743986,0.254938,0.617597,0.84896,0.474503,0.202234,-0.388853,-0.134223,0.384985,0.216344,-0.986653
0.067471,0.622035,-0.310814,-0.483683,-0.440875,-0.45122,0.40903,0.565483,-0.171904,-0.21484,0.270151,0.449628,-0.213567,-0.461872,-1.0
0.278288,0.253578,-0.896819,-0.219154,-0.337207,0.910478,0.481416,0.295167,-0.123613,0.344495,0.362779,-0.26205,-0.378216,0.286221,-0.962724
-0.199418,0.19447,0.162826,-0.984663,0.298954,-0.462597,0.908933,0.269928,0.41277,-0.589183,-0.008467,0.052686,0.307079,-0.344621,-1.0
0.858177,0.64835,0.196428,-0.451847,-0.795744,-0.547774,0.463592,0.521444,-0.379468,-0.16448,0.401542,0.312098,-0.381151,-0.279837,-0.917145
0.875807,-0.427039,0.611142,-0.43494,-0.746657,0.780475,0.582249,0.15486,-0.300728,0.316783,0.322065,-0.284767,-0.491417,0.180112,-1.0
0.220905,0.88555,0.144909,0.750744,0.468154,0.138902,0.065836,0.064648,-0.029677,0.106032,-0.244924,0.898945,0.165295,-0.438988,-0.974294
-0.005046,-0.739936,0.165169,0.45211,0.057731,0.688024,0.082019,0.810477,-0.089346,-0.096644,-0.049339,-0.878653,0.036146,0.502271,-0.981386
0.063432,-0.964609,0.95671,-0.577507,-0.714539,0.630391,0.475219,0.535703,-0.300244,0.200322,0.259926,-0.457299,-0.247902,0.403982,-1.0
-0.613275,-0.006649,0.500692,-0.427465,-0.624529,0.479288,0.572367,0.175162,-0.327556,0.2985,0.127024,-0.299276,0.027889,0.468029,-1.0
0.973827,0.384371,0.78717,-0.509702,0.087947,0.655006,0.855658,0.166165,0.167138,0.725285,0.096532,-0.021155,-0.431367,0.128188,-0.999392
0.635524,-0.381663,0.725488,-0.717414,0.26761,-0.745195,0.194935,0.079217,0.012317,-0.085591,0.640652,0.496143,-0.320433,-0.416148,-0.937762
-0.472968,0.81606,0.368253,0.996302,-0.657068,-0.976961,0.805482,0.65672,-0.329728,-0.599398,0.065074,0.199633,-0.007105,-0.492657,-1.0
0.826467,-0.68012,0.941256,0.405846,-0.039082,0.659533,0.625352,0.187298,0.06924,0.481532,0.17006,-0.253074,-0.225229,0.429891,-0.962201
-0.123086,0.863128,0.49191,-0.795436,-0.749625,-0.209899,0.56718,0.338792,-0.476502,-0.137453,0.292438,0.447058,-0.215739,-0.449513,-1.0
0.517129,0.119012,0.625276,-0.971508,0.278612,-0.393929,0.944321,0.865691,0.508362,-0.631109,0.027991,0.122051,-0.178771,-0.426593,-1.0
0.219988,0.913481,0.700579,0.819427,0.767304,-0.600576,0.08565,0.490887,0.021146,-0.064837,-0.277491,0.863062,0.177502,-0.491422,-1.0
-0.121469,0.990536,0.869516,0.247885,0.757591,-0.284818,0.159573,0.606424,0.101137,-0.000962,-0.437422,0.656626,0.383186,-0.305673,-1.0
0.249778,0.319415,0.328169,-0.26462,0.208181,0.156773,0.354341,0.891528,0.234285,0.1623,0.064772,0.675887,-0.131784,-0.471617,-0.978402
0.889008,-0.19816,-0.556509,0.038559,0.494147,0.664159,0.380338,0.995351,0.199393,0.221746,0.284141,-0.594127,-0.243638,0.41164,-1.0
0.474697,-0.55813,0.108841,0.063755,-0.00964,0.997229,0.164579,0.748091,-0.018775,0.166928,0.24749,-0.840005,-0.142661,0.493108,-1.0
-0.209157,0.504207,-0.308366,0.461,0.165901,0.193003,0.090426,0.051146,0.093635,0.054636,-0.763869,0.526478,0.453445,-0.32027,-0.95048
-0.679967,-0.521986,-0.020359,0.65401,-0.581004,-0.334594,0.005537,0.289335,0.016243,0.0351,-0.519467,-0.849441,0.177709,0.495611,-1.0
-0.235812,-0.337816,-0.42014,0.678,-0.209532,-0.065474,0.482435,0.399419,-0.350117,-0.147563,-0.00778,-0.612718,0.105006,0.450293,-1.0
0.442015,-0.942359,0.749732,0.546625,-0.97381,-0.955208,0.696696,0.852943,-0.39868,-0.436247,0.277607,0.010585,-0.53202,-0.025854,-0.999185
0.27173,0.67438,-0.988378,0.18582,-0.007099,0.881881,0.498216,0.800021,-0.044597,0.312895,0.417964,-0.291914,-0.376804,0.340415,-1.0
0.092386,-0.03383,0.590507,-0.711291,-0.254673,0.355887,0.45307,0.962755,-0.190717,0.317302,0.348304,-0.449242,-0.353352,0.487719,-1.0
0.439119,-0.294975,-0.598252,0.879999,-0.735634,0.896406,0.093041,0.380797,-0.041232,0.065785,0.573203,-0.610814,-0.374594,0.361175,-1.0
-0.946732,0.747986,-0.57886,-0.721018,0.469699,0.704372,0.70083,0.306511,0.298951,0.405362,-0.250465,0.037062,0.478098,-0.03041,-0.972586
-0.419815,0.241481,-0.850893,0.498953,0.717107,0.316536,0.732745,0.112368,0.425315,0.264552,-0.215735,-0.116977,0.501186,0.127386,-0.981355
-0.481348,0.506852,-0.834965,-0.399696,0.298336,0.030816,0.038758,0.629547,0.009982,-0.002672,-0.88523,0.474721,0.50502,-0.245931,-0.941164
-0.793334,0.172875,0.289974,-0.704059,-0.888203,0.526217,0.186484,0.056484,-0.066633,0.110631,0.163858,-0.795573,-0.130896,0.521566,-1.0
0.97705,-0.390355,0.200106,-0.57603,-0.701559,-0.091554,0.947472,0.480623,-0.749738,-0.091193,0.016698,0.002925,-0.496857,-0.01861,-0.97865
-0.363047,0.490119,-0.398215,-0.117522,-0.119001,-0.737156,0.905115,0.211636,-0.175341,-0.669441,-0.018421,0.054545,0.084341,-0.509397,-0.981339
-0.642293,-0.05858,0.531123,0.754162,0.343649,0.382632,0.173887,0.370259,0.06657,0.144108,-0.725882,-0.40771,0.460558,0.238625,-1.0
0.044119,0.967231,-0.569149,-0.023424,-0.082886,0.444268,0.786929,0.965449,-0.009709,0.648283,0.018989,0.093265,-0.034785,-0.470023,-0.92628
-0.064869,0.807911,0.355682,0.438428,-0.793363,-0.570427,0.548577,0.614787,-0.342729,-0.187988,0.279443,0.52918,-0.226095,-0.33554,-1.0
-0.505956,-0.485301,-0.895793,-0.350438,-0.941573,-0.614604,0.282923,0.568954,-0.215165,-0.069137,0.711454,0.195654,-0.489583,-0.03591,-0.974176
0.423734,0.406997,-0.297166,0.823061,0.046614,0.192609,0.434319,0.504828,0.008402,0.381383,0.461895,0.308493,-0.417136,-0.285358,-1.0
0.639142,0.861486,0.421037,0.666377,-0.104103,-0.776685,0.500497,0.754611,-0.032603,-0.375753,0.306072,0.535515,-0.183879,-0.461921,-1.0
0.683222,0.263149,0.145681,0.268572,-0.246002,-0.167049,0.097618,0.288339,-0.009136,0.06633,0.809873,0.345452,-0.313862,-0.196576,-1.0
0.967889,0.087709,0.812338,-0.672,0.687754,-0.390271,0.206151,0.284633,0.169002,-0.130058,0.42626,0.764811,-0.194962,-0.536101,-1.0
-0.903312,-0.69973,0.836215,0.857839,-0.225856,0.027038,0.675418,0.048645,-0.550259,0.066236,-0.32097,-0.301631,0.332229,0.378044,-0.962518
-0.221122,0.317788,0.137584,-0.327657,-0.13533,0.941611,0.298684,0.646862,0.029703,0.246324,-0.082601,-0.714611,0.075243,0.45621,-1.0
-0.522894,-0.796257,0.744486,-0.067765,0.196025,-0.893351,0.731889,0.258693,0.163815,-0.563621,-0.276262,0.021339,0.43937,-0.044136,-0.971518
-0.490096,-0.586497,0.884382,0.307806,-0.032862,0.336923,0.961872,0.820364,-0.070966,0.779018,-0.039388,-0.036019,0.154522,0.505944,-1.0
0.689855,-0.591039,-0.77134,-0.434535,-0.439595,0.951987,0.081345,0.625769,0.014297,-0.052201,0.5576,-0.768869,-0.275148,0.407152,-1.0
-0.877693,0.262502,0.097345,0.445182,-0.003733,0.047143,0.629909,0.068672,-0.053229,0.481017,-0.367195,0.057485,0.403889,-0.14022,-0.921836
0.654812,0.776568,-0.867536,0.792858,-0.251543,0.064137,0.034678,0.490437,-0.035929,-0.003843,0.761414,0.711594,-0.331148,-0.323784,-1.0
0.060272,-0.803796,0.695394,-0.431739,0.641551,-0.881217,0.989819,0.026737,0.456046,-0.551145,-0.037452,-0.057645,0.445345,-0.083756,-0.953956
0.929143,0.362772,0.246062,-0.973901,-0.997303,-0.521954,0.566818,0.431906,-0.400935,-0.251324,0.335638,0.186366,-0.50685,-0.095754,-0.891798
0.039084,0.459631,-0.333013,-0.872337,0.929244,0.865636,0.825282,0.711377,0.446544,0.533699,-0.180166,-0.11901,0.445986,0.170466,-0.981883
0.055796,-0.850528,-0.298538,0.346034,0.165605,0.514946,0.751896,0.33871,0.080637,0.574248,-0.045234,-0.182256,0.104909,0.504755,-0.976538
-0.028825,-0.953923,0.718078,-0.812861,0.73817,-0.644429,0.717818,0.23631,0.471328,-0.415947,-0.265198,-0.126487,0.348545,0.103534,-0.937822
0.664586,0.285123,0.079274,-0.560509,0.369308,0.831123,0.116231,0.4289,-0.02795,0.0029,0.496054,-0.85391,-0.211188,0.386448,-1.0
-0.647441,0.138952,0.36853,-0.972514,-0.269764,0.028248,0.624723,0.919649,-0.49357,-0.046379,-0.30463,0.095182,0.448891,-0.10975,-0.96625
-0.145026,-0.741306,0.625965,0.23004,0.265053,-0.101373,0.365476,0.280574,0.304473,-0.044479,-0.287364,-0.530212,0.328469,0.480486,-0.979999
-0.706593,0.088369,-0.4161,0.49607,-0.613875,0.43201,0.808475,0.846801,-0.563108,0.39814,-0.029393,-0.168549,0.085329,0.484646,-1.0
0.708983,0.654042,-0.120691,-0.112906,-0.260763,0.359076,0.545245,0.980218,-0.220081,0.378641,0.397474,0.113853,-0.414265,-0.157202,-1.0
-0.875745,-0.493913,0.420228,0.376643,-0.521765,-0.160441,0.282269,0.451335,-0.237504,-0.138112,-0.480157,-0.551313,0.407,0.334127,-0.927335
0.9943,-0.767896,0.58562,-0.254991,0.856517,-0.736453,0.164968,0.567522,0.075052,-0.10076,0.743373,-0.114044,-0.458998,0.088982,-1.0
0.484724,-0.861806,0.184836,0.031697,0.214398,0.202293,0.050081,0.780254,0.016845,0.029555,0.266037,-0.911259,-0.126882,0.390876,-1.0
0.941587,-0.588557,0.418964,-0.427016,0.422611,-0.773769,0.262696,0.42759,0.165432,-0.170207,0.783765,0.246434,-0.493058,-0.201702,-1.0
-0.210476,0.972455,0.448952,0.219829,0.882483,-0.80335,0.761874,0.452096,0.495531,-0.398143,-0.081216,0.270913,0.314866,-0.539659,-1.0
0.762367,-0.093968,-0.152218,-0.386059,-0.518075,-0.20996,0.437151,0.272439,-0.291843,-0.144846,0.540259,0.009153,-0.420169,0.016429,-0.916891
0.987699,0.521812,0.401737,-0.259699,0.558247,-0.585789,0.942606,0.55935,0.51688,-0.57322,-0.028154,-0.002203,-0.183354,-0.500319,-0.982079
0.387539,0.7824,0.087779,0.646365,-0.020534,-0.81536,0.29568,0.288359,0.01131,-0.241025,0.174048,0.782685,-0.143406,-0.415339,-0.933976
0.373851,0.599476,-0.148861,-0.240235,-0.266541,0.284271,0.111001,0.288621,-0.072044,0.135321,0.782175,0.343675,-0.454403,-0.272501,-1.0
0.239577,0.957779,0.649764,-0.459279,-0.177128,-0.508833,0.262313,0.321158,-0.138836,-0.283678,0.294634,0.729934,-0.126577,-0.474925,-0.949558
-0.891465,-0.674138,0.06353,-0.071738,-0.31741,0.134938,0.986979,0.600653,-0.811648,0.302062,0.012232,0.011548,0.25268,0.383718,-1.0
-0.141422,0.134046,-0.912017,0.795445,0.5414,-0.98296,0.540506,0.412366,0.17922,-0.370168,-0.254436,0.438278,0.326853,-0.418233,-1.0
-0.825528,0.184804,0.986363,-0.105614,0.015018,0.63862,0.562964,0.663052,0.027434,0.525835,-0.44223,-0.238801,0.393377,0.20601,-0.982216
0.382976,0.836104,0.442,-0.424879,-0.160015,0.547759,0.644777,0.618194,-0.09744,0.496204,0.333903,0.220698,-0.42413,-0.218736,-1.0
-0.467996,0.747685,-0.206366,-0.542071,-0.97145,0.417892,0.998613,0.793686,-0.731484,0.265084,-0.083975,-0.00346,-0.441886,-0.285407,-1.0
-0.278445,-0.969032,-0.120025,-0.159711,-0.280003,0.297664,0.268177,0.727079,-0.154358,0.093002,0.054213,-0.686513,0.033711,0.462648,-0.930942
0.4576,0.851958,0.821723,-0.806555,0.255612,-0.585173,0.012177,0.125174,-0.009275,-0.001911,0.014331,0.954523,-0.071429,-0.474452,-1.0
-0.163802,0.290795,-0.731432,-0.061202,-0.64325,0.769377,0.153401,0.393778,-0.041922,0.046744,0.583577,-0.599392,-0.377796,0.310235,-1.0
-0.476579,-0.004546,-0.663719,0.235618,-0.027483,-0.529541,0.299999,0.266983,0.022391,-0.229565,-0.47338,0.550734,0.161182,-0.401882,-1.0
0.381268,0.805485,-0.547384,0.058317,-0.685438,0.43742,0.787593,0.451522,-0.550946,0.294452,0.143151,0.108712,-0.411157,-0.172986,-1.0
-0.109399,0.857477,0.851451,-0.141257,-0.931261,-0.766767,0.812175,0.123114,-0.554695,-0.35611,0.110437,0.104788,-0.258642,-0.498147,-1.0
-0.448701,-0.195948,0.99613,-0.608814,-0.499767,0.083582,0.626876,0.814001,-0.533776,-0.006727,0.058678,-0.368339,-0.107249,0.468611,-0.9952
0.384973,-0.636399,0.849765,0.8225,-0.578734,-0.378699,0.224543,0.679543,-0.176324,-0.064521,0.790554,-0.191496,-0.426503,0.104056,-0.965574
-0.324371,-0.047634,-0.027038,0.375528,0.051808,-0.126833,0.234613,0.941926,0.038972,-0.096364,-0.746385,0.14072,0.451443,-0.05447,-1.0
-0.03948,-0.06302,-0.705625,-0.558495,-0.793965,0.187129,0.695314,0.230445,-0.503117,0.269773,0.278131,-0.086223,-0.390107,0.182113,-0.983393
0.561231,-0.224523,-0.777589,-0.267212,-0.794769,0.906623,0.727062,0.772866,-0.393007,0.31916,0.140204,-0.179411,-0.410072,0.306891,-0.984853
0.891052,0.507792,-0.092767,0.937309,-0.775604,-0.825578,0.01146,0.876642,-0.048074,-0.037203,0.834895,0.702961,-0.285939,-0.295052,-1.0
0.929141,-0.367327,-0.653562,0.672805,-0.740058,-0.61174,0.596661,0.319684,-0.407621,-0.396353,0.372827,0.026752,-0.517093,-0.023453,-0.981392
-0.597253,0.542963,0.583366,-0.23433,-0.25092,-0.257142,0.022969,0.133939,0.048965,-0.067025,-0.458079,0.889707,0.227035,-0.500357,-0.928874
0.275143,0.595058,0.139925,0.630522,-0.624685,0.733806,0.499964,0.532015,-0.298777,0.347577,0.50742,-0.006413,-0.445357,0.119504,-0.953386
0.801877,-0.354009,-0.249016,-0.597749,0.260903,0.396257,0.629355,0.411022,0.277629,0.33121,0.146869,-0.370801,-0.266936,0.431677,-0.99021
0.501993,-0.085858,-0.411608,-0.033531,0.541847,0.932468,0.611166,0.449012,0.192402,0.474835,-0.016494,-0.369306,0.098809,0.477416,-0.992531
0.983926,-0.946663,0.872656,0.553984,0.784522,0.368353,0.480324,0.774398,0.324685,0.176469,0.17122,-0.533793,-0.036813,0.553257,-1.0
0.239238,0.233565,-0.074743,-0.629692,-0.216324,0.90937,0.920617,0.614985,-0.23732,0.677359,-0.076392,-0.087382,-0.281246,0.490722,-1.0
0.657023,0.931935,0.879055,0.472116,0.796249,-0.635054,0.078092,0.679646,-0.053552,-0.093338,-0.06131,0.911766,0.013196,-0.583933,-1.0
-0.779487,-0.930655,0.062643,-0.338786,-0.810342,0.124821,0.396234,0.200831,-0.265933,0.039904,-0.074086,-0.60601,0.022604,0.467911,-1.0
0.122729,-0.449744,-0.179844,0.490152,0.39537,-0.926456,0.06955,0.587763,0.106444,-0.036372,-0.555007,0.863299,0.289477,-0.4429,-0.977261
-0.392275,-0.205789,0.204356,0.083968,-0.491692,0.72607,0.746302,0.257718,-0.421339,0.481598,0.003668,-0.220272,-0.048333,0.461489,-0.991844
0.40494,0.150866,0.166198,-0.953864,0.878922,-0.8927,0.723254,0.525222,0.439867,-0.414896,-0.097854,0.216287,0.256727,-0.526364,-1.0
0.826909,-0.374627,-0.786942,-0.498285,0.747682,0.119723,0.443059,0.422429,0.304361,0.082871,0.10619,-0.637462,-0.142129,0.515311,-0.990305
-0.755507,-0.967687,-0.793406,-0.385977,0.410156,-0.504085,0.480909,0.374622,0.20225,-0.246744,-0.553138,-0.190571,0.565398,0.208848,-1.0
0.590131,-0.201972,0.162456,-0.062279,0.793164,0.892885,0.339968,0.068304,0.104657,0.201707,-0.084116,-0.71263,0.077886,0.473767,-0.898666
0.602342,0.608741,0.894153,0.742225,0.95845,-0.931178,0.117575,0.9665,-0.004577,-0.140448,-0.162002,0.826313,0.027076,-0.413111,-0.95003
0.970589,0.351849,-0.865836,0.191222,-0.299476,-0.465462,0.683383,0.722041,-0.338863,-0.504386,0.22138,0.174805,-0.345811,-0.24106,-1.0
-0.044949,0.989325,0.921739,-0.589374,-0.841263,-0.748369,0.023084,0.371597,0.040835,-0.054546,0.371292,0.89297,-0.297211,-0.502334,-0.970969
-0.194045,-0.577674,0.789992,0.336947,-0.231054,0.896925,0.518309,0.107572,-0.13435,0.46222,0.032497,-0.549644,-0.070008,0.424417,-0.978724
0.227605,-0.590542,-0.851051,-0.788154,0.393449,0.098764,0.528954,0.003963,0.49797,0.079338,-0.068479,-0.36981,0.12316,0.465016,-1.0
-0.235531,0.212005,-0.546771,0.714872,0.606993,0.287344,0.610919,0.926902,0.4974,0.23853,-0.40353,0.027372,0.4925,0.075159,-0.997277
0.497878,-0.184489,-0.627939,0.029842,-0.989257,-0.591215,0.341273,0.786173,-0.156806,-0.05392,0.686111,0.171119,-0.488951,0.01365,-0.969105
-0.302928,0.625593,-0.433661,-0.217449,-0.879432,0.410604,0.378512,0.667066,-0.222236,0.170826,0.600538,0.200905,-0.429485,-0.152774,-0.920792
0.07847,-0.187008,0.124318,0.406002,0.103176,0.719793,0.180637,0.626363,0.086817,0.162608,0.026531,-0.862934,0.014452,0.459277,-0.959638
-0.999824,0.41015,0.959101,0.961326,0.809752,-0.653702,0.362761,0.380637,0.259674,-0.214019,-0.523612,0.37182,0.44327,-0.226015,-0.986126
0.948016,0.076885,0.237943,0.570875,-0.490794,-0.474104,0.40126,0.419993,-0.163998,-0.253253,0.612447,0.242614,-0.531638,-0.160949,-0.945552
0.110057,0.642242,0.718284,0.129115,-0.60408,0.371216,0.768729,0.622255,-0.561032,0.221464,0.319043,0.11866,-0.492338,-0.143592,-0.900629
0.724146,0.596957,0.560941,-0.583661,0.696748,0.948347,0.409752,0.672878,0.200214,0.243337,0.014894,-0.592779,0.016127,0.51184,-1.0
-0.51478,-0.871314,0.996119,0.620058,-0.40851,-0.848845,0.071848,0.483577,-0.021381,-0.137805,-0.858995,-0.136941,0.451048,0.064346,-0.958876
-0.63104,-0.41055,0.409551,0.226777,0.780596,-0.695739,0.574442,0.251698,0.347023,-0.233205,-0.49789,-0.002372,0.543356,-0.017604,-0.995944
0.709684,-0.664149,0.630778,-0.891114,-0.407096,-0.344709,0.203555,0.966131,-0.156551,-0.043703,0.82027,-0.31941,-0.511077,0.158873,-1.0
0.841679,-0.516888,0.296451,-0.364308,0.89322,-0.280299,0.296855,0.399901,0.267132,-0.055457,-0.193529,-0.697678,0.15419,0.486192,-1.0
0.993013,0.716549,0.782955,-0.011675,-0.465978,-0.08487,0.417955,0.60571,-0.309071,-0.063942,0.549797,0.303868,-0.463485,-0.19574,-1.0
-0.798605,0.82354,-0.180527,0.022201,0.924724,0.062775,0.128465,0.366669,0.116675,0.002054,-0.761323,0.288454,0.438853,-0.211196,-0.995989
0.24525,0.601901,0.435544,-0.266104,-0.957766,-0.537032,0.494693,0.153177,-0.461393,-0.178235,0.384303,0.275297,-0.341346,-0.330196,-0.994758
0.964266,0.989734,0.398895,-0.97226,0.583878,-0.720386,0.779255,0.114421,0.323021,-0.482691,-0.046429,0.179376,-0.046014,-0.468196,-1.0
-0.337792,-0.482441,-0.382961,-0.840142,0.572296,-0.742877,0.335529,0.956226,0.132321,-0.263961,-0.610697,0.113051,0.510759,-0.063857,-0.976993
0.626407,0.142846,-0.899954,-0.811247,-0.098694,0.487446,0.827074,0.820846,-0.200141,0.621958,0.197689,-0.039417,-0.393695,0.274617,-1.0
0.496164,-0.380521,-0.155188,0.672075,-0.985396,0.888597,0.932964,0.103811,-0.500291,0.410749,-0.035822,-0.082637,-0.335516,0.281969,-1.0
-0.09282,0.100837,0.636322,0.010885,-0.386961,-0.316619,0.869664,0.386526,-0.539358,-0.486271,0.072496,0.045175,-0.252766,-0.42489,-1.0
0.749088,0.537118,0.647867,-0.914309,-0.072935,-0.88464,0.269907,0.004743,-0.033418,-0.229201,0.430782,0.597904,-0.304304,-0.466706,-1.0
0.096819,0.85975,-0.59375,-0.739298,-0.038807,-0.141688,0.907706,0.112705,-0.24923,-0.73073,0.051061,0.053585,-0.044405,-0.541062,-1.0
-0.441181,0.616692,-0.47484,0.143178,-0.204201,0.427645,0.54584,0.423399,-0.243526,0.469636,-0.399076,0.259329,0.336292,-0.303483,-1.0
-0.078407,-0.502716,-0.849813,0.068974,-0.687658,-0.865359,0.91859,0.612414,-0.460916,-0.647669,0.036533,0.073107,-0.422433,-0.2741,-0.967018
0.740875,0.638408,0.927055,0.88355,0.945238,0.187631,0.658228,0.274044,0.522778,0.065228,-0.123929,0.244974,0.25931,-0.407695,-1.0
-0.566429,-0.924708,0.881183,-0.608241,-0.064582,0.309894,0.235973,0.159988,-0.051258,0.211424,-0.365216,-0.733034,0.157564,0.513046,-0.970379
-0.692154,-0.887595,-0.36984,-0.834077,-0.481732,-0.974733,0.044651,0.748985,0.012905,-0.002864,-0.858404,0.419469,0.475603,-0.11878,-0.905272
0.881935,0.553647,0.296918,-0.873713,-0.357768,-0.184964,0.334861,0.297717,-0.223277,-0.143019,0.621572,0.28783,-0.407862,-0.245352,-0.970258
0.851058,0.354786,-0.891745,0.620517,-0.910314,0.259311,0.523711,0.640696,-0.447886,0.088128,0.498146,0.100546,-0.454113,-0.005463,-1.0
0.187571,0.727072,-0.27085,-0.868508,0.45155,0.959075,0.808562,0.472519,0.312685,0.522922,-0.168477,-0.103823,0.407136,0.337976,-1.0
0.641221,0.28129,-0.152064,-0.897575,0.708779,0.654714,0.416474,0.624942,0.22669,0.226386,-0.09825,-0.535599,-0.00563,0.464754,-0.919213
-0.257221,-0.05044,0.004795,0.401772,-0.415798,0.883013,0.286892,0.009818,-0.08353,0.259742,0.176953,-0.684013,-0.082679,0.597963,-1.0
0.641382,0.656605,-0.471196,0.712493,-0.506917,0.692617,0.557045,0.522378,-0.245487,0.411728,0.500371,-0.002787,-0.569431,0.028222,-0.934583
0.842705,0.658584,-0.260134,0.632581,0.571155,-0.938004,0.790732,0.866333,0.337129,-0.54656,0.007791,0.174667,-0.075652,-0.489131,-0.938898
-0.651248,0.451181,-0.05089,0.980409,0.128265,0.008866,0.96808,0.930934,0.783545,0.096888,-0.051966,-0.046946,0.445573,-0.294381,-0.983874
-0.150691,0.92683,0.47534,0.696314,-0.570256,-0.230576,0.144058,0.754762,-0.111273,0.03805,0.264851,0.765952,-0.191048,-0.462441,-1.0
-0.225265,-0.78016,0.164512,0.306244,-0.851705,0.747513,0.361952,0.425574,-0.259169,0.212066,0.274469,-0.590951,-0.174404,0.493729,-1.0
0.063436,-0.436185,0.009288,-0.299109,-0.422843,-0.298985,0.725247,0.171493,-0.442272,-0.388594,0.201409,-0.127084,-0.539564,0.158105,-0.997969
-0.350356,0.746491,0.580897,-0.691845,0.947355,-0.482824,0.410164,0.547031,0.334471,-0.171738,-0.51828,0.322135,0.389122,-0.400873,-1.0
0.727386,0.663399,-0.848626,0.284113,-0.48439,0.00659,0.541076,0.493194,-0.483819,0.04705,0.354845,0.220021,-0.436899,-0.276166,-0.974186
-0.120104,0.758075,-0.261446,-0.502981,-0.23305,-0.0241,0.037934,0.546308,-0.131868,-0.021551,0.063186,0.910874,-0.112197,-0.479561,-1.0
0.502139,-0.910106,0.670016,0.568781,-0.05625,-0.033973,0.452447,0.1309,-0.363497,-0.212995,0.343864,-0.476923,-0.209642,0.426983,-0.97601
-0.15519,0.980371,-0.461219,-0.393899,0.748314,-0.309336,0.752306,0.256771,0.517378,-0.204451,-0.097023,0.221562,0.301456,-0.484704,-0.969924
0.425485,0.562324,-0.059496,0.962478,0.376183,0.632451,0.766247,0.394859,0.262859,0.615046,0.025934,-0.208821,-0.288496,0.364332,-0.930716
-0.096894,-0.387283,-0.854691,0.813533,-0.920215,-0.178403,0.730853,0.205495,-0.6545,-0.049703,0.250923,0.000359,-0.477281,0.079675,-1.0
-0.313738,-0.090522,0.033123,0.038454,-0.411406,-0.257182,0.728893,0.856759,-0.466046,-0.309027,0.148065,0.216357,-0.273629,-0.432871,-1.0
-0.570122,-0.394497,0.879748,-0.725938,-0.258531,-0.877808,0.984654,0.696797,-0.213317,-0.716983,0.089773,0.05887,0.255953,-0.415045,-1.0
-0.360746,0.368422,-0.053596,-0.715147,0.779343,0.391949,0.034769,0.292544,0.029655,0.025082,-0.916231,-0.070719,0.55434,-0.073957,-0.997295
-0.755763,0.392581,0.596592,-0.88923,0.80721,-0.282812,0.294235,0.122724,0.277459,-0.117139,-0.746904,0.260369,0.390986,-0.229828,-1.0
0.765463,-0.844162,-0.127607,0.477961,0.868928,-0.936955,0.206777,0.697679,0.035495,-0.160028,-0.580072,0.521848,0.333221,-0.377527,-1.0
-0.249658,-0.121725,-0.261681,-0.473599,0.790256,0.223309,0.714477,0.185079,0.53184,0.154004,-0.277783,-0.111672,0.464544,0.108371,-0.972913
-0.79829,-0.466852,0.614959,-0.12662,-0.614489,0.930096,0.192786,0.204489,-0.129755,0.136893,-0.055103,-0.73935,0.100615,0.52457,-0.955496
-0.511162,0.73794,0.621793,-0.512005,-0.433652,0.930356,0.928916,0.035376,-0.333875,0.727622,0.059527,-0.061092,0.144299,0.489926,-1.0
-0.958162,0.61143,-0.608586,0.134171,0.129413,0.234311,0.903144,0.950418,0.399568,0.686066,-0.073562,0.061156,0.519183,-0.065728,-0.946987
0.99842,0.480724,0.480343,-0.819055,0.357572,-0.520127,0.05827,0.75205,0.071586,0.092738,0.51095,0.852169,-0.247382,-0.437535,-1.0
0.658183,0.343844,-0.463382,-0.047906,0.363245,-0.066046,0.829829,0.296054,0.702742,-0.060289,0.086576,0.199238,-0.276554,-0.414591,-0.94466
0.866289,0.629823,0.59267,-0.361342,0.413884,0.720202,0.802865,0.625313,0.263172,0.541966,0.254192,-0.050696,-0.463628,0.072491,-0.902503
0.36707,-0.619782,-0.638507,0.631109,-0.803905,0.1078,0.411284,0.348176,-0.249541,0.071012,0.460573,-0.370101,-0.327296,0.24294,-0.996651
0.656445,-0.563455,-0.719001,0.995499,-0.057492,-0.569378,0.799332,0.199482,-0.080955,-0.68699,0.237349,-0.023473,-0.576714,-0.005596,-0.966568
0.494911,0.561361,-0.82319,-0.957911,-0.281339,0.875865,0.158595,0.385719,-0.032199,0.116129,0.790834,-0.340124,-0.473878,0.169825,-0.92786
0.869969,0.45187,0.651599,0.394382,-0.211216,-0.070893,0.945375,0.061863,-0.708068,-0.198482,0.027807,0.051522,-0.438933,-0.21102,-0.965915
0.343627,-0.603184,0.27836,-0.597919,-0.874095,-0.632222,0.010542,0.899575,-0.006078,-0.036762,1.0,0.000311,-0.48551,-0.049127,-0.923387
0.154855,-0.286994,-0.871418,-0.564499,0.488248,-0.212893,0.09349,0.97262,0.059124,-0.080743,-0.82738,-0.159066,0.524,0.110808,-1.0
0.382206,-0.622721,0.707223,-0.523736,-0.204011,0.159889,0.262443,0.643892,-0.1503,0.03343,0.422132,-0.511097,-0.276127,0.38984,-1.0
-0.782675,-0.570985,-0.853118,-0.128321,-0.172612,0.785372,0.24712,0.426524,0.001753,0.173465,-0.316078,-0.720912,0.034899,0.464407,-1.0
0.021514,0.180643,-0.736395,-0.610565,-0.428639,0.275259,0.198674,0.94022,-0.139275,0.019977,0.770469,-0.136202,-0.494011,0.134355,-0.999796
-0.907319,-0.099472,0.507477,0.880726,0.678346,-0.698315,0.534051,0.735035,0.427211,-0.256982,-0.462001,0.083268,0.432689,-0.228708,-0.943127
0.338718,-0.298762,-0.086617,0.958496,-0.666907,-0.705443,0.643386,0.138302,-0.343022,-0.391313,0.399241,0.184921,-0.442815,-0.245888,-1.0
-0.897504,-0.885448,-0.774988,-0.03089,0.358556,0.024277,0.392097,0.377385,0.366228,0.027827,-0.467797,-0.326637,0.397665,0.38846,-1.0
-0.128902,0.196776,-0.357071,-0.448739,0.063891,0.658417,0.488495,0.105616,0.056159,0.336618,-0.1675,-0.494803,0.24524,0.470169,-0.972497
0.924727,-0.344682,-0.690661,0.52597,0.247483,0.373882,0.40116,0.586826,0.137001,0.227393,0.497888,-0.336135,-0.369129,0.476912,-1.0
0.92609,-0.76935,0.440905,-0.0178,0.272949,-0.103309,0.462144,0.983063,0.430468,-0.097408,0.437521,-0.415218,-0.386866,0.331853,-0.948461
0.137505,0.16289,-0.049599,-0.712169,0.280609,0.853432,0.990714,0.533629,0.274954,0.680922,-0.000601,-0.013641,0.074887,0.485095,-0.953717
-0.826902,-0.555469,-0.147439,-0.771244,-0.78335,-0.888432,0.913943,0.797721,-0.506814,-0.462845,0.001033,0.147365,0.015826,-0.407205,-1.0
0.443871,0.579497,-0.775632,0.836929,0.091224,0.685911,0.508533,0.940648,0.08971,0.434532,0.430494,-0.149739,-0.521571,0.232044,-0.978835
0.035118,0.059678,0.018818,-0.86383,-0.979276,-0.178072,0.341343,0.313878,-0.171658,-0.080845,0.692921,0.15709,-0.470337,-0.142947,-0.957854
0.347571,0.245789,0.191065,0.634007,-0.079912,-0.44389,0.655816,0.290973,-0.100286,-0.403293,0.219766,0.326204,-0.210912,-0.392142,-1.0
0.300601,-0.058548,0.057897,0.171321,0.77432,0.112326,0.471052,0.631848,0.386027,-0.039286,-0.409327,-0.152232,0.589597,0.219472,-1.0
-0.91177,-0.954966,0.423666,0.701191,0.991386,-0.393076,0.705058,0.697274,0.533064,-0.235958,-0.265428,-0.164141,0.499401,0.123789,-1.0
0.572143,-0.274336,0.19887,-0.728597,0.556165,-0.737848,0.227306,0.149224,0.13264,-0.094808,0.034049,0.761737,-0.03549,-0.51997,-0.995495
0.185073,0.674868,-0.762776,-0.274843,0.660602,-0.993479,0.969005,0.694157,0.4108,-0.669202,-0.057526,-0.043735,0.224702,-0.588423,-0.924713
0.042376,-0.312247,-0.493216,-0.783188,-0.100439,0.385982,0.788802,0.321994,-0.202619,0.696921,0.027497,-0.202211,-0.10058,0.526462,-1.0
0.912527,0.916241,-0.452393,0.292663,-0.442986,0.338898,0.043827,0.670623,-0.009688,-0.07449,0.880128,0.331242,-0.537315,-0.244735,-1.0
-0.518803,-0.249945,0.910191,0.767114,-0.023498,-0.087678,0.221941,0.172063,-0.079027,-0.144794,-0.673826,-0.263151,0.450563,0.130275,-0.995391
0.844616,-0.12907,-0.961506,-0.556039,-0.955634,-0.273532,0.053626,0.247894,-0.126597,-0.061284,0.942184,0.043539,-0.540362,-0.029658,-0.941157
-0.488739,-0.343392,0.488624,0.848782,-0.552389,0.45685,0.778726,0.339518,-0.450416,0.350229,-0.042605,-0.206572,-0.003048,0.509228,-1.0
0.916226,0.751154,0.030539,0.063504,-0.620507,-0.94469,0.907909,0.917967,-0.341955,-0.55327,0.158305,0.090145,-0.264494,-0.386072,-0.989285
0.637964,0.139416,-0.213768,-0.502208,-0.154053,-0.455952,0.159812,0.127537,-0.137582,-0.059306,0.713674,0.480432,-0.456016,-0.359248,-1.0
0.802757,0.933347,0.21329,-0.900623,0.060096,0.959213,0.848989,0.943801,0.056571,0.628882,0.151783,-0.002967,-0.654181,-0.058151,-1.0
-0.14987,-0.236996,0.980619,-0.839287,0.201262,-0.13803,0.49836,0.676159,0.355042,-0.186722,-0.410847,-0.199647,0.503553,0.155727,-1.0
-0.301956,-0.630997,0.174447,-0.760334,-0.148973,-0.225779,0.746225,0.635911,-0.385372,-0.452096,-0.076305,-0.246069,0.202916,0.431539,-1.0
0.184672,0.384599,-0.839829,0.149092,-0.943906,-0.857084,0.122227,0.615432,-0.078747,-0.140254,0.553636,0.705347,-0.358062,-0.371837,-0.966803
-0.132242,0.36539,-0.67113,-0.056295,0.75853,0.436486,0.186858,0.725403,0.090591,0.10103,-0.827027,-0.166036,0.528135,0.01481,-1.0
-0.668121,0.040191,0.521978,-0.883791,0.468474,-0.910983,0.606252,0.353333,0.280147,-0.486646,-0.283657,0.202719,0.384319,-0.282694,-1.0
-0.101657,-0.440017,-0.584223,0.273992,0.26757,-0.798219,0.648335,0.933065,0.126808,-0.413965,-0.233817,0.255919,0.392819,-0.361158,-0.998825
-0.953206,0.847995,0.716995,-0.459165,-0.551684,-0.912448,0.000249,0.872978,0.036862,-0.069066,-0.113257,1.0,0.095434,-0.518793,-1.0
-0.944957,0.408155,-0.779142,0.419381,-0.014175,-0.725562,0.479963,0.632869,-0.018114,-0.349258,-0.3109,0.384991,0.320548,-0.341334,-1.0
-0.682464,-0.46308,-0.24122,-0.294648,-0.346628,-0.243664,0.152037,0.141852,-0.03736,-0.006189,-0.757222,-0.565016,0.440744,0.23645,-1.0
0.311121,0.444161,0.6313,0.829316,-0.064644,0.00953,0.371846,0.72992,-0.305021,-0.004678,0.345193,0.553341,-0.36251,-0.41532,-0.976054
-0.444568,0.397372,-0.03186,-0.383021,0.412451,0.370639,0.635154,0.801835,0.35184,0.444673,-0.41321,0.062749,0.447563,-0.055206,-0.916712
0.422072,0.152488,-0.68395,-0.100286,0.684844,0.055186,0.975728,0.245021,0.761337,0.086594,-0.019232,-0.001564,0.468829,-0.219351,-0.987999
0.269236,-0.554898,0.935667,-0.409981,0.140242,-0.129724,0.788173,0.620874,0.593487,-0.456814,0.094384,-0.278755,-0.107701,0.466641,-0.978531
0.861588,-0.71651,-0.259174,0.934268,0.052171,-0.110113,0.19648,0.55082,0.11313,-0.218458,0.657422,-0.549146,-0.353571,0.278414,-0.936259
0.395441,-0.726167,-0.244406,0.830014,0.146306,0.521022,0.054639,0.907656,-0.019888,0.06649,0.217982,-0.949034,-0.017337,0.504298,-0.952832
-0.93099,0.091213,0.385385,-0.415009,0.615346,0.463159,0.775822,0.612583,0.513282,0.310915,-0.133423,-0.098009,0.489864,0.141371,-1.0
-0.616043,-0.911119,-0.220157,0.934332,0.659316,-0.621668,0.39308,0.529307,0.185341,-0.141541,-0.644683,-0.109098,0.50508,0.140649,-0.986101
-0.720655,0.158383,0.313448,0.270078,-0.190577,-0.909839,0.4836,0.246183,-0.034692,-0.350667,-0.238818,0.490859,0.235407,-0.449775,-0.959934
-0.739937,-0.584649,-0.983899,0.874711,-0.936947,0.815076,0.345806,0.12614,-0.229133,0.169681,0.070388,-0.596852,0.01033,0.506663,-0.882498
0.50008,-0.775859,0.017338,0.982566,-0.646099,0.112051,0.549353,0.911606,-0.489884,0.168131,0.389688,-0.313432,-0.389519,0.231229,-1.0
0.151379,0.122241,0.764943,-0.7125,-0.776434,-0.312226,0.489314,0.103457,-0.414532,-0.144022,0.370545,0.257793,-0.430369,-0.201882,-0.905112
-0.258013,-0.699329,-0.524327,0.518663,0.275017,0.822336,0.362142,0.251303,0.081739,0.248413,-0.199289,-0.601785,0.085536,0.521553,-1.0
-0.58383,-0.963535,0.578001,0.460984,0.860173,0.226185,0.692711,0.612383,0.52228,0.105179,-0.268272,-0.268075,0.448038,0.29937,-1.0
0.016033,-0.937144,0.05957,-0.048786,-0.517681,0.568395,0.257007,0.776735,-0.156372,0.166839,0.197866,-0.78605,-0.106119,0.488383,-0.934405
-0.462343,-0.220268,0.355259,-0.799764,0.396846,0.891472,0.382332,0.836455,0.117706,0.261288,-0.428636,-0.496089,0.323791,0.390324,-0.994274
0.36044,-0.294568,0.26696,0.91053,0.04748,-0.465654,0.187922,0.261974,0.052785,-0.156371,0.754048,0.43489,-0.4995,-0.279364,-1.0
-0.183747,0.050477,0.184041,0.090118,0.915968,0.119855,0.218576,0.130734,0.235422,0.081381,-0.823301,-0.062312,0.531956,0.007701,-0.891045
-0.763337,-0.967602,-0.662384,-0.063923,-0.737435,0.048212,0.117769,0.22534,-0.10032,0.026583,-0.044187,-0.944054,0.089323,0.521741,-1.0
-0.048275,-0.307806,0.199547,0.043221,0.959305,0.214127,0.239116,0.027429,0.145966,0.035761,-0.686461,-0.347847,0.409338,0.189159,-0.960662
-0.06346,-0.983613,-0.193673,-0.431042,-0.913873,0.506186,0.764446,0.891003,-0.549931,0.30886,0.084182,-0.18795,-0.249081,0.431935,-0.904565
0.172772,0.009731,-0.064239,-0.341851,-0.825975,-0.489804,0.479475,0.731953,-0.214511,-0.166626,0.455683,0.222005,-0.382519,-0.211852,-1.0
0.850169,-0.621678,-0.575884,0.114618,0.196479,-0.995912,0.549685,0.359062,0.134213,-0.504831,0.436769,0.212034,-0.408594,-0.172768,-0.99893
0.018184,-0.047622,0.455738,0.47746,0.112321,-0.139929,0.00944,0.531882,0.00617,-0.031237,-0.68832,0.695072,0.327689,-0.437018,-0.931834
-0.78977,0.663566,-0.819617,-0.862384,-0.658664,-0.734428,0.243111,0.904473,-0.096779,-0.148265,0.06008,0.783325,0.08916,-0.541871,-0.994652
-0.451216,-0.381575,0.93938,-0.075099,0.429974,0.472457,0.832299,0.988708,0.424218,0.415802,-0.120044,-0.151358,0.403255,0.354435,-0.989909
0.624576,-0.457065,-0.010969,-0.033909,-0.792524,0.575456,0.671939,0.196767,-0.401221,0.368788,0.195208,-0.252913,-0.364144,0.285823,-0.954598
0.292438,-0.065391,-0.721104,-0.166655,0.940674,0.282155,0.658962,0.822208,0.478819,0.201323,-0.262188,-0.149037,0.363356,0.156402,-1.0
0.563036,-0.367341,-0.400673,0.363693,-0.21934,0.525788,0.130643,0.280198,-0.093569,0.122269,0.589788,-0.621017,-0.320519,0.377656,-1.0
0.525815,0.515749,-0.487246,0.68925,0.301853,-0.216979,0.51737,0.736798,0.373379,-0.214093,0.12799,0.462233,-0.116807,-0.447588,-1.0
0.661817,-0.936546,0.611635,0.73328,-0.061254,0.457032,0.343557,0.934069,-0.082087,0.261316,0.30187,-0.456364,-0.245903,0.4599,-1.0
-0.98406,0.786839,-0.801036,-0.521452,-0.154266,0.458585,0.425935,0.994292,-0.147546,0.247889,-0.536743,0.204526,0.435644,-0.060972,-1.0
-0.490966,-0.659427,0.510942,0.515723,-0.438875,0.758077,0.493679,0.540353,-0.253944,0.436025,-0.096146,-0.601394,0.038147,0.481661,-0.966535
-0.979075,0.879205,-0.261952,-0.805706,0.960668,-0.795883,0.634109,0.184484,0.446232,-0.29222,-0.208727,0.206824,0.385047,-0.269399,-0.98886
0.94685,0.261945,0.959311,0.060118,-0.126755,0.569531,0.008507,0.451314,-0.032441,-0.059334,0.936132,-0.263416,-0.498167,0.183044,-1.0
0.587216,0.925558,0.087877,0.218931,-0.956281,-0.861584,0.567849,0.320603,-0.26687,-0.31382,0.270696,0.340783,-0.306371,-0.360354,-1.0
-0.328709,-0.569975,0.412791,-0.784249,0.220101,-0.162161,0.903637,0.219844,0.596635,-0.406945,-0.11761,-0.120122,0.502902,0.27658,-1.0
0.01935,0.358784,0.468928,-0.246647,0.827006,0.133608,0.52778,0.560538,0.342372,0.008938,-0.473239,0.091254,0.430032,-0.150039,-0.940453
0.404175,0.266743,0.394547,0.076617,-0.121682,0.50109,0.912121,0.242713,-0.235903,0.698708,0.102419,-0.048103,-0.441746,0.251821,-0.973482
-0.22765,-0.795647,-0.492893,0.661462,0.395343,-0.923887,0.664323,0.480606,0.13716,-0.50589,-0.354611,0.041236,0.440121,-0.101263,-0.940003
-0.403295,-0.940093,0.119891,0.385897,-0.618599,0.389354,0.657875,0.328187,-0.488524,0.322209,0.02242,-0.294609,-0.097393,0.493204,-0.988922
-0.357919,-0.56584,-0.125876,0.44444,-0.203427,-0.609776,0.39018,0.260594,-0.152128,-0.291104,-0.590196,0.170379,0.483588,-0.202647,-1.0
-0.739822,0.953721,-0.186802,-0.781945,-0.58647,-0.594254,0.936154,0.846133,-0.518821,-0.542936,0.007514,0.059047,0.166066,-0.514784,-0.973721
0.923119,-0.861708,0.568937,-0.94672,-0.071402,0.447176,0.845649,0.210502,-0.041858,0.796169,0.174927,-0.132344,-0.343503,0.379155,-1.0
-0.920054,-0.768428,-0.686993,0.186214,0.509465,-0.37993,0.59362,0.571477,0.301128,-0.240391,-0.327813,-0.043128,0.482236,0.085181,-0.987474
0.394943,-0.485545,0.704365,0.231647,0.180111,-0.114436,0.317843,0.904456,0.243068,-0.139383,0.380151,-0.580357,-0.181702,0.468077,-1.0
-0.371507,-0.973118,0.697681,-0.815627,-0.714187,0.623913,0.002294,0.801994,0.005834,0.050876,0.127089,-0.977674,-0.053006,0.423883,-0.996716
0.055431,0.840307,0.704728,-0.829884,0.049142,-0.409282,0.539367,0.895683,0.036183,-0.406733,-0.061392,0.489522,-0.045888,-0.56387,-1.0
0.656766,0.2894,-0.650347,0.205323,0.565663,-0.869039,0.94518,0.63343,0.358722,-0.791835,0.037516,-0.030035,-0.060542,-0.575567,-1.0
0.135524,-0.448007,0.309268,-0.639893,-0.119904,0.781608,0.756334,0.245489,-0.022882,0.5121,0.028709,-0.252039,-0.199429,0.453567,-1.0
0.537526,0.618806,0.098353,0.838521,0.26754,0.317503,0.114179,0.997769,-0.000554,0.054522,0.453201,0.58728,-0.28836,-0.369676,-0.995859
0.305025,-0.761007,-0.257544,-0.897328,-0.030257,0.969738,0.918077,0.722862,0.033619,0.690306,0.020801,-0.05788,-0.110898,0.470942,-0.96122
0.557238,-0.8307,-0.337921,-0.218314,0.581903,0.471559,0.59261,0.405078,0.450924,0.294417,-0.045748,-0.491801,0.011616,0.455389,-0.945344
0.658426,0.689419,0.988742,-0.771277,-0.900372,0.500357,0.260344,0.044679,-0.168789,0.136231,0.719351,0.069411,-0.508268,-0.056744,-0.919502
0.759972,-0.390787,0.120178,0.111327,-0.052112,-0.355315,0.302418,0.554031,0.017877,-0.241618,0.659515,-0.045688,-0.455151,0.001011,-1.0
0.430699,0.683094,0.479669,0.331672,0.594153,0.238955,0.530319,0.461847,0.410636,0.165972,-0.092508,0.493983,0.24865,-0.516438,-0.985609
0.108666,-0.966988,-0.113683,0.585713,0.556394,-0.505734,0.68074,0.671284,0.39402,-0.353452,-0.183378,-0.194861,0.332081,0.420003,-0.997295
-0.027602,0.770967,0.930063,0.794003,0.818315,-0.176613,0.833492,0.265872,0.642714,-0.054807,-0.066017,0.043538,0.259773,-0.284347,-0.972314
0.216107,0.506587,-0.833282,0.152094,-0.750902,0.029608,0.027981,0.33656,-0.01405,-0.113328,0.863842,0.460624,-0.45975,-0.122548,-0.968298
0.909366,-0.933148,0.031671,-0.609742,0.532988,0.111819,0.38937,0.360132,0.351692,0.157875,0.225979,-0.630607,-0.185776,0.436583,-1.0
-0.859211,-0.243078,0.8866,0.334099,-0.186777,0.843711,0.209901,0.548018,-0.116053,0.140364,-0.384387,-0.704834,0.179864,0.361405,-1.0
-0.706735,0.169331,0.080676,-0.489892,-0.532074,-0.570963,0.930626,0.834813,-0.502422,-0.497103,-0.013906,0.045464,0.075711,-0.446666,-1.0
0.137047,0.727483,-0.138587,-0.018498,-0.384612,0.130166,0.653225,0.166329,-0.543266,0.104802,0.189519,0.327542,-0.289576,-0.317938,-0.998022
0.722277,-0.493361,-0.620424,0.564603,-0.055756,-0.470315,0.044538,0.87128,0.018369,-0.141149,0.962341,-0.045155,-0.550894,0.03053,-1.0
-0.679383,0.023967,0.700744,0.242407,-0.011687,-0.149078,0.444795,0.422496,-0.047172,-0.278361,-0.501661,0.110465,0.460831,-0.08579,-1.0
0.492885,0.47421,0.625315,-0.099499,0.165488,-0.702102,0.432677,0.565653,0.099668,-0.319034,0.233424,0.572372,-0.070401,-0.532665,-0.996589
-0.268556,0.156902,0.95671,0.085645,-0.883132,-0.004778,0.963347,0.922574,-0.738264,-0.026716,0.106718,0.022457,-0.532395,-0.160118,-1.0
-0.348762,0.895967,-0.972704,-0.266942,-0.220299,-0.184213,0.474668,0.883129,-0.348398,-0.175678,-0.052304,0.460494,0.014844,-0.455669,-1.0
-0.463739,0.531403,0.648969,0.693052,0.043569,0.211016,0.897868,0.196269,0.14187,0.715444,-0.048852,0.071727,0.361679,-0.316207,-0.999465
0.93887,0.572653,0.88048,0.588912,0.361956,-0.858173,0.171259,0.186616,0.07971,-0.025373,0.309193,0.736935,-0.18223,-0.509526,-0.992728
0.996263,0.93241,0.12259,-0.393342,-0.929667,0.202521,0.239793,0.436497,-0.147444,0.036383,0.709874,0.216665,-0.473162,-0.153745,-0.980856
0.165514,-0.244146,-0.902893,0.551323,-0.397849,0.576811,0.360267,0.826234,-0.21537,0.101799,0.405212,-0.538595,-0.219423,0.447116,-1.0
-0.219223,-0.605704,0.748775,0.994981,0.514256,-0.493212,0.737156,0.751281,0.427987,-0.410131,-0.266003,-0.07932,0.437159,0.080288,-0.985977
-0.750468,0.810772,-0.298902,-0.983075,-0.498358,-0.926712,0.423361,0.210957,-0.181998,-0.387281,-0.121433,0.606075,0.068784,-0.477287,-0.980585
-0.78531,0.639496,-0.926991,0.566773,-0.417374,0.191019,0.811107,0.874324,-0.61822,0.306019,-0.080601,0.083164,0.381582,-0.404468,-1.0
0.938918,-0.472221,-0.614651,-0.057592,-0.294496,-0.957787,0.09689,0.465836,0.055096,-0.192925,0.830871,0.283751,-0.431221,-0.151213,-0.940124
0.9981,0.220437,-0.693567,-0.947708,-0.713262,0.246186,0.648377,0.389636,-0.499248,0.146026,0.386184,0.08333,-0.457461,0.005703,-1.0
-0.249407,-0.96062,0.807018,0.575142,0.808859,-0.106325,0.989996,0.634548,0.794981,-0.124734,0.055909,0.019335,0.382342,0.188094,-1.0
-0.42729,0.021604,0.039361,-0.609317,0.230729,0.345042,0.207532,0.038356,0.083595,0.207753,-0.763427,-0.363151,0.52243,0.190741,-0.941019
-0.279282,0.806646,0.156673,0.960338,0.809221,-0.731222,0.167095,0.237834,0.111454,-0.077917,-0.497964,0.696271,0.290261,-0.462805,-0.993118
-0.855019,-0.198643,-0.088013,-0.126194,0.504892,-0.988834,0.455152,0.184422,0.126553,-0.334561,-0.46105,0.253766,0.401422,-0.301405,-1.0
-0.154318,0.886088,-0.568586,-0.145384,-0.762474,0.478227,0.802564,0.822654,-0.47468,0.345888,0.124369,0.118848,-0.440515,-0.289559,-1.0
-0.389423,0.610949,0.134535,0.072997,-0.924113,0.311117,0.025963,0.40204,-0.004701,0.071076,0.941849,0.571028,-0.5008,-0.172816,-0.963478
-0.85358,-0.732359,-0.600666,0.429417,-0.363382,0.806181,0.859007,0.074861,-0.310955,0.64516,-0.062877,-0.094779,0.101912,0.470752,-0.929967
0.218671,0.90452,-0.117616,-0.940306,-0.300047,-0.949886,0.516723,0.63564,-0.003035,-0.437069,0.121015,0.47663,-0.145057,-0.466012,-1.0
-0.37638,-0.951938,0.993641,-0.147124,0.608056,-0.379258,0.062971,0.088477,0.051341,-0.053766,-0.886769,-0.51134,0.342759,0.229823,-0.99924
0.33688,0.275736,0.856333,-0.934062,0.966949,0.914068,0.601257,0.12943,0.320573,0.422074,-0.193071,-0.248576,0.24971,0.43645,-0.942719
-0.735748,-0.851112,0.707044,-0.689551,-0.850658,-0.904277,0.063376,0.273948,-0.011117,-0.031226,0.886969,0.423425,-0.360934,-0.240225,-0.994752
0.464824,-0.902215,0.490365,-0.546797,0.441006,0.904398,0.036919,0.17431,0.022688,0.025217,0.13668,-0.971643,-0.091209,0.420732,-1.0
-0.99172,-0.168085,0.421223,-0.063663,0.303685,0.567899,0.463977,0.670391,0.077343,0.355909,-0.532972,-0.301602,0.335776,0.200184,-1.0
-0.744293,0.999642,-0.334136,-0.874195,0.721739,-0.358218,0.972273,0.507169,0.662598,-0.312332,-0.06842,0.007806,0.322136,-0.405736,-0.98799
0.83597,-0.155987,0.688275,-0.224601,-0.709802,-0.917064,0.958247,0.073196,-0.514555,-0.634619,0.100104,0.042695,-0.513802,-0.164459,-1.0
0.447882,-0.588342,0.989439,-0.199261,0.36812,-0.505008,0.41056,0.110386,0.193022,-0.259141,0.399598,-0.470055,-0.34779,0.363536,-0.990398
-0.184029,-0.409108,0.15427,-0.826532,0.172517,-0.69281,0.196776,0.529575,0.092961,-0.114576,-0.655348,0.563949,0.453528,-0.309648,-0.954587
-0.431802,0.932108,-0.455968,0.491108,-0.53713,-0.141044,0.449912,0.249231,-0.419991,-0.01343,0.072459,0.538446,-0.079755,-0.478619,-0.96804
-0.942427,-0.738844,-0.636172,0.100335,0.117007,-0.340011,0.260006,0.560692,0.108269,-0.156979,-0.65478,-0.279223,0.410127,0.152328,-0.955128
-0.317672,0.082401,0.187524,0.120624,-0.710381,-0.246424,0.18028,0.801892,-0.078252,-0.145927,0.600289,0.559207,-0.324691,-0.261763,-0.979253
0.418601,-0.412819,0.7525,-0.820055,-0.191051,-0.282505,0.327745,0.574143,-0.186426,-0.27194,0.665666,-0.130755,-0.507914,0.074563,-0.989102
0.779269,-0.903205,0.767587,-0.455268,0.699668,-0.76873,0.441649,0.860547,0.243924,-0.342355,0.375855,-0.502988,-0.285353,0.369781,-0.947428
-0.670038,0.672844,-0.689737,0.32858,-0.57206,-0.055189,0.777951,0.967176,-0.713162,-0.049403,-0.096688,0.149034,0.068077,-0.505567,-0.995246
-0.819612,0.88807,-0.264201,0.23934,0.808113,0.278472,0.701686,0.868358,0.485612,0.230106,-0.304955,0.042406,0.483715,-0.140376,-0.971555
0.580735,-0.26875,0.291533,0.453424,-0.06683,0.887114,0.782253,0.077881,0.046185,0.646389,0.113259,-0.240107,-0.19041,0.369066,-0.977895
-0.000988,0.24788,0.970414,-0.042323,-0.858544,0.987887,0.757802,0.184749,-0.438704,0.392318,0.194649,-0.033325,-0.438064,0.265863,-1.0
0.178803,0.212894,-0.204822,-0.020901,-0.336015,0.513634,0.867254,0.999602,-0.308094,0.567184,0.166421,-0.130581,-0.452807,0.216125,-0.969715
0.205868,-0.261309,-0.897128,0.792308,0.317701,-0.64803,0.562786,0.543742,0.253052,-0.379596,-0.159963,0.482536,0.11585,-0.451005,-0.994993
-0.166152,0.738303,0.763678,0.835191,0.175653,0.219571,0.993397,0.585215,0.420992,0.645107,0.008485,0.034764,0.298895,-0.477039,-0.896182
0.921009,-0.859144,-0.029111,-0.930568,-0.490423,-0.757925,0.882282,0.191965,-0.381681,-0.6142,0.090149,-0.05734,-0.478286,0.041642,-1.0
-0.196559,0.660333,0.009134,-0.30243,-0.340675,0.15302,0.699303,0.00293,-0.444349,0.295383,0.073694,0.247869,-0.133565,-0.369949,-1.0
-0.174111,0.577059,0.881726,-0.494264,0.787417,-0.583728,0.925125,0.273934,0.640158,-0.428393,-0.104389,0.018148,0.377996,-0.352185,-1.0
-0.669359,0.552308,-0.331588,0.489933,0.606504,0.161172,0.428559,0.125895,0.319159,0.125848,-0.510336,0.159914,0.506374,-0.100855,-1.0
-0.48273,-0.703383,-0.788509,-0.459796,0.214872,-0.205595,0.648971,0.531456,0.380517,-0.410666,-0.241379,-0.194097,0.435278,0.317043,-1.0
0.299588,0.432397,-0.626969,-0.249994,0.073547,-0.100765,0.948051,0.728598,0.483228,-0.565381,0.0653,0.048535,-0.160355,-0.509675,-0.933026
0.318645,0.014036,0.98435,0.753124,0.076326,-0.999633,0.239432,0.723721,0.054026,-0.186321,0.232083,0.719255,-0.196418,-0.40957,-1.0
0.036051,-0.871118,-0.126821,-0.17575,-0.449531,-0.843428,0.763245,0.390905,-0.329832,-0.533352,0.275725,-0.03069,-0.47566,0.035138,-0.899504
-0.191072,-0.615616,-0.309996,0.015508,0.466738,-0.930099,0.934416,0.353782,0.287799,-0.67207,-0.051219,0.045495,0.404896,-0.270173,-1.0
0.174243,-0.817428,0.474157,-0.812005,-0.85813,0.528064,0.078522,0.162677,-0.013122,-0.052569,0.496013,-0.804906,-0.245461,0.393765,-1.0
-0.45819,-0.566893,-0.836621,0.041868,-0.842166,-0.132072,0.370661,0.450993,-0.241353,0.028461,0.459336,-0.436899,-0.326086,0.36139,-1.0
-0.147819,-0.436349,-0.258594,0.577402,0.716229,-0.325187,0.041196,0.991928,0.012933,-0.069973,-0.904723,-0.076468,0.470631,0.027658,-0.999517
-0.215782,0.863766,-0.330312,-0.15508,0.049943,0.5428,0.847729,0.860651,0.108557,0.628058,-0.020349,0.118131,0.296655,-0.313398,-0.93928
0.154841,-0.074378,-0.740803,-0.984477,0.534815,-0.20981,0.245876,0.864993,0.273899,-0.015574,-0.755983,0.157416,0.526236,-0.179126,-0.978348
0.129364,-0.803984,-0.711284,0.133321,0.833089,-0.311544,0.61071,0.199739,0.534186,-0.185277,-0.291488,-0.237713,0.363988,0.328303,-0.95947
0.627077,-0.640595,0.168229,0.640544,0.254896,0.94855,0.676859,0.00584,0.147479,0.47251,0.024755,-0.265928,-0.050123,0.414878,-0.962442
0.045395,0.283911,-0.740818,-0.939515,0.898602,0.304384,0.535004,0.928155,0.365153,0.103351,-0.476904,0.01109,0.48069,0.080363,-1.0
0.224285,0.890717,-0.202849,0.281762,-0.817274,0.509909,0.986767,0.692025,-0.670053,0.433959,-0.007333,-0.061329,-0.364667,-0.287442,-0.988201
-0.691704,0.207301,0.86218,-0.283952,-0.986365,0.104835,0.990703,0.598564,-0.725198,0.07723,0.020587,0.017468,-0.548739,-0.18723,-1.0
0.686147,0.920286,0.101756,0.903316,0.437734,-0.553765,0.862198,0.019531,0.427624,-0.519808,-2.6e-05,0.155929,-0.066947,-0.454053,-1.0
0.01016,0.542164,-0.653054,0.03276,0.145573,-0.491061,0.487419,0.345438,0.115312,-0.343142,-0.057732,0.507262,0.103573,-0.493919,-0.926678
0.402696,0.913603,-0.782051,0.893221,-0.70691,0.949288,0.932341,0.247238,-0.441097,0.57824,0.071882,-0.007117,-0.466207,-0.03942,-1.0
-0.798266,-0.425882,0.982691,0.892306,0.519533,-0.559838,0.637841,0.921604,0.269492,-0.447957,-0.369479,0.00057,0.460883,-0.072004,-1.0
0.03088,0.489089,-0.256224,0.169082,-0.379084,0.200082,0.982083,0.155398,-0.677534,0.381105,-0.01373,-0.022292,-0.417032,-0.228545,-1.0
-0.664381,-0.128837,-0.834303,-0.328937,0.428582,-0.704588,0.460985,0.504651,0.203402,-0.25243,-0.50017,0.270284,0.481352,-0.331726,-0.973076
0.53934,-0.719793,-0.257442,0.997563,0.867198,-0.457655,0.679116,0.811742,0.494759,-0.279369,-0.174878,-0.182812,0.370048,0.324287,-1.0
0.230876,0.981401,-0.100251,0.234659,-0.093471,-0.639259,0.044723,0.165563,-0.036914,-0.052516,0.30387,0.98198,-0.117416,-0.433547,-1.0
-0.715175,0.017412,0.379016,-0.766748,-0.063621,-0.803087,0.591895,0.524122,0.036486,-0.516632,-0.288995,0.304315,0.267859,-0.377886,-0.94387
-0.400788,-0.689578,-0.228099,0.376283,0.638526,-0.101717,0.570793,0.021254,0.420001,0.018913,-0.432152,-0.209535,0.496334,0.21501,-0.918823
0.282176,-0.999347,-0.035816,-0.058596,-0.431525,0.310317,0.52579,0.58288,-0.26564,0.236279,0.205417,-0.414946,-0.195248,0.46777,-1.0
-0.046009,-0.29765,0.403543,-0.912152,0.092521,-0.557091,0.631492,0.205187,0.043796,-0.52478,-0.235473,0.345657,0.233183,-0.429011,-0.823576
-0.106932,-0.334749,0.674567,-0.080195,0.138148,0.782022,0.594731,0.588057,0.148231,0.450866,-0.151761,-0.33208,0.082405,0.546022,-0.945975
-0.99426,0.794128,-0.001778,0.641604,0.55602,0.476915,0.157363,0.607572,0.150929,0.062029,-0.825907,0.185751,0.431938,-0.063745,-1.0
-0.675132,-0.665016,-0.626428,0.163689,-0.86793,0.361862,0.367357,0.048422,-0.313019,0.10523,0.064057,-0.669103,-0.068617,0.46881,-1.0
0.500114,-0.972922,-0.849713,-0.764933,-0.584838,-0.551952,0.39628,0.963441,-0.250714,-0.258841,0.499989,-0.21291,-0.371866,0.220101,-1.0
-0.346513,-0.719526,-0.766813,-0.630366,-0.839415,-0.515692,0.929674,0.561012,-0.627617,-0.425637,0.152317,0.021793,-0.438803,0.225404,-0.915021
-0.353998,-0.754553,-0.259328,0.057562,0.057037,-0.794224,0.328484,0.576904,-0.025032,-0.333853,-0.663849,0.068951,0.574896,-0.048649,-0.98541
-0.119134,0.217219,0.171479,0.767489,-0.482975,0.191889,0.917643,0.21142,-0.617623,0.275613,0.004394,0.020314,-0.474033,-0.006329,-0.977103
-0.118791,-0.944765,0.096297,0.811973,0.983924,-0.898881,0.825134,0.70502,0.555381,-0.442076,-0.200987,-0.065112,0.436144,0.00136,-0.920372
-0.486772,-0.290765,0.136333,0.04614,-0.406612,0.945268,0.830055,0.052862,-0.304025,0.583538,-0.077451,-0.21286,0.029619,0.533768,-0.862848
-0.422444,0.794845,-0.265787,-0.167112,-0.377062,-0.176107,0.819332,0.787523,-0.572161,-0.279351,0.00768,0.17102,-0.001304,-0.467016,-1.0
0.161376,0.741991,-0.375111,0.997818,-0.707597,-0.940252,0.645522,0.47017,-0.315616,-0.44485,0.215796,0.366104,-0.271939,-0.424141,-0.957185
-0.818389,-0.18587,-0.211493,0.194024,-0.756579,0.799234,0.746692,0.361628,-0.400909,0.502373,0.025427,-0.316028,0.084114,0.630878,-0.996724
0.71017,-0.949932,0.039172,0.156928,0.905611,0.882147,0.719835,0.232821,0.458609,0.349613,-0.02091,-0.34443,0.094784,0.549265,-1.0
0.91943,-0.212955,-0.549851,0.651587,0.130783,0.291514,0.029882,0.70014,-0.007865,0.033134,0.816467,-0.584846,-0.387037,0.211815,-1.0
0.578207,-0.294681,-0.352556,0.454707,0.498215,0.145687,0.994612,0.073421,0.69463,0.2336,-0.014661,-0.006518,-0.030169,0.444236,-0.928164
-0.539288,-0.958197,0.210317,-0.117908,0.836763,-0.14069,0.768032,0.26578,0.6131,-0.147587,-0.139071,-0.150076,0.368227,0.232085,-1.0
0.456712,-0.970703,0.120591,-0.933023,-0.120778,-0.548833,0.818523,0.892665,-0.230612,-0.669422,0.135652,-0.045516,-0.407855,0.293096,-1.0
-0.140156,-0.403469,0.878154,-0.274066,0.205262,0.819713,0.586571,0.02614,0.108552,0.502615,-0.09637,-0.451083,0.184508,0.532138,-1.0
-0.084725,-0.670302,-0.838874,-0.007198,0.055484,-0.615174,0.925037,0.280878,-0.001019,-0.713114,-0.101452,-0.046002,0.491226,0.140389,-0.933866
-0.469731,0.027848,-0.903019,0.801708,-0.471808,-0.721779,0.660604,0.119217,-0.237243,-0.44961,0.040357,0.375297,0.023513,-0.468636,-0.978176
-0.218524,-0.150558,-0.646685,-0.371181,0.795009,-0.543133,0.454721,0.384527,0.290295,-0.19701,-0.515658,0.218464,0.48271,-0.145107,-0.914333
-0.651496,-0.447507,0.288985,0.873543,-0.769812,-0.427409,0.18648,0.481802,-0.171004,-0.011578,0.869658,-0.183464,-0.515009,0.083934,-1.0
0.442153,0.583041,0.297467,0.259677,-0.220626,0.491785,0.553919,0.253988,-0.175119,0.389319,0.4982,0.118713,-0.499213,-0.084095,-1.0
-0.975794,-0.65394,0.931847,-0.234711,-0.233586,-0.532264,0.384954,0.960673,-0.158388,-0.181224,-0.545884,-0.062437,0.591057,0.002986,-1.0
-0.572906,-0.023214,-0.107516,-0.257178,-0.489273,-0.525919,0.927125,0.844052,-0.540734,-0.497685,0.0276,0.03341,0.034248,-0.452722,-0.969988
-0.090377,-0.295292,-0.232056,-0.268917,-0.47672,0.245537,0.976076,0.885425,-0.739384,0.387559,0.033036,0.046398,-0.272026,0.410224,-0.962912
0.479664,-0.61519,-0.425304,0.023375,-0.998305,0.028747,0.50383,0.64359,-0.451555,-0.022813,0.421841,-0.1682,-0.416474,0.236969,-0.860505
-0.667519,-0.777918,0.517297,-0.729769,-0.878449,-0.571913,0.751168,0.774908,-0.479309,-0.319621,0.201913,-0.155604,-0.354819,0.299993,-1.0
0.485966,0.870134,0.014329,0.951609,0.773684,0.748497,0.302105,0.108549,0.130739,0.238702,-0.579412,0.286746,0.513758,-0.215085,-0.954632
0.976753,-0.159902,0.169013,-0.080702,-0.100247,-0.02471,0.020762,0.128612,-0.045015,0.069974,0.990986,-0.059573,-0.452096,0.114947,-0.895467
0.728064,0.677362,-0.131621,0.66083,0.044627,-0.173705,0.270131,0.823677,-0.000158,-0.27803,0.467196,0.583131,-0.271659,-0.387228,-1.0
0.979452,-0.010666,0.266412,0.630157,-0.743688,0.374986,0.643904,0.032209,-0.427836,0.214596,0.277998,-0.086787,-0.541871,0.011316,-1.0
0.492004,-0.592304,-0.505124,-0.997907,0.132995,-0.642707,0.009563,0.741294,-0.022575,-0.085874,1.0,0.102605,-0.458612,-0.00391,-1.0
-0.825297,-0.475693,-0.169036,0.313322,-0.543417,-0.712626,0.19609,0.44965,-0.147381,-0.090486,-0.629446,0.464426,0.348367,-0.282262,-0.972834
0.835935,0.067419,-0.518376,0.493947,0.728236,0.250962,0.541477,0.429567,0.459412,0.086897,0.174784,-0.366863,-0.274488,0.459724,-1.0
0.528941,-0.497118,0.66093,0.651719,0.23181,0.647133,0.466816,0.111634,0.154985,0.368101,0.054216,-0.439925,-0.075721,0.563657,-1.0
-0.442894,0.518902,0.275435,-0.786913,0.813883,0.636806,0.729474,0.73225,0.482484,0.389878,-0.251719,0.022141,0.411246,0.10573,-1.0
0.341124,-0.04209,0.420296,0.199965,-0.005374,0.995127,0.993496,0.618802,-0.005133,0.761598,0.053575,-0.007393,-0.026147,0.453358,-1.0
-0.964438,-0.270704,-0.111635,0.632524,-0.155106,-0.539368,0.835187,0.494614,-0.233522,-0.61817,-0.160069,0.023548,0.411763,-0.268152,-1.0
0.245901,-0.246179,0.507239,-0.685428,-0.077642,-0.614225,0.072162,0.452506,-0.050355,-0.145263,0.605515,0.721927,-0.313672,-0.361987,-1.0
0.934495,0.301398,0.005243,0.80184,-0.218589,0.678749,0.831667,0.528095,-0.198039,0.665528,0.119417,-0.010708,-0.413136,0.126939,-1.0
0.096045,-0.802171,0.288487,0.697015,-0.50837,-0.921578,0.520072,0.836267,-0.258874,-0.316561,0.37208,0.099671,-0.472047,-0.092926,-1.0
-0.335266,-0.484833,0.303542,-0.755979,0.222369,-0.632152,0.811313,0.717913,0.202259,-0.663954,-0.259021,0.075463,0.492503,-0.126887,-0.929035
0.331514,-0.63298,0.574249,-0.741773,0.586622,0.992795,0.010798,0.845152,-0.087964,0.003116,-0.155715,-0.957035,0.1087,0.499499,-0.983585
-0.307156,0.977564,-0.615917,-0.846877,-0.846147,0.255449,0.802131,0.622886,-0.534537,0.145772,0.135244,0.281463,-0.263076,-0.414142,-1.0
-0.124669,-0.75182,0.318327,0.908396,-0.944317,0.489863,0.152625,0.661412,-0.140868,0.025837,0.485012,-0.750835,-0.249831,0.485145,-1.0
0.224782,0.911403,-0.47457,-0.241535,-0.258617,0.725123,0.470161,0.773564,-0.125754,0.373789,0.511981,0.172801,-0.422604,-0.123587,-1.0
0.227382,-0.243027,-0.150798,-0.709904,-0.930696,-0.263888,0.045706,0.646653,-0.015894,0.096209,0.972009,0.018694,-0.492387,0.017154,-1.0
0.736565,-0.697144,0.455329,-0.494478,-0.224914,-0.51969,0.254443,0.67886,-0.098931,-0.191871,0.707878,-0.060723,-0.531887,0.113079,-0.984519
0.452898,-0.300569,-0.671677,0.233391,0.510149,-0.761991,0.96241,0.085009,0.432493,-0.677708,0.048619,0.022742,0.090436,-0.509651,-0.949576
-0.210159,-0.828926,0.550107,0.372442,-0.770456,0.620976,0.53563,0.176094,-0.3083,0.325875,0.202415,-0.392099,-0.191546,0.415865,-0.95521
0.562839,-0.788225,-0.507879,0.355972,0.171529,-0.546417,0.147564,0.290213,0.051562,-0.167367,0.72439,-0.454815,-0.426556,0.282527,-1.0
-0.757059,-0.501248,0.850841,-0.608576,0.61444,-0.526651,0.804307,0.444156,0.45458,-0.39971,-0.2487,-0.037565,0.564938,0.027073,-1.0
0.29045,0.374901,0.336217,0.750257,-0.19871,-0.776074,0.267068,0.597983,-0.022331,-0.095918,0.324905,0.712566,-0.222798,-0.441398,-0.920868
-0.555782,0.471125,-0.408443,0.414202,0.927287,-0.629219,0.787142,0.677553,0.569814,-0.389282,-0.110216,0.072565,0.340587,-0.300291,-0.993157
-0.178806,0.60924,0.39139,0.334399,0.90423,0.3928,0.235171,0.130673,0.145402,0.142097,-0.724437,0.116882,0.469009,-0.145819,-1.0
0.403089,0.927517,0.43077,0.58779,-0.434648,-0.813421,0.552914,0.424342,-0.205108,-0.336328,0.233744,0.378589,-0.243165,-0.408479,-1.0
0.437983,0.991226,-0.810587,0.468645,-0.630008,0.423881,0.647914,0.575408,-0.427426,0.292204,0.204368,0.105159,-0.320515,-0.158326,-0.953541
-0.778737,-0.195761,-0.003256,0.241884,-0.668819,0.165054,0.305711,0.242125,-0.24237,0.075318,-0.155961,-0.577452,0.161159,0.51867,-0.961543
-0.839523,-0.959127,-0.64139,-0.155157,-0.949572,0.771822,0.569988,0.974815,-0.416805,0.236565,0.035368,-0.386791,0.017862,0.60004,-0.980666
0.314483,-0.901525,-0.224259,-0.463137,-0.121334,0.693191,0.064097,0.574987,-0.095702,-0.02987,0.135189,-0.827567,-0.092776,0.572178,-0.997812
-0.549343,0.805614,0.528863,0.441372,0.632098,0.901209,0.103833,0.649285,0.061212,0.074426,-0.935084,-0.05041,0.409425,-0.033655,-1.0
0.279048,-0.804152,-0.646194,0.161739,0.971811,-0.464277,0.33915,0.429527,0.107068,-0.086805,-0.581838,-0.251907,0.428455,0.197514,-0.958397
-0.774095,0.940132,0.664095,0.947376,-0.913286,-0.486215,0.980505,0.543234,-0.637476,-0.259102,-0.058246,-0.081086,0.003619,-0.542803,-1.0
-0.327456,0.266437,0.356129,0.744859,-0.661935,0.298684,0.153254,0.854412,-0.150012,0.106268,0.831393,-0.052868,-0.52131,0.103465,-0.987593
0.224722,0.477777,0.474767,-0.038682,0.481391,-0.246401,0.842142,0.035605,0.57262,-0.298939,-0.047618,0.168493,0.100866,-0.426219,-1.0
-0.886251,0.383684,-0.333769,-0.127098,0.506584,-0.016424,0.205388,0.566078,0.120014,0.021159,-0.746898,0.252581,0.466384,-0.158562,-1.0
-0.483134,-0.91429,-0.221999,-0.799991,0.684196,-0.049966,0.834589,0.666502,0.701855,-0.072751,-0.194391,-0.099573,0.341468,0.304085,-0.983028
0.79319,0.430541,0.252505,-0.152743,-0.01491,0.996315,0.754925,0.290576,0.015936,0.497425,0.232349,-0.153831,-0.430588,0.300875,-0.995172
-0.703863,0.566716,-0.394708,-0.81063,-0.94799,-0.162663,0.950827,0.849171,-0.65537,-0.159706,-0.106619,0.136476,-0.165492,-0.554544,-1.0
0.584095,0.365168,-0.411077,0.860427,-0.167124,-0.709864,0.489284,0.372923,0.014213,-0.338936,0.440548,0.418604,-0.308555,-0.533928,-0.98824
0.085971,-0.357784,-0.15568,0.461999,-0.957543,0.912388,0.006839,0.432304,0.056393,0.006478,0.722689,-0.727499,-0.350901,0.40863,-0.904528
-0.362556,0.601955,0.9969,-0.37039,-0.262925,-0.941073,0.02983,0.898183,-0.075626,-0.058009,-0.069689,0.957435,0.11534,-0.489996,-1.0
0.050136,-0.857899,0.878621,0.386604,0.268785,-0.174017,0.857234,0.220243,0.565775,-0.412435,-0.13245,0.007347,0.090472,0.461844,-1.0
0.952067,0.653248,-0.44222,-0.800087,-0.557993,-0.49878,0.296758,0.773924,-0.316326,-0.088881,0.587197,0.391685,-0.362273,-0.35286,-0.988706
-0.662121,-0.264944,-0.979424,-0.103535,-0.587047,0.647031,0.183453,0.730083,-0.106015,0.137266,0.043798,-0.889409,-0.01216,0.515681,-1.0
0.1685,0.484277,0.053796,-0.160753,-0.902113,-0.25416,0.010487,0.029785,0.044904,0.064469,0.805019,0.532248,-0.409701,-0.278867,-1.0
0.686811,0.398037,-0.37815,0.947582,0.887444,-0.098654,0.476574,0.917391,0.411701,-0.022839,-0.158092,0.445371,0.184791,-0.39328,-1.0
0.537068,0.689556,-0.04697,0.384227,0.73751,0.583391,0.378624,0.022291,0.252277,0.294535,-0.574929,0.28893,0.520933,-0.258382,-0.923736
0.397154,-0.027656,0.768097,-0.693024,-0.955045,0.771014,0.328661,0.22197,-0.206393,0.131775,0.537501,-0.332307,-0.358852,0.322922,-1.0
0.06591,-0.279771,-0.261578,0.168458,0.770706,0.641322,0.621038,0.939601,0.391322,0.303403,-0.221077,-0.315339,0.379397,0.379206,-0.954128
0.51465,0.124709,0.32618,0.258517,-0.427528,-0.392541,0.503013,0.68254,-0.267193,-0.297244,0.413527,0.221646,-0.417294,-0.238492,-1.0
0.004903,-0.864302,0.197134,-0.813064,0.762108,-0.116107,0.562027,0.607121,0.427864,-0.083127,-0.367596,-0.317558,0.312687,0.313459,-1.0
0.892898,0.903151,0.149675,0.234558,-0.36765,0.866558,0.64921,0.171453,-0.126786,0.494902,0.323072,0.073304,-0.40829,0.039587,-1.0
0.989119,0.730318,0.52332,0.277041,-0.470895,-0.3038,0.081151,0.482275,-0.092089,-0.054537,0.664751,0.566754,-0.423586,-0.319292,-0.865655
0.756563,-0.805411,-0.783512,0.131388,-0.216428,-0.814328,0.524367,0.93135,-0.070636,-0.358852,0.511864,0.07952,-0.382887,-0.010218,-0.972773
0.051546,0.620986,-0.52925,0.156009,-0.749356,-0.250373,0.758441,0.541359,-0.579137,-0.246871,0.079316,0.114521,-0.385915,-0.342439,-0.976979
-0.39497,-0.803723,0.81164,0.843565,0.84947,0.690972,0.228352,0.533665,0.186685,0.084777,-0.467194,-0.527947,0.314936,0.358682,-1.0
0.91181,-0.1778,0.756598,-0.694476,0.731767,0.140196,0.503203,0.563061,0.458624,0.076488,0.235825,-0.491398,-0.169246,0.417217,-1.0
-0.529685,0.101433,0.234616,-0.030064,0.409331,-0.073742,0.512653,0.412865,0.450323,-0.015278,-0.51135,0.072625,0.54289,-0.029539,-0.97964
-0.717984,-0.627569,0.123311,0.147187,0.199362,-0.117003,0.212427,0.748575,0.133004,-0.040496,-0.701416,-0.384839,0.500503,0.194853,-1.0
-0.05857,0.409735,-0.341539,0.657273,-0.750791,0.675409,0.251513,0.364613,-0.144119,0.074539,0.562064,-0.305557,-0.486405,0.223049,-1.0
0.928367,-0.861881,0.63764,0.178892,-0.167959,0.477173,0.011045,0.816915,0.044944,0.010328,0.621755,-0.746351,-0.31246,0.358783,-0.949972
0.110086,-0.813514,0.772388,0.058176,0.414104,0.054605,0.525219,0.817478,0.440233,-0.047136,-0.172887,-0.410134,0.192601,0.613151,-1.0
0.83206,0.469892,-0.256335,-0.494935,-0.081659,0.43253,0.261317,0.33268,0.044252,0.098281,0.749434,0.065293,-0.509125,-0.001041,-1.0
0.03096,-0.879963,0.647914,0.19726,-0.611509,-0.512464,0.820527,0.325424,-0.506402,-0.501534,0.243717,-0.073668,-0.524316,0.247063,-1.0
0.723273,0.911456,-0.197529,-0.69405,-0.224594,0.757031,0.389284,0.052267,-0.035644,0.279386,0.614724,0.041544,-0.576962,-0.038165,-0.971467
0.655109,0.61429,0.08856,-0.5456,0.236777,0.35788,0.540314,0.423591,0.187058,0.361644,0.424578,0.251922,-0.409084,-0.178688,-1.0
0.535605,-0.265443,0.469825,-0.197969,-0.298174,-0.860905,0.56752,0.311807,-0.229547,-0.463856,0.308392,0.293441,-0.427608,-0.228186,-1.0
0.946987,0.275771,0.268687,0.969419,0.81946,0.34226,0.410496,0.091283,0.234485,0.132501,0.521894,-0.243908,-0.469247,0.165033,-1.0
0.375805,-0.158804,-0.838965,0.701569,0.513092,0.81246,0.690606,0.705349,0.272777,0.507308,-0.128358,-0.268495,0.020998,0.564187,-1.0
0.737413,-0.719728,0.831805,0.463574,0.709954,0.222829,0.947004,0.534928,0.779506,0.216034,-0.021457,0.026591,0.045413,0.436325,-0.970546
0.809131,-0.573595,0.01449,-0.108909,-0.665842,-0.466958,0.78641,0.906935,-0.509009,-0.37761,0.225258,-0.013928,-0.589635,0.087059,-0.958403
-0.772089,-0.251443,-0.247312,-0.148136,-0.172695,-0.586429,0.171346,0.143686,-0.02229,-0.19691,-0.715123,0.42231,0.447048,-0.22399,-0.970397
-0.908502,-0.645205,0.390515,0.603307,0.330989,-0.854406,0.982337,0.520704,0.282645,-0.76518,-0.116753,-0.016545,0.41179,-0.075882,-0.956131
0.317189,0.791793,0.387221,-0.087588,-0.778356,-0.901112,0.350969,0.811922,-0.246296,-0.107398,0.353373,0.502643,-0.338361,-0.42581,-0.97518
-0.167362,-0.522623,0.980171,0.151799,0.435163,-0.678857,0.950427,0.126332,0.460971,-0.667594,0.005768,0.02559,0.365241,-0.136436,-0.906082
0.509675,-0.249032,0.641243,-0.275327,-0.091335,0.6793,0.594829,0.152954,-0.082627,0.552619,0.26433,-0.309527,-0.264278,0.453128,-1.0
-0.237179,-0.612104,0.247586,0.537176,-0.397336,-0.265032,0.818739,0.908636,-0.586571,-0.312008,0.194837,-0.241485,-0.253228,0.395472,-1.0
0.880604,0.075915,-0.587786,0.460359,0.438008,0.519547,0.710989,0.898312,0.420799,0.400456,0.218545,-0.246711,-0.323327,0.341491,-0.978163
0.221084,-0.644634,-0.350659,-0.594988,0.241336,-0.691222,0.377121,0.344599,0.133121,-0.297371,-0.234848,0.632224,0.162115,-0.505727,-1.0
-0.930334,0.295965,0.186412,0.675481,-0.863933,-0.136637,0.844543,0.557252,-0.672454,-0.048119,-0.048063,0.126918,0.096863,-0.479528,-0.949333
-0.916435,-0.078104,-0.444287,-0.146311,0.022782,-0.323573,0.204856,0.768526,0.026905,-0.132652,-0.782392,0.09829,0.514169,-0.1446,-0.985375
0.367031,0.125017,0.093461,-0.730357,0.054885,-0.735851,0.241847,0.040196,0.023586,-0.054208,0.208,0.730179,-0.254215,-0.424417,-0.925646
0.600062,-0.145732,-0.298546,0.524726,-0.072305,-0.521449,0.785017,0.31172,-0.095437,-0.698873,0.115559,0.123584,-0.302165,-0.230928,-0.985714
0.440025,0.794272,-0.74402,0.463914,-0.790519,0.705258,0.633231,0.822935,-0.359633,0.357533,0.34154,-0.004868,-0.506122,-0.02006,-1.0
0.004734,0.335613,-0.761469,-0.222253,0.369394,0.605556,0.549194,0.087758,0.253196,0.404642,-0.373263,-0.278599,0.396935,0.308213,-1.0
-0.955761,0.101992,0.828456,-0.045728,0.876435,0.038074,0.732579,0.213705,0.492487,-0.002938,-0.287975,-0.082245,0.405273,-0.141948,-0.963201
0.661566,-0.626425,0.498252,-0.551404,0.090584,-0.534366,0.853401,0.021664,0.101106,-0.65469,0.127048,0.02432,-0.524899,0.106976,-1.0
-0.08682,0.931297,-0.403971,-0.62165,0.682685,0.272494,0.721223,0.112132,0.387638,0.248049,-0.216397,0.142536,0.266223,-0.381177,-0.995437
0.578413,-0.192022,-0.310205,0.137784,0.882049,0.921661,0.788865,0.500307,0.39106,0.454458,-0.078641,-0.201488,0.073092,0.536767,-1.0
0.264803,0.96853,-0.86875,-0.932596,0.499839,0.266943,0.845061,0.879714,0.643308,0.329767,-0.042883,0.098443,0.16551,-0.448023,-1.0
0.077969,0.609088,-0.210956,0.873722,0.966572,0.377408,0.741095,0.528706,0.566741,0.180365,-0.142874,0.067359,0.448943,-0.137382,-1.0
-0.11384,-0.40218,-0.946757,0.649999,0.701351,0.179153,0.118735,0.658299,0.056754,0.049768,-0.706961,-0.459262,0.342143,0.308061,-1.0
-0.551132,-0.417552,-0.406802,-0.305936,0.242708,-0.108649,0.223757,0.146409,0.161184,-0.118381,-0.674685,-0.259797,0.457324,0.119667,-0.936307
-0.881837,-0.589951,0.252248,-0.233311,-0.881532,0.572,0.289182,0.067901,-0.183687,0.165419,-0.004537,-0.647136,0.097569,0.472332,-0.980473
-0.190867,-0.7136,0.28479,0.287295,0.420251,-0.725287,0.383655,0.79806,0.186229,-0.284436,-0.695174,0.028243,0.57194,0.047095,-0.943396
-0.871266,-0.632294,0.211205,-0.305592,-0.423973,0.381228,0.584979,0.430024,-0.330983,0.330274,-0.204166,-0.30139,0.233132,0.481514,-0.952681
0.602637,-0.434901,-0.341763,0.273761,0.994366,-0.505988,0.790438,0.132554,0.601773,-0.246289,-0.232696,0.106258,0.495338,-0.168992,-0.942737
0.304342,-0.148123,-0.919815,-0.092637,-0.508098,-0.882406,0.899969,0.157039,-0.375636,-0.658153,0.09453,0.105881,-0.268156,-0.322145,-1.0
-0.48793,-0.620976,0.653356,0.712335,-0.843812,-0.450797,0.050921,0.564692,-0.072322,-0.040362,0.854453,-0.426739,-0.351173,0.183843,-0.990324
0.165029,0.98098,-0.840809,-0.857456,-0.877065,0.098765,0.897842,0.183796,-0.723607,0.158576,0.082948,0.184023,-0.372561,-0.402692,-0.991953
0.40901,0.787293,-0.034965,0.778164,-0.305136,0.755071,0.134939,0.359081,-0.015622,0.023141,0.967323,-0.032427,-0.561397,-0.047627,-1.0
0.701297,0.277486,0.696531,-0.572833,-0.907927,-0.512372,0.97265,0.731994,-0.698134,-0.397653,0.090845,0.047894,-0.361322,-0.213276,-1.0
-0.40654,0.811192,-0.218919,0.692948,0.123093,-0.943936,0.427758,0.553781,-0.018979,-0.289611,-0.233093,0.504424,0.204761,-0.475869,-0.954652
-0.003577,-0.909788,0.784322,-0.142154,0.099259,-0.927117,0.992518,0.598648,0.06735,-0.699746,-0.135176,0.004088,0.469921,-0.006341,-0.974452
-0.969034,0.727326,-0.481612,-0.500968,0.173734,0.688222,0.555694,0.218746,0.107367,0.437129,-0.477768,0.011931,0.498403,-0.055335,-0.934004
-0.274828,0.868803,0.963714,-0.622022,-0.630889,0.252164,0.250944,0.612384,-0.155249,0.153482,0.339347,0.518087,-0.254916,-0.361964,-1.0
-0.345411,0.510022,-0.662887,0.832268,-0.350289,0.776086,0.367401,0.249091,-0.166319,0.222232,-0.10566,-0.66287,0.000783,0.573909,-0.942603
0.125974,0.78719,-0.115953,-0.280119,-0.08963,0.280778,0.203576,0.927757,-0.068741,0.154788,0.268144,0.689298,-0.287393,-0.498644,-0.9124
0.348129,0.37753,-0.271912,0.336106,0.144655,0.065375,0.91805,0.994297,0.66445,0.296418,0.129407,0.068426,-0.232162,-0.493291,-0.95897
0.271023,-0.117546,0.757845,0.01045,0.509116,0.396068,0.513852,0.183129,0.398437,0.230526,-0.248698,-0.507221,0.328545,0.422363,-1.0
0.090521,-0.027452,-0.466268,-0.670626,0.786845,-0.892714,0.510027,0.048023,0.139026,-0.306152,-0.316115,0.382843,0.2603,-0.431141,-1.0
-0.619223,0.807399,0.44905,-0.855671,0.715847,-0.924615,0.624127,0.463566,0.364196,-0.444363,-0.226736,0.245078,0.256808,-0.414799,-1.0
0.821758,0.508454,-0.387766,-0.277676,0.772894,-0.748968,0.334249,0.994715,0.239029,-0.162157,-0.008487,0.659344,0.010268,-0.423268,-1.0
-0.646911,-0.351523,-0.06183,0.817742,-0.636765,-0.442603,0.56665,0.977287,-0.346839,-0.234137,-0.005098,0.372403,0.027755,-0.459435,-0.982247
-0.872648,0.48546,0.137468,0.966103,-0.692783,0.144308,0.061517,0.312841,-0.037904,0.050611,-0.469731,0.850317,0.223164,-0.358868,-1.0
0.289783,0.366789,0.102064,0.384979,0.542541,0.139597,0.534125,0.23183,0.395046,0.146246,-0.348676,0.282193,0.423023,-0.367322,-0.978743
-0.308237,0.180581,0.578554,0.648759,0.837379,0.714141,0.763137,0.337825,0.456296,0.405093,-0.145617,-0.128179,0.410292,0.22172,-0.966834
0.905517,-0.326632,-0.430284,-0.963855,-0.598996,-0.335848,0.491911,0.670903,-0.371955,-0.181908,0.468034,0.006176,-0.476099,-0.010116,-1.0
0.568268,-0.687199,-0.834307,-0.254305,0.852814,0.215048,0.274449,0.534086,0.111618,0.090752,-0.141589,-0.629808,0.021724,0.450809,-1.0
-0.028049,0.81998,-0.997239,-0.996408,-0.456823,-0.931394,0.701378,0.473643,-0.215281,-0.520849,-0.024446,0.289639,-0.016004,-0.479484,-1.0
-0.566131,0.603621,0.376743,0.071931,-0.321065,0.236421,0.643532,0.316474,-0.397086,0.306971,-0.196133,0.268783,0.331527,-0.362154,-1.0
-0.266385,-0.996516,-0.320652,0.341419,-0.888235,-0.710647,0.337276,0.789463,-0.197212,-0.137906,0.645818,-0.307114,-0.45459,0.194161,-1.0
-0.155208,-0.890357,-0.732514,-0.314335,-0.984591,-0.137211,0.908967,0.247196,-0.776314,-0.098838,0.138091,-0.022167,-0.444517,0.219022,-0.922536
0.86742,0.902834,-0.216377,0.500372,0.320384,-0.143309,0.942917,0.897167,0.614908,-0.248803,-0.067312,0.088928,-0.285581,-0.468222,-1.0
-0.432063,0.992159,0.702184,-0.669881,0.025697,-0.615762,0.942091,0.231907,-0.009692,-0.720774,-0.016115,0.117996,0.128327,-0.377636,-0.966917
-0.947936,-0.987441,0.954584,0.285138,-0.725606,-0.115342,0.825186,0.772125,-0.634012,-0.076415,-0.022501,-0.260147,0.135777,0.524738,-1.0
0.058759,0.185783,0.810223,-0.276061,-0.263959,-0.977625,0.360371,0.376092,-0.100216,-0.285365,0.164102,0.617382,-0.201514,-0.459231,-1.0
0.672881,0.406316,-0.255265,-0.671269,0.195122,-0.204895,0.152178,0.985043,0.067111,-0.094539,0.643078,0.534973,-0.296823,-0.340358,-0.968804
-0.363778,-0.614922,0.618191,-0.198343,-0.154415,-0.048068,0.948434,0.976232,-0.75361,-0.321645,0.093548,-0.019522,0.140993,0.392573,-1.0
0.198225,-0.721516,-0.364681,0.348334,0.211581,0.067978,0.454591,0.056928,0.349463,0.120471,0.014646,-0.49009,-0.024945,0.494061,-0.958492
0.711232,0.520201,0.35296,-0.490967,-0.10033,0.465036,0.854088,0.269315,-0.076428,0.682186,0.076945,-0.047726,-0.518609,0.037593,-0.914775
-0.96695,-0.264918,0.719632,0.723486,0.70863,0.517728,0.753188,0.765189,0.452834,0.402023,-0.211495,-0.102788,0.468549,0.142171,-1.0
0.91446,0.876995,0.942732,0.080717,0.981303,-0.438242,0.753879,0.671415,0.516606,-0.151415,-0.040353,0.256657,0.0466,-0.410804,-1.0
-0.307377,-0.922007,-0.829068,-0.482002,-0.511375,-0.956692,0.095655,0.333242,-0.051899,-0.056786,0.892443,0.201679,-0.548531,-0.125179,-1.0
-0.965951,-0.522782,-0.576146,-0.269108,-0.528845,0.351527,0.221062,0.095469,-0.04577,0.087241,-0.435506,-0.689719,0.326354,0.406237,-1.0
0.005488,-0.240567,-0.361712,0.735957,0.424647,0.050369,0.49661,0.886033,0.388715,0.009242,-0.428147,-0.305706,0.406804,0.307265,-0.994159
0.610177,-0.812288,0.010301,-0.87955,-0.191367,0.438102,0.700143,0.327758,-0.183572,0.506495,0.165424,-0.285636,-0.256464,0.401495,-1.0
-0.920769,0.647745,-0.164221,-0.123875,0.848776,0.94627,0.515065,0.312863,0.337434,0.258469,-0.457616,-0.108164,0.479177,0.156474,-0.986034
-0.449561,-0.888833,0.767881,0.982046,0.092984,-0.747868,0.627046,0.020891,0.041184,-0.460916,-0.395974,-0.161831,0.520612,0.09345,-1.0
-0.606075,0.722841,-0.403514,0.341855,-0.820803,-0.784844,0.916069,0.175845,-0.574641,-0.521829,0.019024,0.033572,-0.168021,-0.49903,-1.0
0.143714,-0.20163,-0.006981,0.461893,-0.605776,0.569506,0.762085,0.292756,-0.471585,0.43977,0.172681,-0.152165,-0.345743,0.331805,-0.920072
0.530184,-0.851174,-0.034819,-0.683808,-0.019078,-0.031341,0.52107,0.028727,-0.202439,-0.394245,0.282102,-0.461202,-0.27617,0.383809,-0.975829
-0.759548,-0.72959,-0.803093,-0.560289,-0.573632,0.728098,0.494207,0.25454,-0.161486,0.27841,-0.1917,-0.528202,0.157494,0.502716,-1.0
0.843077,0.900449,0.465911,-0.029371,0.868055,-0.247603,0.704032,0.814872,0.539646,-0.117799,-0.051989,0.280979,0.000314,-0.567571,-0.993988
0.722193,0.509209,0.99405,0.174207,0.034424,-0.499807,0.05064,0.266414,-0.060641,-0.091312,0.533637,0.814156,-0.191918,-0.429967,-0.955589
0.775529,0.137899,-0.981328,-0.329396,-0.673688,0.766409,0.837442,0.163296,-0.489018,0.583543,0.189784,-0.112331,-0.493191,0.274586,-0.98056
0.911869,-0.698422,-0.254082,0.662495,0.080332,0.96373,0.315654,0.350588,0.020258,0.241484,0.277977,-0.584969,-0.250303,0.39282,-1.0
-0.244478,0.803849,0.724993,0.280574,-0.799433,-0.348737,0.242744,0.76091,-0.248931,-0.099844,0.314656,0.623792,-0.263666,-0.424451,-1.0
0.174625,0.66824,-0.284152,0.419423,0.081832,0.193352,0.468517,0.636802,0.151067,0.312642,0.008827,0.614078,-0.044909,-0.397713,-1.0
-0.874619,-0.087218,-0.852478,0.565866,-0.902591,0.42366,0.397806,0.759121,-0.322603,0.101215,0.02123,-0.613376,-0.075173,0.485459,-0.910519
0.167554,0.196519,0.373985,-0.034859,-0.861311,0.040663,0.391227,0.532161,-0.364845,-0.064921,0.598258,0.043076,-0.427794,0.035198,-0.942581
-0.691405,0.548504,-0.735115,-0.085572,0.39295,-0.363995,0.396558,0.168246,0.124879,-0.25494,-0.426988,0.378868,0.475552,-0.283473,-0.988153
0.370985,0.346787,0.67244,0.608444,-0.400354,0.3278,0.81248,0.731184,-0.524689,0.384865,0.127887,0.037914,-0.513265,0.024732,-0.954541
0.007738,0.211513,0.22208,0.386196,-0.537286,0.178708,0.203024,0.836913,-0.103413,0.053021,0.792914,0.059193,-0.474305,-0.013357,-0.975511
-0.295958,-0.601695,-0.578519,0.388424,0.870243,0.894525,0.250818,0.780566,0.085549,0.117512,-0.502778,-0.587812,0.283058,0.44892,-1.0
-0.718418,-0.085313,0.239877,0.098489,0.151346,-0.626462,0.427661,0.669108,0.087209,-0.28716,-0.467356,0.289215,0.42151,-0.15872,-0.945956
-0.836952,0.295793,0.498105,-0.758479,-0.090167,0.621719,0.520455,0.675679,-0.089466,0.450573,-0.39431,-0.172354,0.537788,0.162798,-1.0
-0.697101,0.121678,0.245865,-0.168498,0.433795,0.945833,0.695622,0.464841,0.175712,0.51763,-0.230789,-0.218283,0.44701,0.264275,-1.0
-0.722351,0.093319,-0.304115,-0.238995,-0.270263,-0.438403,0.15581,0.341425,0.019213,0.053765,-0.566552,0.63443,0.370909,-0.340871,-0.991213
-0.559419,-0.923128,0.926376,0.870388,-0.181914,-0.243397,0.309099,0.801225,-0.238549,-0.161192,-0.325801,-0.553251,0.293583,0.457418,-1.0
-0.384022,-0.301456,0.336141,-0.874051,0.809443,0.791822,0.198255,0.064348,0.167091,0.161304,-0.645701,-0.547297,0.351564,0.334119,-0.970905
0.592939,0.298316,-0.455791,0.351259,-0.78129,0.215562,0.661059,0.164392,-0.530757,0.133108,0.3984,0.088662,-0.566329,-0.010498,-0.975868
-0.66975,0.081923,0.191428,0.305309,0.976825,-0.979889,0.478338,0.313192,0.228051,-0.257612,-0.497823,0.258398,0.416388,-0.314164,-0.936342
-0.756563,-0.464564,0.450257,-0.879147,0.332086,0.948158,0.047879,0.734962,0.047269,-0.026985,-0.544006,-0.737753,0.222928,0.458944,-0.964396
-0.014921,0.940676,0.801129,-0.50823,-0.938954,0.339565,0.658641,0.223477,-0.500298,0.135185,0.278306,0.326264,-0.423077,-0.217679,-0.962809
0.666487,0.088539,0.41389,0.061458,-0.242914,0.276524,0.924134,0.533228,-0.543807,0.562332,0.148561,-0.087595,-0.494759,0.089022,-0.980913
0.931211,0.531146,-0.089341,0.739924,-0.242461,-0.439957,0.456429,0.465334,-0.224501,-0.311697,0.468692,0.390144,-0.390923,-0.345782,-1.0
0.590784,-0.413946,0.833489,-0.567432,-0.792313,-0.780947,0.080634,0.66004,-0.118561,-0.028011,0.740918,0.277303,-0.422361,-0.073574,-1.0
-0.500562,-0.972278,-0.502918,-0.766027,-0.866753,-0.572721,0.475678,0.60258,-0.361392,-0.208549,0.365368,-0.341463,-0.345713,0.350297,-1.0
-0.682791,0.505712,0.391401,0.692957,-0.955708,0.365194,0.111511,0.764161,-0.127315,0.000848,0.805171,0.349659,-0.439063,-0.182464,-0.889911
-0.45859,-0.654521,0.417831,-0.264569,0.710737,0.269606,0.37535,0.712732,0.226323,0.129077,-0.537792,-0.495503,0.315131,0.318498,-0.976727
0.322824,-0.187181,-0.659922,-0.043028,0.122987,0.476814,0.727337,0.551423,0.052612,0.608288,0.063665,-0.333238,-0.228789,0.451844,-0.92375
0.626818,-0.886728,-0.699879,0.35942,-0.342837,-0.255554,0.462501,0.613157,-0.320243,-0.262208,0.321421,-0.248785,-0.420506,0.239937,-1.0
-0.088523,-0.569003,0.144436,0.172727,0.318413,-0.52441,0.439566,0.198293,0.17733,-0.345958,-0.547033,0.007496,0.521048,0.031142,-0.943422
-0.790027,-0.588196,0.770729,-0.653381,-0.768156,0.388753,0.872034,0.744994,-0.649126,0.315018,-0.037455,-0.094002,0.130844,0.551691,-0.918226
-0.004961,0.809274,0.520826,0.902746,-0.415281,0.811033,0.543732,0.675587,-0.173388,0.446325,0.38049,-0.00043,-0.463018,-0.1028,-0.95084
0.183135,-0.160592,-0.425995,0.130316,-0.965421,0.320444,0.081814,0.495426,0.063883,0.043141,0.840185,-0.354126,-0.444488,0.106672,-1.0
-0.547442,0.609683,0.570299,-0.743645,0.435184,0.510007,0.285566,0.75749,0.178539,0.156967,-0.68912,0.043952,0.526328,0.015194,-0.953663
0.310525,-0.603833,0.781782,-0.275245,0.444822,-0.53144,0.700676,0.29362,0.483604,-0.358401,-0.323894,-0.036284,0.396351,0.215371,-0.940199
0.130893,0.74125,-0.040942,0.961145,-0.446997,0.76022,0.795435,0.589862,-0.270564,0.517687,0.21072,0.075748,-0.462528,-0.027923,-0.966996
-0.682081,-0.432903,0.1372,-0.284717,0.577779,-0.589835,0.31559,0.720198,0.199653,-0.188835,-0.634043,0.071116,0.514758,-0.053023,-1.0
-0.472477,-0.120071,0.694961,0.009638,-0.931308,0.432127,0.211783,0.407006,-0.18867,0.030712,0.550412,-0.598317,-0.436513,0.418615,-0.954626
0.937384,-0.189155,-0.037744,-0.960299,0.169965,0.438228,0.529053,0.423187,0.036319,0.370052,0.433535,-0.335295,-0.336095,0.409982,-0.995366
-0.490046,0.168207,-0.904427,0.446934,0.797164,0.713737,0.720461,0.259237,0.475968,0.433191,-0.223428,-0.145106,0.468435,0.219245,-0.998039
-0.11398,-0.178608,0.0596,0.307707,-0.612529,-0.061673,0.531086,0.758486,-0.378789,-0.0391,0.555739,-0.07154,-0.462992,0.1763,-1.0
-0.426395,0.924321,0.110157,0.22465,-0.078625,-0.042476,0.095338,0.125012,-0.036441,-0.032092,-0.331621,0.962753,0.2246,-0.401166,-0.96191
-0.140847,-0.216396,0.731087,-0.190849,0.388893,-0.960691,0.301244,0.104732,0.090382,-0.207262,-0.29783,0.527333,0.23668,-0.420063,-1.0
0.123643,0.579908,-0.577113,-0.601305,-0.534913,0.373748,0.59989,0.951124,-0.38924,0.418068,0.390975,0.12902,-0.424632,-0.145856,-0.970604
-0.155716,0.209152,-0.91797,0.511007,-0.453586,-0.929845,0.78682,0.28536,-0.284184,-0.536624,0.033588,0.289481,-0.25884,-0.510268,-1.0
0.52605,-0.280843,0.768657,-0.404569,-0.621274,0.401126,0.891559,0.17457,-0.571765,0.385112,0.166611,-0.128316,-0.384985,0.22155,-1.0
-0.366241,-0.801776,-0.246827,-0.713363,-0.604985,0.588781,0.582146,0.956286,-0.245189,0.366287,0.006081,-0.461512,-0.093843,0.466114,-0.921247
-0.597092,0.14778,0.494032,-0.910201,0.59032,-0.864728,0.285599,0.769256,0.082525,-0.268065,-0.534594,0.48211,0.280718,-0.387051,-1.0
0.248633,-0.431896,-0.691582,0.568835,-0.10398,-0.540181,0.579816,0.645213,-0.115348,-0.50898,0.410516,0.095865,-0.545741,-0.173487,-0.952447
0.759311,-0.487764,0.99127,-0.124991,-0.770401,0.657669,0.458721,0.237729,-0.241804,0.207973,0.394964,-0.281845,-0.37029,0.360249,-0.985895
-0.265586,-0.06794,-0.848831,-0.931098,-0.223949,0.036031,0.323406,0.463291,-0.251319,-0.002769,-0.23493,-0.625713,0.164453,0.371375,-1.0
-0.761007,-0.447235,0.348642,-0.173887,0.664825,-0.913367,0.807593,0.254417,0.333065,-0.543747,-0.125776,0.074821,0.484782,-0.145014,-1.0
0.333537,-0.431059,-0.317181,-0.651958,0.205437,-0.442642,0.534346,0.875087,0.115687,-0.455624,0.372407,0.084529,-0.479728,-0.095911,-0.973221
-0.09132,0.753099,0.619014,-0.64782,-0.701966,-0.30728,0.127047,0.461767,-0.066001,-0.006018,0.413851,0.786671,-0.239747,-0.497676,-1.0
0.821728,0.410475,0.548753,-0.691629,0.452376,0.285935,0.482843,0.360009,0.377911,0.287382,0.571017,0.091972,-0.401022,-0.113302,-1.0
0.716797,-0.432694,0.907995,-0.020859,-0.632979,0.202619,0.878097,0.322399,-0.752149,0.194839,0.187669,-0.12142,-0.441647,0.189096,-1.0
0.703801,0.8742,-0.751138,0.126652,-0.438225,-0.342202,0.543179,0.155963,-0.347489,-0.234438,0.258088,0.307581,-0.226349,-0.393421,-0.939605
0.220367,0.284621,0.418927,-0.075826,-0.849015,0.121139,0.181392,0.875272,-0.144435,0.02492,0.738985,0.100747,-0.453224,-0.092892,-0.931696
0.178794,-0.964076,-0.39,0.482991,0.515235,0.686108,0.222044,0.820419,0.068223,0.117713,-0.105006,-0.717532,0.055321,0.493085,-0.944892
0.286255,-0.288319,0.777697,-0.278505,0.054272,-0.876076,0.101751,0.768801,-0.062817,-0.089574,0.315687,0.915295,-0.220827,-0.493799,-1.0
-0.548229,-0.557377,0.332687,0.858409,-0.712451,0.098732,0.155873,0.082777,-0.185668,0.080321,0.241577,-0.835972,-0.092509,0.487085,-0.966416
-0.651202,0.661337,0.758893,-0.528756,-0.408363,-0.913505,0.541565,0.432389,-0.133475,-0.359116,-0.076782,0.512962,0.119453,-0.508909,-1.0
-0.178326,0.599149,-0.155543,0.682474,0.920869,0.430867,0.218357,0.752465,0.164922,0.155967,-0.792438,0.154061,0.40197,-0.026984,-0.941013
0.662288,-0.701385,-0.19063,-0.932344,0.560658,-0.431128,0.042078,0.142906,-0.072558,0.110435,0.479244,-0.916235,-0.129825,0.506113,-1.0
-0.51616,0.351281,-0.338591,0.32249,0.607838,-0.904308,0.857006,0.759905,0.369527,-0.545712,-0.089171,0.021725,0.363274,-0.399831,-1.0
0.197467,-0.700143,-0.891055,0.92956,0.250133,0.674964,0.028007,0.053356,0.052637,-0.052241,0.042387,-0.94711,-0.04921,0.481382,-0.855258
0.436083,-0.576516,0.885232,0.411818,0.17074,0.724491,0.451619,0.039799,0.028049,0.27112,0.012832,-0.496731,-0.073113,0.555796,-0.963473
-0.262323,-0.872668,0.900407,-0.997129,-0.39969,0.712707,0.412432,0.774138,-0.198322,0.28337,-0.015676,-0.610356,-0.078814,0.477174,-1.0
-0.925698,-0.856276,-0.166618,-0.279399,0.166081,0.319376,0.685575,0.224229,0.298476,0.55381,-0.107261,-0.312802,0.36764,0.389748,-1.0
-0.925652,0.492955,-0.611112,-0.796641,-0.103826,0.600897,0.412899,0.590171,-0.051923,0.327726,-0.593275,-0.026993,0.472725,0.044744,-0.983537
0.323639,0.634595,0.46601,0.949176,0.582419,0.933398,0.617653,0.245483,0.307306,0.360141,-0.215637,-0.313448,0.270617,0.406149,-1.0
-0.985897,0.640056,0.3655,-0.97302,-0.825821,-0.333323,0.032725,0.941964,0.047668,0.009687,-0.141452,0.932153,0.106897,-0.485218,-1.0
-0.747523,0.318514,-0.062653,0.691846,-0.26335,-0.801579,0.064636,0.665578,0.072111,0.006743,-0.482343,0.875195,0.182225,-0.397069,-0.964506
0.310103,-0.362111,0.106382,0.471075,0.810781,-0.081111,0.112262,0.694383,0.026655,-0.001057,-0.814736,-0.422254,0.449154,0.312581,-1.0
0.52633,0.440441,0.357515,-0.880987,0.50935,0.273047,0.17993,0.28578,0.147291,0.127418,0.075224,0.804167,-0.114395,-0.537933,-0.979612
0.813301,0.477111,0.295315,0.478876,-0.582482,-0.981989,0.772081,0.750207,-0.34521,-0.56179,0.159227,0.198555,-0.384712,-0.398301,-1.0
0.773615,0.999896,0.282634,-0.767601,0.637227,0.23149,0.005508,0.332711,-0.010107,-0.019873,0.175294,0.968619,-0.095598,-0.511832,-0.952457
-0.705849,0.443028,0.680657,0.002265,-0.046109,-0.428613,0.203292,0.707421,-0.034766,-0.18169,-0.4876,0.718067,0.261197,-0.407882,-0.904105
-0.610512,0.902346,0.255945,0.286362,-0.033796,-0.403022,0.585889,0.768723,-0.011399,-0.53018,-0.079771,0.336875,0.211547,-0.485311,-0.901018
0.002011,0.72746,0.398383,-0.10644,0.836312,-0.79902,0.602631,0.851414,0.37282,-0.367883,-0.141756,0.437365,0.161638,-0.461923,-1.0
-0.755576,-0.9723,-0.456145,0.39593,0.32296,-0.621755,0.367278,0.011403,0.158504,-0.283723,-0.639227,-0.216733,0.485508,0.235595,-1.0
0.844435,0.722731,-0.309829,-0.117539,-0.066227,0.424581,0.232005,0.777251,-0.055935,0.159651,0.7546,0.276376,-0.387073,-0.201257,-0.996938
-0.236792,-0.669119,-0.742702,0.727161,-0.647275,-0.673281,0.767012,0.096444,-0.356299,-0.483231,0.279779,0.027288,-0.523135,0.032365,-0.935629
-0.88109,-0.154892,-0.157058,0.099416,0.982626,-0.820235,0.761692,0.585898,0.598003,-0.332525,-0.207261,0.187299,0.476713,-0.164131,-1.0
0.366852,0.808073,0.094033,0.292957,0.529409,0.434414,0.00346,0.143193,0.073651,0.02107,-0.46793,0.945252,0.246889,-0.460703,-0.972758
0.275488,0.929342,0.709915,0.669338,-0.625683,0.485485,0.839875,0.131227,-0.579309,0.43356,0.124254,0.060051,-0.396772,-0.260461,-0.908962
-0.680529,-0.594119,0.374658,-0.080157,0.38342,0.863618,0.705307,0.264881,0.283084,0.490845,-0.066502,-0.276441,0.290254,0.359112,-1.0
-0.028074,0.767194,-0.158087,0.3281,-0.750509,0.061418,0.041745,0.966968,-0.040643,0.126951,0.625103,0.629899,-0.358987,-0.3438,-0.950562
-0.096112,0.059695,0.141611,-0.318174,-0.965202,-0.858126,0.339459,0.826951,-0.175314,-0.154913,0.460527,0.461006,-0.284556,-0.407077,-1.0
0.120541,0.559727,-0.083274,-0.031253,0.909948,0.976939,0.190021,0.249453,0.08956,0.181739,-0.683675,-0.34851,0.372694,0.230153,-0.98705
-0.122802,-0.126489,0.342746,-0.449906,0.501,0.398362,0.088723,0.181847,0.110191,0.050723,-0.695291,-0.626888,0.298952,0.274889,-0.953706
-0.837406,-0.684134,-0.818705,0.503487,0.331321,-0.912937,0.118213,0.54641,0.052336,-0.062597,-0.881007,0.181323,0.444229,0.009657,-1.0
-0.829687,0.62464,0.806748,0.784964,0.808097,0.370179,0.365062,0.646343,0.313802,0.178146,-0.616694,0.053916,0.572277,-0.130158,-1.0
0.270581,0.128491,0.565751,0.392888,-0.356569,0.96068,0.209243,0.154224,-0.038189,0.215512,0.480111,-0.55075,-0.363757,0.320527,-0.935715
-0.939462,0.037346,-0.95461,-0.491829,-0.725824,-0.995163,0.97982,0.226892,-0.446077,-0.728587,0.002722,-0.010039,0.181554,-0.533899,-0.97281
0.86719,0.151956,-0.112735,0.975596,-0.106024,0.628158,0.170142,0.921438,0.045778,0.145678,0.776966,-0.349899,-0.46823,0.329417,-0.948956
0.031207,-0.579961,-0.804146,0.991027,0.856219,0.760381,0.218055,0.223381,0.072275,0.128101,-0.465688,-0.776174,0.220537,0.405234,-0.930189
0.781895,0.990529,0.454049,-0.574741,-0.624785,0.755562,0.119788,0.410556,-0.082564,0.011307,0.800619,0.156316,-0.436647,-0.099718,-1.0
0.48455,-0.5565,0.779936,-0.226032,0.074996,-0.504949,0.335861,0.443046,0.069014,-0.257473,0.665212,-0.124063,-0.546165,0.061781,-1.0
0.150702,0.932203,-0.196813,0.883379,-0.849437,0.964148,0.234789,0.194046,-0.086267,0.108423,0.772557,-0.056068,-0.428566,-0.057044,-0.984731
-0.571755,0.331794,0.01244,-0.805376,0.322107,0.54497,0.373743,0.102596,0.155684,0.266762,-0.59009,-0.118747,0.491176,0.180628,-0.912728
-0.91063,-0.477775,0.862256,0.949351,-0.186165,0.285693,0.493185,0.016053,-0.146705,0.283656,-0.253932,-0.350149,0.314343,0.339846,-0.995088
-0.200738,0.760348,0.474008,-0.789732,-0.607617,-0.560319,0.841541,0.116519,-0.554646,-0.392237,-0.039357,0.0896,-0.102645,-0.400048,-0.924832
0.210243,0.804134,0.251779,-0.32003,-0.944353,0.411998,0.915853,0.057514,-0.747814,0.379562,0.071454,0.077155,-0.518924,-0.218573,-0.951474
0.658703,-0.267973,0.943489,0.916656,-0.593847,-0.766352,0.89099,0.709337,-0.431343,-0.530531,0.064404,0.027022,-0.437464,-0.216069,-0.894887
0.70626,-0.843203,-0.904405,-0.052996,-0.855503,-0.472204,0.369984,0.921079,-0.20216,-0.162518,0.677196,-0.186008,-0.539278,0.122844,-1.0
0.911211,0.555841,0.727306,-0.647082,-0.090152,-0.229108,0.634392,0.56481,-0.112829,-0.410703,0.297528,0.097556,-0.401648,-0.225414,-0.990313
-0.788279,0.281645,0.897952,-0.831076,0.21393,-0.815745,0.503295,0.965941,0.107503,-0.429449,-0.216344,0.308334,0.323655,-0.360003,-0.95184
-0.262891,0.269069,0.700795,0.699274,-0.688018,0.553447,0.095435,0.804844,-0.012616,0.053972,0.781061,-0.527839,-0.41443,0.348915,-0.987508
0.679493,0.994721,-0.961458,-0.575521,0.988167,-0.115493,0.931646,0.010757,0.844814,-0.005372,0.069515,0.094186,0.147545,-0.406886,-1.0
-0.194028,0.060643,0.420827,-0.533766,-0.418842,-0.416012,0.907,0.637238,-0.496513,-0.542299,0.049669,0.086347,-0.312169,-0.454717,-0.945411
0.096426,0.339236,0.383963,-0.712225,-0.518134,0.256437,0.619273,0.87193,-0.45889,0.150462,0.376316,0.052229,-0.477868,0.024203,-1.0
0.970725,0.699946,0.315699,0.233216,-0.980352,-0.800695,0.543817,0.257865,-0.344758,-0.369167,0.2473,0.223652,-0.386838,-0.354993,-0.929878
-0.146433,0.186664,-0.98539,-0.624423,-0.255548,0.285144,0.110329,0.25659,-0.072447,0.143504,0.657279,-0.57814,-0.346798,0.371727,-1.0
-0.963507,0.302863,-0.774218,0.701331,-0.826816,-0.339457,0.938722,0.965409,-0.663631,-0.345665,0.121977,0.054127,0.100736,-0.418037,-0.961471
-0.303035,0.063853,-0.664196,-0.575445,0.567862,-0.336332,0.460073,0.643938,0.216684,-0.108617,-0.581018,0.206311,0.440878,-0.163324,-0.897231
-0.081253,0.36,0.611044,-0.141668,0.376897,0.843499,0.425053,0.580814,0.135806,0.385983,-0.316716,-0.428165,0.254343,0.310529,-1.0
0.826236,-0.209072,0.953151,0.563639,-0.656552,0.178961,0.715928,0.900443,-0.59778,0.142292,0.298855,-0.061674,-0.404142,0.137705,-1.0
0.395781,-0.126082,-0.072394,-0.284484,0.654953,-0.499511,0.910611,0.276323,0.604277,-0.456742,-0.014342,0.189718,0.352503,-0.342647,-0.967445
0.836787,-0.345612,0.925228,-0.729035,0.011811,-0.407563,0.815392,0.39128,0.034729,-0.656571,0.190035,0.011948,-0.456618,-0.072028,-1.0
0.412552,-0.972224,0.887334,-0.667361,-0.488767,0.576419,0.180296,0.299037,-0.073905,0.149519,0.467114,-0.672978,-0.330055,0.412767,-1.0
-0.157657,-0.236936,0.486226,-0.118784,0.742075,-0.576174,0.537146,0.119311,0.382874,-0.271535,-0.471958,0.154926,0.543012,-0.110127,-0.953234
0.954953,-0.701249,0.433969,-0.382841,0.894021,-0.373168,0.048836,0.166712,0.051765,-0.050033,0.193447,-0.834388,-0.104374,0.504712,-0.988981
-0.522694,0.259241,0.376488,-0.150473,0.732777,0.351569,0.759393,0.589749,0.528727,0.244642,-0.211232,-0.028573,0.531916,0.046971,-0.963443
-0.766938,0.790511,0.369598,-0.783309,0.910946,-0.154693,0.100976,0.334962,0.021867,0.006621,-0.765171,0.414197,0.476447,-0.251228,-0.918838
-0.205243,-0.315473,-0.694786,-0.445961,-0.128157,-0.702216,0.145642,0.232308,-0.008957,-0.135137,-0.150677,0.899311,0.05202,-0.477999,-1.0
-0.66337,-0.077207,-0.744937,-0.668703,0.917596,0.406535,0.601975,0.724784,0.492743,0.211236,-0.320193,-0.124711,0.434273,0.189565,-1.0
-0.576596,-0.428822,-0.720597,0.590196,0.240175,-0.704222,0.799562,0.652268,0.289066,-0.647902,-0.232515,0.010018,0.460858,-0.246373,-1.0
0.468376,-0.769214,0.643707,0.589916,-0.170614,-0.886754,0.021995,0.107673,-0.08221,-0.009911,0.987625,0.112274,-0.537529,-0.114037,-0.973605
0.970899,0.418688,-0.495136,-0.468302,-0.463486,-0.092883,0.586479,0.753703,-0.522552,-0.075205,0.410929,0.129983,-0.443731,-0.122185,-1.0
-0.776385,-0.500461,-0.616557,0.429756,-0.129244,-0.865991,0.399773,0.007324,-0.038211,-0.262219,-0.497368,0.346901,0.427389,-0.315013,-1.0
0.542005,0.987696,-0.025519,-0.941435,0.467984,-0.727094,0.62331,0.77617,0.372931,-0.519412,0.020786,0.355798,-0.02132,-0.485385,-1.0
0.824222,-0.412783,0.506869,-0.71767,-0.85119,0.30399,0.167664,0.664718,-0.168462,0.052606,0.764074,-0.238314,-0.450406,0.185061,-1.0
0.171839,0.976208,0.777756,0.332773,0.88324,0.159943,0.397366,0.844623,0.319656,0.032275,-0.433639,0.402451,0.326845,-0.443334,-1.0
0.965927,0.416983,0.217171,-0.963059,0.037388,-0.54248,0.440674,0.023188,0.08827,-0.380161,0.354538,0.424272,-0.326381,-0.352982,-0.973495
0.246826,-0.96593,-0.790725,-0.944569,0.36017,0.591115,0.445421,0.69238,0.22881,0.324386,-0.117703,-0.492441,-0.029811,0.404379,-1.0
0.424074,0.73769,-0.902738,0.580499,0.856969,0.965264,0.953307,0.733668,0.483664,0.550197,-0.066292,0.033075,0.50163,0.192734,-0.951557
0.672738,0.642386,-0.673703,-0.573199,0.602901,-0.940555,0.736603,0.863668,0.328574,-0.48432,-0.01188,0.315634,0.019429,-0.467656,-1.0
0.78802,-0.341933,-0.041267,0.903579,0.175032,0.21349,0.592874,0.3606,0.351783,0.361894,0.272168,-0.301383,-0.383651,0.353743,-0.968059
0.735163,0.633903,0.491246,-0.736195,-0.167649,-0.352625,0.875671,0.690113,-0.25753,-0.57711,0.086861,0.039216,-0.250817,-0.420011,-0.914754
0.538921,-0.137557,0.263737,0.104872,0.411731,-0.869872,0.407099,0.447852,0.100414,-0.220476,0.184203,0.53653,-0.141448,-0.442869,-1.0
0.247178,0.592239,-0.508933,-0.593891,0.455105,0.977092,0.47889,0.830658,0.191405,0.430408,-0.227294,-0.478376,0.272715,0.427806,-1.0
0.732995,-0.061391,-0.624399,0.548999,0.9481,0.255264,0.598009,0.499457,0.455677,0.093528,-0.193899,-0.232232,0.25466,0.410175,-0.953991
-0.338976,0.445333,-0.852266,0.459685,0.471883,0.53409,0.041926,0.39973,0.054195,-0.033043,-0.864585,-0.108126,0.515039,0.042915,-1.0
-0.720792,-0.483813,-0.237998,0.973073,-0.418163,-0.497696,0.773655,0.543158,-0.273894,-0.457213,-0.195203,-0.072061,0.473186,-0.023798,-0.916223
0.776872,0.229702,0.335133,0.206308,-0.010854,-0.255145,0.891132,0.999021,-0.029204,-0.653441,0.148458,0.094586,-0.532351,-0.278048,-1.0
0.562411,-0.669066,0.7025,0.892013,-0.08908,-0.794363,0.523243,0.577435,-0.088749,-0.449806,0.509574,0.145466,-0.526881,-0.129581,-0.986291
0.497525,0.048273,0.402059,0.361111,-0.895894,0.618925,0.613195,0.738106,-0.429071,0.280927,0.316088,-0.083566,-0.428811,0.133527,-1.0
0.414647,-0.769105,-0.984827,0.641562,0.603224,-0.92152,0.81235,0.142365,0.373985,-0.552521,-0.168054,0.098379,0.389638,-0.285539,-0.919604
0.234051,-0.285977,-0.277282,-0.437938,-0.816403,-0.577135,0.839376,0.982021,-0.542746,-0.37194,0.17679,0.044556,-0.41373,-0.011006,-1.0
-0.959723,0.64709,-0.539697,0.300369,-0.369541,-0.844015,0.344959,0.942922,-0.089088,-0.2612,-0.175721,0.571176,0.25449,-0.426395,-0.996787
-0.068607,-0.387099,0.152228,-0.508116,-0.261997,-0.462336,0.934749,0.273491,-0.457358,-0.601881,0.040803,-0.001613,-0.425783,-0.222781,-1.0
-0.468439,0.818338,-0.19037,-0.557368,0.82562,0.22339,0.008231,0.164427,0.018317,0.096607,-0.861638,0.471091,0.379922,-0.199678,-0.992271
0.758635,-0.146021,-0.851805,0.296069,0.372614,0.857671,0.873531,0.849416,0.336363,0.603551,-0.119211,-0.127123,-0.142253,0.517917,-0.965996
0.134306,0.735489,-0.707621,-0.853125,0.89578,-0.113017,0.066444,0.579598,0.050672,-0.08733,-0.60584,0.678251,0.219251,-0.364365,-1.0
-0.145327,0.956731,-0.326578,0.720953,0.090751,-0.249726,0.191144,0.435592,-0.009844,-0.081449,-0.116047,0.715937,0.118987,-0.56452,-0.976683
0.227169,0.552895,0.62898,-0.823487,-0.216769,-0.325864,0.408513,0.000123,-0.192346,-0.273731,0.368499,0.505091,-0.220652,-0.424755,-0.977579
-0.486077,0.091785,-0.527085,0.026099,0.369907,0.769448,0.158365,0.112244,0.127102,0.074855,-0.65961,-0.533956,0.37759,0.334558,-1.0
0.83932,-0.757555,-0.821101,-0.455146,-0.837412,-0.571286,0.710706,0.991649,-0.400577,-0.217597,0.350583,-0.05529,-0.506045,0.022296,-0.983236
-0.774447,-0.986939,-0.049375,-0.901245,-0.812408,-0.555594,0.371315,0.218063,-0.294103,-0.193835,0.050484,-0.710919,-0.025208,0.412803,-1.0
-0.742656,-0.446501,-0.336577,-0.590848,0.298279,0.187947,0.093334,0.588534,0.029317,0.036899,-0.774945,-0.456176,0.46713,0.210004,-1.0
-0.860141,0.607014,-0.14951,-0.794993,-0.015929,-0.036344,0.414712,3.1e-05,-0.18785,-0.331378,-0.516412,0.354237,0.392796,-0.345619,-0.98969
0.786083,-0.002831,-0.200459,-0.147389,-0.831731,-0.254848,0.649001,0.777734,-0.451638,-0.103346,0.284475,0.034723,-0.473276,-0.028767,-1.0
0.580749,-0.627885,0.748033,-0.721256,-0.845918,-0.192621,0.843263,0.012775,-0.664697,-0.11782,0.213223,-0.052851,-0.525243,0.132619,-0.870335
-0.96356,0.6078,-0.439124,0.975627,0.61514,-0.366187,0.147648,0.475702,0.102573,-0.009107,-0.707759,0.49545,0.423153,-0.254732,-1.0
-0.557296,0.885801,-0.192976,-0.935562,-0.989866,0.20158,0.580691,0.249867,-0.423105,0.09291,0.180638,0.443287,-0.370929,-0.409768,-0.976726
0.10836,0.679445,0.670852,0.701404,0.414559,0.160158,0.446796,0.094448,0.291292,0.082477,-0.313088,0.428966,0.193642,-0.456458,-0.936828
0.249197,0.066514,-0.497378,-0.396068,0.329543,-0.967171,0.995254,0.80822,0.28464,-0.715534,-0.005321,0.00674,0.029929,-0.489704,-0.945513
-0.903748,-0.194722,0.847895,-0.477069,0.892349,-0.701895,0.637901,0.274531,0.381522,-0.310843,-0.377738,0.001083,0.552285,-0.112207,-1.0
0.16302,-0.922307,-0.313732,-0.495149,0.05196,-0.540729,0.691628,0.632165,0.01058,-0.563663,0.091849,-0.300067,-0.210987,0.398858,-0.962905
-0.776335,0.780284,0.495589,-0.626327,-0.480704,-0.754858,0.720604,0.084032,-0.375362,-0.443677,-0.124735,0.309186,0.064906,-0.423177,-0.986206
0.429948,-0.943292,-0.72025,0.068547,0.031866,-0.571998,0.79316,0.559334,-0.01116,-0.587632,0.183571,-0.163741,-0.444049,0.352372,-1.0
0.48547,0.684599,0.119496,0.609576,0.052136,-0.027519,0.644011,0.278199,0.469838,-0.238783,0.192703,0.330683,-0.295,-0.503335,-0.996823
0.69664,-0.598587,0.974991,-0.309538,0.102404,0.094777,0.414744,0.385457,0.310128,0.221214,0.301847,-0.422571,-0.35258,0.486986,-0.994989
-0.725761,0.85582,-0.613516,-0.464348,-0.218857,0.696046,0.382379,0.94232,-0.173499,0.291125,-0.655584,0.245202,0.466018,-0.143652,-1.0
-0.65984,-0.970428,0.380067,-0.155843,0.639171,0.278581,0.467756,0.148409,0.295385,0.15262,-0.35861,-0.341272,0.368572,0.333706,-1.0
0.268083,-0.985822,-0.153788,0.625758,-0.298082,0.40924,0.992105,0.515644,-0.529121,0.609874,-0.018103,-0.141722,-0.275165,0.526973,-1.0
-0.70962,-0.64253,-0.489429,-0.326188,0.728353,-0.316783,0.37158,0.082255,0.306734,-0.147357,-0.629434,-0.099418,0.409704,0.146928,-1.0
0.880354,-0.562392,-0.669886,0.292682,0.270683,0.311471,0.864727,0.774522,0.503341,0.637326,0.031589,-0.16726,-0.38025,0.36228,-0.97413
0.082731,0.613745,0.038973,0.254445,-0.55251,-0.615645,0.972987,0.528461,-0.56086,-0.508804,-0.062038,0.051115,-0.111424,-0.364697,-1.0
-0.816546,0.761477,-0.336584,-0.348115,-0.228154,0.665386,0.635736,0.126545,-0.120644,0.534789,-0.368145,0.047945,0.415079,-0.075587,-1.0
-0.350145,-0.949973,0.379861,0.132946,0.761923,-0.410843,0.77418,0.088757,0.524124,-0.207837,-0.250283,-0.062387,0.452186,0.218056,-0.993782
0.405741,0.735648,0.53306,0.025623,0.997672,0.723114,0.596905,0.409305,0.354114,0.321576,-0.498829,-0.068374,0.506467,0.056429,-1.0
-0.943436,0.526556,-0.70157,0.719031,0.409095,-0.694673,0.278329,0.473868,0.015579,-0.145807,-0.562289,0.477586,0.41188,-0.355527,-0.974359
0.454827,-0.719778,-0.137198,-0.38727,-0.379092,-0.01933,0.220028,0.693341,-0.187923,0.019014,0.505343,-0.466709,-0.354986,0.343679,-1.0
0.932471,0.516157,-0.22795,-0.464731,-0.159413,-0.143922,0.509704,0.744959,-0.315955,-0.322176,0.441991,0.277491,-0.427865,-0.235001,-0.976187
-0.723454,0.633613,-0.22707,-0.892765,-0.778639,0.357372,0.628127,0.520288,-0.467694,0.209069,-0.035153,0.309183,-0.130094,-0.430507,-0.987049
-0.019342,0.761362,0.821771,0.898858,-0.717555,0.669807,0.918815,0.605318,-0.599381,0.519244,0.177109,0.1427,-0.505421,-0.032495,-0.955983
0.078031,0.021244,0.032584,-0.806629,0.074973,-0.022492,0.052911,0.70823,0.088806,0.024614,0.066303,0.915413,-0.042058,-0.540216,-1.0
-0.846199,0.138342,-0.083688,0.560672,0.317174,0.894038,0.021981,0.599749,0.025026,0.08947,-0.863627,-0.498065,0.461129,0.293324,-0.968248
-0.729152,0.235861,-0.260723,-0.83281,-0.783937,-0.455539,0.130991,0.649718,0.019767,-0.048605,0.098217,0.827946,-0.066564,-0.490987,-1.0
-0.601001,-0.858075,-0.75861,0.86055,0.823368,0.151777,0.017281,0.949962,0.004198,0.021596,-0.812784,-0.600055,0.312803,0.32069,-1.0
-0.691182,0.970942,-0.923542,0.491208,0.710781,-0.125062,0.71533,0.730692,0.616372,-0.106872,-0.222074,0.173386,0.409541,-0.307103,-0.952364
-0.49301,-0.636813,0.375425,0.352392,-0.765379,-0.968076,0.879967,0.842538,-0.455035,-0.546098,0.01736,0.117752,-0.290098,-0.350322,-1.0
-0.047461,0.05196,0.877643,0.878823,-0.830253,0.618142,0.650884,0.558801,-0.387413,0.342804,0.233629,-0.131086,-0.370235,0.241827,-0.945608
0.267012,0.276931,0.88729,0.845225,-0.634461,-0.205469,0.332506,0.178179,-0.20011,-0.07397,0.595317,0.3583,-0.479361,-0.327045,-1.0
0.463866,-0.935031,-0.013421,-0.94355,-0.849234,-0.385272,0.951707,0.880091,-0.687881,-0.335226,0.037102,-0.025377,-0.500558,0.181889,-0.969221
-0.848047,0.232835,-0.266485,-0.12399,0.238897,-0.209584,0.97172,0.765248,0.588567,-0.547053,-0.103756,0.001483,0.375851,-0.228171,-1.0
-0.844257,0.213456,-0.223266,0.265391,-0.404372,-0.627591,0.788496,0.790458,-0.310775,-0.485826,-0.139806,0.21098,0.265549,-0.422138,-0.987645
0.616611,-0.314412,-0.365678,-0.626816,0.87447,-0.80539,0.025114,0.559221,0.020144,-0.048327,-0.345046,0.838319,0.184045,-0.446064,-1.0
0.114807,-0.564786,-0.220413,-0.570518,0.975632,0.727641,0.115609,0.353001,0.089218,0.087386,-0.43947,-0.767481,0.372341,0.493108,-0.978626
0.242033,0.474726,-0.00491,-0.208692,-0.944772,-0.019998,0.663179,0.055025,-0.503242,-0.034959,0.324802,0.164905,-0.539902,-0.154796,-0.990096
-0.624041,0.465507,0.383346,0.844576,-0.73152,-0.016535,0.481663,0.701086,-0.409599,-0.025303,0.085935,0.473516,-0.134347,-0.465999,-1.0
-0.255063,-0.510878,0.259801,-0.415095,0.210174,-0.172826,0.780215,0.150897,0.42679,-0.333505,-0.185766,-0.109382,0.492719,0.28918,-0.933581
-0.373857,0.386569,0.145672,0.586604,0.092543,-0.569489,0.063543,0.997635,-0.108983,-0.044463,-0.456583,0.708829,0.223129,-0.457044,-0.899645
-0.760482,0.466671,0.545266,0.772455,0.314272,0.240131,0.852996,0.436599,0.525192,0.414301,-0.214951,0.06314,0.445884,-0.15716,-0.969271
0.737708,0.796305,-0.15811,-0.132823,-0.87174,0.865539,0.357319,0.013541,-0.323929,0.197344,0.660797,-0.087471,-0.472449,-0.033435,-1.0
-0.93359,-0.214144,0.052785,0.975944,-0.736154,0.984523,0.388068,0.342268,-0.168713,0.250029,-0.100397,-0.543066,0.109752,0.522826,-1.0
0.760337,-0.763046,0.263787,0.264664,-0.042831,-0.40585,0.773869,0.208834,0.015187,-0.546453,0.177931,-0.090662,-0.424387,0.289691,-0.938404
0.728425,0.838078,-0.820656,-0.066568,0.598778,-0.199666,0.436609,0.951628,0.309304,-0.094686,0.156071,0.588058,-0.065452,-0.414768,-0.919235
-0.085469,-0.891697,-0.686185,-0.896487,-0.917025,0.903017,0.650301,0.486261,-0.389765,0.322937,0.226423,-0.445072,-0.198191,0.46162,-1.0
-0.265858,0.071055,0.536944,-0.581718,0.001414,0.03589,0.854901,0.325034,0.029179,0.763938,-0.059074,0.001548,0.533668,-0.039331,-0.895963
-0.835833,0.234229,0.712423,-0.692869,-0.681158,-0.157889,0.55868,0.608629,-0.499295,-0.027592,-0.086094,0.363403,0.087279,-0.423874,-1.0
0.023875,0.63214,-0.228804,0.018169,0.559852,-0.800005,0.144601,0.067461,0.014583,-0.056074,-0.299727,0.736423,0.185865,-0.517822,-0.929734
-0.591083,0.081768,0.020225,-0.579483,-0.910512,-0.547368,0.949422,0.269532,-0.580839,-0.354921,-0.01878,0.088502,-0.150017,-0.479311,-0.910504
0.793924,0.665366,-0.679534,0.248041,0.02634,0.801599,0.792435,0.494187,-0.03869,0.603182,0.195024,0.030116,-0.540747,0.068697,-1.0
-0.114255,-0.995545,0.115696,-0.261281,0.993587,-0.269736,0.962399,0.556281,0.758753,-0.211419,0.007682,-0.045971,0.464608,0.318629,-0.856005
-0.022992,0.944404,-0.509411,0.197236,0.746022,0.282203,0.53156,0.380461,0.393465,0.091687,-0.32738,0.292892,0.314579,-0.331433,-1.0
-0.111366,-0.870157,0.546828,-0.124629,0.9602,-0.750767,0.43216,0.14943,0.236589,-0.131817,-0.476215,-0.055461,0.550845,-0.0345,-1.0
0.395608,0.811376,-0.084842,-0.897069,0.639682,0.525993,0.079659,0.821621,0.016178,0.026342,-0.58049,0.80212,0.363757,-0.348472,-0.939192
-0.957345,-0.562992,-0.625674,0.092477,-0.832479,-0.636899,0.332823,0.66257,-0.230432,-0.188401,-0.60611,0.422385,0.449592,-0.237851,-1.0
0.79423,0.632546,-0.269308,0.569475,0.233921,0.08197,0.42095,0.08648,0.232129,0.041184,0.38874,0.301171,-0.336951,-0.327316,-1.0
-0.41627,-0.853941,-0.353135,-0.764177,-0.55764,-0.425225,0.860219,0.680763,-0.642207,-0.398946,0.052929,-0.071953,-0.10213,0.568794,-0.920978
-0.859444,0.613145,0.765347,0.36094,0.927533,-0.797842,0.847244,0.726237,0.526757,-0.46418,-0.184792,0.125475,0.504158,-0.365218,-0.982423
0.282241,-0.711845,0.975229,-0.910866,0.247872,0.458429,0.007156,0.190966,0.13055,0.029914,-0.063195,-0.980466,-0.031514,0.439353,-0.988547
0.008317,-0.629449,-0.45001,-0.244254,0.372332,0.027914,0.801367,0.633046,0.541156,0.076257,-0.13473,-0.091942,0.235876,0.516886,-0.957446
0.436895,0.089035,0.844461,0.77733,0.511349,0.319218,0.008502,0.793676,0.002586,-0.013067,-0.329944,-1.0,0.167716,0.487634,-0.972363
-0.997719,0.055429,-0.767328,0.829659,-0.644636,-0.691585,0.617914,0.264958,-0.268101,-0.354853,-0.165747,0.324308,0.234781,-0.429025,-0.967826
0.828086,-0.010309,0.094579,0.394446,0.342985,-0.550811,0.896855,0.614928,0.351979,-0.588751,0.028428,0.101053,-0.235439,-0.399673,-1.0
-0.540957,-0.053966,-0.630427,0.294532,-0.04071,-0.885289,0.352827,0.406401,0.063413,-0.323066,-0.303617,0.505341,0.181064,-0.382629,-1.0
0.339113,0.727071,-0.395628,-0.502273,-0.071952,-0.955452,0.116003,0.925256,0.028103,-0.008869,0.170903,0.902465,-0.037182,-0.426788,-1.0
0.319162,0.079315,-0.220077,-0.436605,0.593969,0.578556,0.865896,0.201478,0.38515,0.397321,-0.067464,-0.15376,0.204931,0.546457,-1.0
0.332259,0.851834,0.580746,-0.382397,0.926011,0.027832,0.959968,0.78749,0.696702,0.004355,-0.055901,0.06926,0.223806,-0.473429,-1.0
0.000238,0.86242,-0.899539,0.498918,0.136958,0.951686,0.506106,0.741279,0.023674,0.386078,-0.403808,-0.208247,0.414574,0.225088,-0.990136
0.789899,-0.366462,0.87805,0.141671,0.32849,-0.551954,0.709676,0.01498,0.221679,-0.440331,0.275162,0.069891,-0.451128,-0.149832,-1.0
-0.550943,0.864846,-0.93338,0.792168,-0.923598,-0.350878,0.116224,0.745218,-0.066555,-0.076538,0.234344,0.760781,-0.078036,-0.411737,-1.0
-0.04255,-0.222796,-0.887152,-0.248599,0.737167,0.043185,0.640725,0.956079,0.521765,-0.072716,-0.317887,-0.163488,0.496136,0.25832,-1.0
-0.271674,-0.681146,-0.348609,0.157588,-0.995781,-0.912554,0.717995,0.368346,-0.354903,-0.362388,0.281789,0.070847,-0.467763,-0.199493,-1.0
-0.938478,0.539054,0.231434,0.886037,-0.348914,-0.350088,0.21985,0.962739,-0.227242,-0.233967,-0.47606,0.576603,0.284247,-0.466264,-1.0
-0.789285,-0.266902,0.718391,-0.403782,0.244822,-0.451369,0.790987,0.704547,0.371696,-0.562499,-0.17063,0.085051,0.54345,-0.083193,-0.929994
-0.267961,0.615296,0.1847,0.811889,-0.777823,-0.481873,0.652169,0.154687,-0.36221,-0.256087,0.091342,0.258995,-0.296767,-0.428858,-0.934908
-0.609138,0.375733,0.411889,0.958429,0.314376,0.449333,0.853068,0.035523,0.553607,0.53704,-0.251515,-0.056685,0.478821,0.037821,-0.931297
-0.421116,0.030656,0.602801,0.115552,0.948153,-0.290099,0.622525,0.339403,0.436315,-0.101477,-0.296773,0.092724,0.447431,-0.207296,-1.0
-0.972157,-0.784938,-0.159034,0.577271,-0.129768,-0.333801,0.314428,0.02189,-0.017795,-0.219358,-0.596848,-0.376763,0.45878,0.304198,-0.933538
0.790862,0.179232,0.534663,-0.434859,0.155454,0.219926,0.511146,0.134627,0.278874,0.339399,0.465371,0.046287,-0.454551,0.016134,-0.968009
0.038037,-0.272971,0.278514,-0.604741,0.979886,0.583718,0.759136,0.620069,0.570376,0.240071,-0.178088,-0.081788,0.373207,0.278953,-1.0
0.268024,-0.191495,0.420421,0.7925,-0.822715,0.142903,0.25286,0.07063,-0.17199,0.050795,0.713248,-0.153487,-0.526557,0.155228,-0.990178
0.840487,0.312455,-0.522529,0.956923,-0.904379,-0.97372,0.668639,0.24533,-0.260099,-0.376736,0.369945,0.185023,-0.432298,-0.190933,-1.0
-0.644119,0.457461,0.479576,0.406959,0.633242,-0.38512,0.141404,0.902018,0.158287,-0.141474,-0.650969,0.384635,0.380722,-0.252069,-0.959265
-0.299824,0.442493,0.994781,0.100695,0.705077,0.231749,0.044241,0.967755,0.049047,-0.017142,-0.93129,0.16779,0.454133,-0.063744,-1.0
-0.747173,0.606119,0.646272,0.713236,-0.513018,-0.137197,0.455314,0.43667,-0.327349,-0.022363,-0.168151,0.408899,0.181762,-0.45973,-1.0
0.017816,0.771525,0.70191,-0.111154,0.159116,0.737153,0.615852,0.446251,0.110095,0.52751,-0.324287,0.067081,0.478662,-0.07326,-0.954791
0.293892,-0.904488,-0.142348,0.933495,-0.205082,-0.691618,0.199428,0.275764,-0.066151,-0.169246,0.682995,-0.241357,-0.408238,0.185957,-1.0
0.338945,0.972616,0.74757,-0.750559,0.555182,-0.524478,0.276075,0.472792,0.21027,-0.114831,-0.059384,0.755946,0.167521,-0.47801,-0.929395
-0.097587,0.195196,0.15522,-0.098215,-0.82162,-0.707408,0.877526,0.125551,-0.529494,-0.485977,-0.019068,0.121145,-0.310268,-0.380369,-1.0
-0.733412,-0.214604,-0.774102,0.773507,0.058332,-0.824277,0.663985,0.505314,0.10199,-0.429074,-0.288678,0.158188,0.409906,-0.218743,-0.990997
-0.379525,0.299375,0.849771,-0.262405,0.00505,-0.402696,0.233124,0.734758,0.026093,-0.209454,-0.23926,0.618462,0.208109,-0.47009,-1.0
0.082186,0.10329,0.153709,-0.20792,-0.494555,0.057908,0.453036,0.041685,-0.325259,0.127475,0.509576,0.008547,-0.417926,-0.040828,-0.973378
0.443346,-0.811148,-0.300906,0.200595,-0.355788,-0.354567,0.299242,0.25781,-0.235755,-0.186396,0.580323,-0.382911,-0.436578,0.181814,-0.984313
0.10665,-0.364095,-0.161818,0.291688,0.242447,0.533491,0.688674,0.495703,0.235518,0.50657,-0.103057,-0.284062,0.042952,0.525345,-0.926019
0.112516,-0.286741,0.539964,-0.586099,-0.590898,-0.973327,0.771805,0.273272,-0.402987,-0.474614,0.218996,0.171417,-0.344036,-0.400737,-0.99779
0.278827,-0.901335,-0.104948,-0.115278,0.955264,-0.683985,0.014072,0.161988,-0.05778,-0.022302,-0.896513,-0.338289,0.452722,0.15955,-0.984217
-0.026906,-0.98137,-0.125574,0.340074,0.200281,0.083972,0.333031,0.697199,0.226234,0.192083,-0.151265,-0.737346,0.05875,0.595325,-0.992163
-0.615351,0.174179,-0.940983,-0.882989,0.951014,0.891531,0.595135,0.735374,0.266003,0.370429,-0.373177,-0.2309,0.418397,0.205186,-1.0
-0.921546,-0.382151,0.877052,-0.753192,-0.422972,-0.985243,0.61039,0.470601,-0.149789,-0.431926,-0.225257,0.398264,0.315069,-0.429727,-0.948226
0.79767,0.725896,-0.879942,0.673212,0.378336,-0.895088,0.032703,0.50524,0.074666,-0.029939,0.171914,0.989815,-0.143575,-0.474044,-1.0
0.243598,0.593841,0.270151,0.058431,-0.729527,-0.013607,0.6846,0.7528,-0.61165,-0.055185,0.216923,0.101054,-0.454749,-0.289027,-1.0
0.689856,0.349655,-0.990641,0.481059,-0.959169,-0.836417,0.265859,0.830937,-0.117454,-0.118359,0.556161,0.477586,-0.411086,-0.404228,-1.0
-0.672645,0.477442,0.71542,-0.597929,0.761256,-0.404871,0.723927,0.85298,0.536503,-0.294694,-0.204312,0.218537,0.439929,-0.199705,-1.0
-0.937426,0.644492,0.657601,-0.796967,0.56973,-0.735628,0.904635,0.929245,0.405191,-0.548225,-0.09961,0.037248,0.292274,-0.315448,-0.956745
0.514677,-0.719236,0.884079,0.786511,-0.014093,0.179158,0.062462,0.726313,-0.070196,0.101975,0.516962,-0.83951,-0.179569,0.481202,-0.995428
0.457791,-0.915225,0.487076,-0.700793,-0.753393,0.124852,0.631551,0.015843,-0.479312,0.093482,0.202654,-0.282763,-0.342864,0.315292,-0.96552
-0.651821,0.495043,0.843927,0.047189,-0.094741,0.124123,0.579112,0.510149,-0.200587,0.348071,-0.382223,0.228414,0.370168,-0.243269,-1.0
0.626668,-0.968711,0.948882,-0.645745,-0.44573,0.985087,0.047676,0.509649,-0.02178,0.111043,0.472192,-0.85395,-0.272521,0.42891,-0.990513
-0.754612,-0.720914,-0.394893,-0.522318,0.452214,-0.387698,0.529569,0.771337,0.334247,-0.290499,-0.49065,-0.157589,0.440275,0.176952,-1.0
0.773392,-0.045422,-0.482689,0.167749,-0.115117,-0.851326,0.968828,0.259579,-0.15578,-0.786123,-0.019307,0.035782,-0.369439,-0.323305,-1.0
-0.251666,0.746512,-0.834636,0.877088,0.550135,0.838844,0.688194,0.319958,0.197445,0.488753,-0.248029,-0.092241,0.42467,0.079453,-0.931909
0.43663,-0.973038,0.356068,0.3341,0.748363,0.76926,0.881691,0.081741,0.501083,0.534345,-0.081748,-0.102443,0.123139,0.485021,-1.0
-0.503392,0.779956,0.502603,0.537088,-0.481756,-0.779175,0.834763,0.305533,-0.307102,-0.614632,0.038379,0.23627,0.011869,-0.56472,-1.0
-0.761118,0.80264,0.551557,0.068836,0.583126,0.417431,0.161722,0.586202,0.14349,0.051473,-0.857211,0.213892,0.542728,-0.133625,-0.979951
-0.98138,0.669079,-0.717745,-0.596299,0.735825,-0.31365,0.973912,0.474451,0.648909,-0.296183,-0.121966,0.101298,0.415388,-0.222127,-1.0
-0.020754,-0.564042,0.161876,0.928106,-0.800106,-0.927581,0.217616,0.975484,-0.081272,-0.125886,0.765011,0.322769,-0.412267,-0.192424,-1.0
0.869005,-0.335798,0.536074,0.479605,0.645134,0.132183,0.003537,0.705166,0.176498,0.003515,0.485133,-0.903759,-0.186634,0.487076,-0.944389
-0.044975,-0.041003,0.594184,-0.46022,-0.206823,-0.175345,0.747711,0.766565,-0.441596,-0.326003,0.249678,0.153538,-0.357693,-0.232648,-0.971327
-0.60977,0.290529,-0.680049,0.932487,-0.400239,0.371768,0.304141,0.705623,-0.146084,0.175602,-0.640803,-0.193294,0.381596,0.244273,-1.0
0.798521,0.02471,-0.958957,-0.163256,0.00308,0.352998,0.788821,0.50876,-0.03212,0.742302,0.158641,-0.089046,-0.459329,0.127406,-1.0
0.386941,-0.967267,0.65673,-0.986938,0.247419,-0.371013,0.108441,0.078992,-0.062455,-0.098281,0.187405,-0.88945,-0.123087,0.452777,-1.0
-0.65584,-0.421379,-0.462325,0.083516,0.805821,0.405629,0.832967,0.040945,0.704658,0.183059,-0.130175,-0.263607,0.387784,0.229168,-0.958391
-0.162633,0.020574,0.841803,0.042932,0.176129,0.169623,0.686613,0.688523,0.327445,0.377178,-0.287524,-0.212051,0.568058,0.165468,-1.0
-0.910214,0.838884,0.127981,0.902446,-0.647591,0.119075,0.030407,0.816485,-0.047827,0.040112,-0.291917,0.890869,0.179566,-0.520255,-0.953562
-0.070389,-0.508017,0.367595,-0.224696,-0.530491,0.65989,0.305711,0.894271,-0.233857,0.200008,0.174044,-0.607487,-0.197293,0.579537,-1.0
0.802563,0.532247,0.685407,-0.020586,-0.325192,0.530864,0.01622,0.674579,0.004328,0.065611,0.9427,-0.035367,-0.565793,-0.039873,-1.0
0.365158,-0.200752,-0.878548,-0.864039,0.458119,0.632445,0.021398,0.745742,0.009386,0.069777,-0.066078,-0.963378,0.084669,0.538761,-1.0
0.883997,-0.910162,-0.497663,-0.615792,0.160522,0.7183,0.342439,0.083869,-0.000797,0.163422,0.241341,-0.615748,-0.184865,0.46252,-0.998296
0.14376,0.573355,0.761658,-0.930397,-0.068655,0.093667,0.02891,0.606674,-0.048035,0.01105,0.41736,0.897012,-0.261032,-0.442865,-0.923566
0.193602,0.943587,-0.819618,0.405493,-0.246846,0.228233,0.778084,0.446576,-0.385992,0.52717,0.174467,0.204824,-0.252882,-0.438975,-1.0
-0.553281,0.220041,-0.905217,0.273759,0.181105,0.43247,0.535058,0.301318,0.15751,0.329538,-0.432655,-0.177673,0.398267,0.184983,-1.0
-0.575334,-0.109025,-0.012521,-0.823932,0.817513,-0.147967,0.628877,0.581387,0.477559,-0.057221,-0.399212,-0.021644,0.563042,-0.013203,-0.955865
0.250485,0.166613,-0.908999,0.647594,-0.85576,-0.802659,0.836417,0.53345,-0.334676,-0.42701,0.055796,0.066926,-0.394949,-0.265124,-1.0
-0.20309,-0.974112,0.335103,-0.027066,0.402788,0.437821,0.303439,0.021158,0.272546,0.226088,-0.222218,-0.6664,0.172413,0.530404,-1.0
0.457708,-0.949109,-0.348123,0.217688,-0.785713,-0.94713,0.454876,0.361547,-0.245786,-0.206236,0.559767,0.029674,-0.496328,0.068545,-0.971864
0.46005,-0.80825,-0.912909,-0.911597,0.08628,0.222635,0.076975,0.294679,-0.023787,0.035684,0.377478,-0.913857,-0.120588,0.519728,-1.0
0.068925,-0.108586,-0.296646,0.250417,0.328762,-0.56036,0.214274,0.218418,0.046269,-0.181866,-0.406797,0.782658,0.221254,-0.462603,-1.0
0.022812,-0.201439,0.572176,0.319684,-0.611317,-0.64849,0.370868,0.353985,-0.165744,-0.297815,0.568279,0.419778,-0.328673,-0.246199,-0.967731
-0.495528,-0.332501,-0.606364,-0.807284,-0.01103,-0.719205,0.590586,0.671178,0.01252,-0.462162,-0.250375,0.280528,0.389383,-0.31984,-0.968821
0.662106,-0.826799,0.072951,0.618798,-0.076221,-0.431345,0.480569,0.2386,-0.089779,-0.406414,0.500306,-0.266025,-0.393213,0.35074,-0.990611
0.006226,0.109699,0.194545,0.535489,-0.546286,-0.509858,0.939911,0.166811,-0.597453,-0.522267,0.041524,0.024907,-0.313203,-0.403901,-1.0
-0.585485,-0.583655,0.892089,-0.374869,-0.563721,-0.857488,0.338608,0.891871,-0.168934,-0.280889,-0.119016,0.61987,0.159075,-0.495771,-1.0
-0.564093,0.970204,-0.714575,-0.783974,0.729804,-0.019848,0.541919,0.585654,0.459993,-0.039836,-0.339687,0.316732,0.446524,-0.346406,-0.938109
-0.098904,0.144096,-0.602794,-0.6603,0.997381,-0.757747,0.527534,0.92202,0.302564,-0.305377,-0.332835,0.235827,0.379869,-0.329565,-0.899253
-0.465202,-0.28036,0.752208,0.648445,-0.667154,-0.055303,0.679181,0.729177,-0.499402,0.05027,0.180082,-0.311332,-0.395879,0.39444,-1.0
-0.214736,-0.916428,-0.804626,0.719105,-0.307535,-0.11226,0.986925,0.525112,-0.712721,-0.315421,-0.054525,-0.032915,-0.118541,0.51596,-0.988285
0.654505,0.157383,0.82024,-0.004085,0.077129,-0.56891,0.971538,0.456339,0.110583,-0.771962,0.064936,0.011832,-0.383194,-0.357552,-0.931336
-0.381601,0.126353,-0.782575,-0.250717,-0.56723,-0.572537,0.298493,0.101377,-0.13859,-0.141355,0.246242,0.647661,-0.198287,-0.462863,-0.902489
0.184234,0.078663,-0.501692,0.575632,0.742986,-0.356021,0.469265,0.858834,0.335934,-0.165571,-0.474653,0.305722,0.428093,-0.333983,-0.986995
0.460973,0.997307,-0.774206,-0.912409,-0.95071,-0.353135,0.567546,0.987864,-0.419601,-0.094514,0.361606,0.254616,-0.321107,-0.294687,-0.968038
-0.780816,0.739958,-0.30528,-0.748092,0.962779,-0.889519,0.558916,0.039877,0.243193,-0.321887,-0.331293,0.354227,0.380402,-0.339413,-1.0
-0.054588,0.643319,0.805292,0.578971,0.854862,-0.158719,0.906932,0.801645,0.687705,-0.097738,-0.005803,0.029306,0.376217,-0.415261,-0.951803
0.262445,-0.132632,-0.266931,0.452196,-0.159407,-0.770081,0.963188,0.270294,-0.198,-0.781325,-0.020912,-0.018886,-0.308937,-0.411909,-0.943129
0.64643,0.378196,-0.801957,0.031972,-0.646106,-0.649126,0.149464,0.384572,-0.050136,0.023814,0.636604,0.632579,-0.471072,-0.300698,-1.0
0.393194,0.172978,-0.26468,0.246879,0.121214,0.193457,0.439029,0.748416,0.252691,0.319134,0.571697,-0.121757,-0.502816,0.036664,-0.974847
-0.256123,0.233816,-0.676296,0.772186,0.034972,0.102672,0.505923,0.933624,0.142069,0.328284,-0.364289,0.177202,0.47501,-0.172184,-0.976598
0.053503,0.358353,-0.548612,0.703721,0.741107,0.799081,0.913172,0.537612,0.48768,0.554946,-0.175894,-0.031985,0.462991,0.177605,-1.0
0.534968,0.187958,-0.237295,-0.413249,0.158427,-0.025733,0.279218,0.246949,0.282425,-0.059682,0.656106,0.236356,-0.46207,-0.188184,-0.96532
0.555165,-0.186353,0.975495,0.393812,0.676779,0.544156,0.191356,0.367615,0.091121,0.118816,-0.088661,-0.777403,0.04954,0.572177,-1.0
0.632056,-0.006365,-0.085831,-0.994266,0.5159,-0.263351,0.028061,0.20973,-0.075527,0.007748,0.421294,0.824247,-0.212347,-0.484773,-0.930412
0.772324,0.302212,0.122625,-0.600611,-0.468143,0.534971,0.096314,0.104649,-0.000859,-0.000349,0.838337,-0.17826,-0.52763,-0.009146,-1.0
-0.345486,0.115573,-0.612098,0.895188,0.315659,-0.079628,0.969755,0.679031,0.688977,-0.214688,0.035769,-0.010061,0.547207,-0.108341,-1.0
-0.07434,0.425049,0.280212,-0.329492,0.241631,-0.100014,0.961527,0.224843,0.770608,-0.231742,-0.013364,0.10113,0.24806,-0.454397,-0.921876
-0.692679,0.237315,-0.279252,-0.518504,0.26973,0.174992,0.851545,0.496031,0.566919,0.346502,-0.116857,-0.070941,0.455134,-0.036839,-1.0
-0.650511,-0.545601,-0.883506,0.849964,-0.555897,-0.100079,0.833148,0.007197,-0.663023,-0.033378,-0.083414,-0.222496,0.127855,0.47604,-1.0
-0.042209,0.086586,-0.829925,0.973194,0.461263,0.040748,0.842048,0.444505,0.642744,0.118045,0.013831,-0.047138,0.480539,-0.091797,-1.0
0.209569,-0.541497,-0.99939,-0.367095,-0.462694,-0.785099,0.833052,0.85172,-0.338823,-0.588833,0.146845,0.061026,-0.380468,-0.167377,-0.972202
0.847572,-0.148464,-0.416188,-0.084013,-0.752813,0.546208,0.297665,0.388875,-0.229053,0.175693,0.671134,-0.302676,-0.488306,0.215681,-0.951367
0.88322,0.81149,-0.917901,-0.20832,-0.085198,0.292568,0.41988,0.260686,0.011092,0.281764,0.447474,0.292522,-0.473916,-0.273797,-1.0
0.48691,0.945344,-0.571021,0.08007,0.436514,-0.479542,0.4089,0.799075,0.183591,-0.236539,0.031471,0.640026,-0.026042,-0.454184,-1.0
0.682217,-0.247423,0.407169,0.329211,0.576186,0.929005,0.971103,0.330162,0.418565,0.606713,0.013855,-0.133765,-0.074061,0.573327,-0.953673
0.293937,0.742578,0.656648,0.883887,0.193359,0.987858,0.483407,0.527484,0.046703,0.420615,0.206836,-0.501508,-0.186145,0.476345,-0.954753
0.314957,-0.88783,0.507868,0.327384,0.752785,-0.773039,0.976089,0.838799,0.568728,-0.557639,0.07949,-0.098159,0.485204,0.150951,-0.98514
0.200221,0.473034,0.587513,0.553836,-0.156687,0.311013,0.720532,0.291757,-0.280948,0.533892,0.188815,0.033649,-0.449044,-0.125718,-0.909214
0.715602,0.928267,0.869065,-0.9394,0.616453,-0.835482,0.732665,0.869488,0.397222,-0.414172,0.036216,0.297163,-0.054039,-0.423047,-1.0
0.601349,0.398702,0.123516,-0.504682,0.807241,0.49401,0.459122,0.134906,0.251007,0.273345,-0.455234,-0.221381,0.370546,0.200549,-0.966663
-0.873907,0.554436,-0.178832,0.009646,-0.092994,-0.262023,0.86683,0.55697,-0.23677,-0.638968,-0.163556,0.108635,0.283078,-0.466677,-1.0
0.79286,0.06392,0.871149,-0.320772,0.64977,0.728709,0.701846,0.393103,0.389957,0.405539,0.086466,-0.373028,-0.070113,0.568448,-0.909491
-0.605022,-0.499597,0.153103,-0.139718,0.797094,-0.068994,0.48242,0.40433,0.395937,-0.026293,-0.425328,-0.251096,0.514524,0.106649,-0.945827
0.291414,0.879639,0.228674,-0.012947,0.333009,-0.697635,0.625705,0.624607,0.165283,-0.39008,-0.050307,0.398228,0.042288,-0.459711,-0.956239
-0.306373,-0.148366,-0.885522,-0.018744,-0.63209,-0.709715,0.814556,0.792495,-0.498775,-0.529817,0.108321,0.20006,-0.183887,-0.483536,-1.0
-0.80065,-0.724008,-0.870706,0.883548,-0.581018,-0.496985,0.804315,0.12899,-0.448014,-0.413504,-0.091033,-0.119942,0.399344,0.435111,-1.0
0.25119,0.506409,0.001141,-0.727056,-0.160006,0.111445,0.234464,0.294557,-0.118958,0.063978,0.567631,0.475345,-0.441381,-0.383713,-0.970751
0.502538,-0.773459,0.309176,-0.090266,-0.093142,-0.510457,0.228757,0.572906,-0.04404,-0.230296,0.693341,-0.249767,-0.478312,0.238897,-0.98031
0.019968,-0.700049,-0.641236,-0.77561,-0.413315,0.167957,0.924819,0.06238,-0.692018,0.341309,0.033656,-0.044988,-0.216018,0.531583,-1.0
-0.439885,0.085811,0.037887,0.261186,-0.556441,0.352023,0.661778,0.283109,-0.453562,0.228866,0.080265,-0.294638,-0.156001,0.420618,-0.927765
0.39808,-0.181482,0.674782,0.003013,0.575842,-0.63449,0.266782,0.443576,0.211913,-0.250709,-0.296462,0.762219,0.208029,-0.442535,-1.0
0.765696,0.518109,0.189065,0.983123,0.183517,-0.730455,0.944345,0.259348,0.258186,-0.716501,0.0077,0.051855,-0.228585,-0.461583,-0.998257
-0.830931,0.329949,-0.528936,-0.676637,-0.499316,0.552884,0.380311,0.270643,-0.235139,0.189451,-0.482623,-0.379171,0.401462,0.295118,-1.0
0.870861,-0.110488,-0.713403,-0.946271,0.864171,-0.731298,0.201656,0.313979,0.164769,-0.077633,0.009349,0.840688,0.13297,-0.532135,-0.930891
0.021936,-0.915024,0.521785,0.235598,-0.223808,0.847903,0.054943,0.102102,-0.088445,0.097695,0.047742,-0.874518,-0.056039,0.473293,-1.0
0.004663,0.464971,-0.267266,-0.622936,0.372451,-0.462457,0.066309,0.518444,0.051607,-0.05426,-0.373516,0.903232,0.224215,-0.449298,-0.970346
-0.040634,0.241316,0.994451,-0.771454,0.771374,0.15874,0.526879,0.413834,0.528036,0.037633,-0.461036,0.007054,0.541723,-0.160789,-1.0
0.316535,-0.345447,0.69782,0.109458,0.709185,-0.96745,0.112506,0.080547,0.095933,-0.061837,-0.482276,0.763416,0.287266,-0.500253,-0.959966
0.263356,-0.043605,-0.14595,-0.630194,0.094168,0.538865,0.636642,0.845062,-0.012276,0.569438,0.083268,-0.445918,-0.208138,0.356252,-1.0
-0.285911,0.805074,0.014499,0.219524,0.676532,-0.161478,0.70348,0.975912,0.478782,-0.089641,-0.232501,0.199085,0.403072,-0.323676,-1.0
0.312923,0.172973,0.946396,0.618928,-0.070743,-0.138574,0.625742,0.281931,-0.285436,-0.483362,0.23239,0.291505,-0.342958,-0.349751,-1.0
0.957116,0.975686,0.472156,0.431621,0.118838,0.676837,0.249591,0.427825,0.039071,0.281179,0.603535,0.161339,-0.443088,-0.151176,-0.940992
0.020201,0.425713,0.558556,0.554209,0.043327,0.924238,0.443767,0.23515,0.009069,0.371209,-0.033404,-0.628511,-0.016157,0.50108,-1.0
-0.979691,-0.621922,-0.36437,0.144652,0.699338,0.298683,0.718997,0.331085,0.47668,0.172578,-0.218523,-0.104738,0.472026,0.211444,-1.0
0.207284,0.773625,-0.813045,-0.64901,0.659407,-0.592059,0.576925,0.941723,0.327141,-0.285603,-0.160373,0.364233,0.192603,-0.399771,-1.0
-0.319355,0.508585,-0.397328,0.150062,0.313315,-0.295596,0.066634,0.529849,0.017571,0.02571,-0.509459,0.768224,0.327594,-0.480756,-1.0
-0.584426,0.744781,0.33824,0.466474,-0.129631,-0.886594,0.693223,0.619186,-0.103995,-0.632775,-0.064533,0.25715,0.238754,-0.415387,-1.0
0.761593,-0.487482,0.951649,0.409236,-0.882721,0.479071,0.305439,0.781504,-0.152348,0.181111,0.725369,-0.350987,-0.355492,0.302927,-1.0
0.860061,0.740119,0.749775,0.406214,-0.70087,0.728915,0.394694,0.953152,-0.24774,0.306,0.592555,-0.050794,-0.434078,0.008537,-0.971416
0.570287,0.521429,-0.471433,0.951994,-0.776482,0.307359,0.018332,0.930367,0.078435,-0.003793,0.931992,0.131864,-0.481985,-0.073426,-0.963868
0.388305,0.809214,-0.120314,0.289837,0.770581,-0.796415,0.611222,0.785641,0.274798,-0.338227,-0.053547,0.40043,0.1888,-0.493306,-1.0
0.187233,0.855444,0.264626,-0.065575,-0.260633,-0.077709,0.037491,0.694314,-0.050973,-0.003531,0.388287,0.81459,-0.179574,-0.47869,-1.0
-0.643996,0.262918,0.193928,0.474027,-0.922623,-0.80529,0.440734,0.395277,-0.320285,-0.212041,0.20929,0.529561,-0.210195,-0.518322,-1.0
0.650103,0.772012,0.47067,-0.720399,0.09368,-0.969442,0.485207,0.425452,0.068178,-0.442821,0.131795,0.543227,-0.138325,-0.453364,-0.942546
0.97876,-0.453615,0.100079,0.954689,-0.353883,-0.941871,0.35091,0.058412,-0.08215,-0.20058,0.678758,0.149505,-0.484815,-0.110893,-1.0
0.712847,-0.501775,-0.74859,0.006979,-0.761772,0.727956,0.904434,0.450984,-0.587396,0.459402,0.07035,0.012284,-0.354822,0.211839,-0.977258
0.306925,0.998248,-0.648567,0.987198,0.293302,-0.019425,0.349242,0.743157,0.265417,-0.021414,-0.008371,0.668999,0.052247,-0.474899,-0.954781
-0.116321,0.271046,-0.246331,-0.575669,-0.849495,-0.279843,0.346064,0.780219,-0.227282,-0.028185,0.422866,0.333439,-0.440098,-0.383106,-1.0
0.018727,0.82072,-0.301944,0.204592,-0.31709,-0.769171,0.465142,0.873339,-0.162118,-0.319045,0.114942,0.55822,-0.110216,-0.553078,-0.943215
0.087196,-0.704836,0.431738,0.17212,-0.720833,-0.143806,0.702359,0.428305,-0.555561,-0.042397,0.253381,-0.189868,-0.432698,0.268274,-1.0
-0.681034,-0.9221,-0.715024,-0.672404,-0.876053,0.150251,0.872958,0.610652,-0.679534,0.09056,0.024338,-0.058946,-0.098924,0.469075,-1.0
-0.566131,-0.463828,0.421928,-0.755086,0.120004,-0.006727,0.655804,0.891704,0.465326,0.088956,-0.295145,-0.201022,0.479077,0.271107,-0.991106
0.161835,-0.254421,0.81338,0.39645,0.848985,0.966034,0.168166,0.795316,0.050825,0.04147,-0.388903,-0.674287,0.24456,0.435386,-0.928731
0.234191,-0.529791,0.062682,-0.772454,0.988698,-0.501563,0.294263,0.89357,0.265713,-0.027538,-0.685027,0.023438,0.499108,-0.041743,-1.0
-0.905382,0.694735,-0.448089,-0.046196,0.565243,0.038219,0.368679,0.211386,0.255641,-0.002676,-0.632095,0.224477,0.402092,-0.188429,-0.998168
-0.61409,-0.792395,-0.387704,-0.555817,0.274935,-0.748208,0.35908,0.553013,0.030088,-0.29146,-0.660535,-0.077105,0.498254,-0.01274,-1.0
0.157636,-0.364418,-0.710257,-0.318022,-0.248382,0.773265,0.076143,0.5815,-0.02256,0.142937,0.263319,-0.876808,-0.044278,0.509479,-0.929337
0.001472,0.3214,-0.070684,0.830795,0.515823,-0.759536,0.986294,0.638179,0.370028,-0.637285,-0.119031,0.101636,0.254773,-0.42548,-1.0
-0.972164,-0.590106,0.573811,0.033231,0.82646,0.156466,0.966932,0.994977,0.790938,0.105239,0.008821,0.00665,0.596243,0.160044,-1.0
-0.233068,0.36923,-0.876632,-0.175564,0.772262,-0.380708,0.948671,0.326033,0.650914,-0.348978,-0.007394,0.090398,0.417769,-0.224814,-1.0
0.38056,-0.595234,0.143788,-0.150543,0.01236,-0.467114,0.513684,0.414531,-0.00261,-0.4184,0.409299,-0.162597,-0.523609,0.20668,-1.0
-0.987331,0.274543,-0.536834,-0.009559,-0.446741,-0.693193,0.451465,0.172601,-0.101139,-0.22742,-0.252487,0.47776,0.32213,-0.375379,-1.0
-0.717381,0.632926,0.588642,-0.821226,-0.74741,0.308996,0.130262,0.031434,-0.171353,0.071458,0.036441,0.855035,-0.068772,-0.435454,-1.0
0.420611,0.956608,-0.926,-0.640281,0.768055,0.98247,0.375245,0.915301,0.238406,0.235932,-0.653453,-0.056951,0.52095,0.123357,-0.896504
-0.181216,-0.858378,-0.296075,-0.24337,0.864764,0.05187,0.316214,0.943395,0.26566,-0.024503,-0.440638,-0.528136,0.41195,0.301574,-1.0
-0.169475,0.087867,-0.273532,-0.032976,-0.012642,0.730963,0.038895,0.54509,0.000289,0.110474,-0.233085,-0.905264,0.119853,0.38356,-0.981079
0.23824,0.215394,0.210452,-0.479019,-0.582904,-0.706477,0.168667,0.553494,-0.091878,-0.013868,0.556623,0.632937,-0.34518,-0.413643,-1.0
0.88304,-0.066939,0.761334,-0.355163,0.264612,0.192852,0.667987,0.00279,0.441031,0.306818,0.347375,-0.207817,-0.509918,0.157294,-1.0
-0.577635,-0.195425,-0.235319,0.290573,0.21739,-0.775818,0.161463,0.544817,-0.007716,-0.132429,-0.708209,0.500657,0.37165,-0.290585,-0.999208
0.759484,-0.046176,0.026339,0.017492,0.993408,-0.763386,0.544497,0.919365,0.404639,-0.312044,-0.151301,0.459592,0.18764,-0.450482,-1.0
0.479066,0.452056,-0.635305,0.967423,-0.275296,-0.734266,0.335228,0.111174,-0.20738,-0.239172,0.399924,0.50565,-0.26641,-0.427097,-0.940391
0.415707,-0.064298,0.696088,-0.421572,-0.960636,0.955988,0.543294,0.734947,-0.253778,0.31998,0.429871,-0.277534,-0.438698,0.343296,-0.968532
0.25076,-0.357949,-0.365979,-0.023685,-0.193546,0.913344,0.799783,0.006974,-0.111441,0.64237,0.127567,-0.19252,-0.210973,0.457725,-0.997409
-0.668354,0.826338,0.8522,-0.930332,-0.278902,0.637579,0.605745,0.743265,-0.197111,0.488711,-0.386178,0.140224,0.405394,-0.203146,-1.0
-0.485605,-0.367884,-0.663653,-0.492926,-0.26625,-0.974089,0.836943,0.894624,-0.199636,-0.69951,-0.013478,0.158137,0.18555,-0.506379,-0.98286
0.307808,0.002525,0.374899,0.628877,0.802785,0.9175,0.628707,0.427064,0.308355,0.39925,-0.148696,-0.334769,0.225358,0.503104,-0.899354
0.85731,-0.258448,-0.043861,0.423551,0.177023,0.533213,0.527725,0.446559,0.060743,0.421872,0.236114,-0.346386,-0.250712,0.441159,-1.0
-0.754667,-0.945658,-0.397131,-0.312841,0.73583,0.863888,0.165357,0.634775,0.094365,0.102829,-0.491464,-0.54352,0.340495,0.398494,-0.99667
0.069529,-0.009818,-0.428572,0.8797,0.862215,-0.443937,0.939239,0.069995,0.615321,-0.343924,0.023468,-0.044264,0.353176,-0.348854,-0.869855
-0.253561,-0.148205,0.456683,0.304664,-0.980965,0.006173,0.341433,0.428705,-0.193541,-0.002124,0.638455,-0.126925,-0.460279,0.104339,-0.956376
0.637919,0.309121,0.617138,-0.40124,0.28982,-0.055317,0.621004,0.688104,0.446127,-0.113406,0.306904,0.307792,-0.35533,-0.364198,-0.994915
0.47333,-0.956184,-0.664729,0.26479,0.60057,0.56452,0.970288,0.741565,0.661301,0.611769,0.010964,-0.006968,0.034124,0.464195,-0.952985
-0.834775,-0.156755,0.65286,-0.495345,0.094275,-0.823913,0.387536,0.342317,-0.040734,-0.317789,-0.490696,0.255543,0.338324,-0.284262,-1.0
0.93054,-0.067455,-0.168557,-0.901925,-0.490299,0.435682,0.0083,0.1411,-0.058504,-0.085432,0.954706,-0.315916,-0.411584,0.15275,-0.918401
-0.094034,-0.862227,0.274707,-0.832034,-0.600936,0.607152,0.818687,0.01939,-0.450956,0.484142,-0.042501,-0.139479,-0.189686,0.456668,-1.0
0.973384,0.771749,0.508895,-0.917778,0.185734,0.070937,0.912416,0.348308,0.737457,0.238465,0.083471,0.158568,-0.314733,-0.324403,-1.0
-0.384814,-0.928103,0.593894,0.882961,-0.002644,-0.696952,0.153647,0.107563,-0.02655,-0.081662,-0.688236,-0.351124,0.456009,0.230555,-0.86624
-0.610018,0.836546,0.153705,-0.077187,0.49943,-0.718476,0.053566,0.886173,-0.047375,-0.089332,-0.618556,0.697114,0.281739,-0.408395,-0.961329
-0.728687,0.398704,-0.612853,-0.908075,0.147876,0.699229,0.728885,0.925004,0.114519,0.537232,-0.185215,-0.124426,0.519537,0.212573,-0.905277
-0.356362,-0.745585,-0.579023,0.767936,-0.30901,-0.87448,0.051983,0.593151,-0.042311,0.028638,-0.271824,0.859015,0.079385,-0.388098,-1.0
-0.486997,0.649583,0.807587,0.640612,-0.637735,0.884541,0.020767,0.293534,-0.033695,-0.013649,0.584458,-0.892331,-0.220239,0.324295,-0.966435
-0.728659,-0.718917,-0.215346,0.294785,-0.211026,-0.19061,0.688384,0.936256,-0.354988,-0.405354,-0.257683,-0.183974,0.402902,0.418404,-1.0
-0.369582,0.353138,0.909313,-0.2724,-0.176688,0.78639,0.244309,0.237139,0.027008,0.197887,-0.234271,-0.6359,0.299887,0.353471,-0.905246
-0.846429,0.723023,-0.958256,0.561633,-0.666256,-0.898501,0.744603,0.951461,-0.329436,-0.468624,-0.131373,0.271234,0.022041,-0.426095,-0.945228
0.328828,-0.445057,0.22856,0.444892,-0.640731,-0.237039,0.623227,0.986485,-0.462889,-0.152899,0.436634,-0.084503,-0.523918,0.088971,-1.0
0.518988,-0.768276,-0.472834,0.208571,-0.043967,-0.75569,0.483318,0.143455,0.056696,-0.343797,0.46742,-0.013059,-0.50828,0.137711,-0.937331
0.096723,-0.814967,0.164807,-0.444011,0.374347,0.139838,0.085538,0.783748,0.105014,-0.003633,-0.131701,-0.863593,0.072997,0.513937,-0.978328
-0.946616,-0.217323,0.161798,-0.804989,-0.054761,0.214278,0.651946,0.917087,-0.072289,0.517927,-0.254142,-0.100485,0.431723,0.192257,-1.0
0.239522,0.578505,-0.431957,0.999709,0.714839,-0.301926,0.644425,0.768392,0.478539,-0.163812,-0.108287,0.348387,0.301054,-0.374814,-0.959154
0.932803,0.971693,-0.52378,-0.826332,0.132636,0.928753,0.931295,0.447782,0.058222,0.754374,0.103011,-0.022362,-0.485928,-0.044503,-1.0
-0.53467,0.133343,-0.532357,-0.404308,0.058627,0.878269,0.710436,0.875044,0.052664,0.657609,-0.237053,-0.236429,0.339991,0.37621,-0.955557
0.986989,0.448703,-0.782123,-0.220694,0.873846,0.538297,0.262611,0.105102,0.244634,0.144098,0.494849,-0.378819,-0.434555,0.287247,-0.999673
0.420619,0.788708,-0.317159,0.614291,-0.853967,-0.638687,0.383085,0.046426,-0.301713,-0.224282,0.444889,0.563662,-0.303027,-0.300456,-0.96913
0.85548,0.251711,-0.897759,-0.770734,0.820091,-0.495756,0.769711,0.620479,0.572803,-0.453183,0.038632,0.139364,-0.02582,-0.476924,-1.0
-0.354201,-0.043264,0.05188,-0.307673,0.555312,-0.269023,0.457522,0.556549,0.363948,-0.167916,-0.523328,0.177589,0.473598,-0.132799,-0.998129
-0.689384,-0.272602,-0.563252,-0.326172,-0.029487,-0.769687,0.766144,0.72162,-0.092049,-0.632437,-0.12384,0.113234,0.488495,-0.37166,-1.0
-0.470644,0.016179,-0.889461,0.425599,0.973947,-0.008772,0.4994,0.170036,0.311512,0.085269,-0.521536,-0.096065,0.433624,0.00682,-1.0
0.627286,-0.640304,0.033769,0.977945,0.233571,0.15318,0.603054,0.719058,0.546265,0.249779,0.123996,-0.314511,-0.305045,0.513123,-0.893551
0.918769,-0.977364,-0.798241,0.681369,-0.066049,-0.252657,0.548013,0.839743,-0.152101,-0.477245,0.354936,-0.371263,-0.378955,0.258299,-0.917547
-0.947169,-0.72166,-0.855509,-0.26877,-0.540529,0.456107,0.367565,0.676428,-0.203477,0.28674,-0.199854,-0.606125,0.081239,0.456364,-1.0
0.83263,0.188089,0.539828,-0.901141,0.17576,0.64868,0.393235,0.27828,0.122613,0.343921,0.573449,-0.352458,-0.491202,0.245147,-0.879161
0.650778,0.220237,-0.573436,-0.697493,-0.320979,-0.972666,0.556322,0.536598,-0.118006,-0.487332,0.215087,0.284963,-0.348202,-0.428633,-1.0
-0.490824,0.996818,-0.815371,0.75047,-0.058641,-0.40412,0.540144,0.29773,-0.03021,-0.379976,-0.107548,0.360909,0.292752,-0.389364,-0.961775
0.542259,0.700377,-0.745779,-0.258256,-0.116324,0.682755,0.902715,0.426682,-0.095325,0.641649,0.076884,-0.092638,-0.539867,-0.07483,-0.963574
-0.80986,0.74389,0.313634,-0.977755,-0.084637,-0.895768,0.614209,0.202379,-0.061333,-0.518611,-0.197911,0.279614,0.162421,-0.477999,-0.870133
-0.841295,0.206054,-0.711949,-0.837447,0.558172,0.295715,0.522573,0.855698,0.2985,0.206082,-0.436175,-0.119956,0.479824,0.044656,-1.0
-0.588378,0.373974,0.628199,0.361728,0.312058,0.20838,0.983101,0.600793,0.684892,0.421837,0.024603,0.00658,0.504643,-0.019305,-0.916806
0.872996,0.696693,-0.340118,-0.795372,-0.269447,0.492033,0.039482,0.621959,-0.030862,0.031417,0.947191,0.179023,-0.434258,-0.263818,-1.0
-0.376238,0.424507,0.235325,0.40323,-0.546384,-0.247515,0.913713,0.50217,-0.686609,-0.32165,0.045543,0.056125,-0.182323,-0.378525,-0.937242
0.851524,0.944702,0.02328,0.134447,-0.400051,-0.69678,0.471786,0.879363,-0.127295,-0.372324,0.278444,0.391212,-0.30742,-0.40466,-0.963306
0.436348,0.175958,-0.218429,-0.070916,-0.189914,0.35599,0.126581,0.732682,0.027066,0.120318,0.808371,-0.158213,-0.45964,0.109945,-0.939564
-0.601774,-0.521751,0.644521,-0.29929,0.251326,0.143554,0.59388,0.647288,0.441589,0.199926,-0.330964,-0.24424,0.29925,0.203989,-0.922834
-0.436301,-0.597081,-0.598956,-0.874258,-0.27623,0.451995,0.95035,0.91379,-0.362351,0.632699,-0.081861,-0.015375,0.089951,0.485056,-1.0
-0.847347,-0.940904,-0.400544,-0.091724,0.47576,0.936157,0.85829,0.515894,0.303714,0.607092,-0.186815,-0.126065,0.269253,0.482243,-1.0
0.675356,0.196191,0.170902,-0.2297,0.394259,-0.869245,0.139785,0.112195,0.037811,-0.203792,0.179959,0.823042,-0.015764,-0.479955,-1.0
-0.28822,0.294267,0.141321,-0.745053,-0.708144,0.656123,0.625422,0.29074,-0.352014,0.263517,0.255062,-0.268609,-0.322086,0.299361,-0.987156
0.595386,0.573652,-0.377985,0.177353,0.089115,0.285647,0.447123,0.958391,0.172485,0.306904,0.470191,0.259743,-0.52182,-0.246148,-1.0
0.132999,-0.490896,-0.51712,-0.453999,0.197164,0.438442,0.449739,0.554929,0.213755,0.356171,-0.042313,-0.512545,0.10452,0.484929,-0.925227
0.206059,0.343047,-0.778945,-0.640089,0.869463,0.579476,0.04326,0.483532,0.05931,-0.010262,-0.846786,-0.330278,0.518939,0.173043,-0.88202
-0.639613,-0.865896,0.306469,-0.36012,0.260667,-0.649628,0.072501,0.506556,0.043958,-0.084935,-0.964668,-0.243265,0.511744,0.077657,-1.0
0.648825,0.88405,-0.42099,-0.518112,-0.012312,0.934869,0.748993,0.214258,-0.015612,0.654165,0.220424,-0.036575,-0.501675,0.055428,-0.924513
0.242113,-0.2804,0.880215,-0.758506,0.047895,0.882367,0.913242,0.509853,0.094743,0.686398,0.04352,-0.017587,-0.196635,0.515325,-1.0
-0.274889,0.430753,0.523872,-0.040942,-0.829838,0.998957,0.110459,0.377548,0.034601,0.152689,0.707865,-0.666085,-0.429287,0.37986,-1.0
0.386064,-0.400647,0.94397,0.373103,-0.457435,-0.191346,0.898676,0.546831,-0.667831,-0.312738,0.055814,0.010642,-0.375367,0.116168,-1.0
0.369979,0.274428,0.005568,-0.094155,0.048072,0.671725,0.546513,0.41287,0.064201,0.464039,0.270077,-0.317489,-0.363246,0.41149,-1.0
-0.256543,-0.207797,-0.924851,0.007828,0.169218,-0.269788,0.133032,0.10681,0.073752,-0.131502,-0.843701,0.078097,0.466857,-0.036928,-0.889504
0.805221,0.055527,-0.005334,-0.174354,0.873193,0.558273,0.041326,0.030587,0.1079,0.010699,-0.079912,-0.958969,0.123488,0.485717,-1.0
0.843472,-0.652603,-0.196993,0.061962,0.749407,0.110302,0.837964,0.868119,0.680861,0.027034,0.056309,-0.089094,-0.006391,0.482073,-0.946654
0.775347,-0.693764,-0.070949,0.518316,0.277292,0.694687,0.456466,0.430304,0.169001,0.326964,0.084172,-0.519834,-0.074215,0.372666,-0.91218
0.36679,-0.539463,0.411148,0.114723,-0.215302,-0.551317,0.978269,0.624512,-0.303132,-0.66797,0.065689,-0.015599,-0.555768,-0.02957,-0.938368
0.807291,0.240061,-0.736591,0.111569,0.77491,-0.228002,0.530843,0.987395,0.483091,-0.163239,-0.001651,0.409908,-0.000486,-0.490813,-1.0
-0.192412,0.201136,-0.215092,-0.769965,0.440778,-0.782634,0.835801,0.036965,0.231241,-0.513074,-0.082544,0.167593,0.285766,-0.331147,-0.979707
0.948967,0.680087,-0.342302,-0.594921,-0.274883,-0.069958,0.519412,0.950136,-0.366846,-0.178289,0.486586,0.226087,-0.425188,-0.20754,-1.0
0.312198,-0.048104,0.468033,-0.344516,0.215952,0.799066,0.496524,0.055849,0.083443,0.392685,0.104563,-0.506057,-0.060932,0.473326,-1.0
0.46488,-0.334125,0.097525,-0.038399,-0.923289,0.390473,0.04041,0.35259,-0.063406,0.092217,0.869534,-0.497957,-0.369936,0.199955,-0.983524
-0.632224,0.401791,-0.360107,0.363878,-0.942285,-0.343065,0.45758,0.854648,-0.359717,-0.089684,0.262682,0.449276,-0.247565,-0.508502,-0.971711
0.262794,0.849825,0.175626,-0.69417,0.94976,0.836562,0.587545,0.192376,0.392688,0.219229,-0.33876,-0.07113,0.454606,-0.024211,-1.0
0.9695,-0.950904,0.77625,-0.277994,0.53334,-0.941032,0.979522,0.828171,0.371529,-0.732699,-0.018509,-0.000502,-0.528366,-0.046884,-1.0
0.846967,-0.633568,0.635708,-0.649105,-0.115696,0.611908,0.486963,0.886891,-0.080945,0.400794,0.369251,-0.375773,-0.284117,0.45968,-0.986012
-0.694969,-0.558473,0.942362,0.231591,0.749866,-0.676828,0.100125,0.056872,0.000118,-0.038579,-0.947779,0.066758,0.506403,-0.023403,-1.0
-0.55345,0.500422,0.127528,0.810211,-0.297269,-0.625984,0.676625,0.491473,-0.166608,-0.529456,-0.082347,0.237033,0.04903,-0.398582,-1.0
0.430889,0.306319,-0.078597,0.843061,-0.925682,0.230032,0.285147,0.063196,-0.182541,-0.035259,0.712647,0.066507,-0.510963,0.010966,-1.0
-0.232705,-0.788685,0.253787,0.773755,0.684115,0.604214,0.380856,0.422484,0.199143,0.192192,-0.347694,-0.561322,0.217336,0.383791,-0.967145
0.092515,-0.614912,-0.535449,0.970502,0.514338,-0.491078,0.701131,0.380618,0.494688,-0.360399,-0.4382,-0.093478,0.445832,0.14789,-0.995547
-0.284999,-0.341997,-0.481274,0.005967,-0.598942,0.951546,0.772342,0.797789,-0.385826,0.419998,0.119312,-0.240069,-0.123104,0.666516,-0.952374
0.303602,0.631159,0.37052,-0.31908,0.410285,0.604314,0.336035,0.979323,0.136835,0.184109,-0.698473,0.227396,0.444273,-0.125424,-1.0
-0.295605,0.484555,-0.381478,0.027095,0.066754,-0.169135,0.922694,0.055641,0.270989,-0.725401,-0.063361,0.036097,0.236657,-0.392612,-0.994746
-0.608111,0.143311,-0.183515,0.39049,0.153176,0.766489,0.999593,0.68992,0.116454,0.77391,-0.027909,0.063437,0.333986,0.206785,-1.0
-0.009393,-0.395226,-0.442468,-0.155404,0.722083,0.269055,0.213523,0.643307,0.277294,0.131978,-0.621354,-0.513707,0.326514,0.35995,-0.94088
-0.922031,0.242193,0.12706,0.452022,-0.021103,-0.722566,0.646585,0.378597,-0.020456,-0.593606,-0.251563,0.278812,0.411062,-0.321743,-0.951739
-0.337351,0.365034,-0.715688,0.793173,0.463302,-0.34024,0.882064,0.360883,0.567895,-0.493525,-0.061377,0.047674,0.348943,-0.297532,-0.991429
-0.999777,0.861908,-0.397821,-0.652377,0.252848,0.496719,0.096059,0.397325,0.060876,0.073997,-0.81463,0.204204,0.485395,-0.036845,-1.0
-0.611413,-0.161741,0.282066,-0.609128,-0.805184,0.989631,0.628583,0.193611,-0.255117,0.386904,-0.017718,-0.416177,-0.100692,0.477479,-0.925999
0.463107,0.096635,0.15891,0.807685,0.109579,-0.227095,0.235306,0.908955,0.086767,-0.144863,0.651042,0.504342,-0.299103,-0.348184,-0.981508
-0.172626,0.403567,-0.514688,-0.271862,0.994629,-0.60074,0.072508,0.06154,-0.030692,-0.033299,-0.698246,0.59063,0.450591,-0.368744,-1.0
-0.149608,-0.228651,0.006755,-0.988235,0.115893,0.05222,0.480395,0.087304,0.326787,0.110897,-0.409611,-0.354259,0.394577,0.277297,-0.932263
-0.983854,-0.028958,0.962391,-0.180382,0.628244,-0.605604,0.907627,0.237499,0.491326,-0.459401,-0.089429,0.051444,0.430008,-0.141568,-1.0
0.370709,0.170213,0.440526,-0.149869,0.328098,0.243075,0.896212,0.669194,0.622826,0.510072,0.047875,-0.06346,-0.236501,0.455327,-1.0
0.014283,-0.420801,-0.71677,0.038758,0.615542,0.382844,0.508,0.400317,0.359917,0.243217,-0.315085,-0.305984,0.286857,0.380141,-0.946574
0.278229,-0.647353,0.1156,0.932114,0.782035,0.51397,0.286937,0.66765,0.215993,0.197818,-0.353149,-0.648826,0.209962,0.494764,-0.946715
0.545195,-0.109735,-0.271956,-0.208524,0.099751,-0.145386,0.854868,0.595394,0.342225,-0.581424,0.158023,0.069545,-0.434793,0.025515,-0.931319
-0.900893,0.524808,0.94346,-0.621441,0.570682,-0.417068,0.70665,0.420591,0.377642,-0.302906,-0.280551,0.198187,0.419964,-0.329626,-0.979807
-0.304861,-0.853248,-0.028627,-0.975392,0.575508,-0.481108,0.460051,0.491613,0.315604,-0.327289,-0.426366,-0.191359,0.534633,0.201892,-1.0
0.461313,0.343082,-0.593223,-0.904518,-0.960808,0.432654,0.156516,0.081613,-0.077929,-0.004854,0.763608,0.008222,-0.391777,0.035842,-0.940271
-0.037256,-0.522446,-0.756046,0.827651,-0.04565,0.684463,0.529228,0.494459,-0.040717,0.534278,0.028474,-0.44304,0.047137,0.448519,-0.973002
-0.560811,-0.143052,-0.546535,-0.247478,-0.200338,-0.891479,0.031055,0.85038,0.044645,0.055676,-0.422029,0.87945,0.265753,-0.447743,-1.0
-0.721361,-0.599705,-0.697382,0.943692,0.05535,-0.515106,0.165024,0.008786,0.026536,-0.100122,-0.80191,-0.023316,0.545395,0.040877,-0.979456
0.829717,0.568252,0.230396,0.190716,-0.695496,3.8e-05,0.46909,0.936776,-0.326741,-0.022616,0.488844,0.139632,-0.465333,-0.248543,-1.0
0.780239,-0.187619,0.834428,0.136478,0.941998,-0.749366,0.616742,0.14732,0.370352,-0.376576,-0.080021,0.377734,0.087673,-0.44955,-1.0
-0.255028,-0.945027,0.866482,-0.185398,-0.686027,-0.117949,0.788153,0.354023,-0.539628,-0.184667,0.16649,-0.120602,-0.242583,0.484725,-1.0
0.696866,0.108574,0.898466,0.249876,-0.803545,-0.686547,0.990479,0.134688,-0.568025,-0.501634,0.023699,0.013282,-0.48377,-0.256673,-1.0
-0.779174,0.871312,-0.847448,-0.787225,0.285325,-0.211824,0.706659,0.323872,0.479436,-0.316258,-0.208149,0.237815,0.269175,-0.377957,-1.0
-0.053398,-0.716998,-0.161867,-0.357057,-0.325542,-0.276803,0.193301,0.916858,-0.116091,-0.04055,0.542808,-0.639428,-0.264517,0.45994,-1.0
0.592492,0.825948,-0.907856,-0.755411,0.597547,0.687867,0.325289,0.614559,0.180737,0.180269,-0.052939,0.743504,0.154624,-0.551948,-1.0
0.132857,0.105057,0.657201,0.928126,-0.708715,-0.379674,0.066701,0.261769,-0.043587,-0.116255,0.80846,0.448216,-0.428021,-0.228341,-0.920953
-0.854719,0.421168,-0.19385,-0.043839,0.901954,-0.547642,0.570415,0.383153,0.359754,-0.245668,-0.361345,0.176705,0.420637,-0.291624,-0.942142
0.927131,-0.569652,0.616567,0.770731,-0.046856,-0.783975,0.502,0.97758,-0.039319,-0.299422,0.480457,0.126787,-0.556391,-0.144305,-0.996063
-0.309872,-0.952153,-0.418398,-0.795684,0.307857,-0.452517,0.676609,0.067146,0.176681,-0.491953,-0.176845,-0.231512,0.433828,0.404323,-0.970925
0.703699,-0.846634,0.318627,-0.664318,-0.195929,-0.147855,0.182299,0.848766,-0.098191,-0.069923,0.714779,-0.593476,-0.398981,0.32549,-1.0
-0.569999,0.215052,0.570246,0.006937,0.943594,-0.753207,0.282316,0.434299,0.178579,-0.167669,-0.699443,0.436759,0.397698,-0.266096,-0.940773
0.093433,0.016347,0.129997,-0.794794,-0.952343,-0.600071,0.579795,0.433375,-0.335056,-0.309356,0.385564,0.221762,-0.424249,-0.294769,-1.0
0.738256,-0.005015,-0.428273,0.112268,-0.949091,-0.715543,0.354874,0.013828,-0.191759,-0.17115,0.595732,0.295085,-0.36824,-0.253542,-1.0
0.140009,-0.871348,0.84676,-0.281299,-0.992817,0.574858,0.499304,0.814483,-0.413729,0.223661,0.268248,-0.396655,-0.284657,0.438868,-0.975362
0.201896,0.767374,-0.910465,0.337468,0.37773,0.040624,0.305959,0.756315,0.219091,-0.062353,-0.107992,0.669342,0.124944,-0.496749,-1.0
-0.380208,0.472842,0.183584,-0.541952,0.698327,-0.759831,0.321874,0.392039,0.312841,-0.181947,-0.417003,0.571902,0.310037,-0.412895,-1.0
-0.069284,0.266608,-0.19813,-0.936913,-0.491946,0.190032,0.699098,0.325496,-0.48778,0.193021,0.297129,0.056059,-0.40172,-0.115668,-1.0
-0.083922,0.1171,-0.872686,0.703063,0.426009,-0.005141,0.438388,0.220931,0.351772,0.055875,-0.513404,0.115639,0.480917,-0.132262,-0.991031
-0.760088,0.514274,-0.490515,0.053968,0.725286,0.174726,0.278488,0.596419,0.221621,0.04607,-0.703743,0.113651,0.533323,-0.188885,-0.953046
0.920041,0.478462,0.659198,-0.73424,-0.936822,0.779973,0.573542,0.31741,-0.37703,0.342265,0.384621,-0.166171,-0.581734,0.030864,-1.0
-0.395551,0.850385,-0.217437,-0.768034,0.274002,-0.538878,0.916682,0.295478,0.392722,-0.645483,-0.042782,0.069897,0.276874,-0.471061,-0.98299
-0.620998,0.584244,0.45248,0.018478,-0.532302,-0.954194,0.594132,0.211832,-0.233678,-0.373849,0.055796,0.35981,0.014864,-0.428495,-1.0
-0.184241,0.616408,-0.561596,-0.775482,-0.872746,-0.061727,0.889726,0.252634,-0.711171,-0.018599,0.052876,0.036491,-0.309653,-0.323237,-1.0
0.796869,-0.011973,0.533239,0.189928,0.897468,0.654559,0.155355,0.684669,0.067876,0.102905,-0.133955,-0.8598,0.160259,0.550602,-0.951604
-0.728368,0.105738,-0.180145,-0.647857,-0.05007,0.131381,0.846282,0.728123,-0.23504,0.691666,-0.063135,-0.058191,0.520498,-0.110689,-0.927262
-0.516291,0.811545,-0.376218,0.970273,0.527393,0.906942,0.371956,0.100681,0.153242,0.141106,-0.610836,-0.18766,0.516611,0.058693,-0.99206
-0.134527,0.992022,-0.083559,0.979699,0.936267,-0.408287,0.987911,0.673465,0.758908,-0.248772,0.120728,0.037167,0.223554,-0.372795,-0.937165
0.364949,-0.90221,0.863673,0.911742,0.905996,-0.359409,0.982875,0.113597,0.737536,-0.283413,-0.050044,0.049045,0.307482,0.338004,-0.988256
0.057075,0.203606,-0.325142,0.512714,0.929237,0.541875,0.884191,0.852276,0.699986,0.385723,-0.0516,0.040184,0.578688,0.150215,-0.979919
-0.323766,0.433259,-0.393343,-0.275206,-0.182576,-0.046155,0.707228,0.178836,-0.531783,-0.115649,-0.075347,0.374466,0.136272,-0.354192,-0.936881
0.814286,-0.523141,-0.600393,-0.4293,0.041851,-0.415473,0.306621,0.373846,0.029111,-0.274243,0.658502,-0.082539,-0.430147,0.114359,-1.0
0.360803,-0.215231,-0.792134,-0.852667,-0.70813,-0.743361,0.569057,0.822036,-0.385632,-0.408906,0.399688,0.216363,-0.415463,-0.216168,-0.934522
0.400654,-0.285328,0.816686,-0.051526,-0.689406,0.661084,0.812798,0.752759,-0.525323,0.395727,0.141997,-0.127509,-0.311919,0.362819,-1.0
-0.744963,-0.799002,0.625935,-0.058875,-0.212073,-0.119825,0.645592,0.255099,-0.541522,-0.230981,-0.224204,-0.282738,0.342909,0.379704,-0.952026
0.425776,0.745562,-0.638069,-0.876423,-0.170268,-0.047577,0.018774,0.243786,-0.010899,0.019339,0.538855,0.78056,-0.311318,-0.438683,-0.996383
0.448724,0.439607,-0.437302,-0.85518,0.133455,0.984621,0.733008,0.415345,0.107609,0.577913,0.127351,-0.171191,-0.285397,0.472779,-0.97025
-0.683102,0.158368,-0.317559,-0.89603,-0.688825,-0.7408,0.744826,0.497412,-0.353832,-0.408418,0.041768,0.249197,-0.025121,-0.577331,-1.0
-0.299612,0.144155,0.300095,-0.561519,0.050892,0.768686,0.42911,0.807898,0.069318,0.293543,-0.267595,-0.575984,0.231701,0.452475,-0.981394
-0.02603,0.337844,0.332347,0.722463,-0.401067,-0.85011,0.725823,0.347677,-0.33908,-0.512931,0.062875,0.241071,-0.306346,-0.458313,-0.984136
-0.262122,0.520118,0.011512,0.53988,-0.962214,-0.352326,0.798597,0.581688,-0.476933,-0.269092,0.148081,0.113553,-0.285929,-0.316246,-1.0
-0.566311,0.215325,0.733767,0.79362,0.487669,0.980628,0.307275,0.548045,0.168015,0.317379,-0.499548,-0.330566,0.454806,0.30424,-0.967456
-0.476234,0.899974,0.818779,0.326867,0.641574,-0.059193,0.507155,0.172644,0.487234,-0.079119,-0.409498,0.288598,0.456331,-0.319853,-1.0
-0.409257,0.405998,-0.928469,0.321068,0.541723,0.69347,0.773945,0.29634,0.387905,0.512526,-0.172933,-0.054761,0.453225,0.149213,-1.0
-0.731656,0.795951,0.122016,-0.684972,0.99901,0.1465,0.320962,0.363015,0.308379,0.065884,-0.570436,0.163432,0.457215,-0.169443,-0.976701
-0.609355,0.773736,0.925011,0.82509,0.762181,0.340527,0.209462,0.652436,0.213997,0.037701,-0.685039,0.231254,0.523655,-0.211045,-0.992815
-0.642183,0.732295,-0.563884,-0.593993,-0.849041,-0.390927,0.57526,0.443908,-0.372789,-0.208168,0.1392,0.482983,-0.110043,-0.501892,-1.0
-0.920127,0.88863,-0.251157,-0.91409,0.476617,-0.467283,0.153871,0.635007,0.016257,-0.095593,-0.608448,0.611804,0.308194,-0.369546,-1.0
-0.077065,-0.817445,0.463669,-0.303438,-0.867064,0.157798,0.738356,0.275025,-0.693922,0.095985,0.182282,-0.150651,-0.35075,0.408135,-1.0
0.068463,0.569817,-0.949954,0.787635,-0.76159,-0.437875,0.840768,0.052185,-0.621947,-0.374748,0.122635,0.117404,-0.363962,-0.37485,-1.0
0.506049,0.203493,0.314573,-0.325544,-0.44261,0.989674,0.836669,0.624548,-0.299872,0.580128,-0.011532,-0.082962,-0.367463,0.402296,-1.0
0.18621,-0.145107,0.378114,0.89082,0.91936,0.348529,0.437827,0.626468,0.394409,0.040447,-0.405133,-0.270291,0.433848,0.234601,-0.997439
0.098498,0.408872,-0.767477,0.718111,0.840956,0.409211,0.223195,0.080331,0.138457,0.119623,-0.763291,-0.059446,0.476226,-0.025858,-1.0
0.136683,0.875175,-0.577405,0.8361,0.581517,0.174009,0.315673,0.902181,0.31846,0.09623,-0.317929,0.564839,0.289115,-0.40618,-1.0
-0.044054,0.132604,-0.7374,-0.466971,-0.443779,0.866,0.08283,0.720059,-0.009531,0.004473,0.484266,-0.746603,-0.24297,0.509532,-1.0
-0.441473,-0.934163,-0.611524,0.276324,0.21315,-0.77053,0.669672,0.478557,0.127682,-0.559018,-0.352698,-0.032441,0.396498,0.185586,-1.0
0.692437,0.444642,0.365141,0.186316,-0.722945,0.932244,0.024969,0.217895,-0.044462,-0.012125,0.961019,-0.330215,-0.548842,0.189513,-1.0
0.293239,0.491035,0.57315,-0.5492,0.253465,-0.412631,0.925321,0.89364,0.358555,-0.595323,0.017696,0.057605,-0.069124,-0.308995,-1.0
-0.704851,-0.088883,-0.048161,-0.763639,0.658757,-0.407455,0.821696,0.914361,0.470472,-0.380768,-0.233412,0.110161,0.535254,-0.189132,-1.0
0.668976,-0.930826,0.128287,-0.718134,0.233216,0.234739,0.06687,0.428221,0.055926,0.100559,0.228949,-0.812845,-0.178926,0.440642,-0.9396
-0.63964,0.747537,0.66727,0.716359,-0.996629,0.133265,0.223761,0.763487,-0.174486,-0.016447,0.378352,0.703683,-0.204848,-0.388887,-0.9902
-0.92737,0.820047,-0.160234,-0.227946,0.527133,0.222228,0.375129,0.304256,0.271281,0.141012,-0.671538,0.246093,0.485253,-0.183329,-0.981108
0.03832,0.434786,-0.920935,0.632828,0.942345,0.704951,0.613641,0.442249,0.3299,0.362565,-0.431518,-0.088711,0.57343,0.149214,-1.0
0.574773,-0.88142,0.420397,-0.57319,0.38259,-0.225251,0.038933,0.154106,0.094879,0.020385,0.324399,-0.889756,-0.216865,0.474678,-1.0
0.15732,0.362274,0.609214,0.414737,0.331148,-0.30361,0.263289,0.810984,0.12473,-0.161107,-0.109812,0.701728,0.089216,-0.458923,-0.94559
-0.608109,0.976955,0.985795,0.132001,0.479437,0.003083,0.323939,0.244704,0.301271,-0.022509,-0.466856,0.419659,0.328336,-0.268109,-0.976052
-0.404435,0.878315,-0.099383,-0.019102,-0.218962,-0.759567,0.394928,0.153126,-0.063577,-0.353205,-0.057675,0.605162,0.146638,-0.471748,-0.974638
0.38888,-0.032926,-0.234108,-0.852493,0.647502,-0.043318,0.74614,0.411986,0.539534,0.023165,-0.192986,0.003812,0.530744,0.014821,-0.971779
-0.161298,0.901513,0.02948,-0.748038,-0.321343,-0.565768,0.492547,0.00556,-0.096393,-0.374527,0.013386,0.518005,-0.094148,-0.510218,-1.0
-0.693843,-0.551711,-0.879908,0.209207,-0.951011,0.814734,0.208302,0.990738,-0.193123,0.071716,0.163015,-0.725699,-0.130919,0.53777,-0.993482
0.995463,-0.307539,0.020008,0.283435,0.951257,-0.601435,0.024163,0.781654,0.022277,-0.104463,0.133592,0.958107,0.003827,-0.531448,-1.0
-0.585253,-0.003772,-0.528637,-0.236384,-0.70334,-0.160533,0.591311,0.35262,-0.542351,-0.041385,0.233386,0.262251,-0.322849,-0.453764,-0.974267
0.619398,-0.836315,0.359959,-0.286202,0.857002,0.423035,0.727147,0.556093,0.577628,0.209558,-0.0941,-0.260343,0.115659,0.420383,-0.988105
0.578535,-0.136779,0.885589,-0.576814,0.202299,0.392493,0.426429,0.779363,0.186909,0.357935,0.436709,-0.486349,-0.201356,0.456613,-1.0
-0.492824,-0.271729,-0.619766,-0.766486,-0.272383,-0.538123,0.207292,0.781061,-0.12533,-0.227386,-0.530103,0.645406,0.326052,-0.361088,-1.0
0.458738,-0.990732,0.863962,-0.364142,-0.612946,0.955065,0.757934,0.61146,-0.357231,0.482533,0.188568,-0.298964,-0.291858,0.430908,-0.984883
-0.17809,0.477548,0.972452,0.370745,0.072337,-0.503183,0.143553,0.296402,0.058882,-0.092303,-0.264487,0.785319,0.170298,-0.49479,-1.0
-0.729558,0.197835,-0.257885,-0.165921,0.761794,-0.4311,0.920932,0.449884,0.652473,-0.480997,-0.132688,0.194769,0.402718,-0.226184,-0.893727
0.801342,0.13654,0.028129,0.063761,0.758825,-0.354619,0.299352,0.166879,0.158514,-0.142434,0.119583,0.760913,-0.145121,-0.437135,-0.954276
-0.28173,-0.117609,0.384686,0.434887,-0.78872,0.162967,0.113127,0.490515,-0.07134,0.026858,0.794636,-0.381919,-0.328611,0.27063,-0.935098
0.235741,-0.350752,0.540925,-0.806156,0.299828,0.126242,0.684255,0.134597,0.498468,0.191835,-0.045321,-0.30613,0.170434,0.383869,-0.975838
-0.111338,-0.137584,0.318473,-0.622517,-0.903019,0.890533,0.232121,0.971137,-0.150743,0.106338,0.36829,-0.486825,-0.341175,0.398137,-0.953271
-0.157464,-0.586833,0.512046,0.853429,-0.548242,0.059224,0.292836,0.039816,-0.259134,0.0653,0.429607,-0.620826,-0.210228,0.409808,-0.925468
-0.191464,0.296503,-0.365048,0.990343,0.07117,0.479261,0.657357,0.743517,0.104643,0.471908,-0.254132,-0.123561,0.34132,0.322478,-0.976068
0.463428,-0.093826,-0.380132,0.251755,-0.403014,0.639536,0.711352,0.056517,-0.379034,0.405916,0.298815,-0.181535,-0.375114,0.383694,-0.998321
0.523427,-0.948741,-0.697422,-0.531625,0.908629,0.119116,0.55825,0.208879,0.42674,0.055862,-0.131139,-0.475568,0.190309,0.510528,-1.0
0.953045,0.867111,0.891482,-0.28835,0.849942,0.343543,0.763972,0.92091,0.500899,0.188301,0.064859,0.239125,-0.122639,-0.466907,-1.0
0.92743,0.837982,0.443367,-0.777919,0.904585,0.246581,0.346652,0.059668,0.195905,0.053204,0.002462,0.661347,-0.047366,-0.55767,-0.986992
0.27837,0.204753,0.496705,0.719828,-0.611225,0.927563,0.750041,0.023649,-0.409397,0.581061,0.195705,-0.083204,-0.437773,0.364454,-1.0
-0.006774,-0.533703,0.450563,-0.344451,0.221651,-0.967826,0.964945,0.890242,0.106024,-0.742143,-0.02584,0.011135,0.118987,-0.431346,-0.94978
-0.069845,0.430673,0.268598,-0.62128,-0.767295,-0.45208,0.211793,0.170613,-0.213126,-0.11007,0.497631,0.636482,-0.324075,-0.432063,-1.0
-0.171089,0.320061,0.754689,-0.593955,-0.73604,-0.176421,0.378529,0.585326,-0.258749,-0.004806,0.509811,0.420324,-0.429535,-0.290719,-0.946883
-0.961578,0.872786,-0.966022,0.941219,-0.080124,0.675333,0.940952,0.480206,-0.123883,0.788106,-0.157256,0.007746,0.510748,-0.023301,-1.0
-0.186327,0.283291,-0.779826,0.194076,0.619113,-0.159033,0.233408,0.40112,0.221791,-0.038901,-0.669772,0.415724,0.535406,-0.265496,-1.0
-0.288521,0.043624,0.429502,-0.572117,-0.751363,0.098385,0.284138,0.472747,-0.236208,0.039918,0.696942,-0.097584,-0.483343,0.10949,-0.965129
0.624544,-0.968115,-0.660536,0.53463,0.357549,0.869464,0.727599,0.554567,0.215053,0.503434,-0.049266,-0.313394,-0.188197,0.460652,-0.989253
-0.757846,0.166749,0.742697,0.40371,0.536666,0.351956,0.550422,0.808018,0.414721,0.208767,-0.409279,-0.052443,0.518402,0.054158,-0.934223
0.716938,0.731148,-0.682013,-0.903284,0.894514,-0.110815,0.291146,0.377322,0.239483,0.035262,-0.070448,0.72332,0.037511,-0.477751,-0.913627
-0.153533,0.834715,-0.213882,-0.038609,0.039725,0.153769,0.703214,0.553658,0.133972,0.574168,-0.100608,0.248063,0.168493,-0.474131,-0.93124
-0.532203,0.894854,0.922321,-0.649644,-0.439351,0.203333,0.601739,0.60199,-0.372251,0.13243,-0.006147,0.385739,0.11549,-0.516865,-0.96325
-0.680803,0.188235,0.530411,-0.023126,-0.859091,-0.74172,0.458061,0.33554,-0.268954,-0.283294,0.156248,0.600309,-0.056682,-0.477443,-1.0
0.879013,-0.684582,-0.6696,-0.728513,0.532206,-0.924726,0.312892,0.541977,0.059334,-0.246625,0.57924,0.263404,-0.369369,-0.263424,-0.99034
0.383256,-0.754004,-0.990589,0.938158,-0.358783,0.886131,0.834667,0.182225,-0.318538,0.587198,0.04761,-0.251146,-0.19332,0.483976,-0.977451
-0.419692,-0.675086,0.86464,-0.289271,-0.600934,-0.60447,0.553813,0.534415,-0.372447,-0.319063,0.356967,-0.188666,-0.452207,0.159717,-0.98391
0.49823,0.157918,0.219231,0.988161,-0.29302,-0.683956,0.45816,0.609195,-0.183006,-0.353747,0.391714,0.290106,-0.403888,-0.378403,-1.0
0.633418,0.992278,-0.090769,0.517143,-0.653388,0.22922,0.13999,0.901043,-0.130345,0.113136,0.718139,0.483273,-0.467414,-0.2441,-0.955747
0.517031,0.640881,-0.724192,-0.29065,0.10853,-0.31964,0.803811,0.239522,0.165132,-0.698562,0.092913,0.183522,-0.139157,-0.514355,-1.0
-0.877841,-0.742439,0.345291,0.337711,-0.633619,0.839241,0.776617,0.854546,-0.396095,0.464953,-0.044262,-0.21869,0.111923,0.530923,-0.98471
-0.100053,-0.094966,0.134201,0.500113,0.506744,0.297861,0.911803,0.926581,0.655342,0.32574,-0.184347,-0.087523,0.448146,0.215523,-1.0
0.969796,0.855626,-0.798353,-0.987745,-0.422455,-0.622439,0.757054,0.43607,-0.298291,-0.470515,0.20638,0.148265,-0.359368,-0.365753,-1.0
0.697992,0.066779,-0.828651,0.637663,0.259859,-0.994119,0.513442,0.901103,0.0798,-0.358899,0.20879,0.425226,-0.195852,-0.49983,-0.966778
0.373957,-0.968405,-0.980755,-0.43518,-0.322305,0.629243,0.141984,0.248695,-0.105133,0.175459,0.303377,-0.822774,-0.139491,0.457885,-1.0
-0.112728,0.71259,0.304078,-0.632713,-0.907673,0.401993,0.680238,0.211775,-0.574758,0.249044,0.298797,0.127062,-0.436564,-0.15933,-0.988139
0.637419,-0.408448,0.795156,-0.493443,-0.399758,0.596043,0.517345,0.699406,-0.207344,0.367944,0.380461,-0.276817,-0.283909,0.326224,-1.0
0.815595,0.80825,0.389934,0.62255,0.859538,0.999333,0.207461,0.459345,0.169582,0.079893,-0.134874,-0.852383,0.046799,0.550103,-1.0
0.355918,0.597188,0.413374,0.314393,0.993287,0.085063,0.352827,0.26041,0.320766,0.009642,-0.548398,0.38387,0.371187,-0.265199,-0.954584
0.572721,-0.291816,0.556757,-0.350072,-0.223337,-0.835449,0.074497,0.420318,0.042712,-0.050027,0.7085,0.567276,-0.466063,-0.303931,-0.996156
-0.081316,0.333656,-0.537117,-0.244395,0.281547,-0.969764,0.965561,0.02307,0.196733,-0.71547,-0.050495,0.037436,0.128613,-0.5122,-1.0
0.090376,-0.962809,-0.021443,0.184799,-0.017745,0.723905,0.622854,0.140131,-0.061685,0.555964,0.030859,-0.370059,-0.081585,0.524114,-0.913554
0.98021,-0.44136,0.640816,-0.602451,0.071759,-0.711413,0.69981,0.685034,0.105347,-0.541998,0.243194,0.104213,-0.551546,-0.166197,-0.970161
0.302859,-0.370929,-0.365085,0.79219,-0.678094,0.129448,0.586533,0.921886,-0.475501,0.127978,0.498453,-0.080984,-0.529866,0.215959,-0.965716
-0.165702,0.546755,-0.949584,0.518817,0.848965,-0.32845,0.806853,0.851057,0.627437,-0.308961,-0.160273,0.040904,0.33196,-0.338456,-0.953755
0.202241,-0.31772,-0.798497,0.007668,0.975844,-0.929469,0.379784,0.651952,0.325323,-0.264247,-0.410431,0.359579,0.457935,-0.29913,-1.0
-0.015833,-0.153833,0.472957,-0.343034,0.049015,0.147471,0.737464,0.328764,0.185481,0.523895,-0.078347,-0.205727,0.138689,0.511214,-1.0
0.853908,-0.80638,0.10652,-0.025775,-0.423906,0.902968,0.77377,0.348252,-0.333343,0.578427,0.109075,-0.173675,-0.188002,0.417718,-0.96731
-0.590015,-0.762606,0.876922,-0.049701,-0.522881,0.920084,0.924124,0.488597,-0.413081,0.631974,0.026994,-0.095783,0.019193,0.493116,-1.0
0.235543,-0.303119,0.778267,-0.054902,0.613469,0.815159,0.40472,0.654761,0.228004,0.195855,-0.175015,-0.520256,0.129403,0.480998,-1.0
-0.446087,-0.745792,0.211689,0.673477,0.321396,0.703725,0.301757,0.222587,0.056329,0.232382,-0.377727,-0.617867,0.177631,0.374535,-0.929962
-0.435464,0.236081,0.09485,0.39013,0.694689,0.685354,0.404478,0.653839,0.22096,0.241692,-0.582776,-0.174236,0.539063,0.112329,-0.960194
-0.462135,0.664761,0.550599,-0.528236,-0.237534,-0.597452,0.281713,0.820475,-0.054275,-0.196474,-0.080735,0.715674,0.048941,-0.484118,-1.0
0.30915,0.665399,0.162289,-0.497417,-0.585427,0.914426,0.439456,0.458498,-0.120207,0.266544,0.596569,-0.133701,-0.45534,0.166685,-0.999238
0.639025,0.294632,-0.374948,-0.181291,-0.133233,0.185529,0.866495,0.830738,-0.399628,0.68025,0.150716,-0.033978,-0.540214,-0.1428,-1.0
0.327141,-0.226001,-0.2084,0.349883,0.564409,-0.413599,0.334146,0.605973,0.16302,-0.08268,-0.456677,0.436691,0.383501,-0.247958,-1.0
-0.159571,-0.139237,-0.451953,0.968294,-0.350603,-0.949675,0.80317,0.323475,-0.266831,-0.492508,0.101578,0.151304,-0.112995,-0.577199,-1.0
0.665883,-0.230858,-0.082721,-0.903285,0.180906,0.460827,0.717489,0.366694,0.145342,0.525472,0.141201,-0.228708,-0.299456,0.41544,-0.984684
-0.049508,0.456407,0.673961,0.18102,-0.769166,0.410981,0.702029,0.654519,-0.538556,0.22635,0.424386,0.071501,-0.393853,-0.125161,-1.0
-0.574459,0.954114,0.186333,-0.157509,-0.629042,-0.721654,0.625091,0.837143,-0.330695,-0.353911,-0.003006,0.318185,-0.012299,-0.444417,-1.0
0.764175,0.540716,-0.400576,0.104511,0.19294,-0.417075,0.341034,0.278738,0.090539,-0.216256,0.333346,0.636018,-0.255152,-0.328443,-0.997282
-0.559711,0.741293,-0.967189,-0.990438,-0.558875,-0.939922,0.506257,0.540392,-0.106328,-0.364757,-0.077302,0.501786,-0.062976,-0.504812,-1.0
-0.871008,0.322085,-0.469901,0.14129,-0.727911,0.577005,0.861334,0.652985,-0.579246,0.485019,-0.064486,-0.19523,0.253384,0.448712,-0.966528
0.580753,0.863835,-0.87001,-0.765593,0.932345,-0.901064,0.472192,0.800198,0.225304,-0.211738,-0.106772,0.495855,0.078687,-0.466687,-0.985877
-0.847114,-0.456236,0.012254,-0.767145,-0.70452,-0.614308,0.231957,0.570679,-0.225879,-0.186915,-0.580591,0.58232,0.312068,-0.407358,-1.0
0.5796,0.84738,-0.733698,0.254705,-0.685837,-0.100982,0.084145,0.107524,-0.070665,0.051634,0.711056,0.623467,-0.358165,-0.313223,-1.0
0.864626,0.143665,-0.699304,0.834462,-0.982278,0.284682,0.593033,0.472366,-0.404895,0.120971,0.390972,-0.076877,-0.496313,0.008387,-1.0
0.977901,0.005649,-0.600906,-0.617385,0.814176,-0.919614,0.118991,0.4091,0.038384,-0.064435,0.145814,0.877276,0.018454,-0.455376,-0.965433
0.88628,-0.812594,0.252704,0.821909,-0.588109,-0.80398,0.13329,0.75994,-0.097725,-0.214549,0.883941,0.00909,-0.506204,-0.034493,-0.98862
0.988936,0.806738,-0.14442,0.926216,-0.041375,0.205037,0.847333,0.164376,-0.12859,0.674145,0.045795,0.140843,-0.432528,-0.285307,-1.0
0.680524,0.020132,-0.696821,-0.785381,-0.101805,-0.405033,0.116567,0.221987,-0.018417,-0.102871,0.744159,0.356089,-0.43621,-0.156768,-1.0
0.292343,0.014825,0.431818,0.203285,0.312838,-0.537,0.605084,0.065874,0.258755,-0.303788,-0.048678,0.403175,0.121782,-0.533199,-0.893317
0.370276,-0.374586,-0.481596,0.14995,-0.701462,-0.164222,0.832872,0.183043,-0.626134,-0.160841,0.159932,0.006602,-0.51072,0.132878,-0.967344
0.763202,-0.987641,-0.541884,-0.797028,0.646113,0.058572,0.243269,0.477675,0.171103,0.017702,0.072794,-0.753622,0.035956,0.52044,-1.0
-0.192456,-0.266968,-0.211935,-0.312886,0.109572,-0.230085,0.04485,0.166083,-0.009612,-0.052547,-0.939402,-0.148518,0.478354,0.047337,-1.0
-0.826796,-0.147844,0.735671,-0.085926,-0.984174,0.557978,0.143308,0.472293,-0.080307,-0.013536,0.141772,-0.855187,-0.098561,0.523937,-0.961854
0.456882,-0.528277,0.815373,0.089723,-0.020676,0.590009,0.658161,0.567046,0.075888,0.490474,0.23264,-0.396543,-0.190955,0.450311,-0.891042
0.762348,0.106683,-0.940577,-0.932546,0.13693,0.942978,0.190494,0.357564,-0.049346,0.193567,0.546197,-0.666733,-0.310447,0.407996,-1.0
0.544009,-0.163239,0.679566,-0.54334,0.122043,0.986003,0.619657,0.399822,0.141802,0.611959,0.096693,-0.435468,-0.260398,0.523469,-0.996463
-0.819405,0.619865,0.524431,-0.731075,0.74183,0.964481,0.02247,0.319979,0.046809,-0.050261,-0.994851,-0.191337,0.464929,0.148961,-1.0
-0.712227,0.848068,-0.173907,0.692302,0.942232,0.940519,0.469361,0.526477,0.183113,0.325617,-0.562561,-0.020769,0.442209,-0.050719,-1.0
0.960949,-0.561689,-0.043076,0.537888,0.133858,0.850376,0.014243,0.414929,0.00341,-0.069784,0.541225,-0.762363,-0.181581,0.34092,-0.993856
-0.773349,0.244257,0.534544,0.141144,-0.567096,0.123558,0.337089,0.562977,-0.270902,0.000128,-0.609371,0.388481,0.396786,-0.248088,-1.0
0.097983,0.730942,-0.101628,0.326756,0.778957,-0.922071,0.723669,0.80632,0.393244,-0.509992,-0.032059,0.193603,0.176386,-0.484014,-0.997191
-0.082885,-0.868708,0.907323,-0.566059,-0.688005,0.274299,0.711166,0.374943,-0.538597,0.309186,0.080536,-0.250165,-0.23593,0.406571,-1.0
-0.645132,0.502158,0.367287,-0.407058,0.770992,-0.243672,0.935241,0.062641,0.691351,-0.170299,-0.030613,-0.043195,0.524837,-0.12216,-1.0
0.240958,0.545041,-0.301405,0.012215,0.724097,-0.064536,0.115906,0.696449,0.094488,-0.03059,-0.550157,0.70351,0.253944,-0.428551,-0.968669
0.755618,0.455697,0.023346,0.81371,0.52189,0.620313,0.253659,0.439357,0.146179,0.080035,0.605418,-0.476383,-0.381902,0.338113,-0.981196
-0.582603,0.26343,-0.383549,-0.466188,0.072116,0.782416,0.340443,0.098038,0.060821,0.387621,-0.519854,-0.466027,0.392544,0.3193,-0.957267
0.259187,0.765389,-0.149468,-0.01375,0.9962,0.723627,0.737124,0.583207,0.510366,0.362548,-0.263376,0.016976,0.493959,-0.03682,-1.0
0.964027,-0.460712,-0.716447,0.826078,-0.982796,-0.475259,0.32289,0.845838,-0.116072,-0.128157,0.709035,0.022474,-0.456246,0.042146,-0.968294
-0.683759,0.412432,0.435472,-0.506482,0.050605,0.135903,0.652769,0.530911,0.212001,0.50218,-0.282403,0.149569,0.376808,-0.120576,-0.998031
0.837471,0.636453,-0.232014,-0.627804,-0.531256,0.467384,0.677046,0.217852,-0.354337,0.358844,0.305227,0.005811,-0.515048,-0.02351,-0.984106
0.465889,0.982297,0.935652,0.392321,-0.097363,-0.631911,0.677138,0.952028,-0.146848,-0.549277,0.122213,0.287986,-0.127762,-0.51254,-1.0
-0.215218,-0.54156,-0.486368,0.787969,0.858136,-0.188472,0.150339,0.902624,0.142057,0.00994,-0.719806,-0.302815,0.441345,0.077689,-1.0
-0.274331,-0.641677,-0.017805,-0.079183,0.199319,0.492662,0.933897,0.972168,0.234433,0.621812,0.040389,-0.123295,0.230194,0.446651,-1.0
-0.695941,0.711062,0.904015,0.503769,0.344157,-0.767116,0.266053,0.183581,0.030948,-0.122306,-0.439607,0.580351,0.264415,-0.387326,-0.967093
-0.185857,0.623544,0.818415,0.32841,-0.59211,0.547671,0.977585,0.774178,-0.574767,0.544488,0.079106,0.038467,-0.488018,-0.158483,-1.0
-0.850058,-0.912653,0.395703,0.275575,-0.646157,0.774916,0.162578,0.521522,-0.079834,0.127542,-0.081119,-0.899004,0.063073,0.54841,-0.944967
-0.619222,0.440986,0.844802,-0.399244,-0.273333,-0.910607,0.223666,0.401881,-0.063653,-0.210575,-0.209305,0.774694,0.130375,-0.513325,-0.960753
-0.650548,-0.922178,-0.83632,0.209739,-0.587807,-0.914568,0.617085,0.478575,-0.284097,-0.393591,-0.357424,-0.017207,0.493603,0.018559,-0.924768
-0.232799,-0.387765,-0.568428,0.828581,-0.717735,0.15642,0.050808,0.548045,0.007294,0.015329,0.646829,-0.723172,-0.370273,0.352029,-0.929438
-0.003614,-0.500199,0.468055,-0.142188,0.016842,-0.915494,0.541066,0.529634,-0.082917,-0.443518,0.016981,0.397362,0.015123,-0.450957,-0.959778
-0.804571,-0.007356,0.635403,-0.316437,0.112337,0.310715,0.517008,0.319457,0.155502,0.318047,-0.428948,-0.233237,0.475428,0.144286,-1.0
-0.177834,-0.827669,0.725378,0.385887,-0.895556,0.947536,0.264303,0.327084,-0.115659,0.171274,0.210849,-0.699688,-0.310842,0.491734,-1.0
-0.016603,0.148606,-0.428779,-0.564847,-0.774431,0.463022,0.219067,0.088888,-0.177579,0.177238,0.661089,-0.344837,-0.543429,0.188809,-1.0
0.715073,-0.955202,0.332334,-0.86211,0.785135,0.561069,0.026622,0.531563,0.057163,0.062978,-0.1143,-0.999259,0.05415,0.44603,-0.987749
-0.664733,-0.382898,0.076542,-0.279366,0.702956,-0.211499,0.949969,0.292675,0.737391,-0.233358,-0.030167,0.045528,0.570155,0.113297,-1.0
-0.705638,0.373548,-0.254474,-0.58054,-0.441666,0.772703,0.007209,0.311953,-0.073998,-0.027769,-0.532714,-0.83654,0.300569,0.32263,-1.0
-0.934959,0.522499,-0.208242,-0.113651,-0.20831,-0.257218,0.82163,0.623859,-0.419168,-0.664919,-0.07476,0.15083,0.372556,-0.333568,-0.94114
-0.968006,0.478873,-0.876331,0.964661,0.413053,-0.286687,0.68634,0.419141,0.372649,-0.336154,-0.334034,0.015843,0.396642,-0.321914,-0.920509
0.623846,-0.484831,-0.373569,-0.876059,-0.032201,-0.890151,0.916303,0.823556,-0.037706,-0.665071,-0.047032,0.074331,-0.51575,-0.263123,-0.973426
-0.528029,-0.606196,0.823235,-0.544507,0.261703,0.084424,0.805097,0.576665,0.538942,0.145184,-0.171916,-0.085232,0.289062,0.288983,-0.948794
0.646151,-0.352326,-0.863152,0.660596,-0.944092,0.786349,0.80859,0.63694,-0.533127,0.431253,0.140818,-0.140097,-0.420993,0.285772,-0.958795
0.73292,0.186336,-0.162174,-0.601102,-0.399884,-0.161804,0.26062,0.010971,-0.235254,-0.13603,0.653675,0.274472,-0.468603,-0.0677,-1.0
0.844118,0.485446,0.581294,-0.437042,0.725387,-0.09254,0.055393,0.462009,0.014494,-0.01798,0.2084,0.857941,-0.12393,-0.551676,-1.0
-0.272557,0.30238,0.432143,-0.427402,-0.755456,-0.911849,0.121644,0.376828,-0.022229,0.044631,0.328228,0.768301,-0.146179,-0.478832,-0.972298
0.981044,-0.17353,-0.434557,-0.915876,-0.507135,0.738318,0.776743,0.257614,-0.26228,0.544871,0.136273,-0.075374,-0.456158,0.300577,-1.0
0.49336,-0.039612,0.029699,0.553517,-0.578143,-0.817146,0.609834,0.539305,-0.24239,-0.425205,0.40647,0.271103,-0.420631,-0.250394,-0.958957
0.644391,0.987109,0.031169,-0.33397,0.206553,-0.022401,0.288747,0.438538,0.219972,0.051996,0.310299,0.613108,-0.162012,-0.421114,-1.0
-0.336302,-0.802387,-0.635467,0.878721,0.349332,0.608923,0.770045,0.304562,0.264324,0.569352,-0.059951,-0.136603,0.238275,0.396778,-1.0
0.221759,-0.147813,0.666855,-0.250611,-0.447178,0.608825,0.243679,0.829868,-0.072664,0.12599,0.440315,-0.531157,-0.282024,0.401581,-1.0
-0.848668,0.36974,0.383996,-0.142524,0.049602,0.102792,0.828628,0.706101,0.311736,0.565341,-0.258506,0.037088,0.443534,-0.143827,-1.0
-0.40488,0.180113,0.762905,-0.014942,-0.449079,0.062575,0.217823,0.267997,-0.1845,0.081299,0.289195,0.721096,-0.208855,-0.421058,-0.937677
0.057374,-0.495377,-0.059833,-0.45705,-0.755908,-0.71028,0.164161,0.834098,-0.024461,-0.105119,0.780975,0.178074,-0.432344,-0.132693,-1.0
0.825562,-0.742551,0.995778,-0.1365,-0.995699,-0.271572,0.187544,0.710625,-0.119962,-0.097436,0.851992,-0.179012,-0.458324,0.100323,-1.0
-0.382991,0.181527,0.71941,0.439519,0.704542,-0.244171,0.361546,0.329211,0.141882,-0.108733,-0.625337,0.241064,0.50852,-0.288149,-0.994431
-0.769077,0.405043,0.194206,-0.503521,-0.52002,0.050408,0.430404,0.775778,-0.338753,0.115531,-0.303204,0.445176,0.286207,-0.431409,-0.927743
-0.257061,-0.347837,0.7421,0.656239,0.360024,0.125459,0.718333,0.586887,0.556458,0.242645,-0.278521,-0.095316,0.363911,0.297729,-0.94279
-0.362217,-0.003981,0.12179,0.009788,-0.465555,0.233256,0.605376,0.976226,-0.391502,0.204027,0.194841,-0.306446,-0.172144,0.512871,-1.0
-0.550169,0.385546,0.469132,0.886929,0.905117,0.607698,0.872214,0.551964,0.582077,0.393539,-0.162217,0.071132,0.445689,0.183217,-1.0
-0.064437,0.249952,-0.309009,-0.478399,-0.137132,0.82265,0.880102,0.492831,-0.084601,0.760188,0.010205,-0.058778,-0.025589,0.528718,-0.958916
-0.92091,0.599726,-0.456223,0.284672,0.324795,-0.453096,0.723964,0.604506,0.340755,-0.50911,-0.157413,0.216521,0.312048,-0.313976,-1.0
-0.71411,0.357377,0.905766,0.710611,-0.05052,0.984196,0.134169,0.639515,-0.019993,0.073969,-0.580283,-0.586839,0.385069,0.37275,-1.0
-0.599222,-0.905436,0.72273,0.796195,0.917977,-0.63742,0.346227,0.374689,0.317405,-0.153347,-0.724945,-0.058157,0.428476,0.108935,-1.0
0.549482,-0.202199,-0.831033,-0.196572,0.61717,-0.65324,0.604874,0.276692,0.32563,-0.408352,-0.046104,0.39665,0.124461,-0.539668,-0.908889
-0.026443,-0.970577,0.6473,-0.411822,0.875735,-0.617307,0.763551,0.10779,0.476212,-0.338727,-0.201123,-0.068231,0.422222,0.191305,-0.915565
-0.955105,0.222678,-0.311888,0.232829,0.241413,-0.550402,0.174222,0.271566,-0.063381,-0.243775,-0.679192,0.460443,0.389969,-0.30193,-0.975533
0.905065,-0.670872,0.566996,0.336312,0.095071,0.827867,0.038993,0.638434,-0.074037,0.071183,0.41939,-0.863974,-0.233701,0.473769,-1.0
-0.097487,-0.740367,-0.883345,-0.543739,0.230718,-0.176008,0.72172,0.662372,0.390574,-0.320059,-0.151928,-0.191036,0.275727,0.495496,-0.923078
-0.92244,0.521103,0.260292,-0.399963,-0.304801,0.042722,0.350453,0.176794,-0.253459,0.093763,-0.547528,0.445609,0.413453,-0.296122,-0.962278
-0.403651,0.64139,0.790049,0.683842,0.857719,-0.183746,0.263952,0.204946,0.16431,-0.009494,-0.640532,0.448509,0.395808,-0.318203,-0.971416
0.62218,-0.549866,0.784624,-0.498263,0.105666,-0.779991,0.49727,0.195679,0.095528,-0.451192,0.519757,0.298782,-0.411778,-0.160024,-1.0
0.634212,0.645541,0.423677,-0.969265,-0.951388,-0.504849,0.89085,0.572588,-0.608156,-0.271812,0.093471,-0.001129,-0.301854,-0.221188,-0.993712
0.359439,0.877841,-0.764379,0.59979,-0.544566,0.42585,0.542277,0.346238,-0.420088,0.305672,0.35234,0.253952,-0.40909,-0.269295,-1.0
-0.190412,-0.127926,-0.37113,0.461638,0.306318,0.857125,0.157051,0.1437,-0.018109,0.077267,-0.388089,-0.746191,0.222125,0.462802,-0.984828
-0.567555,0.59081,-0.40299,0.310311,-0.272062,-0.397336,0.651086,0.876949,-0.246771,-0.421433,-0.048565,0.376654,0.130239,-0.551175,-0.96682
-0.485506,-0.729722,0.394512,-0.362484,0.725718,0.390637,0.144053,0.692784,0.088635,0.048267,-0.631357,-0.585891,0.305002,0.424406,-1.0
-0.778348,-0.298637,-0.278288,0.706007,-0.164177,0.673775,0.683317,0.139531,-0.059454,0.5839,-0.159322,-0.222169,0.244501,0.436908,-1.0
0.854686,0.822949,0.347209,-0.661616,-0.206543,0.242032,0.802802,0.572909,-0.369407,0.470735,0.160188,0.170438,-0.462989,-0.277602,-0.996583
-0.262541,0.198175,-0.918589,0.774102,-0.631127,-0.385806,0.738792,0.847271,-0.624413,-0.304306,0.064684,0.27175,-0.27644,-0.434425,-0.996575
-0.093084,0.648545,-0.80912,0.830118,0.788082,-0.935434,0.472052,0.961739,0.252252,-0.359131,-0.255617,0.437338,0.193339,-0.536824,-0.881788
0.178747,0.582552,-0.023942,0.312785,0.269812,0.399339,0.109129,0.051516,0.013366,0.092628,-0.321094,0.831662,0.171036,-0.403946,-1.0
0.605112,0.019949,0.534662,-0.381829,-0.311079,0.323737,0.586819,0.112008,-0.340752,0.401501,0.366934,-0.144207,-0.468269,0.249303,-1.0
0.672608,0.978444,-0.157565,0.412979,0.931212,-0.230784,0.461743,0.243776,0.336052,-0.058636,-0.094004,0.585546,0.157172,-0.449443,-0.916761
0.214334,0.323879,-0.531164,-0.794134,-0.689913,-0.263621,0.160802,0.389698,-0.170157,-0.065562,0.741729,0.474315,-0.396728,-0.305797,-0.988276
0.710545,0.006069,0.369543,0.873034,0.812989,-0.128729,0.254992,0.217135,0.161827,-0.012559,-0.41383,0.611338,0.287265,-0.413193,-1.0
-0.369061,0.541124,0.914365,0.030776,-0.958289,0.307062,0.542377,0.005048,-0.371567,0.108444,0.344206,0.136518,-0.50675,-0.153123,-0.959121
0.800816,-0.322927,-0.254339,0.273562,0.205221,0.65839,0.110931,0.085177,0.052498,0.09033,0.489045,-0.746434,-0.190643,0.39576,-1.0
-0.815724,0.701722,0.634754,-0.073112,-0.169341,-0.248414,0.74411,0.031064,-0.388381,-0.4095,-0.13905,0.241104,0.227911,-0.315965,-0.904865
-0.689971,0.591791,-0.707396,0.392668,0.916877,-0.893659,0.102904,0.204091,0.015554,-0.039643,-0.64631,0.55352,0.377646,-0.393295,-1.0
0.103353,-0.419615,-0.994117,-0.984152,0.887842,-0.451323,0.77772,0.440566,0.553816,-0.348387,-0.303436,0.002243,0.541606,0.024086,-0.986971
0.968144,0.508607,-0.742445,0.845348,0.541421,0.362949,0.224,0.956023,0.168344,0.135473,0.72085,0.248182,-0.469665,-0.092585,-0.993457
0.395509,0.290379,-0.225811,-0.8375,-0.634845,0.172703,0.804969,0.464121,-0.702059,0.210966,0.184824,0.048448,-0.476504,-0.022596,-1.0
-0.858767,-0.326324,0.797469,-0.460125,-0.0839,-0.938719,0.882933,0.67461,-0.141757,-0.729114,-0.007763,0.052486,0.46397,-0.261687,-1.0
-0.911939,-0.83763,-0.321997,-0.622005,-0.874456,-0.08212,0.068253,0.728991,-0.072028,0.048337,-0.04266,-0.945665,-0.010256,0.486069,-0.9969
-0.591453,-0.951335,0.012091,0.909099,0.418791,-0.772867,0.475979,0.999001,0.108873,-0.308236,-0.508214,-0.114939,0.504152,0.118433,-1.0
0.582323,-0.588903,0.644592,0.60193,-0.959118,0.317803,0.757232,0.312761,-0.658412,0.19495,0.29014,-0.115575,-0.469039,0.234667,-1.0
-0.833428,-0.777991,0.22484,-0.302063,-0.441026,0.086799,0.299802,0.32118,-0.176568,0.015724,-0.287891,-0.621777,0.146528,0.536994,-1.0
0.069074,0.127211,0.016277,0.859117,-0.716474,-0.452392,0.331737,0.998107,-0.214504,-0.216479,0.561716,0.432541,-0.424018,-0.175186,-1.0
-0.863586,-0.370744,0.034833,-0.969941,-0.784793,0.330926,0.595259,0.911395,-0.445864,0.15842,-0.072612,-0.403302,0.042814,0.535969,-1.0
-0.225438,0.111743,0.562036,-0.23366,0.994397,-0.280947,0.790835,0.159249,0.648813,-0.16534,-0.170463,0.123451,0.516593,-0.242528,-0.959797
0.21011,-0.831585,0.117719,0.329673,0.760691,0.648086,0.20448,0.729762,0.111876,0.167553,-0.257484,-0.757731,0.262367,0.431874,-0.919705
0.99685,-0.708193,0.575156,-0.408082,-0.841684,0.216564,2.7e-05,0.892096,0.07813,-0.055919,0.955406,-0.471264,-0.380841,0.230332,-0.992166
0.029653,0.584389,-0.340913,0.570393,0.709832,-0.060677,0.105302,0.514794,-0.001552,-0.003644,-0.689323,0.582637,0.328508,-0.305328,-0.950789
0.443016,0.390251,-0.81914,-0.672321,-0.37071,0.997348,0.134464,0.867029,0.035237,0.077509,0.686445,-0.480438,-0.375736,0.35784,-1.0
-0.802822,0.645878,-0.197248,0.667023,-0.21349,0.469744,0.860362,0.580453,-0.321156,0.662677,-0.106692,0.062185,0.528242,-0.162031,-1.0
0.943578,-0.050491,0.597296,-0.991985,0.859774,-0.936884,0.261904,0.246467,0.189977,-0.204769,-0.007123,0.778331,-0.048732,-0.516544,-0.919716
0.871522,0.143261,-0.376503,0.757377,-0.278737,-0.301162,0.488411,0.903838,-0.333239,-0.317535,0.561325,0.268626,-0.474791,-0.25024,-0.994811
0.088539,-0.198188,0.468815,0.835895,-0.991344,-0.435521,0.88254,0.050389,-0.679125,-0.286001,0.094746,0.038106,-0.525648,-0.189112,-0.988595
0.395897,-0.359043,-0.25531,-0.734942,0.81925,0.488132,0.072267,0.044557,0.115813,0.076657,-0.371342,-0.731233,0.211381,0.407913,-1.0
0.49965,0.619692,0.613295,0.202514,0.368324,-0.026578,0.397535,0.531474,0.287633,0.037851,0.054614,0.523368,-0.112216,-0.475458,-1.0
0.331342,0.334364,0.83916,0.877056,-0.122174,-0.019495,0.575035,0.925017,-0.506154,-0.128909,0.313413,0.387469,-0.411374,-0.229953,-1.0
-0.553665,-0.847446,-0.91099,0.375969,-0.319441,0.935236,0.560392,0.833446,-0.184229,0.37026,-0.040812,-0.414178,0.070126,0.545784,-1.0
-0.047043,0.512162,0.396114,-0.448451,0.071508,-0.963101,0.870309,0.471161,0.076896,-0.658752,-0.074302,0.161282,-0.00561,-0.551753,-1.0
0.486121,-0.834232,0.103567,0.733981,-0.907249,0.687511,0.132028,0.476708,-0.127634,0.013679,0.618389,-0.728543,-0.278463,0.274352,-1.0
0.086495,0.101871,0.351972,-0.88316,-0.350886,0.298052,0.432419,0.203854,-0.260732,0.285819,0.602742,-0.280983,-0.370859,0.220257,-1.0
0.848351,0.725616,-0.821422,-0.711862,-0.368938,0.696803,0.376441,0.093933,-0.115931,0.233895,0.556908,-0.025025,-0.452243,0.025186,-1.0
0.87799,0.782603,0.983142,0.707196,0.242147,0.758841,0.479613,0.349201,0.099376,0.341341,0.578824,-0.00582,-0.468044,0.064553,-1.0
-0.204622,-0.590853,-0.387802,0.690077,-0.345398,0.025275,0.219684,0.091973,-0.134828,-0.032783,0.177304,-0.755272,-0.117511,0.497054,-0.852774
-0.092004,0.611195,-0.966118,0.075679,0.580157,-0.519577,0.105543,0.97505,0.042899,-0.047489,-0.471792,0.849845,0.221296,-0.434267,-0.992712
0.685696,0.604801,0.477776,-0.59943,0.61083,0.167825,0.023565,0.514646,0.090918,0.036402,0.155343,0.968216,-0.052939,-0.469042,-1.0
-0.339698,0.505958,0.760829,0.195444,0.093891,-0.40183,0.043406,0.971089,0.006721,0.036582,-0.531802,0.875823,0.218648,-0.516135,-1.0
0.319347,-0.043732,-0.173645,0.359183,0.763248,0.140434,0.252767,0.738571,0.252836,0.053407,-0.711963,-0.294509,0.387561,0.232984,-0.961722
-0.740414,-0.121117,-0.68219,-0.781583,0.82815,0.048699,0.038108,0.136021,0.057072,0.03662,-1.0,-0.187579,0.584748,0.079145,-0.978339
0.288863,-0.004072,-0.767073,-0.562265,0.784168,-0.763669,0.791409,0.572971,0.551869,-0.394921,-0.201113,0.1933,0.289347,-0.435004,-0.974887
0.611416,0.991779,-0.988432,0.022553,0.861855,-0.931569,0.873715,0.502981,0.485413,-0.485201,-0.01775,0.06301,-0.000472,-0.481462,-0.934446
-0.767914,0.433439,0.109631,-0.186324,-0.664427,-0.941086,0.971492,0.900478,-0.469782,-0.597054,0.10502,0.024386,-0.044768,-0.451713,-0.959505
-0.29542,0.555535,-0.008884,-0.608752,0.22313,0.531678,0.732304,0.798827,0.185608,0.590815,-0.268302,-0.01259,0.441747,-0.006346,-1.0
-0.897998,0.228315,-0.279978,0.405601,0.66246,-0.593337,0.866246,0.606915,0.470669,-0.496815,-0.141339,0.065149,0.448567,-0.200721,-1.0
-0.440113,-0.519903,0.8284,-0.93076,-0.220566,0.008265,0.023186,0.881843,-0.020292,-0.021865,-0.428571,-0.92097,0.156399,0.516559,-0.971073
0.253416,-0.550495,-0.1499,-0.298998,0.832143,0.709026,0.122559,0.951378,0.132922,0.14099,-0.386299,-0.80188,0.223269,0.468989,-0.963599
0.460514,-0.860278,-0.748627,-0.137609,-0.154697,0.039892,0.962202,0.020188,-0.775318,0.157308,0.049569,-0.108567,-0.354092,0.501032,-1.0
-0.520844,-0.33796,-0.367389,0.711261,0.818881,-0.229446,0.737472,0.291826,0.634815,-0.183869,-0.20605,-0.055495,0.458103,0.021539,-0.999265
0.874287,-0.84605,-0.942428,0.0332,-0.374034,-0.360461,0.796415,0.764468,-0.454808,-0.368584,0.14336,-0.064291,-0.408046,0.126405,-0.948712
-0.571568,-0.060848,-0.111799,0.552015,-0.140701,0.877626,0.168869,0.681272,-0.005388,0.125092,-0.364257,-0.802768,0.160316,0.472371,-0.954128
0.770505,0.458129,0.305387,-0.972509,-0.468307,-0.882057,0.530523,0.561556,-0.126236,-0.292439,0.266708,0.325226,-0.395361,-0.251822,-0.930209
0.866288,-0.350515,0.423702,-0.308191,-0.908373,-0.084637,0.180591,0.914131,-0.18864,-0.010378,0.880463,-0.158332,-0.536817,0.025001,-1.0
-0.664827,0.665363,0.797886,0.816578,0.629435,0.412389,0.23935,0.37426,0.153336,0.098393,-0.675247,0.102452,0.466491,-0.120622,-0.97341
0.413612,-0.074642,-0.432827,0.314137,-0.115812,0.025064,0.823541,0.129436,-0.649744,0.192972,0.149552,-0.079792,-0.514735,0.115207,-1.0
-0.527973,0.606424,0.978866,0.992478,0.315299,-0.978147,0.223703,0.46935,0.030083,-0.130143,-0.431616,0.67655,0.215808,-0.465661,-1.0
-0.52017,-0.852295,0.318495,0.053498,0.94657,0.456811,0.706704,0.085989,0.497666,0.303711,-0.261282,-0.116369,0.267143,0.388578,-0.961226
0.159697,0.87787,-0.396891,-0.05599,0.213517,0.35831,0.540889,0.016001,0.224104,0.356185,-0.013626,0.524279,0.097807,-0.586858,-0.912741
0.487592,-0.0098,0.262058,-0.38344,-0.041402,0.767338,0.957115,0.682394,-0.132039,0.692932,0.08424,-0.092754,-0.342195,0.402883,-0.894619
0.184121,0.715439,-0.427044,0.483194,-0.475358,-0.984093,0.356893,0.535938,-0.114332,-0.36285,0.16933,0.673184,-0.151102,-0.511972,-1.0
-0.22317,0.468774,-0.950472,0.883459,0.309048,0.194747,0.523499,0.954857,0.359957,0.172548,-0.413306,0.212487,0.471517,-0.179769,-1.0
0.217439,0.345128,-0.85348,0.701051,0.072044,-0.505303,0.355739,0.799256,0.035482,-0.286093,0.098266,0.62657,-0.051686,-0.464411,-0.933727
0.616663,-0.984826,0.060111,0.441315,-0.30939,0.056209,0.363229,0.190648,-0.253955,0.000403,0.412289,-0.446422,-0.260738,0.407068,-0.998283
0.384504,0.321607,0.562539,0.779556,0.235631,-0.279523,0.795741,0.791347,0.451162,-0.44249,0.039593,0.245775,-0.129105,-0.467618,-0.915015
0.965766,-0.760466,0.881842,-0.036154,0.41091,0.710912,0.973227,0.299458,0.460232,0.671507,-0.005804,0.089734,-0.171193,0.486011,-0.968493
0.467211,-0.822027,0.073019,-0.790132,-0.520158,0.024571,0.05276,0.267542,-0.046219,0.022168,0.69305,-0.673603,-0.361192,0.359257,-1.0
0.750357,0.001133,0.956465,-0.757993,-0.540863,0.284697,0.020113,0.062001,-0.08009,0.005423,0.991908,-0.184704,-0.53005,0.109877,-1.0
0.132612,-0.986532,0.307928,0.591482,-0.559322,-0.36566,0.877486,0.014981,-0.575936,-0.475493,-0.00522,-0.146689,-0.387594,0.365094,-1.0
0.96196,-0.918099,0.725838,-0.094805,0.930381,-0.705739,0.783772,0.075344,0.476196,-0.440613,-0.033508,-0.160843,-0.071114,0.432091,-0.927859
0.85298,0.518864,-0.79258,0.096552,-0.7373,-0.499845,0.877325,0.824212,-0.493294,-0.376303,0.137816,0.006082,-0.451672,-0.243024,-1.0
-0.262932,0.446139,0.282722,-0.293836,0.474398,-0.501421,0.547837,0.00652,0.302184,-0.309083,-0.28686,0.324547,0.403035,-0.384828,-1.0
0.493055,0.515504,0.770156,-0.116596,0.035483,-0.570904,0.505167,0.137683,0.055649,-0.452838,0.125502,0.410913,-0.198783,-0.526991,-0.955478
-0.011036,-0.786667,0.688643,-0.496355,-0.116327,0.786844,0.207445,0.203015,-0.083036,0.15316,0.043481,-0.727558,-0.020344,0.52823,-0.990267
-0.416788,-0.720159,-0.138291,-0.821562,0.590315,-0.321899,0.20038,0.522296,0.165596,-0.074912,-0.785233,-0.26681,0.345129,0.219298,-0.969933
0.5464,0.328398,0.438733,0.871365,-0.957717,-0.359443,0.716232,0.784441,-0.650525,-0.268367,0.25974,0.060596,-0.448432,-0.258833,-0.953245
-0.782192,0.041528,0.766024,-0.990263,0.660956,0.007168,0.044642,0.482648,-0.000211,0.017342,-0.920205,0.04569,0.45749,-0.047471,-0.955107
-0.36277,0.114614,0.746748,-0.526989,-0.677486,-0.601574,0.577511,0.983398,-0.325221,-0.336201,0.067383,0.446204,-0.214446,-0.393404,-0.997478
0.682696,0.919464,-0.481914,0.445308,-0.408451,0.121084,0.911861,0.518362,-0.753241,0.238229,0.139808,0.014528,-0.459437,-0.304417,-1.0
-0.236138,-0.604266,0.045022,-0.242059,-0.76282,0.585974,0.600593,0.548893,-0.434666,0.19951,0.159037,-0.393647,-0.194241,0.363631,-1.0
0.352206,0.960315,-0.596854,-0.824152,0.989743,0.1036,0.669003,0.477202,0.542525,0.059405,-0.185376,0.291688,0.197589,-0.373389,-1.0
-0.935333,-0.126813,0.347358,-0.852612,0.194192,-0.626331,0.957979,0.178882,0.183846,-0.737409,-0.082998,-0.072307,0.466387,-0.265086,-0.946719
0.677219,-0.584061,0.927369,-0.017629,0.263901,0.900742,0.237084,0.165804,0.003192,0.196508,0.233273,-0.787133,-0.11776,0.424871,-1.0
-0.00895,-0.820992,0.961466,0.546044,0.440695,0.401334,0.782807,0.883088,0.458122,0.527393,0.024804,-0.259361,0.174625,0.469623,-1.0
-0.515528,0.986846,0.782131,0.398759,0.653683,0.04204,0.616708,0.906334,0.448303,0.051783,-0.256041,0.22541,0.274994,-0.284613,-1.0
-0.079165,-0.421332,0.575291,0.092918,0.170086,0.770626,0.763625,0.758587,0.175703,0.522355,-0.112182,-0.148805,0.144218,0.461497,-1.0
0.15558,0.563845,0.410324,-0.282075,-0.822618,0.70504,0.103579,0.505095,-0.050597,0.055391,0.924568,-0.100729,-0.525156,-0.039287,-0.935716
-0.078925,-0.139094,0.680576,-0.05795,0.016283,0.616525,0.453942,0.606577,-0.02463,0.335395,-0.073485,-0.551043,0.107893,0.52738,-0.996162
-0.185332,-0.529807,0.496274,0.516148,0.943764,-0.556087,0.543084,0.326609,0.316681,-0.139628,-0.435052,-0.022718,0.459698,-0.069102,-1.0
-0.854361,0.114252,-0.941149,-0.686073,-0.664063,0.883775,0.7901,0.38174,-0.313327,0.45691,-0.081421,-0.181732,0.175134,0.476407,-1.0
0.318365,-0.669702,0.641331,0.504909,0.051383,-0.688318,0.750799,0.337233,0.064773,-0.592725,0.204559,0.06511,-0.527257,-0.155945,-0.909975
-0.244759,-0.387649,-0.675098,0.978305,0.755776,0.983783,0.52704,0.819135,0.296671,0.416445,-0.369062,-0.389509,0.27335,0.363602,-1.0
-0.484401,0.209807,-0.040478,-0.598435,-0.589594,0.595363,0.905905,0.372762,-0.551217,0.427334,0.054984,-0.16212,-0.062587,0.519264,-1.0
-0.068365,-0.924135,-0.365096,0.672531,0.162487,0.208983,0.375776,0.519058,0.177877,0.215696,-0.09103,-0.567527,0.052365,0.530783,-0.961857
-0.313704,0.443812,0.38224,0.964807,0.077759,0.736141,0.477439,0.76269,0.084677,0.35673,-0.429805,-0.321315,0.433269,0.335082,-0.957832
0.386018,-0.67572,-0.834174,0.841719,-0.584337,-0.649403,0.656591,0.200841,-0.298137,-0.397517,0.396655,0.03097,-0.598461,0.085316,-1.0
0.170154,-0.375854,0.635512,0.943274,-0.705749,-0.946338,0.772675,0.674019,-0.358333,-0.482068,0.265903,0.184637,-0.435592,-0.302839,-1.0
-0.838154,0.779834,0.407077,-0.221833,-0.089167,0.91028,0.362771,0.451534,-0.013444,0.198015,-0.579043,-0.037677,0.527099,0.11599,-0.949857
0.15687,0.495544,-0.680696,0.004939,-0.457673,-0.171986,0.967324,0.698711,-0.738914,-0.307439,0.047323,0.053294,-0.319104,-0.330226,-0.972561
-0.882013,-0.616318,-0.405417,0.120938,-0.431136,0.186767,0.944746,0.151117,-0.727846,0.382808,0.066701,-0.080871,0.197453,0.413829,-0.948075
0.196047,0.661771,0.155436,0.558255,-0.161727,-0.119496,0.055439,0.914554,0.036252,0.044116,0.344736,0.812662,-0.22307,-0.417298,-1.0
0.083569,-0.116223,-0.791846,0.13301,-0.643582,0.149784,0.500302,0.897465,-0.405621,0.134014,0.481608,-0.198074,-0.509279,0.258985,-0.912664
-0.834218,-0.612632,0.603702,-0.96415,-0.692903,-0.874304,0.753297,0.57459,-0.455579,-0.474838,-0.216037,0.21998,0.277905,-0.392919,-0.934192
0.373308,0.69576,0.928082,0.886884,0.200598,0.829874,0.189103,0.780705,0.092603,0.169243,0.763448,-0.461854,-0.438174,0.388462,-0.980201
0.835339,-0.703639,-0.911464,0.35071,0.745712,0.601859,0.577564,0.125291,0.486951,0.348801,0.032386,-0.347123,0.006651,0.40666,-0.932971
-0.592383,-0.536203,-0.958041,0.90436,-0.831622,-0.9309,0.616642,0.625427,-0.356348,-0.348237,0.225168,0.301677,-0.238382,-0.397207,-1.0
-0.216942,0.196068,-0.554097,0.564603,0.211056,0.594849,0.121101,0.663614,0.058945,0.058578,-0.698817,-0.592252,0.447535,0.359822,-1.0
0.402529,0.779412,0.235741,0.263049,0.691772,0.247127,0.249332,0.91543,0.170795,-0.022332,-0.377337,0.640044,0.279811,-0.429803,-0.907478
-0.493768,-0.313987,-0.760107,-0.930613,0.343123,-0.396319,0.870228,0.738588,0.496486,-0.584637,-0.101423,-0.018548,0.56273,-0.028391,-0.922511
-0.998307,-0.833302,-0.014538,-0.550835,-0.714067,0.66078,0.419152,0.913008,-0.255028,0.1095,-0.096286,-0.598595,0.065083,0.533907,-0.957998
0.718982,-0.627743,-0.198869,0.298641,0.582266,0.091478,0.017825,0.240736,0.051327,-0.050217,0.221666,-0.948635,-0.037798,0.537907,-1.0
-0.167381,0.966801,-0.703279,-0.876184,0.442722,-0.076771,0.349277,0.73225,0.216287,-0.059838,-0.330326,0.621838,0.323762,-0.452864,-1.0
-0.069995,-0.359703,0.986944,0.103732,0.085732,-0.017876,0.088441,0.380802,0.093898,-0.103158,-0.479813,-0.775397,0.219629,0.465521,-1.0
0.855363,-0.632025,0.174772,0.866804,0.952265,0.334072,0.040603,0.650745,0.058626,0.094528,-0.08968,-0.984216,0.05528,0.522512,-0.989736
-0.49161,-0.328662,-0.808383,-0.606981,0.582468,0.939443,0.913647,0.18955,0.396642,0.562023,-0.077657,-0.033079,0.241481,0.403469,-1.0
0.147323,-0.203577,-0.117241,-0.098851,0.164201,-0.561603,0.124778,0.704954,0.006778,-0.065599,-0.000506,0.818836,0.050021,-0.463593,-0.981489
0.771121,0.112464,0.986154,0.373014,-0.528682,-0.958267,0.205385,0.475699,-0.137266,-0.135997,0.668874,0.529062,-0.423021,-0.337637,-1.0
-0.597042,0.29885,0.290413,0.959798,-0.844035,0.117917,0.880933,0.208381,-0.715106,0.087961,0.073252,0.164668,-0.448969,-0.280566,-1.0
0.511599,0.147232,0.57025,0.670737,-0.401099,-0.342598,0.031268,0.986303,-0.087425,-0.060308,0.933202,0.517376,-0.39924,-0.175702,-1.0
-0.215535,-0.968948,0.102023,-0.241708,0.16398,-0.800519,0.451504,0.083274,0.110229,-0.391772,-0.59765,-0.193176,0.452519,0.255409,-0.996676
0.598333,0.256215,0.299924,0.567875,0.413435,-0.855325,0.039057,0.121408,0.089521,0.006254,0.318469,0.893791,-0.011804,-0.492542,-1.0
-0.528026,0.749862,0.546261,0.086363,0.790295,-0.62492,0.876925,0.730291,0.548931,-0.400307,-0.135512,0.045984,0.271259,-0.278261,-1.0
0.623873,-0.172131,0.473686,0.735293,0.606794,0.925059,0.795279,0.647943,0.295239,0.56351,-0.017224,-0.176585,0.026921,0.532004,-0.900097
-0.027288,-0.070121,0.367433,-0.113352,0.021516,-0.706527,0.372922,0.364897,-0.013931,-0.245002,-0.018242,0.642022,0.140504,-0.458973,-0.994589
-0.108331,-0.212239,0.396162,-0.107072,0.627165,0.81448,0.9625,0.853376,0.40374,0.61918,-0.025153,0.022305,0.330009,0.496316,-1.0
-0.903486,-0.313066,-0.629649,-0.507201,-0.865844,-0.986206,0.453448,0.142973,-0.19791,-0.267041,-0.072143,0.536276,-0.122464,-0.522053,-0.97951
0.289016,-0.701048,0.222792,0.072441,0.943559,0.088063,0.052122,0.162287,0.027134,0.075866,-0.647337,-0.74826,0.291985,0.460814,-1.0
-0.194845,-0.100932,-0.402996,0.00532,-0.422783,-0.157831,0.404529,0.708286,-0.263432,-0.163742,0.558236,0.103583,-0.481703,-0.068794,-0.952767
0.784136,0.890759,0.371458,0.08052,-0.359463,0.221594,0.672587,0.599801,-0.54002,0.189072,0.288579,0.08504,-0.528444,-0.243745,-0.922464
-0.908583,-0.620036,-0.647651,-0.363999,-0.131212,0.287511,0.257863,0.125488,-0.014256,0.190136,-0.483807,-0.621998,0.275122,0.415678,-1.0
0.232112,0.716663,-0.892803,-0.74985,-0.913088,0.583533,0.021025,0.406489,-0.160937,0.017756,0.989793,0.1294,-0.470737,-0.071557,-0.970408
0.187076,0.199953,0.921879,-0.086133,0.617737,0.934494,0.08408,0.897716,-0.005251,0.043949,-0.396735,-0.864019,0.31518,0.408799,-1.0
0.24915,-0.793337,0.719736,-0.837029,-0.511987,0.972999,0.416212,0.049608,-0.211419,0.249163,0.343529,-0.511183,-0.257015,0.498391,-1.0
0.32712,0.526213,0.262532,0.439623,-0.885777,-0.39925,0.394693,0.848954,-0.289131,-0.109453,0.435653,0.340164,-0.335371,-0.339161,-1.0
0.875395,0.158259,-0.75389,0.893472,-0.170806,0.010879,0.385396,0.38082,-0.293937,-0.00035,0.535742,0.046709,-0.535233,-0.049923,-0.983831
-0.920811,0.802051,-0.593944,-0.777525,0.767055,-0.37501,0.644662,0.392507,0.496961,-0.213902,-0.30856,0.266181,0.387382,-0.322441,-1.0
-0.707174,0.061172,-0.559032,-0.961206,-0.616466,0.972857,0.006381,0.841816,-0.006882,0.00197,-0.149893,-1.0,0.090397,0.536671,-0.977689
-0.573797,0.266695,-0.92215,0.633812,0.930656,0.201176,0.197525,0.081499,0.112487,-0.031129,-0.892392,0.082657,0.440475,-0.059034,-1.0
0.349531,0.045427,-0.651868,-0.292723,0.414264,-0.78588,0.673831,0.002455,0.355628,-0.488102,-0.013638,0.318784,-0.032251,-0.51441,-0.997991
0.627261,0.005573,0.439469,0.623377,-0.014236,-0.319753,0.244922,0.883488,-0.011634,-0.168705,0.595811,0.294363,-0.481069,-0.169299,-0.975032
-0.015222,-0.33793,0.835992,0.263464,0.263725,-0.926361,0.451289,0.982959,0.021821,-0.401189,-0.235943,0.557794,0.262624,-0.481089,-1.0
-0.639382,-0.720227,-0.603615,0.157483,-0.00885,0.767277,0.27299,0.405566,0.018623,0.108035,-0.241344,-0.685298,0.189102,0.441002,-1.0
0.614096,0.60616,0.148555,-0.723368,0.521009,0.370934,0.818653,0.730636,0.51029,0.347697,0.157515,0.197811,-0.209765,-0.487912,-1.0
-0.095188,-0.038131,0.991637,0.22023,0.517662,-0.160196,0.061215,0.816334,0.036071,0.000907,-0.952678,0.205056,0.64127,-0.074232,-0.969188
0.135366,0.266279,0.606829,0.320372,0.409391,0.70566,0.114157,0.922615,0.054075,0.090494,-0.391969,-0.797096,0.335865,0.439576,-1.0
-0.859112,-0.215533,-0.164792,-0.372691,-0.418295,-0.883987,0.307534,0.293324,-0.09755,-0.30342,-0.430057,0.586069,0.332492,-0.328863,-1.0
-0.74452,-0.657092,-0.272717,0.302532,-0.732934,0.569152,0.292858,0.648974,-0.245917,0.169544,0.038312,-0.675346,0.001489,0.441635,-1.0
0.326395,-0.707502,-0.878954,-0.251353,0.217641,0.04708,0.464604,0.128915,0.340074,0.074312,0.085275,-0.541689,-0.038629,0.568834,-1.0
0.692919,-0.274177,-0.047771,-0.836554,0.72739,-0.375378,0.92627,0.430187,0.531143,-0.338617,-0.023007,0.033662,0.146549,-0.512042,-1.0
0.633281,-0.392749,0.031632,-0.576025,-0.557925,-0.05415,0.765764,0.709533,-0.549399,-0.118034,0.213078,-0.105298,-0.492504,0.11976,-0.936464
-0.631183,-0.053552,0.05988,-0.296296,0.166866,0.242726,0.707506,0.566824,0.273776,0.413442,-0.272059,-0.15829,0.437821,0.151791,-1.0
0.039427,-0.298167,-0.948207,0.616504,-0.684201,0.140233,0.171238,0.487252,-0.165482,0.04632,0.74849,-0.379256,-0.354745,0.173523,-0.96634
-0.057693,0.527781,-0.35191,-0.647598,-0.197608,-0.87227,0.000921,0.894692,0.039545,0.053877,0.040904,0.952803,-0.118875,-0.429862,-1.0
-0.821997,0.707703,0.984887,0.240191,0.346429,-0.826476,0.235724,0.094225,0.128888,-0.26389,-0.466006,0.581173,0.3198,-0.394995,-1.0
0.904311,0.9853,0.733386,-0.622623,0.852422,0.211494,0.574914,0.079249,0.42813,0.150213,0.071135,0.418274,-0.048632,-0.585693,-1.0
-0.964706,-0.415132,-0.583053,-0.697094,0.026523,-0.032725,0.82663,0.245146,0.452595,-0.545508,-0.121092,-0.045509,0.392798,0.280407,-1.0
-0.400438,0.130132,0.909884,0.519216,-0.950384,-0.977505,0.608917,0.590738,-0.388425,-0.440818,0.13319,0.320981,-0.218987,-0.455693,-0.986963
0.461333,0.561693,0.381034,-0.812052,0.310284,0.557415,0.372252,0.215863,0.162688,0.269747,0.693829,0.081806,-0.552293,-0.023899,-1.0
0.755469,-0.044501,-0.954817,0.938512,-0.311825,-0.562428,0.019258,0.580533,-0.056772,0.006474,0.952687,0.533269,-0.496862,-0.237895,-0.946977
-0.699497,-0.521174,0.104929,-0.385904,-0.046298,0.909514,0.719809,0.411446,-0.023165,0.621321,-0.134558,-0.275073,0.210631,0.483212,-0.99814
-0.136395,0.45849,-0.941039,0.706698,0.107006,-0.436423,0.463333,0.035499,0.077992,-0.271775,-0.23212,0.576523,0.143629,-0.554688,-1.0
-0.244954,-0.004408,0.214713,-0.745363,-0.609271,0.87156,0.914653,0.598667,-0.380723,0.629571,-0.006172,-0.056157,-0.169989,0.401248,-0.986774
0.705566,0.288311,0.231086,-0.769459,0.213587,0.013138,0.558625,0.698507,0.481006,0.029358,0.355601,0.232084,-0.377725,-0.229795,-1.0
0.912416,0.044231,-0.080692,-0.676654,0.702569,-0.729325,0.609993,0.744543,0.344952,-0.402702,0.117749,0.361445,-0.154873,-0.39232,-1.0
-0.940358,-0.069296,0.172465,0.887591,-0.522813,0.684542,0.389662,0.04039,-0.212489,0.291407,-0.345753,-0.53694,0.174019,0.370689,-1.0
0.380287,0.06212,0.198524,0.467695,-0.299776,-0.037011,0.584985,0.063111,-0.36501,0.019037,0.436636,0.134063,-0.459867,-0.156895,-0.981719
-0.162121,-0.295136,0.082786,-0.347586,-0.060467,0.490956,0.818735,4e-06,-0.152053,0.587701,0.019363,-0.107996,0.056032,0.568554,-1.0
0.182771,0.462393,0.826314,-0.375587,-0.810574,-0.689948,0.354847,0.761941,-0.284685,-0.120395,0.421358,0.585993,-0.246895,-0.370929,-1.0
-0.649447,-0.560598,0.126155,-0.788323,0.068131,-0.973114,0.676414,0.103048,0.019845,-0.56585,-0.199809,0.153342,0.376673,-0.335599,-0.986169
0.102765,0.093171,0.997962,0.608859,-0.166958,-0.231281,0.410094,0.586117,-0.26481,-0.272296,0.383926,0.455095,-0.301422,-0.315635,-0.965046
-0.764651,-0.462426,0.219309,-0.146416,-0.636166,0.488574,0.740626,0.693372,-0.449701,0.38892,-0.043843,-0.268554,0.10164,0.496844,-0.98218
0.67537,0.021454,0.244753,0.590992,-0.558362,-0.188291,0.938394,0.907633,-0.713405,-0.193934,0.002511,-0.007038,-0.448386,-0.114694,-1.0
-0.437297,0.434066,-0.327696,-0.120929,0.417628,-0.496345,0.648176,0.181009,0.321715,-0.405779,-0.319043,0.213824,0.280322,-0.398423,-0.914647
0.148942,0.357757,-0.42051,0.645275,-0.078137,-0.958627,0.658009,0.939999,-0.014533,-0.534905,0.043443,0.271123,-0.029631,-0.40591,-0.992784
-0.065467,-0.737455,0.82447,0.718533,0.826566,0.587524,0.633805,0.764154,0.510686,0.277593,-0.157324,-0.283128,0.265753,0.468419,-0.975791
-0.323067,-0.95766,0.888785,0.970021,-0.768036,0.890736,0.215083,0.687736,-0.14651,0.097991,0.140457,-0.835373,-0.13854,0.401475,-0.981892
0.959691,-0.250814,0.048082,-0.170563,-0.603627,0.469782,0.977592,0.501878,-0.626243,0.492966,-0.092702,-0.011563,-0.500617,0.222951,-0.927737
-0.120361,0.882007,0.179053,-0.286629,0.662846,0.2986,0.900013,0.203789,0.603405,0.303296,-0.052088,-0.032982,0.349209,-0.373148,-0.955306
-0.443782,0.205986,-0.290171,-0.888646,0.218597,-0.533698,0.472074,0.53438,0.101739,-0.272074,-0.272803,0.305392,0.318859,-0.324261,-1.0
-0.003573,0.354064,0.488057,-0.797719,-0.791972,-0.859093,0.434796,0.640297,-0.17077,-0.262128,0.249276,0.4872,-0.257993,-0.403444,-1.0
0.963341,-0.329447,0.898756,0.749246,0.366258,0.117276,0.461127,0.271684,0.414331,0.111265,0.437981,-0.365513,-0.418489,0.314954,-0.953384
0.621246,0.791643,-0.792978,-0.701439,-0.711095,-0.480829,0.742958,0.035462,-0.506973,-0.361232,0.216133,0.224692,-0.394792,-0.316788,-0.965851
0.792157,0.16768,-0.974399,-0.179674,-0.013644,-0.940438,0.136281,0.006866,0.018471,-0.186256,0.503394,0.664821,-0.269463,-0.39948,-0.950194
0.087157,-0.891871,0.227864,0.632933,0.729377,0.789971,0.928516,0.8968,0.483594,0.603971,-0.038401,-0.099782,0.208038,0.492488,-1.0
-0.040463,0.251358,0.317431,0.339778,-0.86989,0.632709,0.63292,0.621456,-0.503432,0.363007,0.312908,-0.210071,-0.487993,0.140812,-0.952027
-0.740089,0.135966,-0.406398,0.779986,-0.724647,-0.524556,0.77139,0.749012,-0.539582,-0.367221,0.027933,0.210133,0.002676,-0.545967,-0.849582
-0.905083,-0.605713,0.698459,0.312012,-0.135445,0.730942,0.378156,0.093202,-0.033351,0.351946,-0.294857,-0.582594,0.299755,0.355389,-1.0
-0.324098,0.691457,0.965962,-0.727709,0.30269,0.802661,0.224134,0.865412,0.158499,0.021251,-0.749619,-0.104064,0.448837,0.121594,-0.947343
-0.965898,-0.971884,-0.070938,0.638774,0.241187,-0.17856,0.145195,0.931144,0.10602,-0.133386,-0.718739,-0.531293,0.352837,0.224871,-1.0
0.220498,-0.717754,0.767494,0.181624,0.82609,-0.726673,0.744844,0.842625,0.479962,-0.475619,-0.313798,-0.005362,0.494621,0.072354,-0.974733
-0.035609,0.042033,0.225773,-0.180282,-0.395058,-0.375497,0.313536,0.36862,-0.178972,-0.204112,0.462541,0.469296,-0.308122,-0.423198,-0.993411
-0.676715,0.169749,-0.986419,-0.072878,-0.561358,0.079395,0.965239,0.307256,-0.83236,0.074102,-0.071296,0.093225,0.433835,-0.359064,-1.0
0.77916,-0.602261,-0.539217,0.907677,-0.524255,0.214241,0.670219,0.785197,-0.44941,0.249936,0.26447,-0.167001,-0.336892,0.257277,-0.901509
0.800394,-0.483333,0.327544,-0.370088,0.833287,0.638834,0.640752,0.292658,0.418216,0.293824,0.047567,-0.25732,0.082594,0.521077,-1.0
-0.827863,0.92481,0.280587,0.239506,0.947466,-0.092023,0.133048,0.871633,0.160749,0.037648,-0.745028,0.462349,0.362071,-0.229466,-1.0
0.603336,0.423086,0.58416,-0.22305,-0.312426,-0.191195,0.560598,0.776351,-0.436524,-0.184526,0.361758,0.219557,-0.368577,-0.285031,-0.966418
0.839311,-0.822385,-0.530081,0.476626,0.470033,-0.033288,0.293049,0.700907,0.303719,0.013681,0.299811,-0.671633,-0.326294,0.544509,-1.0
0.857358,-0.823763,0.477442,-0.377391,0.509269,0.229292,0.056585,0.158157,0.001366,0.02553,0.31092,-0.897117,-0.22594,0.476669,-1.0
-0.788492,-0.725072,0.774686,-0.209661,-0.841123,0.92687,0.719234,0.739143,-0.44203,0.499768,0.105244,-0.269264,-0.055241,0.521811,-1.0
0.688835,0.108346,0.111469,-0.546372,-0.625621,-0.479518,0.618144,0.77337,-0.357138,-0.400788,0.365544,0.122683,-0.44127,-0.171122,-1.0
-0.844578,-0.803055,0.309996,-0.848791,-0.25927,-0.774255,0.523604,0.217836,-0.228772,-0.390518,-0.451858,0.016812,0.42271,0.084146,-1.0
0.865143,0.96059,-0.902,0.847352,-0.62761,-0.286044,0.300304,0.0824,-0.23039,-0.034617,0.564442,0.410168,-0.311535,-0.300375,-0.889983
0.183041,0.236978,-0.666419,0.684419,0.032539,-0.699172,0.757138,0.236178,0.120034,-0.614332,0.120496,0.2044,-0.05265,-0.544406,-1.0
-0.703379,0.019283,0.539895,0.164245,0.505133,0.717153,0.410878,0.067663,0.117735,0.268959,-0.498661,-0.34685,0.418877,0.298086,-0.991582
0.002927,-0.193561,0.04239,0.4898,0.994599,-0.859184,0.594502,0.354708,0.355151,-0.358376,-0.354664,0.266994,0.418973,-0.319105,-0.98444
-0.260768,0.704863,0.623359,-0.714155,-0.149804,-0.84551,0.65905,0.123814,-0.153498,-0.622292,-0.154034,0.325785,-0.030863,-0.511156,-0.98245
0.257906,-0.149821,-0.785578,-0.950649,-0.840213,-0.760513,0.486975,0.994151,-0.279847,-0.267395,0.428603,0.233321,-0.369314,-0.191969,-1.0
0.194791,0.688356,0.549415,0.160607,0.882972,0.627408,0.241044,0.148497,0.186939,0.061901,-0.752503,0.02428,0.503439,-0.077369,-1.0
-0.124014,0.34175,0.47301,0.281888,-0.15234,0.939364,0.107061,0.896033,0.010781,0.109166,0.026783,-0.859252,0.006225,0.429236,-1.0
0.238381,-0.825934,0.024424,-0.531822,0.523926,0.587122,0.487511,0.803084,0.267534,0.303044,-0.087769,-0.525759,0.156737,0.488469,-1.0
0.252336,0.17481,-0.252764,-0.868686,-0.330117,0.908842,0.401589,0.385732,-0.08729,0.274978,0.374302,-0.447955,-0.328064,0.394823,-1.0
0.662069,-0.749026,-0.182455,0.93197,-0.456797,0.700874,0.951929,0.762901,-0.423158,0.642448,-0.025465,-0.076726,-0.25719,0.429031,-1.0
0.908659,-0.265373,-0.729839,-0.787626,-0.901124,0.389865,0.335773,0.75746,-0.224969,0.034233,0.620075,-0.222385,-0.513547,0.205109,-0.973966
0.139067,0.495955,-0.615458,0.663187,0.679669,-0.908769,0.651408,0.440652,0.277571,-0.374044,-0.11912,0.219865,0.149442,-0.474917,-0.952051
-0.965117,0.901654,-0.264873,0.281588,0.964947,-0.04447,0.195985,0.229545,0.230764,-0.058625,-0.662229,0.33678,0.399254,-0.329417,-0.995092
-0.249766,0.416991,-0.432733,0.19375,0.02587,0.1041,0.612703,0.515252,0.069592,0.561921,-0.316277,0.259164,0.328681,-0.400747,-0.962313
0.76673,0.185292,-0.946951,0.588371,-0.028254,-0.116153,0.95305,0.301444,-0.151918,-0.725763,0.060501,0.150219,-0.468193,-0.211614,-1.0
-0.00762,-0.923597,0.180683,0.101129,-0.059,0.428781,0.722702,0.184611,0.035489,0.546283,0.017382,-0.245299,-0.009504,0.516248,-1.0
0.284989,-0.149737,-0.818739,-0.739062,-0.64137,-0.151392,0.863969,0.577165,-0.729843,-0.181939,0.151304,0.033961,-0.412962,-0.004046,-0.989136
-0.773536,0.481527,-0.7164,-0.570993,0.484124,0.846079,0.773938,0.638478,0.18814,0.471099,-0.210607,-0.03806,0.565264,0.115982,-0.911334
-0.415099,-0.584364,-0.001334,-0.652498,0.354754,0.936185,0.011404,0.597331,0.037197,0.052355,-0.451213,-0.943603,0.141097,0.462416,-1.0
-0.145723,-0.589282,0.307767,-0.833411,0.442443,-0.134495,0.173334,0.399149,0.131943,-0.078479,-0.616545,-0.547034,0.33359,0.24335,-0.955026
0.850572,0.099442,-0.568933,-0.857178,0.470408,0.415199,0.961589,0.084333,0.571264,0.57368,-0.011587,-0.055148,-0.434033,0.3017,-1.0
0.759561,0.425756,0.548217,0.483892,-0.882991,0.838199,0.049553,0.522578,-0.048076,0.005892,0.933642,-0.283619,-0.437637,0.170321,-1.0
0.48706,-0.772765,-0.344741,-0.426449,0.292577,0.982994,0.044861,0.648648,0.004263,0.02007,0.139214,-0.922501,-0.030271,0.553533,-0.912858
0.406727,0.288583,0.586204,-0.566531,0.677326,0.665412,0.566147,0.842065,0.360184,0.397419,-0.292807,-0.386384,0.402675,0.379599,-0.9674
-0.264282,0.750698,-0.988499,0.661809,-0.84256,-0.741951,0.327955,0.248105,-0.189287,-0.187075,0.233632,0.556876,-0.179369,-0.45935,-0.946585
-0.997547,0.076801,0.46163,0.729567,0.597536,0.812406,0.03119,0.831713,-0.002932,0.006497,-0.846254,-0.412917,0.485527,0.196272,-0.941831
-0.57583,0.475226,-0.716101,-0.647749,0.266356,0.129874,0.224795,0.819986,0.137822,0.036235,-0.73182,0.272802,0.509229,-0.305065,-0.970953
-0.138198,-0.008762,0.032263,0.829895,-0.322352,-0.535961,0.199435,0.340975,0.026642,-0.113337,0.291985,0.661979,-0.195152,-0.444671,-1.0
-0.799226,-0.331807,-0.900454,0.531625,0.621747,-0.969454,0.557336,0.936566,0.251977,-0.434375,-0.404287,0.177449,0.423362,-0.143783,-1.0
0.333669,0.722341,0.75531,0.891286,0.589044,-0.457758,0.091277,0.485736,0.058924,0.037676,-0.204227,0.913586,0.093273,-0.516476,-1.0
-0.493322,-0.989686,-0.396688,0.750283,-0.613037,-0.74562,0.521656,0.309388,-0.277966,-0.268051,0.29484,-0.425257,-0.190507,0.479641,-0.998499
0.412428,-0.799099,-0.691577,-0.810365,-0.220911,-0.36382,0.120588,0.472368,-0.016414,-0.013799,0.607017,-0.476031,-0.294551,0.286986,-1.0
0.92211,-0.035196,-0.362978,-0.604308,0.516967,0.743729,0.858002,0.48297,0.438242,0.492802,0.075777,-0.135581,-0.281108,0.449606,-1.0
-0.875444,-0.59648,-0.714737,0.239851,0.300856,0.970265,0.83489,0.966037,0.228429,0.690852,-0.038616,-0.027579,0.327834,0.479006,-1.0
-0.288684,0.16884,0.230487,0.313801,-0.585552,-0.990306,0.349591,0.893396,-0.130714,-0.259335,0.13618,0.597435,-0.069861,-0.506085,-1.0
-0.952908,0.102591,-0.429696,0.461139,-0.765989,0.340445,0.809917,0.78065,-0.589949,0.290003,-0.128154,-0.08071,0.170002,0.268006,-0.989572
-0.235508,-0.855567,-0.037934,-0.967648,-0.136756,0.036743,0.717149,0.32268,-0.609623,0.234576,-0.089125,-0.185229,0.092189,0.506543,-0.938412
0.180436,-0.174502,-0.817028,0.623571,-0.793823,0.353411,0.774908,0.039103,-0.455611,0.323099,0.317349,-0.097852,-0.403191,0.202115,-0.917322
-0.96532,-0.054107,-0.787778,-0.373623,-0.421448,0.4761,0.549272,0.636968,-0.303355,0.2881,-0.280628,-0.325556,0.444701,0.213501,-1.0
-0.209931,-0.032723,-0.869738,-0.017975,-0.646023,-0.564264,0.353874,0.582067,-0.196326,-0.262613,0.446663,0.535802,-0.332709,-0.368618,-1.0
-0.665458,0.597588,0.829577,0.689901,0.375481,-0.41544,0.1459,0.696516,0.085941,-0.0771,-0.663911,0.748818,0.391974,-0.361293,-0.960009
0.353801,-0.416817,0.336558,0.064299,-0.136187,0.658182,0.936851,0.657121,-0.151799,0.691563,0.111278,-0.017392,-0.239985,0.495318,-0.982816
-0.753838,0.689097,0.081181,-0.925466,-0.133479,-0.060694,0.124559,0.088831,-0.066911,-0.080396,-0.560969,0.771952,0.305026,-0.314105,-0.999795
0.397845,-0.185352,0.811061,0.560328,0.033132,0.521638,0.117872,0.458438,0.059432,0.110727,0.435364,-0.864271,-0.213079,0.447849,-1.0
0.462161,-0.828954,0.561292,-0.531441,0.284208,0.44144,0.531115,0.557688,0.195,0.402068,0.099331,-0.537022,-0.049578,0.434904,-1.0
0.924984,0.248933,-0.14133,0.520322,-0.474022,-0.564483,0.729106,0.573699,-0.345544,-0.476862,0.198979,0.108719,-0.507333,-0.224681,-1.0
0.16821,-0.183267,0.791446,-0.136685,-0.469249,-0.022056,0.552512,0.94361,-0.499869,-0.087392,0.510224,-0.117032,-0.472065,0.217287,-0.995353
-0.128942,-0.344693,-0.478376,0.359504,-0.182291,-0.523903,0.459886,0.082691,-0.084375,-0.387223,0.140488,0.484198,-0.082803,-0.410162,-0.963728
0.778632,-0.268849,-0.88968,-0.35642,-0.009337,-0.030929,0.387046,0.848932,-0.120262,-0.20575,0.537238,-0.288973,-0.500954,0.163738,-1.0
0.81668,0.862251,0.307607,0.247037,-0.976983,-0.9523,0.187706,0.062826,-0.078728,-0.193552,0.554136,0.553089,-0.357607,-0.321689,-0.998219
0.245444,0.073659,-0.792581,0.957055,-0.35503,-0.584396,0.354672,0.954076,-0.032314,-0.224616,0.471625,0.418574,-0.319732,-0.434318,-0.995202
0.065879,0.234192,-0.592607,-0.688204,0.860657,0.060613,0.141228,0.273532,0.077362,0.030959,-0.878141,0.165743,0.603804,-0.004396,-1.0
0.380068,0.45486,0.114225,-0.716958,0.962149,0.646396,0.799912,0.976741,0.540939,0.406237,-0.128404,-0.018851,0.515553,0.062303,-0.993502
-0.850434,-0.662481,-0.046099,-0.311236,0.214325,0.209163,0.582792,0.230845,0.339478,0.296853,-0.300066,-0.296095,0.435359,0.331489,-1.0
0.988238,0.151633,-0.427214,-0.156304,-0.005727,0.580537,0.256579,0.350114,-0.01289,0.162441,0.727493,-0.282807,-0.422336,0.153917,-0.981609
-0.420053,-0.482386,0.370629,-0.745863,0.73688,-0.963216,0.900078,0.124736,0.41755,-0.587808,0.000907,0.051387,0.460065,-0.153146,-1.0
-0.588894,0.593963,-0.972222,0.336305,0.706601,-0.006038,0.769221,0.368828,0.666489,0.023632,-0.172727,0.116855,0.406406,-0.215181,-0.988887
0.8397,-0.208657,-0.481212,-0.937206,-0.632227,0.280676,0.44782,0.795075,-0.324643,0.118507,0.498689,-0.191345,-0.473162,0.128885,-1.0
-0.68915,-0.571718,-0.40768,0.668198,0.519132,-0.175973,0.564045,0.629625,0.477365,-0.102267,-0.354876,-0.182843,0.485254,0.177749,-1.0
0.435282,-0.216199,0.448807,-0.005482,-0.753112,0.45067,0.710443,0.054964,-0.509031,0.308812,0.275756,-0.15904,-0.449605,0.212943,-0.988937
0.960019,-0.307589,-0.358017,0.03169,0.515032,0.85573,0.626167,0.84799,0.266651,0.440433,0.165512,-0.313543,-0.157926,0.374151,-0.949699
0.046215,-0.815465,0.647662,-0.934418,-0.80667,0.07425,0.833365,0.53244,-0.56208,0.023461,-0.008272,-0.027317,-0.349758,0.413736,-1.0
0.105231,0.010173,-0.632525,-0.338826,-0.69929,0.014583,0.853881,0.640352,-0.670846,0.046465,0.168121,-0.025959,-0.429423,0.042965,-1.0
-0.433243,-0.882612,0.890994,-0.334644,0.571814,0.016284,0.977842,0.937413,0.722343,0.02485,-0.054842,-0.042406,0.294331,0.278518,-1.0
0.222702,0.635881,-0.673981,-0.127156,-0.696327,0.053614,0.520947,0.950628,-0.433701,0.0003,0.360328,0.331837,-0.405423,-0.214677,-0.966663
0.828329,-0.971867,0.955459,-0.141264,-0.924374,0.366278,0.792039,0.143174,-0.580254,0.229199,0.162962,-0.124401,-0.449275,0.239226,-1.0
0.492083,-0.846528,-0.77032,-0.434323,0.587239,0.153103,0.067459,0.843127,0.070518,-0.009542,-0.090576,-0.881284,0.070256,0.500913,-1.0
-0.897348,-0.945494,0.052035,0.045242,0.618491,0.132241,0.780809,0.990668,0.677428,0.173294,-0.240363,-0.154715,0.375782,0.335785,-0.949909
-0.263169,0.239335,-0.967471,0.05364,0.843733,-0.953632,0.916279,0.993286,0.434662,-0.597304,-0.071891,0.094315,0.34043,-0.45361,-0.98262
-0.954291,-0.708113,0.661636,-0.96499,-0.295704,-0.499227,0.994856,0.819774,-0.455975,-0.675521,-0.012204,-0.034624,0.503189,0.222239,-0.955969
-0.840433,0.415641,0.551177,0.408378,0.711121,-0.820183,0.604955,0.978335,0.324757,-0.386122,-0.292891,0.208967,0.433515,-0.301597,-0.966528
0.470862,-0.354526,-0.623357,-0.530951,0.999872,0.174122,0.33451,0.496059,0.21931,0.036963,-0.490903,-0.449578,0.342649,0.323484,-0.937633
0.922546,0.408911,-0.40917,-0.534479,-0.487295,0.057247,0.935299,0.975841,-0.711413,0.100632,0.044231,-0.078318,-0.394009,-0.086747,-0.926426
0.078417,0.814356,-0.898452,-0.384564,-0.440343,0.59721,0.774138,0.216827,-0.360866,0.493839,0.298626,0.144451,-0.577452,-0.240535,-1.0
0.796275,-0.319434,-0.559307,0.33615,-0.801837,0.633188,0.22315,0.042132,-0.184171,0.131994,0.669002,-0.458169,-0.417473,0.199827,-1.0
-0.458489,0.209908,0.273526,0.906162,0.98969,0.030059,0.7495,0.985216,0.578178,-0.061307,-0.160785,0.031204,0.428151,-0.072504,-0.967093
-0.059656,0.781433,0.231975,0.008022,0.269122,-0.107397,0.528579,0.136737,0.355489,-0.155062,-0.152475,0.433672,0.173296,-0.420229,-0.990663
0.510838,0.989511,0.58571,-0.153253,-0.93223,-0.056919,0.437848,0.557438,-0.32977,0.007819,0.512315,0.290615,-0.353947,-0.301649,-1.0
-0.068281,0.423993,0.900234,-0.515301,0.54013,-0.080636,0.56249,0.204053,0.532696,-0.063091,-0.311068,0.216693,0.3515,-0.325795,-0.974951
-0.924637,0.759966,-0.616884,-0.278586,-0.585198,0.293547,0.138339,0.010788,-0.103306,0.064957,-0.489164,0.715719,0.331279,-0.414884,-0.963462
0.107431,0.065549,0.225642,0.352534,0.024464,0.202366,0.091744,0.988856,0.042073,0.055538,0.480525,-0.824626,-0.337464,0.457876,-0.985768
-0.791614,0.894818,0.437271,-0.693227,0.560338,-0.911918,0.113774,0.997097,0.097876,-0.061335,-0.524028,0.725051,0.383375,-0.348581,-0.924875
-0.293126,-5.7e-05,0.663876,0.565859,-0.729794,0.316838,0.57347,0.23933,-0.467228,0.125583,0.31509,-0.308405,-0.356142,0.295168,-0.903099
-0.087563,0.970742,0.780012,0.611735,-0.258435,0.058144,0.280888,0.650499,-0.231437,0.071071,0.122363,0.696247,-0.115868,-0.450465,-1.0
0.781757,0.58916,0.059652,0.057101,-0.276453,-0.513109,0.823484,0.467921,-0.274311,-0.632501,0.156736,0.104015,-0.34557,-0.307064,-1.0
-0.249125,-0.829943,-0.5164,0.523621,0.034983,-0.228551,0.791887,0.314119,0.102353,-0.601157,-0.065712,-0.300879,0.253008,0.407343,-1.0
0.42485,0.249993,-0.101165,0.979669,0.739796,-0.559891,0.007516,0.156535,0.013615,-0.012339,-0.302733,0.936858,0.185631,-0.458762,-1.0
0.786232,-0.049612,0.298652,-0.728329,-0.718675,-0.15101,0.078197,0.986447,-0.077078,0.054812,0.820562,0.061943,-0.504795,-0.065279,-0.995798
-0.624543,-0.978027,-0.444472,-0.532883,0.691814,0.031713,0.423036,0.282326,0.275135,-0.072158,-0.474177,-0.399287,0.384421,0.27186,-1.0
-0.101782,0.465763,0.095459,-0.309221,-0.845557,-0.445447,0.53763,0.115988,-0.383551,-0.175178,0.239462,0.347907,-0.395657,-0.457226,-1.0
0.96973,-0.025959,0.544862,-0.556684,-0.832144,0.263717,0.277451,0.744342,-0.134062,0.022685,0.739627,-0.065908,-0.643975,0.151856,-0.935909
-0.524526,-0.910168,-0.114123,-0.756815,0.101453,-0.517467,0.184655,0.157625,0.035994,-0.078831,-0.635897,-0.354309,0.440664,0.267876,-1.0
0.300178,-0.586486,0.959101,-0.027175,-0.830002,0.819528,0.718389,0.684158,-0.403799,0.375412,0.08516,-0.192776,-0.250858,0.37621,-0.999434
-0.134524,0.789566,0.572441,-0.789592,-0.295362,0.767524,0.984681,0.938558,-0.235275,0.746863,-0.046055,-0.026914,-0.445239,-0.062337,-1.0
-0.725439,-0.777656,-0.217799,0.756237,-0.593533,-0.832959,0.318954,0.56542,-0.220945,-0.26157,-0.640963,0.267242,0.517475,-0.169781,-1.0
-0.1817,-0.763101,-0.795022,-0.781712,-0.043056,-0.115032,0.537427,0.222562,-0.104475,-0.441169,-0.133058,-0.47389,0.205839,0.553155,-1.0
0.557327,0.531021,-0.273278,0.584702,0.933485,-0.29928,0.259256,0.687622,0.142095,-0.008957,-0.313409,0.689587,0.276814,-0.421312,-1.0
-0.751322,0.050795,-0.104638,-0.113613,0.864975,0.97111,0.97687,0.414511,0.450844,0.606119,0.061265,-0.07208,0.447583,0.21578,-0.979328
-0.804569,0.340185,0.556525,-0.05613,-0.788226,0.462088,0.10894,0.613606,-0.018045,-0.002149,-0.045967,-0.937304,0.132017,0.497601,-1.0
-0.41132,-0.99013,-0.364535,0.79163,0.215975,-0.085227,0.173532,0.510136,0.13335,0.068704,-0.458889,-0.683789,0.25747,0.470977,-1.0
-0.67843,-0.608745,-0.27799,-0.705718,-0.68444,-0.178572,0.162216,0.936025,-0.102322,-0.039927,0.123585,-0.894748,0.001707,0.481368,-1.0
0.358853,0.055858,-0.571583,-0.445501,-0.817387,-0.226562,0.149808,0.866953,-0.160336,-0.057291,0.851044,0.231058,-0.50015,-0.149138,-1.0
0.996911,0.64653,-0.744047,0.389483,0.794484,-0.319807,0.946344,0.504925,0.752709,-0.314972,-0.007009,0.120466,-0.210357,-0.490136,-0.963123
-0.286546,0.840765,0.975605,-0.516235,0.179505,0.208317,0.425637,0.696925,0.174668,0.2473,-0.315711,0.394585,0.410268,-0.374412,-0.973689
-0.257252,0.800928,-0.422348,-0.056954,-0.96695,0.559489,0.570701,0.183619,-0.34725,0.187259,0.336892,0.076591,-0.451355,-0.091074,-0.906172
0.316775,0.50619,0.218719,0.673203,0.257559,-0.972505,0.63333,0.462674,0.148843,-0.396329,0.044521,0.333027,-0.069042,-0.511255,-1.0
-0.957311,-0.346246,-0.132027,0.323094,0.347795,0.173508,0.554986,0.769408,0.360405,0.189899,-0.407254,-0.231983,0.537515,0.230242,-0.976457
0.746743,-0.161586,0.408091,-0.66491,-0.757056,0.128195,0.929228,0.942423,-0.699345,0.150891,0.076378,-0.0333,-0.472779,0.015206,-0.984899
-0.728492,0.274353,-0.927843,0.816785,-0.000416,-0.9333,0.672524,0.180646,-0.024812,-0.53249,-0.182355,0.249471,0.215519,-0.290398,-0.95275
0.484183,-0.560113,-0.958299,-0.274374,0.629387,0.380611,0.17699,0.844486,0.075269,-0.009892,-0.138831,-0.840105,0.13436,0.4533,-0.968088
0.012475,-0.198325,-0.521378,0.541304,-0.018095,-0.46425,0.035362,0.980459,-0.022291,-0.010446,0.067099,0.976181,-0.053929,-0.541487,-0.972122
0.289316,0.450477,0.694902,-0.101302,0.903287,0.356681,0.285831,0.524796,0.33556,0.00719,-0.683429,0.138536,0.426071,-0.089507,-0.957554
0.646386,0.235713,0.92284,0.730452,-0.720207,0.653835,0.818918,0.406384,-0.466965,0.405661,0.12744,-0.037007,-0.495034,0.232701,-0.972268
0.695223,-0.067529,-0.687738,-0.133171,-0.235151,0.167421,0.898474,0.768708,-0.639287,0.33672,0.095343,-0.023727,-0.491081,0.060755,-0.984315
0.618262,-0.711663,-0.773017,0.852583,0.30737,-0.346633,0.090219,0.771729,0.072895,-0.105476,0.58242,-0.778177,-0.36287,0.335015,-1.0
-0.470972,0.775821,-0.387749,-0.560494,0.088351,-0.183553,0.530615,0.392714,0.151096,-0.379228,-0.245772,0.406649,0.279829,-0.335606,-0.992201
0.55303,0.04842,0.112238,-0.416238,0.963315,-0.108601,0.318982,0.963373,0.220136,-0.080113,-0.522878,0.2063,0.443021,-0.114346,-1.0
0.793455,-0.19973,0.274316,-0.98163,0.677855,0.622599,0.970651,0.044924,0.57356,0.585228,-0.064511,-0.025581,-0.054463,0.525985,-1.0
-0.158219,0.654225,-0.182453,0.375374,0.941528,-0.136858,0.413864,0.774704,0.234027,-0.002422,-0.423374,0.371162,0.40745,-0.30954,-0.995441
-0.599033,0.40788,-0.678361,0.437421,-0.348452,-0.010825,0.937408,0.616957,-0.825802,-0.076974,-0.002916,0.034401,0.289906,-0.416616,-0.932022
-0.165167,-0.624413,0.188216,0.248429,0.304075,0.117855,0.889707,0.647528,0.566646,0.23975,-0.144587,-0.120419,0.159918,0.36221,-0.960971
-0.883989,-0.466254,0.224626,-0.860049,0.760752,0.889636,0.306093,0.315141,0.100421,0.205606,-0.580225,-0.401564,0.413711,0.376765,-0.981353
0.602774,-0.990065,0.057223,-0.829462,-0.086721,-0.699333,0.367164,0.856798,-0.041984,-0.174119,0.60987,-0.19905,-0.417741,0.185913,-1.0
-0.882563,0.395829,-0.44314,-0.817881,0.206222,0.893272,0.679652,0.372995,0.109967,0.540542,-0.335741,-0.040423,0.440665,0.248474,-0.913797
0.458572,-0.738599,0.139868,0.408068,0.456409,0.000375,0.00526,0.81776,0.04964,0.079698,0.046297,-0.966203,-0.020532,0.514087,-0.864765
0.871521,-0.94644,0.357773,0.549057,-0.741282,0.992585,0.466663,0.65941,-0.247686,0.291293,0.439796,-0.562997,-0.344451,0.425893,-1.0
0.582347,0.775346,0.696546,0.970736,0.16114,0.312651,0.957837,0.983272,0.285973,0.610109,0.083217,-0.016324,-0.356719,-0.374507,-1.0
0.533868,-0.563199,0.525951,-0.2468,0.446443,-0.688627,0.182609,0.606784,0.063685,-0.060454,0.408947,0.627561,-0.298952,-0.483001,-1.0
0.533887,-0.383025,0.246113,0.679396,-0.516219,0.717721,0.819776,0.461931,-0.462524,0.575354,0.156443,-0.086051,-0.354637,0.413864,-0.977421
-0.091439,0.227129,-0.54974,-0.00593,-0.963489,-0.618443,0.43377,0.352289,-0.161894,-0.183237,0.460761,0.422253,-0.280034,-0.280512,-0.962105
-0.253901,-0.643005,0.13379,-0.842161,-0.139995,0.016318,0.07493,0.574648,-0.036705,-0.02596,-0.208311,-0.84276,0.088575,0.541052,-1.0
0.170554,0.748758,-0.146437,0.879327,0.954192,-0.266597,0.687918,0.247166,0.580825,-0.094582,-0.219022,0.340512,0.272184,-0.402853,-1.0
0.028242,0.917216,0.025912,-0.380811,0.114329,-0.74775,0.590956,0.759237,0.20352,-0.469391,-0.054925,0.415589,0.026427,-0.45642,-1.0
0.741011,0.61228,-0.559378,0.968725,-0.246024,-0.201772,0.728112,0.37635,-0.481758,-0.428562,0.188343,0.126321,-0.331257,-0.279871,-0.973712
0.942732,0.701479,0.227333,0.203788,-0.323714,-0.161507,0.868246,0.977974,-0.57072,-0.230936,0.106937,-0.007193,-0.378335,-0.28967,-1.0
0.486978,0.342416,0.99751,-0.820453,-0.531721,-0.372395,0.346429,0.201144,-0.227176,-0.240631,0.448662,0.366645,-0.448645,-0.191901,-1.0
-0.82524,0.545748,-0.378692,-0.381253,0.577568,-0.361227,0.265518,0.441704,0.140508,-0.091581,-0.564911,0.391618,0.374219,-0.349966,-1.0
-0.783156,0.638109,0.793667,0.168579,0.584376,-0.085214,0.291344,0.359613,0.237159,-0.008572,-0.618778,0.252724,0.388595,-0.275343,-1.0
0.618853,0.105216,0.714759,0.693087,-0.859802,-0.349883,0.298268,0.638661,-0.230357,-0.057154,0.730379,0.191726,-0.552881,-0.205848,-0.978248
0.374328,0.887054,-0.892386,0.666405,0.48941,-0.928128,0.338086,0.890056,0.098752,-0.232296,-0.059083,0.651431,0.065648,-0.410523,-1.0
-0.228092,0.02076,0.320009,0.867056,0.449262,-0.582763,0.004871,0.058057,-0.052661,0.000155,-0.730104,0.700969,0.389904,-0.318081,-0.973592
-0.97532,-0.967523,-0.318817,-0.269017,0.239008,0.143854,0.108765,0.271843,0.037998,0.012758,-0.701219,-0.587739,0.284462,0.315297,-1.0
-0.697935,-0.831319,0.04661,-0.672325,-0.151505,-0.795788,0.847294,0.052197,-0.067252,-0.566585,-0.104612,-0.037598,0.405669,-0.007706,-0.990097
0.297509,-0.043321,0.063129,0.081855,0.238099,-0.628088,0.859471,0.221365,0.292457,-0.517362,-0.078501,0.165298,-0.001361,-0.461142,-0.943798
-0.698946,-0.849895,-0.586289,-0.467056,-0.512836,0.819717,0.39984,0.501,-0.112703,0.305747,-0.127573,-0.538847,-0.013445,0.465246,-1.0
0.095385,0.131293,-0.474828,0.119184,-0.559047,-0.797124,0.47395,0.54188,-0.268118,-0.399599,0.250758,0.521601,-0.259092,-0.403114,-1.0
-0.75037,-0.533018,-0.460135,0.331401,-0.540358,0.089391,0.124382,0.360491,-0.119682,0.009465,-0.337715,-0.862865,0.220623,0.506393,-1.0
-0.645349,-0.031661,-0.385977,-0.579392,0.598125,0.562267,0.691941,0.053817,0.473561,0.499844,-0.260797,-0.143919,0.504781,0.207037,-0.960408
-0.984248,-0.187865,-0.002043,-0.33992,0.961533,-0.226979,0.785672,0.264987,0.573073,-0.141682,-0.206717,0.011277,0.511176,0.026831,-0.905263
-0.314425,-0.8303,-0.707407,0.973347,-0.189662,0.761561,0.127656,0.208702,0.014228,0.104251,-0.128694,-0.863009,-0.040624,0.53622,-1.0
0.070334,0.189659,-0.238215,-0.882696,-0.337913,0.154559,0.187716,0.855393,-0.15422,0.124883,0.844996,0.066656,-0.488295,-0.062049,-0.930835
-0.446149,-0.764412,0.150962,0.282864,0.342862,0.766842,0.082769,0.102976,-0.031147,0.092974,-0.501835,-0.825549,0.224604,0.394096,-1.0
-0.020381,-0.043398,-0.354409,0.619791,0.045573,0.140612,0.959976,0.967774,0.180514,0.738735,0.026861,0.03499,0.167789,0.508654,-0.959824
0.513198,-0.874251,-0.880786,0.130042,-0.249663,0.174756,0.12473,0.078309,-0.109668,0.028951,0.418926,-0.678437,-0.325576,0.377806,-0.911444
-0.511179,-0.151846,0.34535,0.448844,0.880078,0.900752,0.675772,0.754276,0.347459,0.410237,-0.223857,-0.174641,0.434371,0.318715,-1.0
0.255698,-0.608814,-0.809979,-0.302454,-0.697169,-0.926311,0.63417,0.557675,-0.316674,-0.489002,0.360542,0.11814,-0.429601,-0.225559,-0.967994
-0.637834,0.825262,0.425308,0.714923,0.6247,0.759293,0.130933,0.506078,-0.065723,-0.016035,-0.711114,0.026312,0.527575,-0.021044,-1.0
-0.406807,0.785002,0.813437,0.17862,0.817688,0.517209,0.887078,0.749336,0.635273,0.415656,-0.134089,0.028601,0.436381,-0.038513,-0.946034
0.517338,0.994247,-0.865514,0.133066,0.908307,0.743846,0.465992,0.971786,0.282676,0.299708,-0.555082,0.289568,0.426413,-0.320408,-0.98045
-0.99791,-0.995969,0.09632,0.710661,0.171428,-0.869843,0.069865,0.763103,0.025501,-0.040639,-0.883489,-0.09946,0.530997,0.028899,-1.0
0.932378,-0.948482,-0.600485,-0.66499,-0.460433,-0.020918,0.063807,0.47825,-0.100699,-0.053786,0.679254,-0.515139,-0.43989,0.353965,-1.0
-0.123564,0.984898,-0.868288,-0.375178,-0.96863,-0.035477,0.775147,0.961093,-0.612214,-0.02115,0.105756,0.21069,-0.256199,-0.295719,-1.0
-0.773382,0.353485,-0.831962,0.761656,-0.391893,-0.582962,0.748615,0.52404,-0.320489,-0.429019,-0.055492,0.18279,0.1875,-0.52441,-0.958747
-0.840934,0.496033,-0.310554,0.607262,-0.906989,-0.867124,0.873907,0.754992,-0.499313,-0.421575,0.075407,0.08139,-0.019573,-0.471447,-0.978395
-0.062939,-0.981469,0.968237,-0.429576,0.598191,-0.543545,0.227044,0.754688,0.203382,-0.137658,-0.699288,-0.402883,0.395697,0.316177,-1.0
0.651864,0.839391,-0.179339,-0.657437,0.617968,0.297984,0.491066,0.312661,0.382979,0.180851,0.017213,0.563581,-0.006031,-0.614123,-1.0
0.463855,0.941623,0.731726,0.822374,0.501537,-0.5558,0.046767,0.94918,0.01534,0.005181,-0.02357,0.918032,0.032794,-0.410713,-0.923662
-0.836929,0.207093,-0.308606,0.329627,0.960926,-0.155781,0.678765,0.457817,0.539535,-0.093519,-0.377156,0.036597,0.456734,-0.104526,-0.962757
0.399778,0.240323,0.814586,-0.836992,0.011772,-0.634558,0.802997,0.885104,0.006034,-0.559987,0.117691,0.259003,-0.209625,-0.469999,-0.95673
0.884371,-0.387273,0.760737,-0.709754,-0.689491,0.920242,0.872066,0.27697,-0.442416,0.603882,0.123626,-0.096042,-0.429048,0.398608,-1.0
0.694801,0.748213,0.006592,-0.432785,-0.380032,0.655086,0.268394,0.704397,-0.125988,0.201076,0.706535,0.062637,-0.467287,-0.082942,-0.983886
0.873909,-0.152713,-0.927083,-0.075158,0.321778,0.320838,0.178124,0.121286,0.163884,0.017751,0.581322,-0.50826,-0.312809,0.423991,-0.971238
-0.841627,0.741471,-0.397363,-0.840015,0.89236,-0.297878,0.235309,0.143856,0.23786,-0.021074,-0.625457,0.420537,0.484596,-0.174642,-1.0
-0.53402,0.862638,0.701563,-0.621817,0.127255,-0.380654,0.488327,0.983388,0.107664,-0.397162,-0.340261,0.335162,0.219705,-0.417499,-1.0
-0.901623,0.781015,-0.111247,-0.938974,-0.477728,-0.978276,0.411991,0.900772,-0.198566,-0.377911,-0.091658,0.53024,0.151121,-0.517635,-0.994292
0.418446,0.571323,-0.093082,0.022081,-0.752299,0.916251,0.673671,0.252556,-0.303229,0.447936,0.27131,-0.097931,-0.498421,0.13755,-1.0
-0.689196,-0.304132,-0.383284,0.117632,0.597524,-0.020821,0.544391,0.711747,0.38921,-0.101748,-0.392541,-0.100347,0.476355,0.094129,-1.0
-0.87767,0.471234,-0.900772,0.068702,-0.277206,0.469582,0.81452,0.092815,-0.337673,0.513591,-0.17922,0.010188,0.514841,-0.097383,-1.0
0.540494,-0.745804,-0.132735,-0.616992,-0.642012,-0.2877,0.882269,0.054718,-0.586411,-0.308192,0.088694,-0.151007,-0.469701,0.186798,-0.961393
0.478079,-0.615196,-0.081837,-0.343347,0.574389,-0.451514,0.080631,0.101806,0.032606,-0.050063,-0.500047,-0.803725,0.276121,0.402455,-1.0
0.391517,0.89919,-0.43337,0.209654,-0.11195,0.836391,0.263739,0.164241,-0.000299,0.257319,0.763049,0.160207,-0.425504,-0.092684,-1.0
-0.866271,-0.753363,0.116712,-0.282522,0.298982,0.517001,0.723758,0.745069,0.315905,0.503533,-0.185397,-0.28073,0.330057,0.381723,-1.0
-0.898942,-0.041325,-0.562901,-0.616767,0.164523,0.334898,0.814991,0.953889,0.286212,0.530363,-0.256116,-0.030139,0.434119,0.140804,-0.975891
0.289991,0.831928,-0.504706,-0.466597,0.236365,-0.888999,0.908229,0.683948,0.051574,-0.705717,-0.022952,0.106476,-0.072047,-0.55036,-1.0
-0.179044,0.228742,0.504877,-0.142086,0.142993,-0.536263,0.971463,0.335948,0.263309,-0.771448,-0.03301,0.000194,0.202004,-0.396701,-0.917422
-0.437428,0.197449,0.273191,0.830882,-0.762279,-0.664272,0.968993,0.900261,-0.57655,-0.556832,-0.086571,0.087364,-0.200486,-0.499297,-1.0
-0.414782,0.293987,-0.322175,-0.879854,-0.200361,0.738781,0.242526,0.64819,0.058797,0.240537,-0.280781,-0.6369,0.26589,0.457437,-1.0
-0.280982,-0.456726,-0.324222,-0.341618,-0.644378,-0.22408,0.09694,0.17155,-0.028504,0.116348,0.792145,-0.480401,-0.460098,0.229873,-1.0
0.89337,-0.607243,-0.691031,0.86114,0.197526,-0.15505,0.59226,0.739499,0.377269,-0.3083,0.346591,-0.211134,-0.376099,0.337169,-1.0
0.14246,-0.811154,0.746634,-0.179165,-0.873013,0.536741,0.575142,0.777033,-0.31963,0.27775,0.262557,-0.337546,-0.297594,0.379788,-0.997529
0.06791,-0.199426,0.377672,-0.461181,-0.888541,0.754685,0.940507,0.215003,-0.529122,0.473974,0.009249,-0.095732,-0.236515,0.421281,-0.944343
-0.532527,-0.279472,-0.436308,-0.860692,0.70054,0.30987,0.173843,0.90984,0.047752,0.102707,-0.805686,-0.252443,0.50265,0.252048,-1.0
-0.376107,-0.208238,0.631648,0.630436,0.771962,0.690619,0.170714,0.880039,0.076017,0.097996,-0.68762,-0.557059,0.459237,0.269322,-0.929324
-0.683487,-0.635996,-0.038055,-0.836455,-0.117839,0.475582,0.634827,0.419534,-0.167982,0.481345,-0.134223,-0.39054,0.165189,0.38963,-0.985276
-0.754495,-0.678384,-0.500039,0.045917,0.10496,-0.03838,0.927707,0.930164,0.761491,-0.227733,-0.006192,-0.063472,0.315337,0.27359,-1.0
-0.751405,-0.987652,-0.266941,0.606452,0.591723,-0.777748,0.531155,0.050197,0.240919,-0.361994,-0.513245,-0.058962,0.494526,0.169586,-0.992328
0.012429,0.984813,-0.193056,0.354704,-0.566337,-0.020318,0.145438,0.921479,-0.196934,0.035625,0.355154,0.787336,-0.322191,-0.409644,-0.921147
-0.175956,-0.394863,0.920367,0.81755,0.992238,0.137902,0.314009,0.842206,0.1679,0.106826,-0.627284,-0.187156,0.373797,0.171198,-0.954234
0.358753,-0.393082,-0.019123,0.265779,0.095684,-0.91802,0.784177,0.694131,0.160083,-0.648733,0.085867,0.284539,-0.130825,-0.502345,-0.989719
-0.150266,0.755631,-0.571474,-0.098507,-0.299355,0.439472,0.988078,0.989964,-0.460271,0.617869,0.036521,-0.015957,-0.23477,-0.453303,-0.968638
-0.27526,-0.765773,0.181536,-0.267921,0.7578,0.872679,0.507802,0.897309,0.278559,0.282988,-0.240908,-0.466872,0.257677,0.454688,-1.0
0.956846,0.597686,0.255668,-0.638027,-0.052057,-0.181725,0.326605,0.412752,-0.146012,-0.253127,0.522257,0.452466,-0.347875,-0.327403,-0.97697
-0.389265,-0.058566,-0.046119,0.566591,0.121086,0.043629,0.058252,0.270987,-0.018676,0.04888,-0.850817,-0.047078,0.438051,0.078912,-1.0
0.182592,-0.72463,-0.122125,0.046112,-0.997331,0.885487,0.570041,0.85524,-0.301744,0.264143,0.278493,-0.389853,-0.289584,0.418083,-1.0
-0.874737,0.643545,0.868454,0.036425,-0.741465,-0.164406,0.176208,0.350763,-0.144911,-0.050963,-0.111447,0.794938,0.106729,-0.599723,-0.930187
-0.502034,0.204273,0.044833,0.754428,-0.26809,0.5592,0.765323,0.593446,-0.247723,0.527831,-0.244197,-0.218312,0.329886,0.468938,-0.965966
0.119388,-0.735452,-0.577945,0.78681,-0.567365,0.89489,0.598148,0.645328,-0.33079,0.414199,0.104072,-0.386825,-0.275207,0.440629,-1.0
-0.262352,0.644346,0.507461,0.13613,-0.063144,-0.584773,0.914816,0.696385,-0.047248,-0.689628,-0.001143,0.076796,0.051169,-0.442561,-1.0
0.909319,-0.884072,-0.426987,-0.017599,-0.443536,0.7922,0.455195,0.173593,-0.13861,0.313217,0.347091,-0.451945,-0.366761,0.430166,-1.0
0.021531,-0.478255,0.332116,-0.470792,0.839785,-0.2781,0.839295,0.027188,0.612948,-0.153383,-0.15916,-0.043006,0.421723,0.164482,-1.0
0.898181,0.323338,0.918853,-0.797568,0.682578,-0.535,0.454811,0.345343,0.271767,-0.225763,0.174702,0.483286,-0.040759,-0.466417,-0.973019
-0.286862,0.174163,-0.578754,-0.211233,0.204959,0.888701,0.646041,0.413367,0.124119,0.412,-0.2267,-0.254857,0.295208,0.370266,-0.992354
-0.634726,-0.182503,-0.916077,0.668338,-0.359302,-0.403038,0.501753,0.839437,-0.27481,-0.327558,-0.34409,0.304338,0.391519,-0.254313,-1.0
-0.20279,-0.693126,0.443687,-0.422461,-0.668955,0.543472,0.080992,0.50667,-0.046209,-0.011722,0.388927,-0.874701,-0.173432,0.574528,-0.974352
-0.752607,-0.630303,-0.529734,0.745005,-0.068302,-0.939046,0.010748,0.831511,0.040352,0.002585,-0.878403,0.375525,0.444593,-0.270817,-0.978434
-0.629406,0.273834,-0.892121,-0.434134,0.284856,-0.431963,0.73014,0.958611,0.260747,-0.459614,-0.268956,0.131982,0.421127,-0.347278,-0.983398
-0.79024,-0.636789,0.930564,0.087187,0.086082,-0.797138,0.081301,0.325016,-0.014576,-0.027043,-0.917427,0.225945,0.568206,-0.047119,-1.0
-0.167785,-0.197147,0.838062,0.840541,-0.468166,0.50518,0.121258,0.113289,-0.045471,0.055114,0.418241,-0.864666,-0.208154,0.457725,-0.949875
-0.40292,-0.370816,-0.221296,-0.525636,-0.006199,0.007891,0.570414,0.042658,-0.272429,0.342767,-0.370041,-0.308845,0.481151,0.322266,-1.0
-0.666225,-0.243984,0.997242,-0.448762,-0.800978,-0.523679,0.486464,0.391478,-0.328505,-0.253332,0.215293,0.451177,-0.175626,-0.433198,-0.990128
0.1036,0.880908,0.240234,0.485093,0.124293,-0.020276,0.820535,0.97408,0.590829,-0.179364,-0.098418,0.223466,-0.076781,-0.533231,-1.0
-0.770662,-0.642173,-0.496382,0.53572,0.812908,-0.324044,0.97167,0.51877,0.759474,-0.318715,-0.004061,-0.085053,0.404832,0.130021,-1.0
0.745382,0.49849,0.190573,-0.224766,-0.757389,0.036438,0.663425,0.687726,-0.485579,-0.053802,0.455151,-0.011023,-0.457977,-0.089078,-0.985732
-0.208165,0.759951,-0.873093,-0.326354,-0.404866,0.384627,0.290175,0.291325,-0.157219,0.12763,0.315791,0.536051,-0.22349,-0.48901,-1.0
-0.143151,0.303704,0.86383,-0.317012,0.493303,-0.252229,0.596686,0.586792,0.423299,-0.178245,-0.32179,0.227887,0.381376,-0.318399,-1.0
-0.690876,0.38848,0.291241,0.612019,-0.546635,-0.41626,0.557765,0.263665,-0.352458,-0.248846,0.025593,0.351919,0.033409,-0.527548,-1.0
-0.865151,0.931301,0.46969,-0.0315,-0.178804,0.854052,0.659341,0.760392,-0.166218,0.489106,-0.367668,0.181204,0.504953,-0.087412,-1.0
-0.896032,0.675928,-0.291788,-0.034132,-0.124047,0.021077,0.498003,0.46826,-0.466282,0.049026,-0.444968,0.451843,0.39142,-0.369817,-0.980373
0.865643,-0.730436,-0.726149,0.753399,0.863642,-0.150908,0.148338,0.156443,0.167705,-0.106189,0.038603,-0.831573,-0.075405,0.533217,-1.0
0.712903,0.018663,0.875691,0.725294,0.440293,0.729373,0.769535,0.833446,0.24777,0.494091,0.134809,-0.239107,-0.16365,0.521139,-1.0
0.707354,-0.959359,-0.087037,-0.304368,0.409938,0.03341,0.076306,0.640673,0.025089,0.026678,0.234957,-0.84539,-0.324932,0.340777,-0.984784
0.153877,-0.827092,0.33279,0.7495,0.819101,-0.927473,0.735293,0.035276,0.375183,-0.408683,-0.274375,0.006286,0.485199,-0.048989,-0.898271
0.754458,-0.764751,-0.755531,-0.72413,-0.188974,-0.132988,0.192576,0.89774,-0.207257,-0.066921,0.724084,-0.470001,-0.428273,0.163001,-0.95926
0.777753,-0.935917,-0.022804,0.213541,-0.93115,0.193036,0.541831,0.64437,-0.344091,0.097231,0.340709,-0.23602,-0.356598,0.302687,-0.946343
0.141429,-0.07491,-0.259231,0.072824,0.813143,-0.570975,0.163336,0.199146,0.103888,-0.054878,-0.717638,0.457898,0.386798,-0.268274,-0.960668
0.896706,0.831363,-0.609431,0.21668,-0.884494,-0.530995,0.753346,0.775043,-0.485225,-0.222105,0.198313,0.172373,-0.369297,-0.292735,-1.0
0.277925,0.698769,0.753448,-0.741317,-0.021496,-0.562838,0.40996,0.563748,-0.069587,-0.346306,0.102214,0.56228,-0.136041,-0.462979,-0.981947
-0.46945,-0.775914,-0.470824,0.929321,-0.490841,0.351112,0.100141,0.453616,-0.077892,0.009037,0.015688,-0.971446,0.110082,0.435144,-1.0
-0.302307,-0.330408,-0.740474,-0.962328,0.019472,0.514512,0.959651,0.819149,-0.062093,0.772175,-0.071327,-0.101103,0.114421,0.481298,-1.0
0.772044,-0.520883,-0.313524,0.971484,0.20466,-0.533997,0.957451,0.54987,0.200257,-0.670944,0.057045,-0.012787,-0.440151,0.020845,-1.0
-0.77576,0.983669,-0.171272,0.30176,-0.104765,-0.877879,0.234725,0.83085,0.035635,-0.221945,-0.305557,0.773452,0.131895,-0.414378,-0.887862
-0.564754,-0.854463,-0.184558,-0.880926,0.37685,-0.579236,0.38127,0.448195,0.218233,-0.272051,-0.558793,-0.139896,0.497139,0.204076,-1.0
0.069372,0.432627,0.919791,0.190584,0.59155,-0.21643,0.844077,0.419844,0.584344,-0.242243,-0.07035,0.001693,0.321866,-0.506139,-1.0
0.018334,-0.411838,-0.582252,0.719244,0.552263,0.350674,0.742765,0.829545,0.579997,0.338796,-0.19311,-0.230977,0.209001,0.355934,-1.0
0.792861,-0.716691,-0.30119,-0.925718,0.795453,-0.986183,0.009268,0.707272,0.091971,-0.039169,0.014304,0.921402,0.003975,-0.545359,-1.0
-0.303129,0.88493,-0.175367,-0.702299,-0.242191,-0.333202,0.025098,0.23528,0.014958,-0.025946,-0.013809,1.0,0.019152,-0.552197,-0.951804
-0.761288,-0.01044,0.708394,-0.985551,0.149234,-0.591137,0.604842,0.462602,0.168851,-0.489881,-0.341921,0.165027,0.419114,-0.234095,-1.0
0.584855,-0.989817,0.680354,0.944927,-0.630868,0.020163,0.875011,0.868755,-0.748469,-0.042164,0.058844,-0.042222,-0.411296,0.237624,-0.976799
0.36912,-0.462568,0.033935,-0.29353,0.707492,0.045672,0.009506,0.9763,0.089649,-0.015715,-0.434518,-0.846416,0.272185,0.441675,-0.947797
-0.666692,0.960406,-0.934655,0.260975,0.147336,-0.885369,0.254724,0.39235,-0.040447,-0.206406,-0.312979,0.661722,0.164226,-0.409966,-0.988999
0.973456,0.657825,0.494669,-0.404848,-0.169661,-0.710472,0.931039,0.456757,-0.19535,-0.678462,0.050064,0.141571,-0.367195,-0.308856,-0.961987
0.897425,-0.954974,0.421391,-0.579826,-0.056686,-0.888415,0.078239,0.438111,0.057344,-0.080881,0.824341,-0.017353,-0.549794,0.037471,-1.0
0.660939,0.769786,-0.958744,-0.480763,-0.879541,-0.527714,0.412486,0.789085,-0.332662,-0.19738,0.430491,0.40812,-0.426754,-0.324208,-1.0
-0.240583,0.004137,0.506553,-0.205994,0.93271,0.387743,0.832642,0.661637,0.594624,0.286736,-0.212822,0.031497,0.457867,0.195251,-0.929806
-0.328152,-0.336251,0.145573,0.903019,-0.782523,-0.397413,0.81031,0.604996,-0.513832,-0.247707,0.214074,0.027443,-0.521632,-0.08671,-1.0
0.426805,0.15228,0.640068,0.946493,0.92029,-0.377914,0.89632,0.376678,0.612214,-0.32403,-0.115551,0.075623,0.282041,-0.43603,-1.0
-0.891532,0.366216,0.165692,-0.581789,0.027167,-0.514839,0.911018,0.499239,0.00438,-0.705675,-0.127882,0.103455,0.348141,-0.38224,-0.954327
-0.476098,0.098122,-0.824343,-0.566076,-0.076497,0.982196,0.377534,0.960737,0.058648,0.31361,-0.271792,-0.657225,0.164017,0.458145,-1.0
-0.998873,0.089657,0.149327,-0.377345,-0.279977,-0.042281,0.645672,0.74974,-0.444905,-0.077967,-0.296319,0.097425,0.415495,-0.045481,-0.974239
-0.079562,0.760461,0.788113,-0.869311,0.914569,-0.1457,0.315626,0.716329,0.203056,0.021761,-0.466535,0.428833,0.458332,-0.257501,-0.921972
-0.234317,0.966401,-0.10311,0.589725,-0.188908,0.358114,0.04729,0.408085,-0.035851,0.062347,-0.104871,0.968355,0.043532,-0.482609,-1.0
-0.445723,-0.325806,-0.93093,-0.353649,-0.37687,-0.994635,0.268951,0.957713,-0.155308,-0.191912,-0.05741,0.726766,0.123187,-0.462478,-1.0
0.788552,0.478789,-0.223272,-0.779162,-0.285804,-0.751682,0.440752,0.791869,-0.159163,-0.267266,0.355956,0.409697,-0.225238,-0.354081,-1.0
0.050775,0.020044,-0.139463,0.701441,0.829551,-0.841904,0.806892,0.702329,0.424825,-0.428499,-0.196145,0.115597,0.370775,-0.458357,-0.933327
-0.062674,-0.236097,-0.728382,0.292731,-0.030455,-0.918979,0.936968,0.495708,-0.026579,-0.764617,-0.148897,-0.052591,-0.002478,-0.591388,-0.998462
0.238617,0.388562,-0.720995,0.835264,-0.493749,0.309033,0.980513,0.79639,-0.594591,0.334428,0.037951,0.084811,-0.449596,-0.043161,-0.963356
0.517689,0.746887,-0.850955,0.238855,-0.747069,-0.93972,0.788701,0.747301,-0.389702,-0.485891,0.09125,0.115353,-0.230495,-0.291772,-1.0
-0.259134,-0.75251,-0.450059,0.695457,0.314682,0.314627,0.355328,0.411043,0.127362,0.231881,-0.290779,-0.560645,0.245385,0.44247,-1.0
-0.763253,0.850598,-0.209144,-0.806434,0.339556,0.392321,0.690317,0.274812,0.303377,0.418877,-0.25941,0.08311,0.483965,-0.180687,-1.0
-0.6642,-0.295818,0.751982,-0.71306,-0.236631,0.060724,0.61102,0.971124,-0.470581,0.125067,-0.266842,-0.281755,0.3928,0.33171,-1.0
0.087489,0.089619,-0.014191,-0.710022,-0.428843,-0.282287,0.573242,0.713736,-0.378865,-0.270844,0.430084,0.256198,-0.350949,-0.334413,-1.0
-0.806008,0.406175,0.872146,0.163383,0.124933,0.116715,0.952707,0.647336,0.540825,0.535791,-0.106426,-0.006222,0.472614,-0.138328,-1.0
-0.474239,-0.568019,0.97031,0.506473,-0.528114,0.419333,0.134962,0.610083,-0.067233,0.129655,0.093257,-0.927875,-0.101714,0.551943,-1.0
-0.145313,-0.505743,-0.442227,0.391291,-0.579144,0.82827,0.866866,0.129635,-0.385419,0.573216,0.047234,-0.076484,-0.187499,0.527535,-0.95074
0.43632,-0.008748,0.644158,-0.648486,-0.722364,-0.391769,0.466241,0.801909,-0.390906,-0.125333,0.521479,0.229382,-0.463513,-0.153395,-0.998558
0.764609,-0.516882,-0.190386,-0.99098,0.345458,0.088755,0.710431,0.351366,0.54815,0.214818,0.276601,-0.180422,-0.235961,0.424773,-0.979416
-0.109951,0.927942,0.313552,0.743189,-0.956637,0.459714,0.371479,0.983916,-0.270815,0.09846,0.606493,0.353587,-0.428476,-0.247982,-1.0
-0.222701,-0.318299,0.799732,0.598688,0.1554,0.289439,0.124844,0.575665,0.087542,0.075894,-0.41681,-0.660069,0.300369,0.424681,-1.0
0.719247,0.805074,0.558863,0.606858,0.876894,0.286737,0.887164,0.414575,0.648987,0.182355,-0.026398,0.05266,0.132701,-0.477136,-0.987593
-0.65314,-0.680385,0.338072,-0.997097,0.385845,-0.66469,0.022623,0.271395,0.143074,-0.158517,-0.942085,-0.051226,0.53713,0.018244,-0.994471
0.662955,-0.979972,-0.243961,-0.810096,-0.448343,0.720073,0.280528,0.841332,-0.103275,0.277886,0.396868,-0.599679,-0.278796,0.462936,-0.938493
-0.560673,-0.04907,0.139667,-0.806082,0.350686,0.359949,0.861003,0.566865,0.517037,0.479319,-0.174183,0.00011,0.492517,0.113545,-0.954346
0.009747,0.588113,-0.885039,-0.606026,-0.586825,-0.963566,0.966702,0.405517,-0.405342,-0.703789,-0.003221,0.08498,-0.284602,-0.528965,-1.0
0.915819,-0.86395,-0.247411,-0.868759,-0.451349,-0.734059,0.770061,0.492599,-0.342362,-0.527696,0.22663,-0.014211,-0.523075,0.023557,-1.0
0.37732,-0.838151,0.276865,-0.675596,0.820666,-0.758175,0.386422,0.514544,0.199225,-0.201664,-0.671786,-0.055733,0.515066,0.167616,-0.912509
0.778285,-0.616278,0.505374,-0.453547,-0.77841,0.181613,0.905345,0.597161,-0.70186,0.070072,-0.001753,0.034512,-0.419493,0.281584,-1.0
0.193911,0.57945,0.233428,0.703423,-0.838766,-0.662516,0.853968,0.024002,-0.454084,-0.345653,0.061055,0.103923,-0.375994,-0.386046,-0.901422
0.941305,-0.40031,-0.780994,-0.398675,-0.07853,-0.26695,0.994415,0.429955,-0.200713,-0.762359,-0.06054,0.005149,-0.512447,0.039188,-0.970734
0.377273,-0.636028,0.621954,-0.824689,-0.139822,0.692474,0.49276,0.858576,-0.033687,0.410034,0.24544,-0.510562,-0.145057,0.469989,-0.970147
0.665392,0.238697,0.288914,-0.239815,-0.452493,-0.406283,0.872918,0.657909,-0.541813,-0.475764,0.197363,0.060083,-0.431262,-0.287545,-1.0
-0.550173,-0.183939,0.695117,-0.189766,-0.646126,-0.325987,0.615318,0.591596,-0.435492,-0.129326,0.153977,0.308198,-0.277165,-0.441796,-1.0
-0.377178,-0.879977,-0.161181,0.855519,-0.959676,0.701971,0.553957,0.327109,-0.341412,0.203512,0.166423,-0.442213,-0.125924,0.529324,-0.985082
-0.055318,0.283199,-0.976223,-0.338568,0.048419,-0.371889,0.494589,0.455993,0.040635,-0.430483,-0.02202,0.503513,0.045578,-0.489061,-0.963488
-0.224856,-0.307798,0.935399,-0.516926,-0.431806,-0.04937,0.109656,0.418941,-0.063019,-0.088023,0.542008,-0.631119,-0.289377,0.410579,-0.952298
0.240001,-0.986495,0.364601,-0.129275,-0.16016,0.033064,0.45936,0.274879,-0.353378,0.084518,0.203596,-0.466091,-0.187806,0.380346,-1.0
0.330468,-0.072335,-0.876779,-0.199817,0.896868,-0.562143,0.221684,0.16174,0.152449,-0.082865,-0.617877,0.610876,0.320432,-0.307878,-0.995496
0.496186,-0.676872,-0.075539,-0.425312,-0.251152,0.076211,0.792784,0.608243,-0.601281,0.163884,0.117772,-0.167397,-0.372063,0.364653,-1.0
-0.00082,0.357281,0.703651,-0.40175,0.829973,-0.4435,0.976692,0.448801,0.657548,-0.451711,-0.000594,0.023754,0.405464,-0.262912,-0.972603
0.768238,0.513233,0.98232,0.354124,0.786214,0.409164,0.300474,0.432429,0.290281,0.023454,-0.12567,0.709822,0.180369,-0.517915,-0.975778
0.111729,0.78867,-0.086467,0.279251,0.405679,0.53971,0.842129,0.200589,0.388103,0.563748,-0.154409,0.125342,0.347995,-0.405252,-0.978381
0.548839,-0.310676,-0.542597,0.68354,-0.121941,0.115592,0.956122,0.662948,-0.531972,0.471092,0.036064,-0.025607,-0.346522,0.275233,-0.982333
-0.9562,-0.110564,0.840868,0.20484,0.733053,0.72264,0.975952,0.8706,0.562551,0.582398,0.022375,-0.03396,0.533551,0.202281,-0.999666
-0.835427,-0.237593,-0.010903,0.069743,0.931435,-0.097449,0.225083,0.546384,0.135383,0.045149,-0.832646,-0.039241,0.547937,0.074407,-0.986589
-0.83776,-0.303321,0.51513,-0.970602,0.716264,0.766864,0.959745,0.79691,0.499185,0.581413,-0.104469,-0.062641,0.348735,0.252516,-1.0
0.525649,-0.013603,0.185627,-0.307968,-0.411653,-0.556183,0.502932,0.150659,-0.246683,-0.277165,0.415258,0.275209,-0.503599,-0.314117,-0.945303
0.714029,-0.815439,0.041645,-0.00445,0.205778,-0.041775,0.081774,0.744367,0.098538,-0.01011,0.578711,-0.823305,-0.278037,0.400945,-1.0
-0.723018,0.840953,-0.290236,-0.334748,-0.700501,-0.89764,0.05863,0.439902,-0.038079,-0.018016,0.002437,0.949112,-0.042038,-0.513061,-0.982103
-0.730885,-0.907119,-0.061144,-0.249772,-0.766091,0.869488,0.933256,0.620812,-0.528829,0.486661,-0.031631,0.0018,-0.062002,0.412299,-1.0
-0.462872,-0.788332,-0.825232,-0.74931,0.974349,0.864147,0.878373,0.068776,0.540104,0.436785,-0.032922,-0.173695,0.3056,0.398643,-1.0
-0.874672,-0.296821,0.052755,-0.616932,-0.033334,0.3392,0.771785,0.461891,-0.103866,0.57721,-0.266499,-0.113718,0.417319,0.252675,-0.974957
-0.247359,-0.011681,-0.309309,-0.161293,0.553567,0.543423,0.174302,0.37999,0.047084,0.235126,-0.768143,-0.499376,0.456845,0.296678,-0.995584
0.449235,0.100651,-0.226022,-0.177227,0.927489,-0.960213,0.27144,0.704217,0.138742,-0.046278,-0.29753,0.686999,0.281893,-0.459235,-0.969878
-0.140978,0.025231,-0.840217,-0.776823,-0.448277,-0.314282,0.264089,0.737543,-0.234323,-0.04994,0.445313,0.595027,-0.341407,-0.43733,-1.0
0.361858,-0.638563,0.860249,-0.012094,0.937023,-0.41286,0.46032,0.696125,0.405509,-0.19425,-0.547501,-0.134727,0.529214,0.254331,-1.0
-0.269787,0.555224,0.557291,0.245275,-0.320458,-0.199832,0.102366,0.11974,-0.119834,-0.036286,0.150992,0.820951,0.02662,-0.467528,-0.980866
0.585887,-0.34056,0.396822,-0.911382,-0.146409,-0.67861,0.78621,0.79969,-0.114068,-0.669202,0.167963,0.117241,-0.484365,-0.142576,-1.0
-0.80393,-0.395808,0.237708,0.600832,-0.927711,-0.298449,0.583392,0.127224,-0.455649,-0.115335,0.296784,-0.311212,-0.355891,0.17065,-0.964837
0.112812,-0.207308,0.535945,0.587889,0.840627,-0.323538,0.448718,0.05272,0.365416,-0.087913,-0.499509,0.108117,0.492125,-0.095699,-0.946625
-0.189499,-0.068288,0.002295,-0.553432,0.646744,-0.860184,0.473965,0.343871,0.19795,-0.401331,-0.429959,0.388859,0.365278,-0.337485,-0.898104
-0.893096,-0.222829,0.622101,-0.714448,0.994705,0.100989,0.446402,0.973222,0.341044,0.001015,-0.551902,-0.247581,0.501464,0.111363,-0.948764
0.697427,-0.815332,-0.091247,0.050464,-0.13476,-0.408384,0.471074,0.091996,-0.146121,-0.395323,0.444016,-0.232583,-0.519778,0.237386,-0.97815
0.545737,-0.180555,0.045914,-0.245339,-0.250154,0.614422,0.598839,0.542194,-0.156616,0.450025,0.334922,-0.361637,-0.315877,0.367119,-0.980312
-0.891,0.500387,0.393899,0.374688,0.096901,-0.627109,0.364656,0.919781,0.144637,-0.254816,-0.374928,0.578103,0.390183,-0.381743,-0.996271
-0.158611,-0.709538,-0.471766,-0.09095,0.91562,-0.97972,0.38214,0.36505,0.23572,-0.257997,-0.636481,0.15051,0.496326,-0.101908,-1.0
0.132746,0.577468,-0.326828,0.434446,0.836802,-0.096779,0.018938,0.261373,0.043339,-0.017385,-0.766434,0.636423,0.326097,-0.380042,-1.0
-0.214143,-0.201528,0.867577,-0.240541,0.909526,-0.935645,0.912812,0.96714,0.527328,-0.55388,-0.069717,0.026695,0.417956,-0.331002,-0.982643
0.184454,0.122915,0.489521,0.678485,-0.865913,0.091531,0.475097,0.504454,-0.463957,0.101449,0.515046,0.041566,-0.470353,0.038126,-1.0
-0.084564,-0.552746,-0.283642,0.130209,-0.37212,0.976605,0.239399,0.883153,-0.105389,0.109713,0.087732,-0.736569,-0.089802,0.497426,-1.0
-0.546201,0.12829,-0.744188,-0.227363,0.259992,0.567986,0.138515,0.34057,0.114092,0.056524,-0.814801,-0.335749,0.401506,0.256138,-0.975636
-0.431666,0.677897,0.368817,0.276832,-0.543211,0.764571,0.090103,0.438744,0.002448,0.118318,0.619371,-0.573109,-0.422043,0.303276,-0.960492
0.659639,0.611384,0.213399,0.823866,0.414205,0.817769,0.504769,0.250716,0.166782,0.312341,0.420249,-0.35253,-0.467354,0.390766,-1.0
0.044412,0.944151,0.541264,0.199396,0.562303,0.25707,0.887449,0.639738,0.705506,0.276556,-0.046788,0.06775,0.405535,-0.382735,-0.918799
0.400037,0.01952,-0.410594,-0.67121,0.990432,-0.236204,0.207371,0.364593,0.207143,0.007416,-0.619336,0.352039,0.490284,-0.153995,-1.0
0.27835,-0.4539,0.656628,-0.712397,0.955061,0.29881,0.851741,0.197065,0.642546,0.185528,-0.152155,-0.141104,0.410518,0.312708,-1.0
-0.980415,-0.474742,-0.790467,0.896592,0.889469,-0.713315,0.769622,0.489022,0.576722,-0.403758,-0.193521,-0.016626,0.513915,0.024122,-1.0
-0.953681,0.054612,0.212398,-0.87243,-0.459788,0.176103,0.44513,0.793259,-0.334511,0.160978,-0.507315,-0.161374,0.537626,0.126882,-1.0
-0.138771,0.171572,0.706516,0.431348,0.78867,0.510019,0.057993,0.636999,0.12129,0.050092,-0.840676,-0.317155,0.440558,0.238579,-1.0
-0.207544,0.067109,0.984202,-0.591921,0.076673,-0.803038,0.167638,0.233262,-0.009574,-0.166943,-0.323092,0.76399,0.153668,-0.562143,-0.971166
-0.419423,0.811925,0.360681,0.7456,-0.696161,0.722671,0.403576,0.171771,-0.169789,0.203921,0.52425,0.213506,-0.492372,-0.220892,-0.919189
0.419572,0.74749,0.795093,0.198732,-0.989253,-0.360763,0.691346,0.58283,-0.599015,-0.159682,0.2355,0.135648,-0.353442,-0.357909,-0.895652
0.193108,-0.048289,-0.623528,0.495875,-0.666543,0.992491,0.149573,0.557387,-0.072543,0.187831,0.481319,-0.580618,-0.34623,0.437176,-0.965376
-0.057616,-0.354785,0.202418,0.664564,-0.333129,0.358643,0.92967,0.711772,-0.59096,0.528077,-0.079741,-0.059435,-0.118731,0.4232,-1.0
0.663576,-0.058198,-0.617533,-0.448615,-0.612696,0.647317,0.036632,0.553001,0.000962,0.002173,0.911138,-0.449066,-0.510273,0.267791,-0.978278
-0.188626,-0.66192,-0.790792,-0.345216,-0.770306,-0.702476,0.207883,0.187475,-0.049329,-0.138377,0.721475,0.009347,-0.441686,-0.025809,-1.0
0.602284,-0.907959,-0.062704,0.668772,-0.752104,-0.607092,0.713441,0.272303,-0.397564,-0.36215,0.192479,-0.073884,-0.467972,0.038595,-1.0
0.29975,0.170851,0.128178,0.176103,0.706522,0.985522,0.281484,0.998044,0.095058,0.246983,-0.389715,-0.659467,0.253582,0.416142,-0.964352
0.489082,0.596407,0.421987,-0.479643,-0.693891,0.032489,0.598698,0.776396,-0.5283,-0.002782,0.365353,0.183486,-0.448811,-0.274726,-1.0
-0.024669,0.398451,0.878167,-0.252049,0.340817,-0.807189,0.024216,0.30766,-0.028681,-0.023697,-0.237465,0.908326,0.139725,-0.608506,-0.924009
0.408766,0.333159,-0.482995,0.096419,-0.712094,0.980118,0.116451,0.302439,-0.083464,0.081076,0.767677,-0.418778,-0.49487,0.210647,-1.0
0.944107,0.282136,-0.834009,-0.379813,0.039293,-0.421104,0.669702,0.063468,0.050455,-0.512637,0.205222,0.206373,-0.370365,-0.355027,-0.98294
0.131633,-0.543051,-0.594813,-0.996246,0.298063,-0.85575,0.895691,0.190424,0.202192,-0.716549,-0.023399,0.046705,0.253419,-0.407843,-0.936995
-0.704572,-0.031847,0.385129,0.501708,-0.327133,0.335154,0.523611,0.568822,-0.281202,0.360768,-0.33991,-0.286577,0.313987,0.410166,-0.933367
-0.709274,0.034957,-0.538791,-0.419394,-0.720862,0.792241,0.029518,0.999139,-0.082347,0.06728,0.021032,-0.860213,0.031316,0.455999,-0.969579
-0.527634,0.788204,-0.373996,-0.605569,-0.258014,0.09398,0.927042,0.719262,-0.635589,0.177098,-0.129096,0.065433,0.149008,-0.56958,-0.988466
-0.045947,0.135825,-0.224102,-0.467248,0.105031,-0.363201,0.679483,0.178953,0.145654,-0.566784,-0.127647,0.321822,0.045537,-0.402079,-1.0
-0.800905,-0.440974,-0.455292,0.05096,0.47482,0.822368,0.031548,0.752947,-0.032626,-0.01957,-0.747253,-0.59846,0.379173,0.345603,-1.0
0.272296,-0.666548,0.662193,-0.283651,-0.264199,0.019642,0.91093,0.788732,-0.67124,0.090463,0.06165,-0.079236,-0.343269,0.439935,-0.932567
0.91434,-0.695023,-0.356568,0.475975,-0.563307,-0.122015,0.166179,0.794711,-0.072771,-0.003053,0.818935,-0.329438,-0.430325,0.25168,-1.0
-0.916567,0.39654,0.803988,0.929098,-0.543444,0.586161,0.526265,0.298915,-0.235165,0.242802,-0.430366,-0.118331,0.431274,0.150284,-1.0
-0.841381,0.321896,-0.048013,0.282435,-0.363238,0.418088,0.794892,0.194468,-0.401741,0.466042,-0.132082,0.051004,0.459258,0.097885,-1.0
0.149539,-0.438993,0.459871,-0.519965,0.389466,-0.770501,0.215226,0.135098,0.031757,-0.071468,-0.507703,0.609562,0.396287,-0.427366,-0.967201
-0.286961,-0.406463,-0.916675,5e-06,0.511304,-0.60335,0.160203,0.456693,0.092813,-0.028573,-0.869209,0.212189,0.461224,-0.204817,-1.0
0.266385,0.427696,-0.216778,0.399197,-0.774619,0.876012,0.182657,0.21312,-0.12127,0.231127,0.76142,-0.322646,-0.453508,0.234391,-1.0
0.674288,-0.924147,-0.807691,0.495407,0.255634,-0.410708,0.98568,0.071557,0.480884,-0.627235,0.099678,-0.067381,-0.258569,0.444153,-1.0
0.883067,-0.722746,-0.512937,-0.915593,0.375683,0.874551,0.154468,0.493255,0.057265,0.137083,0.276764,-0.796674,-0.129981,0.533276,-0.947725
-0.596176,-0.870457,0.219315,0.712385,0.68151,0.857769,0.656479,0.291174,0.272526,0.409333,-0.217153,-0.281905,0.357656,0.427641,-1.0
0.497021,0.416925,-0.656076,0.319212,-0.128765,-0.257514,0.252768,0.388316,-0.123565,-0.128919,0.523278,0.567342,-0.404187,-0.285793,-0.940108
0.318243,0.176685,-0.671337,0.719986,0.178623,0.322963,0.511435,0.614545,0.17452,0.381124,0.265059,-0.407513,-0.344568,0.366244,-1.0
-0.388904,0.439054,0.635932,-0.138284,0.804816,0.318453,0.757809,0.508349,0.530816,0.20733,-0.271425,-0.015004,0.576768,-0.206007,-0.998755
0.75639,0.821357,0.59316,0.974045,-0.996258,-0.887087,0.953278,0.890381,-0.538647,-0.51589,0.093321,0.001877,-0.297239,-0.300441,-1.0
-0.972634,-0.192526,-0.711553,-0.496417,-0.567443,-0.775672,0.824798,0.039515,-0.361162,-0.442297,-0.065985,0.189701,0.259292,-0.440881,-1.0
-0.087562,-0.693571,0.574538,0.064917,-0.438672,-0.612368,0.039403,0.332539,-0.009444,-0.1249,0.947147,-0.215262,-0.547506,0.140019,-1.0
-0.967126,0.767621,-0.920593,-0.220661,0.073925,-0.336691,0.732552,0.496922,0.229564,-0.558355,-0.175905,0.179705,0.390728,-0.355234,-1.0
0.739728,0.226598,0.358131,0.079075,0.286936,-0.729087,0.571717,0.500875,0.157514,-0.371889,0.11289,0.459175,-0.150927,-0.381118,-0.971394
-0.650534,-0.138947,0.680172,-0.382542,0.769154,-0.104032,0.753854,0.342793,0.492659,-0.08724,-0.176748,0.118436,0.502091,-0.041703,-1.0
0.240319,-0.776736,-0.840557,-0.781044,0.982886,0.142975,0.661612,0.527345,0.52311,0.04147,-0.201492,-0.285075,0.300073,0.394455,-0.940846
-0.955684,0.149681,-0.708853,-0.633162,0.234135,0.33123,0.115293,0.520667,0.04686,0.030129,-0.87915,-0.117382,0.449823,0.09971,-0.93776
0.154596,-0.622932,-0.239043,0.369381,-0.273975,-0.29346,0.694982,0.057836,-0.366065,-0.481771,0.180104,-0.249902,-0.329162,0.349835,-1.0
-0.433218,0.883373,0.482309,-0.0198,-0.299013,0.533405,0.8321,0.653968,-0.397634,0.64376,-0.163862,0.273908,0.119706,-0.471645,-1.0
-0.134026,0.450137,-0.321339,-0.498248,0.752246,0.776764,0.135444,0.80586,0.138918,0.047201,-0.787175,-0.344038,0.547027,0.168667,-0.962101
0.417104,0.471999,-0.226271,0.934492,0.853397,-0.040458,0.095045,0.444853,0.088328,0.049939,-0.607776,0.644199,0.306921,-0.414244,-0.950161
0.581676,-0.446151,-0.709983,-0.872724,0.021954,0.741968,0.23728,0.00505,-0.025255,0.230717,0.327934,-0.658361,-0.242815,0.508156,-0.998286
0.337326,0.930936,-0.106077,-0.815597,-0.582857,-0.066635,0.132486,0.946946,-0.08032,-0.026271,0.651009,0.684166,-0.342052,-0.304603,-1.0
-0.960441,0.988245,0.832475,0.834193,0.594354,-0.981004,0.94565,0.137991,0.349013,-0.694652,-0.008748,0.067812,0.298337,-0.385616,-1.0
-0.133248,-0.057304,-0.804228,0.902324,-0.558626,0.85357,0.858472,0.719537,-0.440385,0.611679,0.139367,-0.174335,-0.146106,0.405215,-0.97984
0.414836,0.519856,0.478079,0.759092,-0.254127,-0.819471,0.612327,0.745028,-0.177237,-0.463237,0.2669,0.411758,-0.104918,-0.407552,-0.895164
0.01704,0.220925,-0.752292,0.556136,0.45255,-0.052333,0.083688,0.569663,0.040218,-0.153497,-0.737742,0.55005,0.385503,-0.286868,-1.0
-0.808711,-0.238991,0.676873,-0.078325,0.246342,0.513667,0.39324,0.460929,0.171379,0.225345,-0.553479,-0.41761,0.421147,0.281244,-1.0
-0.263795,-0.97627,0.503267,0.83279,-0.187094,0.414807,0.263298,0.656563,-0.081084,0.132494,0.073262,-0.795213,0.10243,0.54619,-0.984421
0.016167,-0.671262,0.856392,-0.916961,-0.358504,-0.692279,0.487704,0.841842,-0.195152,-0.272668,0.533654,-0.008817,-0.499917,-0.02002,-0.952001
0.750932,-0.742125,0.027448,0.267107,0.663881,0.292109,0.910158,0.534468,0.636952,0.356718,0.090421,-0.008601,-0.102857,0.656704,-0.994052
-0.987887,-0.366209,-0.539584,0.402477,-0.081614,0.327861,0.069756,0.640145,-0.046244,0.101029,-0.703284,-0.521412,0.417011,0.352574,-0.933485
0.942006,-0.853516,0.876986,-0.722289,-0.969867,0.618545,0.97513,0.721351,-0.606049,0.376952,0.119071,0.02927,-0.388697,0.399001,-0.971329
0.213516,-0.545931,-0.212031,-0.659032,-0.489346,-0.472285,0.329123,0.314774,-0.158643,-0.227533,0.603898,-0.102669,-0.497479,0.065897,-0.884782
-0.613078,-0.302249,-0.920159,-0.151147,-0.023315,0.003451,0.963641,0.208344,-0.708231,0.14617,-0.040906,-0.011297,0.452158,0.243007,-1.0
0.064342,0.801677,0.898518,0.371266,0.593417,-0.673993,0.694299,0.708679,0.340064,-0.501827,-0.144355,0.292484,0.169365,-0.450916,-0.928674
-0.657831,-0.003115,0.391267,0.529174,-0.376996,0.372495,0.228754,0.340753,-0.094605,0.082131,-0.448523,-0.553684,0.361144,0.331096,-0.930111
-0.789533,-0.887775,0.827246,-0.618208,0.280921,-0.40752,0.998725,0.996577,0.479422,-0.713603,0.028857,-0.012857,0.516802,0.251093,-0.950707
0.96575,0.996493,0.773885,-0.184715,-0.882415,-0.721793,0.311488,0.647713,-0.265586,-0.129244,0.50426,0.442991,-0.301306,-0.336178,-0.911471
0.567905,0.965978,-0.529077,-0.300116,-0.816067,0.827573,0.075368,0.835891,-0.055399,0.08238,0.902192,0.057691,-0.464727,-0.085864,-0.995734
-0.040465,-0.940281,-0.018729,-0.483326,-0.028432,0.533384,0.464003,0.996916,-0.046638,0.415003,-0.072348,-0.547685,-0.013196,0.509742,-1.0
0.716161,0.660186,0.161706,-0.867835,0.685925,-0.889298,0.736488,0.875273,0.429243,-0.4611,0.074575,0.296054,-0.055802,-0.500495,-1.0
0.60796,0.102125,-0.365759,0.208358,0.027471,0.611873,0.334152,0.423996,0.002473,0.293548,0.407667,-0.447524,-0.379045,0.361232,-0.961539
0.8925,0.180185,-0.205508,-0.521284,-0.085766,0.583428,0.293381,0.70978,-0.020401,0.30515,0.749835,-0.29074,-0.530143,0.24256,-0.983051
0.865969,0.818701,-0.917471,-0.116388,-0.516128,-0.787463,0.475914,0.551669,-0.138535,-0.267852,0.3544,0.324575,-0.370812,-0.417449,-0.978181
-0.289986,0.63465,-0.266335,0.660274,0.312714,0.278571,0.139849,0.398544,0.067274,0.167663,-0.771123,0.435369,0.522518,-0.277379,-1.0
0.143015,0.821839,-0.109537,0.770745,0.995954,0.800684,0.090143,0.699366,0.037695,0.005964,-0.857617,0.035337,0.579233,0.019664,-1.0
0.480417,-0.388932,0.896902,0.979382,0.624462,0.968193,0.1671,0.924305,0.055763,0.017222,-0.122559,-0.811318,0.040539,0.430349,-1.0
0.143412,0.267309,0.905134,0.224366,-0.549615,0.808648,0.118643,0.790837,-0.09413,0.053982,0.767006,-0.479184,-0.325646,0.366999,-1.0
0.223248,-0.187796,0.498778,-0.093622,0.419157,-0.694844,0.951344,0.902002,0.350016,-0.732646,-0.025785,0.027001,0.215445,-0.478037,-1.0
-0.776753,0.109518,0.458036,-0.151822,0.7798,-0.201986,0.000887,0.796172,-0.019174,-0.02713,-0.973551,0.112667,0.506641,-0.110538,-1.0
0.944992,-0.887183,-0.044075,0.08763,-0.301117,0.011165,0.939111,0.951805,-0.694796,-0.024803,-0.020407,-0.009926,-0.391541,0.344266,-1.0
0.654205,-0.673866,0.097282,0.401134,0.935665,0.530257,0.687616,0.85083,0.466057,0.218877,-0.065238,-0.252223,0.178242,0.539211,-0.945585
-0.413354,0.775094,-0.996948,-0.310618,0.481583,-0.172341,0.361128,0.349084,0.244306,-0.023966,-0.482581,0.384073,0.252938,-0.333692,-1.0
0.754914,-0.420521,-0.879095,0.181222,-0.158549,0.644896,0.298086,0.842189,-0.077033,0.196276,0.446257,-0.469931,-0.254859,0.429941,-1.0
-0.308333,-0.192145,-0.47324,-0.591727,-0.588733,0.698675,0.801223,0.311507,-0.415508,0.439731,0.071071,-0.242832,-0.086441,0.417222,-0.976261
0.07519,0.715945,-0.548687,-0.649301,-0.268905,-0.197188,0.624321,0.342809,-0.47357,-0.302646,0.242343,0.385516,-0.179923,-0.360505,-1.0
0.743685,-0.42967,0.929703,0.256051,-0.661538,0.30774,0.627845,0.063776,-0.473905,0.189464,0.350364,-0.264222,-0.466755,0.280549,-0.9274
-0.839057,0.966502,0.09582,-0.822692,0.761065,-0.456018,0.813089,0.04642,0.58665,-0.34421,-0.157272,0.152677,0.415477,-0.316298,-1.0
0.400421,-0.56046,0.132851,0.719061,0.409247,-0.975136,0.360482,0.013628,0.180023,-0.228226,0.033759,0.69833,0.055842,-0.451659,-0.957648
0.017147,-0.934829,-0.026447,-0.898951,-0.431914,-0.275756,0.356209,0.203577,-0.218642,-0.126993,0.228593,-0.528861,-0.346937,0.334238,-1.0
-0.379806,-0.240579,0.371267,-0.016287,0.579162,-0.06739,0.317462,0.360637,0.274912,-0.066221,-0.630564,-0.218191,0.478744,0.009273,-1.0
-0.52856,-0.785541,0.991665,0.642249,0.191407,-0.041888,0.102182,0.724525,0.09461,0.015939,-0.695559,-0.596939,0.449707,0.431441,-1.0
0.409916,-0.472043,0.312214,-0.649416,0.630454,-0.68405,0.292332,0.125449,0.202043,-0.143117,-0.496702,0.568948,0.330513,-0.309527,-0.959598
0.484654,0.958831,-0.117785,0.064415,0.661058,-0.603817,0.541312,0.102937,0.308738,-0.256011,-0.098225,0.407793,0.080505,-0.57257,-1.0
-0.612572,0.916816,0.011211,-0.849205,0.170416,-0.125016,0.755796,0.709804,0.51337,-0.361249,-0.213282,0.190675,0.40418,-0.405686,-1.0
0.654185,-0.199741,-0.034123,0.640911,-0.51173,-0.124819,0.729012,0.733779,-0.567222,-0.12832,0.265445,0.027554,-0.565395,0.088284,-0.960404
-0.243877,-0.969438,0.515914,-0.732675,-0.417193,0.883387,0.464183,0.712345,-0.156678,0.377151,0.036431,-0.454646,0.008102,0.603982,-1.0
0.023509,-0.298141,0.512724,-0.048259,0.203206,0.458989,0.775594,0.625346,0.216948,0.617918,-0.047919,-0.26139,0.081807,0.482322,-0.962821
-0.68974,-0.692394,-0.098325,0.169187,-0.232849,0.299589,0.750188,0.011902,-0.375328,0.42017,-0.090969,-0.196749,0.185743,0.46104,-1.0
-0.680617,0.843141,-0.66876,-0.782501,-0.12764,-0.656103,0.360375,0.500818,-0.160959,-0.311126,-0.184499,0.688496,0.148185,-0.520874,-0.959416
-0.582385,0.707984,-0.064645,-0.628505,-0.724589,0.477383,0.302198,0.88606,-0.162947,0.177878,0.4432,0.579248,-0.319718,-0.54348,-1.0
0.625127,-0.589923,-0.674405,0.447903,-0.297546,-0.62751,0.214425,0.025858,-0.130566,-0.163173,0.786076,0.058253,-0.611703,-0.011669,-0.986517
-0.115103,-0.295399,-0.847944,-0.852181,0.763167,-0.72481,0.605236,0.328295,0.34271,-0.428574,-0.418533,0.153339,0.445043,-0.270026,-1.0
0.762521,-0.19023,-0.669017,0.384727,0.149022,0.788528,0.433728,0.355087,0.157236,0.3,0.355386,-0.54837,-0.268899,0.460489,-0.985141
0.029042,0.688829,0.478996,-0.865695,0.655118,-0.492514,0.565691,0.391124,0.36631,-0.342593,-0.125073,0.362129,0.281992,-0.492627,-0.986259
-0.834019,0.494813,-0.570768,0.781373,-0.957263,0.502373,0.396975,0.101258,-0.222177,0.173576,0.587087,0.002892,-0.484742,-0.00456,-0.952058
-0.998442,0.970746,0.599611,0.263312,0.598525,-0.156136,0.792198,0.43822,0.572539,-0.040855,-0.150384,0.066719,0.355639,-0.395473,-0.981771
0.048413,0.174136,-0.139934,0.230002,0.946897,-0.190782,0.718068,0.157859,0.589911,-0.188652,-0.266337,0.112591,0.43605,-0.103369,-0.979847
0.11644,0.728258,0.003464,-0.448041,0.56045,0.612449,0.702655,0.812561,0.391524,0.386447,-0.268302,0.056562,0.503622,-0.156555,-1.0
-0.211111,0.499116,0.706764,-0.507524,0.582098,-0.734116,0.498116,0.853334,0.28494,-0.3118,-0.326719,0.398868,0.252571,-0.470311,-0.964393
-0.743372,-0.531569,-0.179452,-0.858234,-0.006124,-0.80584,0.707245,0.761982,0.027063,-0.512221,-0.286407,0.069494,0.536244,-0.038245,-0.944055
0.297817,0.534694,-0.789367,0.849281,-0.355737,-0.36543,0.076749,0.21898,-0.016408,0.05793,0.552631,0.829999,-0.272166,-0.391846,-1.0
0.009025,0.82965,-0.474603,0.635973,0.111546,-0.396447,0.082613,0.104715,-0.064335,-0.066936,-0.036133,0.883939,0.013993,-0.571521,-1.0
0.330227,0.260378,0.738795,-0.315311,0.571409,-0.729784,0.470654,0.133612,0.133355,-0.312895,-0.222678,0.493144,0.187714,-0.537939,-1.0
-0.365669,0.292739,0.10567,0.971205,-0.763958,-0.914255,0.994062,0.210247,-0.424503,-0.66334,-0.111313,0.008278,-0.127494,-0.569892,-1.0
0.445415,-0.915447,-0.672623,-0.055271,0.823713,-0.462682,0.765342,0.600244,0.506837,-0.216192,-0.144839,-0.228867,0.313166,0.321495,-0.954099
-0.872515,-0.54724,0.584058,0.367331,-0.06099,0.288062,0.614481,0.361898,-0.141193,0.42945,-0.256425,-0.205089,0.29957,0.348402,-0.96094
0.512186,0.075641,0.539375,-0.511416,-0.198068,-0.994327,0.703832,0.982983,-0.12872,-0.563036,0.138378,0.305043,-0.28237,-0.323,-1.0
-0.945299,0.075785,0.699211,0.421593,-0.205783,-0.982368,0.785222,0.957682,-0.069065,-0.63288,-0.192519,0.285732,0.203038,-0.455233,-1.0
-0.198344,0.363489,-0.323767,0.134715,0.898788,-0.596549,0.032305,0.766915,0.037034,-0.010811,-0.760983,0.596854,0.343184,-0.315864,-0.95957
-0.045169,-0.187466,-0.478316,0.295985,-0.968844,-0.405317,0.07317,0.743673,-0.02565,-0.062692,0.958768,0.191965,-0.447884,-0.195965,-1.0
-0.73282,0.440611,-0.657949,-0.59483,0.310516,-0.157464,0.793063,0.185531,0.57907,-0.256902,-0.220473,0.137557,0.412328,-0.216916,-1.0
0.662146,0.682497,0.978809,0.503688,-0.147703,0.190446,0.772445,0.387641,-0.405011,0.602713,0.206553,0.007581,-0.436934,-0.251692,-1.0
0.921732,-0.774202,-0.810159,-0.358472,-0.398375,-0.243863,0.462585,0.147506,-0.389339,-0.192669,0.516454,-0.19117,-0.509834,0.195733,-1.0
-0.174439,0.760036,-0.169005,0.849649,-0.926649,-0.784637,0.420314,0.380489,-0.278127,-0.250394,0.309696,0.542356,-0.205531,-0.449009,-0.972038
0.320548,0.762973,0.406468,0.164029,-0.057859,-0.505121,0.610504,0.426537,-0.029153,-0.422129,0.11179,0.350836,-0.095203,-0.425547,-0.998489
0.100655,0.476995,0.998913,-0.925116,-0.001378,0.725238,0.883954,0.234605,-0.012288,0.645493,0.074341,-0.083807,-0.237859,0.433823,-1.0
-0.79963,0.78929,-0.645877,-0.844255,0.297238,-0.539669,0.944529,0.50526,0.323293,-0.700456,0.03105,0.021467,0.32002,-0.264979,-1.0
0.256094,0.896755,0.627327,-0.093423,-0.074751,-0.088404,0.443926,0.603982,-0.23219,-0.279058,0.240222,0.507064,-0.06467,-0.419983,-1.0
-0.044163,-0.110067,-0.608929,-0.061555,-0.289185,-0.687782,0.308423,0.007369,-0.118922,-0.256555,0.278987,0.581175,-0.094944,-0.45287,-1.0
0.768426,0.266185,-0.887682,0.75734,0.216534,-0.156387,0.034777,0.817928,-0.012006,-0.134431,0.845818,0.545194,-0.344024,-0.320782,-0.976349
-0.885274,-0.680558,-0.9243,0.615315,-0.223324,-0.492616,0.77908,0.701062,-0.272662,-0.601436,-0.238667,-0.045378,0.540599,0.095489,-0.987274
-0.600981,0.769769,0.258869,-0.691748,-0.189171,0.426533,0.59966,0.80481,-0.201047,0.42246,-0.312122,0.29497,0.40812,-0.374805,-1.0
-0.388372,-0.282603,-0.152038,-0.296664,0.608044,-0.094873,0.143399,0.30864,0.14403,-0.130093,-0.672732,-0.216876,0.533443,0.079508,-0.953686
0.046327,-0.726154,0.747101,-0.640165,-0.630961,0.619756,0.453133,0.13105,-0.172277,0.267413,0.223554,-0.49619,-0.276431,0.421278,-1.0
0.656322,-0.598061,0.713173,0.467655,0.017699,-0.131831,0.097652,0.455278,0.049711,-0.141835,0.722235,-0.486937,-0.466359,0.232526,-0.908415
-0.634948,-0.126713,0.65559,-0.561993,0.221339,-0.027405,0.090064,0.609005,0.064088,0.003046,-0.860912,-0.051866,0.467509,0.001504,-1.0
-0.886014,0.879917,-0.388857,0.574144,-0.984636,-0.658209,0.423806,0.497468,-0.300806,-0.179745,0.058635,0.559876,-0.02248,-0.60216,-0.980215
-0.367414,-0.129369,-0.924584,-0.857099,-0.237659,0.153128,0.079541,0.54125,-0.042059,0.017853,-0.441084,-0.931679,0.214948,0.397903,-0.99717
0.526111,0.301851,0.530813,0.730902,-0.710743,-0.73014,0.830396,0.963839,-0.406007,-0.5436,0.07107,0.131055,-0.378013,-0.324624,-1.0
-0.347912,-0.106693,-0.953784,-0.86994,0.514201,0.115575,0.954064,0.378903,0.800728,0.19954,-0.075733,0.089359,0.450433,0.119143,-0.977051
0.780209,0.992524,0.7323,-0.546712,-0.858887,0.652318,0.574075,0.549239,-0.41497,0.273936,0.528989,0.089509,-0.519305,-0.2148,-1.0
-0.176791,-0.764852,0.423702,-0.949253,-0.501677,0.971955,0.694856,0.221539,-0.329814,0.455525,0.062263,-0.331497,-0.067842,0.362536,-1.0
0.359469,-0.339509,-0.259639,0.761816,0.031708,0.204875,0.007794,0.304047,-0.045123,0.118152,0.626554,-0.774042,-0.215032,0.379797,-1.0
-0.378917,-0.935615,-0.469434,-0.782759,0.297648,0.529239,0.736575,0.788407,0.403101,0.429644,-0.121779,-0.171427,0.193717,0.380183,-0.994908
-0.450679,0.136442,0.270754,0.923701,-0.414797,-0.810344,0.320511,0.670581,-0.080528,-0.126606,0.040051,0.654077,0.02746,-0.553238,-1.0
-0.492388,0.004207,0.823138,0.445502,-0.628466,0.702217,0.630838,0.827765,-0.348162,0.408723,0.140096,-0.370651,-0.066744,0.397888,-1.0
-0.159334,0.953055,-0.345014,-0.892543,-0.087354,0.983777,0.712283,0.324912,-0.115079,0.573771,-0.262673,-0.123225,0.382537,0.193112,-1.0
0.752313,0.448887,0.150033,-0.91263,-0.644046,0.161283,0.127759,0.157972,-0.060877,-0.035047,0.81356,0.130797,-0.475872,-0.126678,-0.960788
-0.489421,0.771876,-0.139571,-0.654129,0.147866,0.591331,0.709922,0.250282,0.117522,0.57172,-0.299199,0.065445,0.594037,-0.08744,-0.94614
-0.293572,-0.023166,0.895544,-0.028409,0.311934,0.415178,0.735927,0.540423,0.273368,0.523211,-0.187284,-0.17914,0.418144,0.236726,-1.0
0.745737,-0.357289,0.36649,0.534269,-0.108141,0.976114,0.821703,0.797125,-0.13143,0.649123,0.140322,-0.10106,-0.193005,0.450606,-0.939701
0.950564,0.097324,-0.070267,-0.135841,-0.472799,-0.879991,0.946183,0.329069,-0.341563,-0.644173,0.044827,0.07317,-0.441349,-0.24896,-1.0
0.731155,0.640984,-0.930466,-0.889818,0.644783,0.472944,0.516073,0.943586,0.320276,0.309447,0.164313,0.498689,-0.163412,-0.515695,-1.0
-0.670607,-0.316395,-0.813371,-0.484219,0.483305,-0.763861,0.007101,0.509068,-0.033703,-0.047028,-0.874769,0.433551,0.481929,-0.109935,-0.984469
0.967867,-0.054799,-0.442029,0.626194,0.753618,0.814528,0.795435,0.903343,0.515297,0.426626,0.030657,-0.133507,-0.202423,0.598555,-1.0
-0.543794,-0.026439,-0.345162,0.321341,-0.971164,-0.443598,0.144736,0.063838,-0.126942,-0.063209,0.626095,0.607697,-0.42253,-0.391972,-1.0
0.191765,-0.37738,-0.43722,0.380774,0.283934,-0.581567,0.736961,0.478524,0.2335,-0.471572,-0.05172,0.257927,0.200001,-0.44412,-0.961728
-0.570023,0.759498,0.942761,-0.547522,-0.709939,0.22818,0.892956,0.479036,-0.688969,0.212425,0.012461,0.163329,-0.152047,-0.506308,-0.999382
0.613153,-0.130984,-0.446817,0.687327,0.44477,0.079501,0.203503,0.502934,0.160972,0.109189,0.50851,-0.610142,-0.272258,0.315493,-0.964338
0.27527,0.75923,-0.516299,0.27804,-0.944497,0.427554,0.501806,0.817402,-0.419102,0.173602,0.449048,0.1387,-0.421338,-0.136933,-1.0
-0.192751,0.758623,-0.35196,0.718487,0.805212,0.448429,0.083646,0.297536,0.059019,-0.089851,-0.873541,0.236514,0.381422,-0.12973,-1.0
-0.818651,-0.775038,-0.832211,-0.231731,0.227577,0.800495,0.379471,0.136525,0.017042,0.266701,-0.26875,-0.451828,0.221374,0.443772,-0.985356
0.340607,0.074574,-0.68027,0.46433,0.4894,-0.952955,0.62854,0.389833,0.339998,-0.533659,-0.034316,0.374972,0.155343,-0.548204,-0.96949
-0.585683,0.885464,0.561606,0.265845,0.446738,-0.629425,0.833409,0.267724,0.417419,-0.562993,-0.170641,0.078088,0.319001,-0.397678,-1.0
-0.033624,0.87258,0.679423,0.959705,0.361316,0.505119,0.584546,0.918947,0.240514,0.404956,-0.208411,0.348206,0.397645,-0.377872,-0.986214
0.639046,-0.953252,-0.704391,0.175567,-0.973822,-0.384745,0.914568,0.586104,-0.624057,-0.301954,0.142368,-0.055148,-0.499603,0.12423,-0.985574
-0.31069,0.197532,-0.254156,-0.818621,-0.652646,-0.660114,0.097562,0.229116,0.004451,-0.050816,0.407804,0.726881,-0.179249,-0.418831,-1.0
-0.490674,-0.585977,0.685403,0.865892,0.120004,-0.83252,0.172193,0.890726,-0.011011,-0.075995,-0.854259,0.396078,0.442898,-0.154771,-0.95126
0.765874,0.56257,-0.301382,0.616878,-0.141273,-0.722646,0.939281,0.725853,-0.125179,-0.692623,0.047663,0.030228,-0.264273,-0.358921,-1.0
-0.6329,-0.294471,0.174922,0.603473,-0.069175,-0.902674,0.336363,0.542961,-0.08527,-0.37677,-0.45013,0.456854,0.345757,-0.322382,-0.988489
-0.748045,0.748748,0.202833,-0.048816,-0.499228,-0.461701,0.498612,0.146648,-0.350096,-0.243463,-0.135977,0.475875,0.103237,-0.55554,-1.0
0.767021,0.616792,-0.895657,-0.181763,-0.496482,0.824986,0.27849,0.83784,-0.097074,0.10861,0.643039,-0.056111,-0.475879,0.172151,-0.989721
-0.321076,0.809848,-0.90458,-0.679591,0.848869,0.84913,0.334442,0.316869,0.231514,0.236507,-0.671335,-0.0723,0.528611,0.064579,-1.0
-0.980274,-0.193535,0.485832,0.837259,-0.251739,-0.708836,0.309997,0.054945,-0.051743,-0.313821,-0.647711,0.442279,0.475935,-0.303384,-0.893383
0.726612,0.598833,-0.860482,-0.864182,-0.767496,-0.395324,0.301846,0.313717,-0.281653,-0.031533,0.56986,0.353117,-0.498279,-0.207912,-1.0
0.696301,0.368141,0.315544,-0.171374,0.334067,0.469637,0.255949,0.738419,0.178874,0.111659,0.636011,-0.162331,-0.455843,0.136195,-0.931003
-0.482026,0.732871,-0.239171,-0.722551,0.134257,0.633356,0.604082,0.856253,0.106997,0.416996,-0.465218,0.072442,0.581902,-0.158758,-0.953609
-0.429271,0.931797,-0.544692,-0.537641,0.505399,0.070124,0.883405,0.227299,0.695738,0.056351,-0.135426,0.064638,0.317309,-0.334879,-0.988595
-0.994738,0.710213,0.664065,-0.060128,-0.224963,-0.123345,0.89613,0.913045,-0.624542,-0.363149,-0.057546,0.045731,0.366324,-0.376686,-0.929602
-0.191821,-0.461172,0.193816,0.582457,-0.517954,0.899623,0.930286,0.508359,-0.406383,0.683834,0.021759,-0.112337,-0.13615,0.419362,-1.0
0.653996,0.187899,0.202321,-0.042177,-0.960988,0.331359,0.40303,0.888225,-0.324331,0.055155,0.667086,0.000255,-0.529955,0.10087,-1.0
0.717802,-0.771525,-0.153585,0.457721,0.366721,0.950307,0.689655,0.993315,0.252081,0.532598,0.06302,-0.3515,-0.081663,0.463173,-1.0
0.898715,-0.926005,-0.226463,-0.662793,0.749132,0.008814,0.914941,0.838053,0.802375,-0.003018,0.059516,-0.126217,-0.108258,0.497902,-1.0
-0.038897,-0.783805,0.197477,0.770708,0.875268,0.20191,0.667929,0.67397,0.449579,0.200702,-0.195953,-0.206021,0.339926,0.392119,-1.0
0.900879,-0.183492,0.218264,-0.363104,-0.065756,0.902444,0.698937,0.302105,-0.081741,0.514737,0.109457,-0.200233,-0.234947,0.335464,-1.0
0.861,-0.227244,-0.979459,0.41434,-0.831107,0.079177,0.086582,0.171084,-0.030432,-0.02536,0.88918,-0.099671,-0.491601,0.189855,-1.0
-0.489237,-0.880236,-0.875544,0.259597,-0.206796,-0.395586,0.981646,0.171754,-0.400554,-0.627432,-0.031081,-0.090771,0.330272,0.530193,-1.0
0.06878,0.925914,-0.026008,-0.106578,-0.689395,-0.202385,0.883688,0.050142,-0.695208,-0.205018,0.073226,0.079196,-0.225854,-0.43793,-0.938306
-0.178692,0.305082,0.183928,0.374576,-0.556296,0.008093,0.999072,0.199579,-0.768984,-0.008187,0.125778,-0.023989,-0.41999,-0.345426,-1.0
0.969725,-0.311375,-0.179776,0.235084,0.987203,-0.609067,0.293778,0.255158,0.227781,-0.121674,-0.033736,0.679795,0.0714,-0.524513,-0.934333
0.410898,-0.791597,0.849091,-0.966896,-0.285152,-0.042695,0.962436,0.125141,-0.629823,-0.074791,0.049187,-0.036809,-0.347698,0.354142,-0.973749
0.979274,-0.597261,-0.860646,0.660954,0.776616,0.343108,0.265053,0.349748,0.145154,0.083541,0.146301,-0.730179,-0.151099,0.476256,-1.0
0.485731,-0.248795,-0.298771,0.724799,-0.087646,-0.695657,0.808718,0.635674,-0.088181,-0.656641,0.1933,0.159877,-0.400452,-0.300597,-0.92343
-0.724737,-0.61021,-0.567671,-0.234851,-0.309707,0.546268,0.504481,0.1202,-0.165436,0.41626,-0.180975,-0.502761,0.225246,0.453348,-1.0
-0.969705,0.591516,0.059114,0.480379,-0.36047,0.324152,0.737195,0.507696,-0.386188,0.422706,-0.322367,0.005855,0.445993,-0.217441,-0.966553
-0.685451,0.366249,-0.997691,-0.028539,-0.829966,-0.281124,0.785966,0.686789,-0.558706,-0.220533,-0.030061,0.28363,-0.095211,-0.455862,-0.993047
-0.521786,-0.318978,0.7363,0.879941,0.713356,0.290578,0.957794,0.739779,0.797301,0.237853,-0.042774,-0.048769,0.54703,0.148948,-1.0
0.34394,0.424083,0.8491,0.419476,-0.080525,-0.845196,0.203884,0.98337,0.058952,-0.152702,0.316647,0.816323,-0.169564,-0.474386,-1.0
-0.051758,0.258148,-0.328105,-0.876632,0.534027,0.010165,0.318121,0.680973,0.334499,-0.190799,-0.574116,0.361532,0.395802,-0.225971,-0.963294
0.003722,0.170124,0.449464,0.839455,-0.344919,-0.868476,0.298864,0.630684,-0.04963,-0.264788,0.169954,0.583294,-0.175076,-0.520776,-1.0
0.692224,-0.720945,-0.522855,-0.594664,-0.331632,-0.457519,0.012487,0.110295,0.088564,-0.040212,0.934516,-0.287239,-0.43503,0.153997,-0.960359
-0.941719,0.262994,-0.988754,-0.360328,-0.532605,-0.053199,0.794559,0.09396,-0.668719,0.005957,-0.131889,0.162001,0.387477,-0.306029,-0.983408
-0.044308,0.970932,-0.801754,0.032401,0.267319,0.682003,0.736743,0.050937,0.237875,0.412708,-0.282372,0.178412,0.430515,-0.4336,-1.0
0.687294,0.808242,0.253446,0.471358,0.493204,0.845539,0.972839,0.135802,0.418321,0.607838,-0.008785,-0.029622,-0.496703,0.044064,-1.0
0.829835,0.85565,0.518756,-0.769823,0.456045,-0.971328,0.538254,0.794719,0.17285,-0.424824,0.167197,0.454663,-0.110651,-0.463701,-0.959801
0.33839,-0.191161,0.58121,-0.912128,0.123607,0.030609,0.648607,0.760725,0.541403,0.145957,0.280128,-0.163784,-0.377688,0.391737,-0.932992
0.546552,0.027095,0.977148,0.812787,-0.565118,-0.420025,0.917919,0.081885,-0.605868,-0.485442,0.10167,0.034097,-0.4252,-0.098682,-1.0
-0.966878,0.284291,-0.045341,-0.692206,0.833527,0.848472,0.437113,0.424469,0.239349,0.184339,-0.560222,-0.161429,0.436532,0.152914,-0.969491
0.192962,0.850237,-0.065416,-0.053833,0.487695,0.559789,0.709933,0.701283,0.386538,0.424279,-0.211947,0.160435,0.3622,-0.350393,-1.0
-0.654002,0.048134,-0.16113,-0.808691,-0.527131,-0.552655,0.066186,0.03128,0.007186,0.063654,-0.138556,0.911104,0.0909,-0.543422,-1.0
0.369438,0.655208,0.668034,-0.739659,-0.722742,-0.644023,0.773932,0.744407,-0.399697,-0.435096,0.047967,0.278837,-0.312793,-0.434475,-0.962571
0.634007,0.071344,0.667549,0.174137,0.167234,0.514156,0.177875,0.679432,0.062493,0.15318,0.643887,-0.536867,-0.324061,0.288702,-0.937507
0.362012,0.967211,-0.944051,0.172958,0.100241,0.958656,0.646109,0.347199,0.077722,0.448056,0.412359,0.037592,-0.497438,-0.095224,-1.0
0.761825,-0.931318,-0.651387,-0.857424,-0.230612,-0.712357,0.454636,0.822425,-0.07719,-0.406423,0.580307,-0.143254,-0.398409,0.13924,-1.0
-0.123661,-0.591318,-0.598153,0.97698,-0.912126,-0.160903,0.34253,0.853162,-0.196593,0.005787,0.584377,-0.331358,-0.447844,0.188694,-1.0
0.885488,0.233701,-0.03284,0.703563,-0.448456,-0.027693,0.296574,0.768543,-0.343801,-0.019293,0.62644,0.088445,-0.492456,-0.083498,-0.96885
-0.248954,0.895819,-0.335022,0.351347,0.512407,0.103753,0.521124,0.008254,0.388974,-0.014943,-0.361641,0.397083,0.401741,-0.339245,-1.0
0.000627,-0.951987,0.349154,0.216984,-0.109724,-0.345992,0.514128,0.250176,-0.112232,-0.406776,0.108955,-0.459071,-0.107848,0.443307,-1.0
-0.832824,0.796727,-0.0515,0.265749,-0.525671,-0.937676,0.267352,0.232607,-0.191853,-0.295322,-0.159359,0.706088,0.092264,-0.517656,-1.0
-0.64422,-0.355073,-0.415776,0.79742,-0.000923,-0.949453,0.490689,0.277788,0.076787,-0.306294,-0.318706,0.338439,0.39237,-0.288715,-0.939835
0.190805,-0.849978,0.199373,-0.363193,0.502769,-0.192345,0.637055,0.649862,0.528525,-0.149043,-0.220829,-0.273319,0.197861,0.483678,-1.0
0.262832,-0.53248,-0.204181,-0.000587,0.124976,0.890631,0.872426,0.874392,0.057067,0.757625,0.048203,-0.153952,-0.090936,0.5331,-1.0
-0.622953,-0.833156,-0.796731,0.386962,0.216486,-0.308274,0.569817,0.601404,0.248454,-0.366347,-0.361867,-0.255423,0.421735,0.183675,-1.0
0.112584,0.839056,0.95378,-0.71624,-0.860153,0.938726,0.654557,0.516083,-0.366162,0.386579,0.310188,-0.052783,-0.455016,0.036345,-1.0
-0.265282,-0.714796,0.931128,-0.95871,-0.286486,0.005662,0.789047,0.650431,-0.693447,0.006775,-0.054859,-0.226754,-0.017513,0.504449,-1.0
-0.883686,0.539425,-0.565823,-0.540077,-0.398295,0.749593,0.937311,0.251385,-0.284327,0.643556,-0.037629,-0.01417,0.50176,0.172941,-1.0
0.022377,0.972715,-0.648243,0.982045,0.926722,0.005649,0.265264,0.622542,0.21914,-0.012206,-0.502644,0.512812,0.347187,-0.324545,-0.965562
0.712435,-0.6624,0.281245,0.831892,-0.821838,-0.867432,0.318621,0.758027,-0.167337,-0.281965,0.719905,0.039668,-0.494906,-0.104479,-1.0
-0.593279,0.959658,-0.301603,-0.497102,-0.169979,0.342503,0.007959,0.046101,0.01911,-0.025467,-0.620342,0.983895,0.239195,-0.405363,-0.981229
0.26409,-0.212552,0.091803,0.610339,0.214867,-0.032523,0.77848,0.045555,0.52327,-0.088887,-0.046964,-0.164471,-0.15822,0.484496,-0.996792
-0.522117,-0.805747,-0.765218,-0.571443,0.643683,0.926758,0.513983,0.33401,0.269065,0.274956,-0.386951,-0.342828,0.271075,0.427839,-0.971845
-0.522182,0.309362,-0.527117,-0.124973,0.233957,-0.712126,0.676027,0.441151,0.197961,-0.472922,-0.231829,0.229368,0.356026,-0.432368,-1.0
-0.996593,0.49712,-0.60995,0.530886,0.844885,-0.017101,0.199591,0.287489,0.205026,-0.118867,-0.837853,0.286867,0.504641,-0.162805,-1.0
-0.754817,-0.437238,0.136138,-0.377384,0.446096,0.35237,0.754788,0.001883,0.427437,0.345598,-0.251591,-0.108441,0.335678,0.225931,-0.964026
0.886382,-0.18294,-0.518989,-0.114844,-0.702063,-0.496592,0.24526,0.005799,-0.171461,-0.051098,0.761115,0.203202,-0.471059,-0.099955,-1.0
0.99238,-0.922395,-0.785709,0.112107,0.889427,-0.189269,0.215524,0.735025,0.221005,-0.003592,0.120712,-0.809963,-0.029421,0.520756,-0.989619
-0.76814,0.41502,0.507635,0.397565,0.632103,-0.707849,0.517847,0.935382,0.28198,-0.294556,-0.397224,0.301496,0.358488,-0.333213,-1.0
-0.25125,0.241142,-0.888624,0.282001,0.818089,0.550418,0.424639,0.789703,0.335064,0.169676,-0.575647,-0.151216,0.48983,0.190318,-1.0
-0.924914,0.534778,-0.069709,-0.112882,0.246769,-0.936813,0.036081,0.248424,-0.025459,-0.037605,-0.60521,0.773014,0.272876,-0.405533,-0.959472
-0.682737,0.901654,-0.823723,-0.311678,0.994814,0.31573,0.707567,0.026791,0.615932,0.128092,-0.206553,0.077999,0.448111,-0.110294,-1.0
0.176367,-0.456492,-0.031147,0.997894,-0.448392,0.710847,0.309231,0.830002,-0.135486,0.210503,0.376338,-0.54447,-0.329853,0.438683,-1.0
-0.793226,0.435308,0.837356,0.01629,-0.219468,0.167841,0.443659,0.241234,-0.274605,0.202777,-0.566945,0.201069,0.423579,-0.17533,-1.0
-0.736097,-0.579512,-0.483121,0.373199,-0.757681,0.674763,0.861459,0.255533,-0.582531,0.449762,-0.019791,-0.173602,-0.059986,0.41855,-1.0
0.732745,0.474539,0.199984,-0.954718,-0.483948,0.678906,0.570037,0.491139,-0.282958,0.317541,0.390345,0.015192,-0.387213,0.111511,-1.0
-0.138963,0.693309,0.367942,0.746528,0.292738,-0.422691,0.710573,0.480935,0.24045,-0.50865,-0.081135,0.253889,0.164154,-0.444099,-1.0
-0.565112,0.371833,0.811165,-0.776603,0.189182,0.620541,0.383113,0.149466,0.124538,0.314392,-0.596139,-0.239895,0.437428,0.223169,-0.966523
-0.262102,-0.038864,-0.263559,0.528687,0.823819,0.051544,0.855725,0.191706,0.605965,0.024558,-0.189015,0.06105,0.500882,0.045061,-1.0
0.926592,-0.753283,-0.526926,-0.187674,0.212334,-0.24938,0.399116,0.8781,0.217105,-0.254234,0.445542,-0.331566,-0.386148,0.291521,-1.0
-0.347457,0.557308,-0.635446,-0.368749,0.047704,-0.47527,0.159295,0.990632,0.012147,-0.148692,-0.244757,0.766166,0.214106,-0.423033,-0.902962
0.527121,-0.717956,0.148728,-0.816268,0.174257,-0.894641,0.617033,0.743247,0.097343,-0.515821,0.317007,0.202872,-0.421588,-0.217767,-0.946653
0.99555,0.663149,-0.207157,0.601014,0.71464,-0.703924,0.984293,0.950524,0.491814,-0.578697,-0.105641,0.095731,-0.088638,-0.499798,-0.964013
-0.157002,-0.673786,-0.352772,0.519942,-0.895435,0.392149,0.499331,0.938074,-0.35288,0.103252,0.250013,-0.319806,-0.206644,0.498232,-1.0
0.129257,0.506681,-0.922112,-0.360388,-0.41336,0.860666,0.707256,0.514639,-0.313363,0.475465,0.249778,-0.132546,-0.421106,0.34225,-0.98564
-0.910363,-0.43671,0.915053,0.266778,-0.02245,0.499922,0.134052,0.139284,0.00352,0.12903,-0.590787,-0.66763,0.334038,0.368341,-0.996253
-0.751939,-0.958484,0.366705,-0.470751,0.357696,0.899033,0.470285,0.906319,0.131125,0.338081,-0.270666,-0.429592,0.189337,0.476678,-0.99905
0.785016,-0.327046,0.498355,-0.904058,-0.896282,0.68773,0.963788,0.831103,-0.60554,0.412819,-0.054252,0.072015,-0.387638,0.176036,-1.0
0.224577,0.701672,0.137754,0.645886,-0.508297,-0.055462,0.392594,0.56444,-0.333205,-0.014902,0.458967,0.477561,-0.29904,-0.360553,-1.0
0.304813,-0.475495,0.891293,-0.995429,0.740337,-0.958346,0.370157,0.178395,0.107476,-0.230673,-0.334723,0.432088,0.352857,-0.360497,-0.983418
0.8512,0.648875,0.051141,-0.982977,-0.560929,-0.317945,0.584866,0.670686,-0.436248,-0.185062,0.325762,0.248997,-0.426743,-0.259237,-0.965375
0.278132,-0.073054,0.223044,-0.888607,-0.343802,-0.688504,0.991134,0.463583,-0.318665,-0.608568,0.025757,0.033701,-0.445713,-0.359671,-0.939994
0.118322,0.700685,0.733387,0.013306,-0.062145,-0.280691,0.197006,0.792518,-0.06023,-0.120533,0.128967,0.736758,-0.031524,-0.503163,-0.955313
-0.983816,0.449358,-0.231078,0.958414,-0.36916,-0.067985,0.655226,0.209911,-0.478567,-0.078221,-0.300141,0.263629,0.373109,-0.274884,-1.0
-0.751557,0.347358,0.864042,-0.133231,0.168369,0.948127,0.26055,0.215133,0.125306,0.172201,-0.592635,-0.357387,0.424683,0.270448,-1.0
0.384389,-0.959275,0.648792,-0.18514,-0.617443,-0.810455,0.140838,0.521223,-0.108658,-0.133237,0.887287,-0.059367,-0.396953,0.179272,-0.982054
-0.904269,-0.767671,0.026189,0.427866,0.939676,-0.747418,0.480517,0.352421,0.225471,-0.259904,-0.451592,-0.006042,0.525971,0.005048,-1.0
-0.265701,0.837546,0.62067,0.284272,0.812987,0.752027,0.320679,0.136678,0.211959,0.159022,-0.605431,-0.032234,0.507033,-0.136145,-0.982408
-0.933367,-0.850867,0.605109,-0.2738,-0.088573,-0.840193,0.063846,0.893643,-0.100343,-0.029035,-1.0,0.046007,0.487008,0.05853,-1.0
-0.582246,-0.883349,-0.36766,0.443799,-0.116012,0.018299,0.718921,0.319271,-0.565467,0.097427,-0.179422,-0.260848,0.211558,0.415982,-1.0
-0.018978,-0.040826,-0.305381,0.727717,-0.756446,-0.349447,0.284682,0.13268,-0.15138,-0.139566,0.674902,0.263097,-0.531247,-0.12591,-1.0
0.108527,0.691093,-0.633866,0.551595,0.471687,-0.487635,0.27041,0.572464,0.168419,-0.12506,-0.180587,0.714991,0.190949,-0.482399,-0.999247
0.140408,-0.695318,0.747183,0.206666,-0.222638,-0.211678,0.687144,0.681066,-0.396318,-0.401113,0.230909,-0.384428,-0.323141,0.292992,-1.0
0.362358,0.728962,0.633649,-0.746689,-0.129777,-0.986056,0.628922,0.384174,-0.000727,-0.484829,0.103145,0.290795,-0.077324,-0.511993,-1.0
-0.381369,-0.492158,-0.980264,0.679966,0.773146,-0.35067,0.449088,0.821514,0.331463,-0.161755,-0.572702,-0.073492,0.442349,0.042029,-1.0
0.104767,0.56802,0.850403,-0.037054,-0.585576,-0.876597,0.735886,0.172293,-0.37473,-0.515097,0.087719,0.230632,-0.191612,-0.456789,-1.0
0.584161,-0.35025,0.401244,0.368537,-0.090097,-0.057593,0.57796,0.865888,-0.324698,-0.26001,0.344789,-0.203867,-0.493418,0.184748,-1.0
-0.706195,-0.227519,-0.935307,0.320499,-0.867737,-0.704882,0.038811,0.138025,-0.053764,-0.109529,0.204017,0.905629,-0.173351,-0.448771,-1.0
-0.386971,0.285683,0.930115,0.581676,0.194284,-0.248889,0.510202,0.926068,0.278781,-0.361914,-0.337312,0.31723,0.331151,-0.320489,-1.0
0.982114,0.297904,0.089146,-0.330947,0.758993,0.082072,0.16152,0.220559,0.157396,0.067851,0.573336,0.614387,-0.358435,-0.282411,-0.959122
0.040273,-0.388853,0.360491,-0.080762,-0.123322,0.127118,0.592421,0.642597,-0.344768,0.434989,0.079203,-0.396512,-0.176064,0.451665,-0.979734
0.812771,0.480026,-0.92471,0.799727,0.211399,0.548,0.538447,0.199397,0.22569,0.34816,0.494987,-0.051505,-0.559233,0.040836,-1.0
0.08835,-0.601125,0.433615,-0.470018,0.456621,-0.511965,0.88424,0.289301,0.52221,-0.576707,-0.186167,-0.064918,0.484143,0.178864,-1.0
0.135329,0.225001,-0.215901,-0.437829,0.955624,0.75085,0.41566,0.878968,0.207699,0.199288,-0.470458,-0.275204,0.397806,0.270118,-1.0
0.082947,0.191108,-0.718909,0.503726,-0.756293,0.406723,0.944903,0.894059,-0.639938,0.356408,-0.005008,0.02086,-0.497278,0.233793,-0.937918
0.537191,-0.145305,0.476715,-0.869254,0.515628,-0.292825,0.373718,0.659149,0.285771,-0.196036,0.084201,0.605036,-0.060594,-0.480229,-0.990099
-0.307867,-0.234047,0.741393,-0.138159,-0.325346,0.47485,0.943816,0.207231,-0.359418,0.497709,-0.103161,-0.02253,-0.04475,0.457494,-0.99668
0.615404,-0.767814,0.043142,-0.998688,0.730468,-0.546718,0.203743,0.525896,0.078754,-0.134318,-0.426809,-0.711603,0.257814,0.463622,-0.950396
-0.224322,0.825773,0.926306,-0.776488,-0.169091,-0.250082,0.646695,0.669423,-0.371394,-0.449253,-0.106818,0.284456,0.05685,-0.554289,-1.0
0.647139,-0.429217,0.426586,0.928042,-0.672159,-0.803463,0.094575,0.878402,-0.038618,-0.044508,0.837121,0.212551,-0.45087,-0.145793,-1.0
-0.810631,-0.815447,0.475577,0.506891,0.41069,-0.167043,0.153715,0.419636,0.135643,0.026025,-0.745015,-0.337324,0.421597,0.302961,-1.0
0.367659,-0.396345,0.388221,0.434841,0.299429,-0.861983,0.976906,0.525926,0.335139,-0.728093,-0.052645,0.037951,-0.092835,-0.564166,-1.0
0.724198,-0.365371,-0.861181,-0.020342,-0.901867,-0.380068,0.922704,0.035183,-0.627792,-0.298028,0.140109,0.086656,-0.518731,0.031923,-1.0
-0.316873,0.943688,-0.893658,0.608967,0.430357,-0.223967,0.541384,0.99191,0.293885,-0.142533,-0.260252,0.469757,0.281067,-0.424593,-1.0
-0.555512,0.009637,0.406584,-0.182487,-0.650499,-0.048637,0.010846,0.498725,-0.092448,0.021102,0.853801,0.478744,-0.489064,-0.250954,-1.0
0.949746,-0.155264,0.429006,-0.30266,0.802134,0.547743,0.091491,0.276538,0.048394,0.053149,0.213283,-0.897751,-0.165572,0.485028,-0.975191
-0.891968,-0.843818,-0.54747,0.964381,-0.01283,-0.734309,0.944553,0.333025,0.090079,-0.686583,-0.059963,-0.006234,0.455177,-0.059385,-0.986188
0.949726,-0.913298,0.120187,-0.47432,-0.217234,-0.65472,0.358017,0.046747,-0.090761,-0.299664,0.63519,-0.116698,-0.519171,0.099022,-0.969825
-0.34595,-0.393855,0.377275,0.332197,0.590629,0.196218,0.644878,0.550353,0.405353,0.135979,-0.270362,-0.213261,0.402529,0.183611,-1.0
-0.148636,-0.314018,-0.052105,-0.729476,-0.845964,-0.520193,0.613968,0.074307,-0.395812,-0.216816,0.441497,0.158264,-0.482484,-0.085777,-1.0
0.841497,0.550005,0.571356,-0.015772,-0.585668,-0.713297,0.797141,0.299791,-0.358268,-0.437106,0.167473,0.187432,-0.342885,-0.410241,-1.0
-0.130621,0.791623,0.446178,-0.201831,0.792595,0.243982,0.886791,0.770649,0.681546,0.145197,-0.046212,0.067955,0.493627,-0.31539,-1.0
0.557395,0.691112,-0.178395,0.906275,0.335294,-0.527744,0.550306,0.376153,0.140455,-0.315693,0.024571,0.450547,-0.123147,-0.508947,-0.971761
0.56641,-0.059211,0.431367,0.995299,0.395339,-0.783005,0.817826,0.560074,0.341804,-0.593255,-0.007723,0.132672,-0.098759,-0.45535,-1.0
-0.044775,-0.045097,-0.923537,-0.20807,-0.780834,-0.819375,0.875992,0.333791,-0.446553,-0.476735,0.154281,0.099862,-0.344038,-0.428325,-0.914334
-0.457611,0.223333,0.780105,-0.288879,-0.43751,0.013636,0.63623,0.700646,-0.489363,-0.044494,-0.06067,0.332807,-0.006212,-0.469809,-1.0
0.494195,-0.782311,-0.496169,-0.522066,-0.822548,0.264432,0.583959,0.786488,-0.410102,0.100657,0.372374,-0.200548,-0.369283,0.33334,-1.0
-0.746248,-0.990499,-0.531651,-0.69801,0.786881,0.879168,0.471683,0.579708,0.287465,0.231128,-0.399263,-0.391582,0.360076,0.43645,-0.978571
0.564749,-0.102727,0.592901,0.107127,0.183777,0.335955,0.292204,0.579073,0.122014,0.136941,0.445202,-0.509364,-0.280066,0.363572,-1.0
-0.822016,0.977392,-0.871147,-0.749661,-0.35388,-0.596087,0.331489,0.942766,-0.114788,-0.194604,-0.098563,0.647482,0.044948,-0.499505,-0.923639
0.398636,0.988969,0.856466,-0.419478,0.853275,0.319438,0.970006,0.463503,0.805796,0.38258,0.03025,0.110592,0.295919,-0.439957,-0.888668
0.277997,0.060254,-0.216548,0.605952,0.876296,0.813847,0.288569,0.921037,0.207742,0.233012,-0.413399,-0.597525,0.255224,0.338839,-0.944693
-0.281864,-0.285527,-0.017285,-0.849685,-0.385843,-0.487104,0.456074,0.520921,-0.295928,-0.321311,0.314803,0.532631,-0.153513,-0.386721,-0.962599
-0.220661,-0.877665,-0.15624,-0.221935,0.50688,0.123739,0.678959,0.373062,0.480472,0.2096,-0.138754,-0.279823,0.335709,0.380531,-0.97166
0.916821,0.220792,0.862522,0.176126,-0.977784,0.063063,0.296277,0.393166,-0.171284,-0.012177,0.670151,0.085672,-0.40187,-0.034896,-0.983645
-0.863855,-0.56973,0.467928,-0.592196,-0.217806,-0.204568,0.308224,0.744864,-0.198224,-0.105012,-0.532565,-0.365738,0.459834,0.22929,-1.0
0.440133,0.756367,-0.862969,0.242783,-0.865226,0.678057,0.121824,0.34794,-0.168954,0.112348,0.856358,0.056917,-0.507389,-0.006876,-1.0
-0.309119,-0.492369,-0.854602,-0.889047,0.415817,-0.333764,0.952947,0.236945,0.614911,-0.526092,0.026996,0.027497,0.50829,0.081884,-1.0
-0.293025,0.665059,0.192232,0.398309,-0.150812,-0.377633,0.323313,0.725753,-0.128373,-0.124715,-0.110556,0.657084,-0.00519,-0.484436,-0.889303
0.401699,-0.180774,-0.187892,0.72707,0.290592,0.716531,0.233091,0.006602,0.011966,0.217337,0.034477,-0.694501,-0.044364,0.484513,-0.984568
-0.248723,-0.424004,0.933211,-0.984253,-0.303122,-0.698675,0.33297,0.351469,-0.138177,-0.232203,0.219663,0.694808,-0.042806,-0.47949,-1.0
-0.294644,0.277124,-0.547215,0.4252,0.135786,-0.571047,0.132786,0.957591,0.040418,-0.070005,-0.425426,0.775666,0.338414,-0.415189,-0.985821
0.995204,0.913522,-0.314237,0.975209,-0.891647,-0.455576,0.281556,0.396899,-0.154295,-0.131038,0.598952,0.429135,-0.440194,-0.256036,-1.0
0.22746,-0.974126,0.623046,0.836105,0.777906,0.485996,0.492654,0.94192,0.359117,0.161848,-0.227321,-0.551305,0.141378,0.617675,-0.88698
0.091428,-0.594222,0.132892,0.55183,0.207218,0.834395,0.283349,0.335815,0.030876,0.231344,-0.026161,-0.71082,0.055883,0.403316,-1.0
0.281033,-0.02666,-0.455315,0.441959,-0.795246,0.993804,0.623669,0.807695,-0.271293,0.328013,0.271282,-0.233577,-0.392173,0.342373,-0.965757
0.52099,-0.881779,-0.517089,-0.22769,-0.987723,-0.527162,0.326377,0.49382,-0.243205,-0.145188,0.74802,-0.087582,-0.425705,0.126088,-0.97262
0.443773,-0.090484,-0.870447,0.618444,0.614946,0.891644,0.18553,0.505545,0.094701,0.105458,-0.154493,-0.772169,0.112537,0.546033,-1.0
0.255019,-0.555789,0.020668,-0.117924,-0.324584,-0.142159,0.56125,0.643027,-0.502817,-0.109599,0.321771,-0.243416,-0.396477,0.257173,-0.918544
0.377854,0.761421,0.102376,-0.616233,-0.694493,-0.387912,0.072988,0.134889,-0.046836,0.00101,0.613901,0.753099,-0.422325,-0.236864,-0.996754
0.581861,0.891127,0.949329,0.042869,0.05987,-0.802727,0.098937,0.014533,0.090985,-0.098409,0.269391,0.789367,-0.193851,-0.492314,-0.95239
-0.204653,0.471136,0.937402,0.094393,-0.650019,-0.488693,0.313346,0.453618,-0.213993,-0.195572,0.226632,0.667096,-0.148303,-0.433757,-1.0
0.324885,0.338217,-0.427413,0.812034,0.721992,0.320975,0.734658,0.756603,0.672891,0.264337,-0.262472,-0.069889,0.500115,-0.069128,-0.970384
0.595561,0.31636,0.166678,0.795093,-0.399683,0.759225,0.000197,0.988232,-0.013674,-0.049165,0.933316,-0.433365,-0.413106,0.163785,-0.986876
-0.291835,0.197374,0.059716,-0.77218,0.831667,0.383558,0.274749,0.140723,0.266138,0.058934,-0.704888,-0.098572,0.508631,0.078747,-1.0
0.174202,-0.920159,-0.82095,0.192259,0.922795,-0.406659,0.080577,0.293595,0.015987,-0.083764,-0.640031,-0.567695,0.406689,0.340838,-1.0
-0.882796,0.445721,0.782508,0.688459,-0.687674,-0.790702,1.5e-05,0.924069,-0.092566,0.021143,-0.111863,1.0,0.098634,-0.503965,-0.989795
-0.03591,0.539909,-0.308909,0.019279,0.33668,0.865119,0.787072,0.631127,0.295718,0.561826,-0.085898,-0.105015,0.355984,0.338445,-1.0
0.807717,0.196452,0.923458,0.591492,0.444981,-0.482611,0.747948,0.210351,0.558504,-0.394096,0.113745,0.248512,-0.163191,-0.453646,-1.0
0.38066,-0.010281,-0.309432,-0.69433,-0.488024,0.328937,0.552411,0.044683,-0.356247,0.307414,0.355124,-0.215793,-0.421315,0.187182,-0.983866
0.662803,0.201635,0.394421,0.428822,-0.855543,0.516537,0.037225,0.793448,-0.050037,0.015572,0.995819,-0.213351,-0.468759,0.077675,-0.99492
-0.209248,-0.261518,0.807297,0.344014,0.524355,0.812809,0.227991,0.151905,0.04184,0.216671,-0.423874,-0.630899,0.342732,0.386831,-1.0
-0.557982,-0.827306,0.557869,-0.003196,0.728069,-0.302896,0.717991,0.467877,0.504373,-0.1605,-0.267885,-0.167962,0.512885,0.170787,-0.966135
0.28469,0.696624,-0.955602,0.569141,0.574708,-0.197433,0.417315,0.534898,0.359926,-0.090289,-0.199766,0.520141,0.144298,-0.502058,-0.923622
-0.682238,0.840104,0.842123,0.558174,0.146087,-0.896429,0.758395,0.776854,0.138669,-0.572903,-0.175511,0.246971,0.238306,-0.436879,-1.0
0.629567,-0.131451,-0.724355,-0.156884,0.482925,0.966942,0.408639,0.384457,0.133333,0.319405,0.064694,-0.544081,-0.009448,0.404836,-0.978457
-0.192024,0.336049,-0.514011,0.148335,0.374842,0.131204,0.207537,0.426137,0.125899,0.031019,-0.635441,0.279757,0.395002,-0.181758,-1.0
0.922406,0.333549,-0.394058,-0.524932,-0.204049,-0.23306,0.415657,0.894399,-0.136714,-0.198171,0.491308,0.272223,-0.390423,-0.17069,-0.979078
0.063181,0.656522,0.915947,0.3428,-0.299578,0.959689,0.227193,0.443697,-0.055863,0.222013,0.548424,-0.507673,-0.437339,0.237171,-1.0
0.347579,0.917591,0.660742,0.130382,-0.920807,-0.201332,0.771816,0.311832,-0.607499,-0.098778,0.145945,0.188419,-0.380944,-0.281098,-1.0
-0.954099,0.470936,0.007425,-0.505645,0.537229,-0.582375,0.534188,0.125841,0.251067,-0.379259,-0.428483,0.263364,0.387555,-0.242457,-1.0
0.014483,0.420829,0.979971,0.205491,0.347898,0.141258,0.55293,0.194992,0.430992,0.132696,-0.24741,0.266466,0.427247,-0.258028,-0.916668
0.224083,0.852352,0.333648,0.519005,0.560083,0.711251,0.352641,0.631191,0.164333,0.303073,-0.587127,0.255281,0.488224,-0.148173,-0.938197
0.304275,-0.482661,0.891029,0.30601,0.203617,-0.1511,0.637036,0.28398,0.475932,-0.32058,0.12602,-0.278756,-0.149699,0.572243,-0.974776
-0.592584,-0.761351,0.296187,-0.831067,-0.964326,-0.24434,0.137299,0.334409,-0.120214,-0.070027,0.517283,-0.615466,-0.235337,0.439887,-1.0
-0.02091,-0.04734,-0.660657,0.505948,0.542739,0.382952,0.114244,0.221084,0.16865,0.040319,-0.714577,-0.544786,0.373495,0.317864,-1.0
-0.881956,0.585904,0.032162,-0.036285,0.597385,-0.349046,0.690149,0.518641,0.433795,-0.224349,-0.227967,0.214077,0.477014,-0.343288,-1.0
-0.1208,0.419753,-0.360819,0.909423,-0.393247,0.031756,0.89083,0.030701,-0.753499,-0.015394,0.041224,0.131493,-0.291249,-0.405946,-0.982224
0.981833,-0.673452,-0.038093,-0.271667,-0.912351,0.060071,0.223402,0.422762,-0.12659,0.014834,0.683275,-0.257994,-0.371292,0.155476,-1.0
0.50573,-0.546127,0.332265,-0.101237,-0.446857,0.633939,0.932551,0.362371,-0.461287,0.668567,0.048411,-0.034783,-0.286816,0.335915,-1.0
0.254611,0.206307,-0.910746,0.086916,-0.203099,-0.801842,0.336551,0.63779,0.003112,-0.339758,0.308432,0.654886,-0.249023,-0.446795,-1.0
0.632015,0.715051,-0.583542,-0.309292,-0.449507,-0.81645,0.180088,0.410537,-0.075731,-0.194618,0.361248,0.72926,-0.285035,-0.44324,-1.0
-0.791738,0.623302,0.520529,0.789545,0.945083,-0.299154,0.65259,0.099503,0.595834,-0.196025,-0.246792,0.147558,0.410279,-0.27413,-0.992634
0.611484,0.549067,-0.19367,0.079065,-0.008498,-0.451837,0.966678,0.920804,0.033181,-0.738435,-0.011587,0.040303,-0.199429,-0.371956,-1.0
-0.026246,0.732809,0.262117,-0.028504,0.749985,0.585329,0.694055,0.859065,0.372437,0.397866,-0.283926,0.074986,0.489901,-0.101887,-0.992405
0.640855,-0.483854,-0.088269,-0.52703,-0.322331,0.578892,0.21164,0.322441,-0.189753,0.216833,0.491112,-0.508567,-0.308665,0.332327,-1.0
0.057989,-0.522912,-0.460796,-0.440234,-0.14019,-0.983843,0.907841,0.393311,-0.067508,-0.670882,0.018253,0.046734,-0.20737,-0.395549,-1.0
-0.30485,0.220387,0.713976,0.885577,-0.471829,-0.673106,0.349414,0.606454,-0.217135,-0.171324,0.106271,0.677705,-0.077109,-0.56604,-0.962432
-0.977416,0.941774,0.644084,-0.0628,-0.406616,0.129002,0.581461,0.90399,-0.409988,0.068362,-0.183422,0.358552,0.281785,-0.32873,-1.0
0.797065,-0.720555,-0.555724,-0.991096,-0.286036,-0.898591,0.762194,0.323623,-0.173793,-0.649971,0.221549,0.054883,-0.447985,-0.014192,-1.0
-0.089757,-0.246143,0.041127,0.294888,-0.720064,-0.148198,0.961303,0.037546,-0.760804,-0.132168,-0.022247,0.075612,-0.377059,0.122576,-0.981708
0.122655,-0.007371,0.395992,-0.096447,-0.65839,0.801023,0.744326,0.31273,-0.356823,0.504857,0.136676,-0.277025,-0.45481,0.369471,-0.932249
-0.029129,0.361282,-0.066863,0.439655,0.348032,-0.132337,0.493354,0.335193,0.374546,-0.097228,-0.296904,0.471259,0.169201,-0.439769,-0.998774
-0.493315,-0.429967,-0.421503,0.593283,0.630826,-0.857377,0.767961,0.052557,0.446021,-0.528688,-0.250558,0.059704,0.459721,-0.262389,-1.0
-0.226032,0.1625,-0.304337,-0.675068,0.771573,0.375849,0.901162,0.532419,0.502131,0.203052,-0.095377,-0.032695,0.551817,0.191702,-0.927478
-0.371126,-0.035938,0.646201,-0.966702,-0.788005,-0.756016,0.728901,0.176087,-0.509059,-0.391033,0.117627,0.2692,-0.252279,-0.416688,-0.98309
-0.011333,-0.23053,0.462822,0.382758,0.942063,0.776589,0.59488,0.502969,0.351308,0.262633,-0.249095,-0.289522,0.354494,0.371124,-0.925425
-0.692592,-0.522217,-0.679607,0.3441,0.076306,-0.08317,0.621057,0.892331,0.366717,-0.329311,-0.299479,-0.263751,0.473219,0.232247,-0.992338
-0.116451,0.679671,0.778282,-0.977754,-0.527959,-0.256171,0.266445,0.889381,-0.218177,0.003615,0.316883,0.612467,-0.154352,-0.609558,-0.924947
0.988269,0.660841,0.894515,-0.469887,-0.330192,0.803699,0.311779,0.152796,-0.136752,0.126253,0.612357,-0.118978,-0.575546,0.03763,-1.0
0.30756,-0.187467,-0.752907,0.651736,0.85335,0.646997,0.144338,0.087494,-0.040967,0.031597,-0.437369,-0.738663,0.23231,0.390932,-0.984696
-0.305424,0.94774,-0.441139,-0.415492,-0.370819,0.136236,0.388552,0.869025,-0.296592,0.04276,-0.014721,0.571054,-0.123561,-0.532429,-0.951178
0.735449,0.330777,-0.890315,-0.456815,0.227107,-0.091395,0.07261,0.052648,0.071253,0.019271,0.739215,0.666739,-0.42548,-0.328245,-0.979528
-0.333553,-0.560188,-0.66905,-0.345385,0.892859,0.334841,0.551456,0.121977,0.392365,0.080533,-0.314671,-0.269014,0.407723,0.265559,-0.98687
-0.303658,-0.899816,0.49431,0.253428,0.984115,-0.665872,0.389222,0.880213,0.265551,-0.222048,-0.617305,-0.13924,0.478851,0.021641,-0.928095
-0.687148,0.011334,-0.879535,-0.451647,0.963062,0.31423,0.914954,0.860844,0.775265,0.253383,-0.097253,0.032259,0.506265,0.101911,-0.927265
0.297828,-0.79269,-0.577729,0.782981,-0.826573,0.244902,0.173209,0.193334,-0.146227,-0.035417,0.59931,-0.632051,-0.423881,0.391377,-0.950856
0.100929,-0.350896,-0.474144,-0.095052,-0.007346,-0.793766,0.307667,0.163682,0.07537,-0.302761,0.240006,0.655819,-0.081504,-0.472263,-0.950512
-0.409828,-0.411753,0.844898,-0.603617,-0.065455,-0.991394,0.072308,0.233862,-0.057946,-0.051908,-0.482175,0.833382,0.305414,-0.410802,-1.0
-0.659819,0.629796,-0.213138,0.762726,-0.855814,0.036887,0.788597,0.153564,-0.676116,0.108434,0.055963,0.152434,-0.141349,-0.450338,-1.0
-0.568964,0.245678,-0.233431,0.845532,0.607527,0.891782,0.916396,0.606069,0.495951,0.607208,-0.045939,-0.044747,0.498172,0.272963,-1.0
0.346164,-0.216432,-0.90269,0.586662,0.183978,-0.305457,0.505395,0.680404,0.204432,-0.346476,0.426124,0.307293,-0.421368,-0.294706,-1.0
0.002129,-0.434705,0.420929,0.606396,-0.847593,0.150302,0.251889,0.940344,-0.297195,-0.042453,0.622562,-0.431809,-0.377136,0.302095,-1.0
-0.31296,-0.055352,-0.080016,-0.90077,-0.33655,-0.289122,0.599225,0.212421,-0.406191,-0.335861,0.097574,0.458117,-0.000415,-0.4691,-0.983046
-0.684001,-0.54426,0.94626,0.22389,0.474532,-0.17533,0.439985,0.514167,0.424457,-0.098116,-0.458695,-0.148861,0.446496,0.148492,-0.925249
0.027491,-0.751491,-0.92254,0.925937,0.032421,0.573484,0.305796,0.268309,0.043713,0.246561,0.050911,-0.741293,0.005761,0.516892,-0.96441
0.665219,-0.361705,0.530297,0.433725,0.682853,0.357314,0.157516,0.957612,0.106584,0.097437,0.057402,-0.760011,0.026259,0.476989,-1.0
0.19281,0.908553,-0.684081,0.777583,0.295679,0.897392,0.12932,0.150834,0.14293,0.08311,-0.911679,0.094739,0.460503,-0.027142,-1.0
0.789818,-0.10219,0.599434,-0.755908,0.993796,0.659078,0.851865,0.56404,0.450265,0.373215,0.028588,-0.149249,0.10374,0.449075,-0.989204
0.989938,0.135772,-0.929988,-0.604058,-0.692671,-0.669763,0.127291,0.032461,-0.100465,0.003527,0.831023,0.288477,-0.467609,-0.173692,-1.0
0.124138,-0.624642,0.054291,-0.284003,0.254326,-0.619608,0.011512,0.849969,-0.05172,-0.047216,-1.0,-0.042853,0.528251,0.012597,-1.0
0.34116,-0.612263,0.295246,0.060231,-0.889616,-0.192814,0.84804,0.597142,-0.624389,-0.197448,0.121816,-0.064911,-0.499967,0.098772,-1.0
0.290702,0.043845,-0.169194,0.112007,-0.76338,-0.416632,0.14686,0.743474,-0.129505,-0.117608,0.777968,0.404083,-0.451931,-0.13124,-0.980622
0.539127,0.687926,-0.382898,0.317002,0.849642,-0.471847,0.13987,0.382272,0.091784,-0.050115,-0.264606,0.805152,-0.012245,-0.482047,-0.962063
-0.712504,0.789927,-0.263535,-0.077004,0.76543,0.462647,0.253452,0.270602,0.188926,0.129078,-0.784171,0.19411,0.486821,-0.117462,-0.94874
-0.654164,-0.474801,-0.715494,-0.007056,0.997054,-0.689469,0.634138,0.306626,0.431716,-0.251372,-0.355934,0.027747,0.410505,-0.122302,-1.0
0.300375,0.228987,-0.669523,0.083106,0.890675,0.537927,0.200727,0.790806,0.151893,0.105067,-0.760285,-0.307687,0.397605,0.172237,-1.0
0.572953,-0.85827,0.437896,-0.380939,0.02427,-0.108464,0.970612,0.514498,0.173048,-0.716638,0.092031,-0.044124,-0.253477,0.453821,-0.919846
0.941067,0.809797,-0.396524,-0.516132,-0.790429,0.99476,0.456319,0.579587,-0.322794,0.281621,0.540348,-0.051035,-0.579145,-0.025117,-1.0
-0.264267,-0.023965,-0.839374,0.117711,-0.592622,0.303868,0.75814,0.538948,-0.598623,0.208569,0.175356,-0.163505,-0.351495,0.37424,-1.0
-0.865602,0.177342,-0.996685,-0.358674,0.927801,-0.942927,0.954312,0.487875,0.579711,-0.611642,-0.12825,0.010643,0.42352,-0.292101,-1.0
-0.682002,0.626133,0.608024,-0.353857,0.274727,-0.063457,0.757806,0.4097,0.604475,-0.060404,-0.170979,0.207492,0.39987,-0.329719,-1.0
0.555762,0.600133,-0.866046,-0.793352,-0.687892,0.076057,0.611231,0.512539,-0.465423,0.000952,0.329186,0.162446,-0.501019,-0.182814,-0.976268
-0.650028,0.072524,-0.179941,0.375109,-0.153409,0.460328,0.675243,0.002253,-0.058287,0.563294,-0.188774,-0.229677,0.354846,0.321989,-1.0
-0.997649,0.925276,-0.03632,0.43694,0.899632,-0.574095,0.510501,0.200499,0.443787,-0.238136,-0.374496,0.338928,0.424973,-0.239252,-0.994726
0.405697,-0.720538,0.916821,0.746359,-0.335447,-0.139906,0.111538,0.241166,-0.146149,-0.079938,0.695626,-0.52789,-0.340889,0.320602,-0.982844
-0.963564,-0.761859,-0.441227,0.89698,0.891511,0.761259,0.284243,0.090156,0.129398,0.108536,-0.49877,-0.424928,0.380769,0.28911,-0.987133
0.274053,0.773457,0.308585,-0.469434,0.180857,0.311429,0.129507,0.719899,0.107703,0.06788,0.128311,0.871575,-0.010376,-0.65799,-0.932906
0.327058,-0.656761,-0.624625,0.238197,0.443328,-0.142278,0.507994,0.412542,0.401215,-0.111632,-0.042135,-0.503263,0.131632,0.460349,-0.944201
0.224562,0.678702,0.229259,0.736141,0.235959,-0.040804,0.606977,0.903012,0.503794,-0.037489,-0.01067,0.417955,0.022593,-0.537535,-0.986567
-0.38284,0.000147,0.758378,0.215207,0.87694,0.832772,0.454441,0.326636,0.28325,0.197959,-0.404757,-0.344041,0.37217,0.188213,-0.954995
0.353794,-0.148167,0.506883,2e-06,-0.263079,0.488775,0.061439,0.070448,0.071596,0.082268,0.684917,-0.655294,-0.367148,0.423916,-1.0
0.936091,-0.714506,0.674106,0.432347,-0.579261,-0.364559,0.678328,0.340186,-0.575341,-0.297694,0.365027,-0.089317,-0.518728,-0.047387,-0.970925
0.989614,0.276426,0.301073,-0.955756,0.381295,-0.441454,0.944278,0.87097,0.513285,-0.455833,0.063218,-0.001538,-0.283733,-0.408256,-0.984939
0.96584,0.520364,-0.994843,-0.062454,0.724198,0.526803,0.312689,0.527851,0.242057,0.07523,0.759513,-0.101657,-0.466128,0.02032,-0.963407
0.679541,0.934946,0.607882,0.6815,-0.051941,0.652777,0.68859,0.701856,-0.097084,0.578345,0.290328,0.203907,-0.439772,-0.229252,-1.0
-0.399193,0.263271,0.74979,0.578368,0.151276,-0.471613,0.84627,0.885091,0.208863,-0.630409,-0.038948,0.188231,0.249923,-0.405981,-0.913408
-0.816816,-0.023583,0.932441,0.859324,-0.551795,0.317687,0.760965,0.839182,-0.481754,0.257075,-0.078368,-0.150109,0.387579,0.472837,-0.990261
0.122661,0.529657,-0.884768,0.767232,-0.105392,0.219495,0.64952,0.821615,-0.232171,0.512518,0.186999,0.28629,-0.296825,-0.420585,-1.0
-0.597562,0.839958,-0.986067,0.199685,0.818861,0.080261,0.200124,0.342957,0.114898,0.044988,-0.756074,0.408819,0.447443,-0.186864,-1.0
0.43308,-0.530898,0.72366,0.51114,0.723507,0.543209,0.208507,0.730764,0.165752,0.12519,-0.208564,-0.813593,0.142781,0.509008,-1.0
-0.660625,0.511579,-0.81301,-0.790285,0.167393,0.808366,0.633798,0.24597,-0.006016,0.484468,-0.390602,-0.094035,0.512148,0.187431,-1.0
0.386012,-0.52572,0.768375,0.523611,-0.027273,-0.987197,0.124112,0.435676,-0.045629,-0.070629,0.619262,0.642312,-0.321914,-0.311802,-0.906581
0.715601,0.033546,0.932269,0.962179,-0.345236,-0.660911,0.429076,0.10628,-0.121738,-0.2889,0.393834,0.304034,-0.47904,-0.249946,-0.964399
-0.969369,-0.014264,0.874506,-0.34981,-0.013473,0.401715,0.220371,0.962287,-0.013716,0.250843,-0.69344,-0.260719,0.432173,0.108705,-0.94638
0.17394,0.358359,0.624246,-0.455748,-0.893796,0.425184,0.726578,0.637255,-0.602065,0.302311,0.321858,0.043933,-0.505605,0.184393,-0.974886
-0.4151,0.66938,0.211896,-0.402603,0.327872,-0.480858,0.257228,0.55152,0.031819,-0.210616,-0.414778,0.538083,0.244956,-0.404636,-0.978869
-0.963064,-0.871798,-0.045632,-0.099635,-0.720811,-0.38395,0.767081,0.584236,-0.535188,-0.298681,-0.090451,-0.164405,0.251348,0.41449,-0.996845
0.866834,0.076035,-0.773764,-0.052228,0.859549,-0.651957,0.807934,0.101043,0.564671,-0.412264,0.013402,0.212131,0.029805,-0.54095,-0.948633
0.570689,-0.516879,0.060428,-0.931277,-0.81926,-0.405354,0.475364,0.0539,-0.31178,-0.15775,0.521232,-0.135725,-0.496998,0.147096,-0.942951
-0.309169,0.726401,0.335413,0.15419,0.954319,-0.444362,0.020292,0.277823,0.037651,0.061709,-0.705149,0.641829,0.299209,-0.326922,-1.0
0.899904,0.071602,-0.038557,-0.344694,0.40487,0.828103,0.11466,0.746332,0.145104,0.061996,0.501795,-0.802738,-0.332622,0.509102,-0.990915
0.740148,-0.267776,-0.393028,0.650752,-0.159134,-0.641153,0.138662,0.623063,0.095226,-0.138184,0.928,0.401538,-0.448268,-0.15138,-0.951218
-0.612519,-0.726267,0.3447,0.457096,0.840078,-0.918526,0.093838,0.260417,0.009456,-0.073485,-0.927874,0.071618,0.424209,-0.104788,-0.980172
-0.64533,0.446943,0.555368,-0.556443,0.997107,-0.936293,0.977792,0.733906,0.613337,-0.54696,-0.047575,0.108736,0.40696,-0.269184,-1.0
-0.08482,0.541426,-0.082216,-0.737414,-0.640652,0.045025,0.196117,0.829604,-0.12423,0.021874,0.590777,0.571899,-0.301666,-0.334351,-0.952271
0.809452,-0.491041,0.937403,0.366395,0.498614,-0.919482,0.997892,0.97862,0.385146,-0.71838,-0.114749,-0.026745,-0.26391,-0.44854,-1.0
-0.037272,-0.256357,0.035516,-0.657107,-0.047823,-0.787128,0.785569,0.688789,-0.098368,-0.626068,0.026971,0.21465,0.038358,-0.542787,-1.0
0.065859,-0.521868,-0.147313,-0.126801,0.390778,0.850789,0.097465,0.453363,0.058104,0.140907,-0.208795,-0.932563,0.107088,0.54429,-0.884366
-0.952041,-0.809224,-0.752298,0.26159,0.578974,0.976484,0.806302,0.896366,0.340779,0.519723,-0.106046,-0.055061,0.26992,0.294803,-0.955361
0.262151,0.781776,-0.634493,-0.018053,-0.118449,-0.701407,0.667845,0.801629,-0.047937,-0.617105,0.114411,0.342202,-0.166593,-0.384056,-1.0
0.941786,-0.396655,0.445247,-0.45676,0.90506,0.443556,0.954696,0.001088,0.657613,0.315953,0.014615,-0.140544,-0.065391,0.50994,-0.973711
0.215183,-0.212229,0.573696,-0.909916,0.958527,0.825036,0.397606,0.844886,0.326034,0.273411,-0.346703,-0.553718,0.351413,0.454473,-0.984472
0.728078,0.903306,0.164949,0.337671,0.137268,-0.13279,0.343915,0.579057,0.25253,-0.155456,0.30554,0.582914,-0.198241,-0.45626,-0.980065
-0.483458,0.683974,-0.939717,0.70996,0.788966,0.448174,0.759751,0.947307,0.549565,0.350393,-0.193928,0.060273,0.473521,-0.078078,-1.0
0.761842,-0.397155,0.824456,-0.473922,-0.897878,0.787606,0.719868,0.201736,-0.394813,0.40517,0.29036,-0.162935,-0.453426,0.10849,-0.915988
0.740684,-0.8103,0.826215,-0.389365,0.455868,0.921442,0.190137,0.493334,0.122773,0.093126,0.088162,-0.809685,-0.094627,0.428223,-0.933793
0.232735,0.493354,0.625249,0.70217,-0.904587,-0.339452,0.65462,0.006365,-0.488162,-0.196951,0.246953,0.270063,-0.469914,-0.263452,-1.0
0.642994,-0.344002,0.146128,0.540968,-0.935489,0.959824,0.515544,0.620294,-0.285756,0.349555,0.4627,-0.305137,-0.479863,0.303554,-1.0
-0.50368,-0.673986,-0.845635,-0.836676,-0.275452,0.01569,0.959499,0.73316,-0.769512,-0.02174,0.005576,0.001048,0.150259,0.4366,-0.953777
-0.935835,0.33887,-0.977842,-0.251232,-0.837195,-0.122827,0.547277,0.427552,-0.513518,0.00401,0.013638,0.410231,0.195298,-0.536157,-0.960411
-0.87888,-0.251048,-0.470225,0.77586,0.292203,-0.393805,0.121792,0.146429,0.022443,-0.034692,-0.885239,0.182028,0.495699,-0.076368,-1.0
0.43814,0.069833,0.037184,0.787231,0.880304,0.316819,0.431067,0.53866,0.385842,0.094489,-0.497241,-0.186965,0.470603,0.25942,-0.977716
-0.079343,-0.462406,0.557621,0.673511,-0.330715,0.123168,0.916407,0.321463,-0.723405,0.22641,-0.01814,-0.127964,-0.2362,0.432858,-0.930336
0.187436,-0.254706,0.46437,-0.13278,0.1008,-0.519454,0.225579,0.840022,0.05201,-0.2352,0.239908,0.796393,-0.221585,-0.527381,-0.948173
0.183563,0.033968,0.634944,-0.720448,-0.54934,0.675636,0.532079,0.390342,-0.166025,0.254095,0.330191,-0.268173,-0.421946,0.355961,-1.0
0.637217,-0.810332,0.030448,0.995605,0.240633,0.00413,0.373772,0.859377,0.311618,-0.02798,0.29711,-0.608169,-0.230963,0.351654,-0.901154
-0.458711,0.207907,-0.290959,-0.012464,0.93434,0.118339,0.953592,0.290782,0.72731,0.142935,-0.012168,0.015639,0.520206,-0.100842,-0.880088
-0.887628,-0.992764,0.997133,-0.338024,0.508988,-0.426006,0.88285,0.332762,0.575732,-0.522446,-0.129223,-0.028469,0.496996,0.160929,-0.918251
-0.623443,0.51555,0.888509,0.73011,0.507057,-0.843587,0.922719,0.818139,0.289902,-0.614733,-0.100758,0.0389,0.257063,-0.441385,-0.979477
-0.653863,0.139585,-0.861888,-0.92462,-0.75414,-0.226123,0.719963,0.526075,-0.504606,-0.151552,0.123003,0.201648,-0.118832,-0.513606,-1.0
0.03953,-0.835706,-0.111112,0.124398,-0.448808,-0.808509,0.126728,0.280916,-0.044602,-0.149164,0.90541,-0.039308,-0.573408,0.030076,-0.99843
0.561659,-0.121181,0.974304,0.917817,0.66008,0.882385,0.307947,0.220327,0.18769,0.206688,-0.112729,-0.793134,0.035016,0.526376,-0.998173
-0.250845,-0.365787,-0.599636,-0.523512,-0.853378,0.998917,0.849369,0.156471,-0.449619,0.582422,-0.038126,-0.172801,-0.171492,0.420808,-0.994866
0.14933,-0.484388,0.3353,0.088673,-0.878776,0.558563,0.286072,0.371754,-0.127924,0.2224,0.441279,-0.45319,-0.350304,0.314735,-0.9732
-0.38118,-0.600858,0.352758,-0.406777,0.392076,-0.913104,0.235348,0.239622,0.039166,-0.091116,-0.710633,0.345192,0.457618,-0.129273,-1.0
-0.467918,-0.180619,-0.383453,0.670303,-0.978262,0.398812,0.662595,0.876158,-0.455623,0.231463,0.284548,-0.334875,-0.329086,0.344248,-0.97921
0.34131,0.207777,-0.948924,-0.844459,0.965047,0.731332,0.042212,0.478228,0.004406,0.122894,-0.725697,-0.64171,0.292922,0.335442,-1.0
-0.92691,-0.838116,0.141103,0.326327,0.461042,-0.611149,0.23677,0.136225,0.042361,-0.147338,-0.76157,-0.117268,0.430415,0.1235,-0.857487
0.134702,0.198445,-0.951224,0.187699,-0.281827,0.121557,0.818494,0.680718,-0.633167,0.35106,0.221433,0.102134,-0.499363,-0.037952,-0.998153
-0.133144,-0.465895,0.519888,0.891198,-0.100336,-0.87534,0.508451,0.164847,-0.046822,-0.366509,-0.015533,0.490204,0.000108,-0.473479,-1.0
0.685375,-0.674547,0.093878,-0.985795,0.588642,0.909377,0.108423,0.672534,-0.019126,-0.003584,0.001179,-0.859979,-0.057779,0.446913,-0.907525
-0.538554,-0.088125,0.329893,0.631949,-0.753145,-0.60012,0.019889,0.30165,-0.023111,0.062141,0.372279,0.900533,-0.125214,-0.462539,-1.0
0.307538,0.783519,0.100821,0.683032,-0.301813,-0.271032,0.812684,0.688542,-0.551086,-0.510027,0.088474,0.112918,-0.300575,-0.378512,-1.0
-0.331881,-0.540833,0.162285,0.638487,0.44738,0.821986,0.650048,0.032524,0.232899,0.474043,-0.113345,-0.343568,0.261881,0.417803,-1.0
-0.560151,-0.946934,0.238921,0.722588,0.880462,-0.610182,0.461097,0.348546,0.394853,-0.280948,-0.539672,-0.172292,0.49313,0.077012,-1.0
-0.460261,0.462093,-0.945988,0.935001,-0.415105,-0.543233,0.593996,0.337126,-0.222764,-0.251132,-0.082042,0.427523,0.034577,-0.467811,-1.0
0.67404,-0.67532,-0.146188,-0.768307,0.729336,-0.146847,0.296825,0.27095,0.33694,-0.033523,-0.086009,-0.770487,-0.063697,0.481859,-1.0
-0.070868,-0.421952,0.228829,-0.91633,-0.032925,-0.575969,0.293,0.280168,-0.010743,-0.286698,-0.234484,0.697934,0.11879,-0.507471,-1.0
0.907716,-0.144226,-0.860298,0.625981,-0.698933,0.675596,0.079547,0.457913,-0.092299,0.026608,0.826947,-0.393179,-0.44716,0.234446,-1.0
0.826008,-0.216855,0.044893,-0.995719,-0.368642,-0.947919,0.706073,0.433832,-0.172327,-0.511342,0.165423,0.188654,-0.49868,-0.230158,-0.923118
0.173176,0.238268,0.103453,0.97139,-0.564389,-0.611643,0.348959,0.842303,-0.230091,-0.24706,0.543682,0.521395,-0.317741,-0.350939,-0.950014
0.061865,0.842364,-0.874332,0.036539,-0.926468,-0.980323,0.648567,0.158576,-0.333937,-0.517692,0.137062,0.32902,-0.26491,-0.435448,-1.0
-0.235699,0.257898,-0.894457,-0.705821,-0.61841,-0.508856,0.434552,0.221379,-0.376486,-0.24421,0.309985,0.522679,-0.216194,-0.404388,-0.985489
0.639883,0.635567,0.940941,0.020628,0.698308,-0.577485,0.940654,0.879715,0.602013,-0.535392,-0.021467,-0.007637,0.07601,-0.546939,-0.926096
-0.7035,0.03328,-0.481526,0.764068,0.073941,0.735082,0.079374,0.737504,-0.026329,0.079488,-0.653574,-0.749645,0.339325,0.312612,-0.969152
-0.375988,-0.131607,-0.989397,-0.556185,0.322688,0.257506,0.314592,0.775373,0.203413,0.137191,-0.624609,-0.331912,0.442341,0.237952,-0.975159
-0.104741,0.73096,0.555348,-0.022448,0.454917,-0.634436,0.929112,0.842626,0.473389,-0.64045,-0.01312,0.043791,0.269737,-0.549383,-0.920259
-0.41575,0.692635,-0.229864,-0.658365,0.781685,0.104201,0.130139,0.032755,0.092974,-0.050774,-0.723693,0.409265,0.403695,-0.15682,-0.956488
0.994822,0.788551,-0.515694,0.087479,-0.267667,0.973349,0.584953,0.852327,-0.075821,0.482918,0.392727,-0.025956,-0.505242,0.127657,-0.99912
-0.853272,-0.080611,0.948948,0.173605,-0.829011,0.938217,0.991511,0.340736,-0.478302,0.694602,-0.011507,-0.063729,0.05311,0.395485,-0.954398
-0.826247,-0.390533,-0.171609,0.363988,-0.456232,-0.626212,0.577305,0.804624,-0.249618,-0.471559,-0.417033,0.25354,0.331206,-0.247753,-0.94826
0.041746,0.387524,0.333546,-0.966929,0.158554,0.021757,0.610982,0.803338,0.474347,0.121589,-0.097214,0.32781,0.174574,-0.524159,-1.0
0.113424,-0.383999,-0.044799,0.360645,0.158516,0.239457,0.756207,0.314386,0.298241,0.52963,0.001241,-0.189024,0.128784,0.490665,-1.0
0.351353,0.394396,0.359705,0.136922,-0.736396,-0.378193,0.72263,0.570158,-0.511935,-0.315574,0.172084,0.130178,-0.410702,-0.347633,-0.90369
0.517193,-0.039757,-0.510345,-0.435162,-0.532399,0.571383,0.745188,0.81836,-0.400151,0.427136,0.201626,-0.068124,-0.466341,0.282306,-1.0
0.376362,0.036572,-0.159322,-0.113603,0.503232,-0.506756,0.365367,0.164502,0.246665,-0.232488,-0.104296,0.658473,0.063943,-0.502919,-0.992721
-0.018434,-0.868712,0.154454,-0.281887,-0.226458,-0.548362,0.936113,0.607674,-0.280964,-0.66025,-0.027799,-0.088066,-0.361608,0.39924,-1.0
0.589773,0.061789,0.166318,0.905349,0.791437,0.278419,0.612527,0.314889,0.467344,0.146728,-0.334556,-0.307652,0.260934,0.401427,-0.98017
-0.343277,0.337417,-0.54538,-0.018288,-0.640095,-0.008814,0.765352,0.703475,-0.613288,-0.119248,0.154986,0.259736,-0.386272,-0.382095,-0.891631
-0.608946,0.626075,0.063257,-0.937493,0.017095,-0.812375,0.258863,0.580481,0.067238,-0.187125,-0.339441,0.69178,0.156853,-0.420186,-0.956525
0.224607,-0.621745,0.223162,0.089858,0.014421,-0.375257,0.47591,0.338044,-0.059528,-0.44577,0.353508,-0.417696,-0.312256,0.297404,-0.997234
0.334825,0.25489,-0.233606,0.804533,-0.066263,-0.833535,0.648699,0.753911,-0.011088,-0.654226,0.064484,0.277442,-0.168603,-0.541491,-1.0
0.960705,-0.423308,-0.380234,-0.229202,0.036745,0.629208,0.429234,0.732437,0.006147,0.34689,0.364026,-0.47302,-0.247654,0.410781,-1.0
-0.262791,-0.978189,-0.497634,-0.508611,-0.427205,-0.325541,0.872926,0.136567,-0.570271,-0.47827,0.048912,-0.130987,-0.214488,0.496681,-0.996365
0.565956,-0.896121,-0.290263,-0.56354,0.328315,-0.30334,0.154573,0.72772,0.042929,-0.025022,0.341778,-0.707693,-0.136972,0.462876,-0.965566
-0.505051,0.903143,-0.364052,-0.440046,0.073789,0.707033,0.463612,0.586472,0.017972,0.398264,-0.528255,0.174064,0.483244,-0.152333,-0.96668
-0.326372,0.238826,-0.428497,0.719081,0.92214,-0.819648,0.925275,0.207001,0.655461,-0.512696,-0.139617,0.152378,0.385711,-0.309732,-0.946068
-0.432083,-0.877666,-0.913588,0.46039,0.389172,-0.122186,0.787604,0.193043,0.641659,-0.145903,-0.139343,-0.065334,0.41605,0.333244,-0.972925
0.175409,0.839388,0.92997,0.379002,0.284065,0.77934,0.357845,0.826928,-0.026466,0.347421,-0.487817,0.418008,0.515707,-0.218114,-1.0
-0.182224,0.905448,0.118587,0.150073,-0.859565,-0.16694,0.127235,0.354467,-0.126663,-0.02512,0.477961,0.676886,-0.321333,-0.489035,-1.0
-0.986978,-0.651628,0.346512,0.63169,-0.658974,0.767861,0.5203,0.863132,-0.302612,0.327639,-0.038049,-0.522778,0.15685,0.446813,-0.997976
0.351739,-0.649843,-0.042172,-0.656526,-0.858516,-0.190259,0.106201,0.304722,0.014083,-0.038142,0.889076,-0.360601,-0.46897,0.100279,-1.0
-0.170582,0.023463,-0.619398,0.590389,-0.488246,0.523803,0.861737,0.407184,-0.460549,0.503131,0.037101,-0.075266,-0.241265,0.389591,-1.0
0.961831,-0.756736,-0.718045,0.211893,0.026,0.98956,0.938162,0.126238,0.140863,0.825831,0.035426,-0.099369,-0.215291,0.489134,-1.0
0.662654,0.004531,-0.041287,-0.320409,-0.986601,-0.758827,0.412296,0.227317,-0.340616,-0.214746,0.491269,0.204862,-0.421236,-0.141877,-0.931867
0.589859,-0.339904,0.470387,0.573856,0.447056,-0.591731,0.624476,0.942979,0.241975,-0.388255,0.184134,0.334499,-0.255851,-0.395275,-0.923048
-0.171048,0.233518,-0.661599,0.329978,-0.626748,0.45014,0.945462,0.192288,-0.636119,0.449703,0.004784,-0.072834,-0.376517,0.298439,-1.0
0.843119,-0.194864,-0.859629,-0.027494,0.433525,0.535217,0.823869,0.939165,0.471709,0.479165,0.197014,-0.150494,-0.206506,0.338726,-1.0
0.121935,0.362034,-0.896264,0.795505,-0.38519,0.359482,0.490345,0.134932,-0.253506,0.265267,0.541962,0.08456,-0.542689,-0.04303,-1.0
0.629487,-0.062188,-0.832782,-0.239955,0.609194,-0.612056,0.186478,0.233028,0.084542,0.053336,0.102568,0.766455,0.021738,-0.519109,-1.0
0.246496,0.90343,0.805133,0.332773,0.421669,-0.395071,0.258666,0.784129,0.106573,-0.035287,-0.102933,0.800339,0.04142,-0.43581,-0.97229
-0.596608,-0.34771,-0.024489,-0.97251,-0.16955,0.896463,0.050851,0.820066,-0.069166,0.091171,-0.392985,-0.950211,0.178976,0.495893,-0.998671
-0.912985,0.93177,0.408965,-0.853073,0.027799,0.335762,0.156379,0.700543,0.048275,0.126403,-0.754171,0.357094,0.433819,-0.333907,-1.0
0.716216,0.068983,-0.188871,0.585049,-0.674976,0.515542,0.894685,0.703461,-0.636709,0.387647,0.078625,-0.095715,-0.453032,0.123276,-0.978596
-0.557172,0.303975,0.20127,-0.952679,0.989967,-0.418871,0.449847,0.61313,0.338284,-0.08766,-0.465674,0.199411,0.397457,-0.126403,-0.972761
-0.880297,-0.202022,-0.786008,-0.930518,-0.143439,-0.157065,0.211281,0.283133,-0.076653,-0.13787,-0.789934,-0.062997,0.506069,0.050321,-1.0
-0.079205,0.465618,-0.663987,0.402413,-0.631564,0.559299,0.123245,0.096316,-0.042567,0.126749,0.850204,-0.106505,-0.48731,0.164798,-0.978888
0.492342,0.589901,-0.661817,-0.153742,-0.76026,0.824392,0.381358,0.12219,-0.185869,0.332197,0.632475,-0.070892,-0.498025,0.1404,-0.903235
-0.114168,0.362073,-0.116086,-0.741213,-0.828063,0.347183,0.647361,0.994983,-0.461262,0.223168,0.425676,0.056941,-0.470356,-0.05258,-1.0
-0.652514,0.959534,0.699082,-0.76128,-0.584101,-0.361432,0.763704,0.064405,-0.620566,-0.361123,-0.023446,0.201164,0.021565,-0.494101,-0.951078
0.288983,-0.856507,0.179149,-0.099205,0.613809,0.808908,0.114929,0.568823,0.098682,0.088867,-0.216042,-0.886191,0.065259,0.522264,-0.99663
0.547997,-0.272626,-0.523504,0.940662,-0.819978,0.556872,0.615874,0.159901,-0.358147,0.225635,0.321426,-0.110711,-0.400728,0.266915,-0.972875
-0.798537,0.722828,0.227876,0.802466,0.483129,-0.835704,0.149011,0.959142,0.081853,-0.075973,-0.51837,0.652133,0.298969,-0.377269,-0.993848
-0.105789,-0.618745,-0.898209,-0.543244,-0.230265,-0.624422,0.149149,0.918032,-0.009297,-0.121371,0.803475,0.035802,-0.478841,-0.084704,-0.997018
0.138022,0.296179,-0.897649,0.667771,-0.859607,-0.958128,0.45491,0.639461,-0.130127,-0.289309,0.241767,0.488504,-0.270458,-0.44831,-1.0
0.392949,0.524795,0.483751,0.624159,0.133414,-0.961272,0.851408,0.768729,0.135965,-0.552219,-0.016816,0.143706,-0.014342,-0.534566,-1.0
0.006356,0.475076,0.609193,0.796987,-0.970431,-0.192342,0.846753,0.132631,-0.706267,-0.177958,0.069228,-0.007905,-0.401486,-0.28204,-1.0
-0.093793,0.569454,-0.282381,-0.802815,-0.947687,0.669385,0.245694,0.530389,-0.128554,0.150663,0.703494,-0.030513,-0.484682,-0.023149,-1.0
0.274487,0.017762,-0.740495,0.339153,0.688444,0.871688,0.269864,0.607442,0.105949,0.139129,-0.397284,-0.658072,0.181355,0.429097,-0.948004
0.348611,0.870975,0.039681,-0.502313,0.761847,0.596556,0.930293,0.537118,0.656908,0.398894,-0.077434,-0.011741,0.382549,-0.145864,-1.0
-0.870082,0.650414,0.416394,-0.508665,-0.93202,0.880947,0.237497,0.403573,-0.100268,0.098997,0.208502,-0.762932,-0.167607,0.416798,-1.0
-0.876451,0.230823,0.026235,0.327174,0.778933,0.276233,0.712461,0.1755,0.537545,0.212838,-0.192713,-0.084895,0.599392,-0.012946,-1.0
-0.254984,-0.624769,-0.792188,0.124099,0.154743,0.892734,0.894879,0.862761,0.214161,0.625854,-0.050216,-0.114611,0.112343,0.534285,-1.0
0.727626,-0.410662,0.904022,0.882354,-0.47875,0.545153,0.771573,0.801775,-0.355435,0.404271,0.070697,-0.120073,-0.369537,0.275856,-1.0
0.205843,0.76293,0.355318,-0.141206,-0.347839,0.310695,0.74391,0.631971,-0.458149,0.429389,0.169309,0.142473,-0.325187,-0.334168,-1.0
-0.477439,-0.641726,0.058608,0.671274,-0.403986,0.30384,0.882786,0.111118,-0.590544,0.40499,-0.024575,-0.141445,0.122031,0.524909,-0.932174
0.58681,-0.629865,0.31217,0.414899,0.044792,0.477574,0.629313,0.317646,0.089523,0.557203,0.146115,-0.312617,-0.126594,0.461222,-1.0
-0.463023,0.700855,0.865017,0.214542,0.382038,-0.914372,0.341538,0.228582,0.064311,-0.238975,-0.251727,0.566321,0.251314,-0.444177,-0.964399
0.722617,0.795702,-0.64693,-0.344028,0.917201,-0.156502,0.323631,0.037913,0.307087,-0.035935,-0.151152,0.660457,0.110766,-0.535993,-0.907112
-0.149301,0.426038,0.945905,0.697995,-0.649051,-0.2088,0.521258,0.118563,-0.437667,-0.044029,0.296057,0.359727,-0.147536,-0.365771,-1.0
-0.26558,-0.870359,-0.925699,0.909468,0.827245,-0.56186,0.80008,0.279304,0.503999,-0.416877,-0.140063,-0.082138,0.457884,0.135013,-1.0
-0.610696,-0.938812,0.435155,-0.16934,0.940313,-0.331014,0.038429,0.131268,0.00787,0.024307,-0.872384,-0.366624,0.429906,0.176583,-1.0
0.239364,-0.232286,-0.316337,0.019816,-0.984715,0.917892,0.856929,0.964579,-0.47611,0.478165,0.089475,-0.075684,-0.3858,0.330331,-1.0
0.332704,0.440951,0.25506,-0.249218,-0.334103,0.540048,0.063909,0.664069,-0.025042,-0.094475,1.0,-0.094437,-0.582726,0.029254,-1.0
-0.881652,-0.801355,0.551942,-0.882364,0.884585,0.731045,0.04457,0.450536,-0.028312,0.061485,-0.706995,-0.544208,0.238817,0.42021,-1.0
-0.43107,-0.534485,0.521894,0.422755,0.25543,-0.262135,0.830762,0.386475,0.468187,-0.444607,-0.166255,-0.061544,0.444706,0.187591,-0.98029
0.592064,0.877341,-0.041069,0.096811,0.538052,0.868134,0.056389,0.985532,0.040639,0.060422,0.855375,0.049768,-0.579852,-0.034014,-1.0
0.04511,-0.34583,0.097147,-0.580096,-0.201859,0.054834,0.15155,0.541744,-0.098093,-0.072877,0.4491,-0.795026,-0.257669,0.530253,-0.992285
0.467667,-0.900712,0.879029,0.293829,0.101175,0.33453,0.560729,0.70398,0.136315,0.442346,0.159365,-0.48658,-0.249681,0.505727,-0.927622
-0.660047,0.350134,-0.695013,0.538522,-0.944238,0.386981,0.333905,0.907293,-0.222518,0.05191,0.627065,-0.097987,-0.463835,0.092551,-0.974669
0.319098,0.841365,0.705877,0.003303,-0.956909,-0.414201,0.583418,0.535915,-0.453697,-0.221921,0.30437,0.328242,-0.376652,-0.382763,-0.975682
-0.953831,-0.422729,-0.470884,-0.983929,0.730504,-0.050527,0.13116,0.893396,0.109104,-0.064728,-0.864929,-0.1714,0.541736,0.103875,-1.0
0.475704,0.530297,0.488947,0.094975,-0.023906,0.832105,0.076948,0.783913,0.145771,0.163471,0.696439,-0.501408,-0.488452,0.200771,-0.939437
-0.6383,0.99458,-0.162103,-0.759172,0.985656,0.81522,0.150377,0.481852,0.14957,0.103704,-0.851351,0.04029,0.496549,-0.075381,-0.997041
0.038012,0.215268,0.040388,-0.300689,-0.51344,-0.103245,0.190325,0.484344,-0.230734,-0.082053,0.684954,0.51593,-0.410115,-0.277712,-1.0
0.436857,-0.592083,0.89457,0.487761,0.375489,0.469168,0.584439,0.092325,0.232466,0.404258,0.004414,-0.454179,0.025764,0.50252,-1.0
-0.358776,-0.313377,0.964601,-0.034169,0.892891,0.386823,0.977818,0.556028,0.707434,0.391637,-0.009435,0.012462,0.464548,0.287215,-1.0
0.294238,0.236227,-0.09182,-0.235378,-0.707958,0.923878,0.55061,0.845333,-0.269965,0.362902,0.322679,-0.214949,-0.510687,0.375577,-0.970623
-0.584283,-0.952378,-0.961816,0.285061,0.022227,-0.488866,0.93827,0.125346,0.106214,-0.706467,-0.172046,0.029018,0.432546,0.299301,-1.0
-0.837867,0.435173,0.850696,-0.264867,0.890665,0.567868,0.116076,0.843685,0.154809,-0.02292,-0.910855,-0.018194,0.530018,0.153716,-0.935735
-0.474721,-0.953621,-0.334866,0.962377,-0.616899,0.783191,0.708063,0.116724,-0.484063,0.460409,-0.052835,-0.325656,-0.056557,0.518608,-0.946892
0.446937,0.908922,0.371182,-0.716215,0.187561,0.529252,0.700011,0.92807,0.205651,0.584082,0.119761,0.24672,-0.297309,-0.375355,-0.958919
0.933383,0.893279,-0.794532,-0.329963,-0.553756,-0.90795,0.335134,0.589178,-0.116649,-0.262367,0.42531,0.45864,-0.357574,-0.406145,-1.0
0.533876,0.094479,-0.497331,0.712476,-0.717062,0.804841,0.14154,0.625241,-0.098837,0.031305,0.710948,-0.44238,-0.375967,0.23845,-1.0
-0.611766,0.411064,0.085918,0.712072,0.689766,0.136994,0.740837,0.603816,0.587859,0.054696,-0.253407,0.10082,0.467669,-0.089118,-0.893626
0.279642,-0.885025,-0.677554,-0.25952,-0.033924,0.887808,0.753577,0.098721,0.007761,0.63207,0.140408,-0.213789,-0.129582,0.480297,-1.0
-0.495935,-0.66319,-0.022097,-0.078893,0.013269,-0.997704,0.608537,0.967156,-0.033696,-0.418094,-0.312981,0.262712,0.410519,-0.213178,-0.995627
0.24579,-0.401095,-0.516024,-0.681845,0.015298,-0.933001,0.878919,0.166799,-0.029292,-0.794226,0.165712,0.069357,-0.216618,-0.503429,-0.960068
0.623352,-0.967066,0.304939,-0.648835,0.926294,0.640359,0.073838,0.141875,-0.056081,0.018439,-0.117595,-0.806583,0.060246,0.503941,-1.0
-0.545565,-0.582332,-0.37051,-0.541671,-0.629738,-0.305428,0.741134,0.430614,-0.566386,-0.243421,0.085012,-0.248239,-0.150447,0.38579,-0.994761
0.590064,0.100016,0.33202,-0.346099,-0.003862,-0.280802,0.794648,0.074907,-0.018356,-0.677061,0.097205,0.17457,-0.451354,-0.254971,-1.0
0.649524,-0.604424,0.374585,-0.44881,-0.223975,-0.67001,0.244894,0.675154,-0.098757,-0.046302,0.749858,0.03757,-0.4307,-0.063287,-1.0
0.622614,0.620424,-0.588088,0.335209,-0.961653,-0.457268,0.632055,0.163381,-0.37603,-0.214058,0.33041,0.337341,-0.291568,-0.3194,-1.0
-0.425371,-0.345597,0.700456,0.666366,-0.287119,0.172694,0.940796,0.845812,-0.726578,0.295076,-0.082085,0.016446,0.186092,0.46922,-1.0
0.416936,-0.817381,0.071912,0.273627,0.833879,0.119625,0.532324,0.648596,0.404953,0.127825,-0.204711,-0.362084,0.166416,0.40346,-1.0
-0.725003,-0.67851,0.881116,0.67862,-0.962879,0.974821,0.948642,0.780927,-0.614971,0.568518,-0.032102,-0.026927,-0.013102,0.5236,-0.936567
0.957953,-0.735471,0.266291,-0.063842,-0.28613,0.940027,0.485982,0.621793,-0.159742,0.40516,0.324105,-0.407254,-0.311286,0.514466,-0.997696
0.773066,-0.625994,0.074274,0.043535,-0.01088,-0.491736,0.045826,0.047927,0.043878,-0.012052,0.810742,-0.203219,-0.527235,0.105324,-1.0
0.405926,-0.26799,0.731231,0.441588,-0.848404,0.121194,0.007579,0.935453,-0.013218,0.015199,0.942633,-0.219977,-0.535418,0.135027,-0.975927
0.268042,-0.92464,0.783449,-0.655237,0.391441,0.721608,0.058108,0.273396,-0.025284,0.073373,-0.065649,-0.932995,-0.044898,0.58611,-1.0
0.79116,-0.090074,-0.434198,0.523868,-0.426523,0.77108,0.011332,0.599373,0.031341,-0.029885,0.854392,-0.613248,-0.352476,0.40913,-1.0
-0.531615,0.39146,0.476532,0.259385,-0.754328,0.956149,0.353576,0.921383,-0.228617,0.253788,0.273006,-0.611411,-0.200121,0.49652,-1.0
0.130539,0.476062,-0.744719,-0.984455,0.150913,0.893321,0.949985,0.769147,0.179362,0.718188,-0.011627,-0.086938,0.056398,0.543231,-1.0
0.33836,0.833192,0.488126,0.220977,-0.326901,0.250401,0.224074,0.747738,-0.16934,0.02577,0.615835,0.531294,-0.332519,-0.351826,-1.0
-0.714805,-0.951128,0.068888,0.94144,-0.114379,-0.403314,0.64746,0.399884,-0.151337,-0.457487,-0.186026,-0.197561,0.390719,0.246205,-1.0
0.909017,-0.47812,-0.440791,-0.38772,0.935575,-0.313826,0.063761,0.790266,0.03771,-0.056121,-0.136233,-0.969023,0.133542,0.48514,-0.953532
-0.516111,0.669964,-0.179274,0.224496,0.929525,-0.624387,0.598245,0.744271,0.39752,-0.302888,-0.278637,0.250717,0.37409,-0.345935,-1.0
0.184424,0.924715,0.237598,0.205595,0.686688,0.893386,0.532128,0.50123,0.260741,0.280586,-0.449869,-0.047657,0.554724,0.034519,-0.980646
-0.13136,-0.98315,-0.829,-0.368767,0.879456,-0.612919,0.165565,0.644411,0.264927,-0.066785,-0.820372,-0.419102,0.538707,0.180605,-0.880813
-0.312207,0.701453,0.360755,-0.235911,-0.636629,-0.421737,0.719934,0.627659,-0.513564,-0.331961,0.113579,0.330328,-0.069795,-0.484589,-1.0
-0.88551,-0.3261,0.653758,-0.971899,-0.900825,-0.039546,0.969333,0.341319,-0.860958,0.031789,0.055005,0.055186,0.006747,0.415941,-0.970674
0.236762,0.547375,0.200715,0.155768,-0.169281,-0.902339,0.626909,0.7281,-0.150064,-0.528934,0.131711,0.371778,-0.120998,-0.481959,-1.0
-0.382966,-0.813256,-0.646081,0.293549,-0.376524,0.43084,0.996791,0.288336,-0.561519,0.637572,0.02006,-0.003492,0.093587,0.450183,-0.960005
-0.366303,0.907863,-0.245745,-0.221853,-0.376952,-0.18223,0.634378,0.037015,-0.474741,-0.200246,0.023209,0.437811,0.022402,-0.538505,-1.0
-0.601933,-0.805871,-0.489431,0.979573,-0.68292,-0.348306,0.514485,0.509636,-0.365884,-0.182867,0.103497,-0.400935,-0.074489,0.561447,-1.0
-0.58401,0.197651,0.632767,0.178521,0.746751,0.041284,0.225439,0.66269,0.174724,-0.011069,-0.758514,0.039793,0.417888,-0.043045,-0.974794
0.152711,0.920532,0.457937,-0.923105,0.589203,0.838655,0.361193,0.763125,0.278209,0.083439,-0.656265,0.055649,0.562523,-0.115962,-0.936797
-0.794453,0.968234,-0.655303,0.612387,0.518264,-0.920216,0.151815,0.470573,0.037687,-0.104409,-0.407009,0.720154,0.3037,-0.385928,-1.0
0.789586,-0.813365,0.384884,-0.560339,-0.256707,0.920119,0.622595,0.721086,-0.082196,0.54356,0.157037,-0.325488,-0.311949,0.475969,-0.997815
0.146036,0.745431,-0.236271,-0.021617,0.054158,0.741657,0.593919,0.606015,0.060324,0.490931,0.468232,0.050621,-0.53813,-0.021572,-0.990196
0.533345,-0.835212,-0.865853,0.408614,0.898021,-0.638117,0.548181,0.214344,0.247442,-0.272581,-0.400426,-0.194575,0.42359,0.267303,-0.986612
-0.52604,-0.633628,-0.835895,-0.175878,-0.274816,0.984534,0.6447,0.235505,-0.187432,0.489737,0.028632,-0.416295,0.140818,0.446984,-1.0
-0.709809,-0.086137,-0.552765,-0.880944,0.159682,0.44566,0.49612,0.806845,0.084141,0.224233,-0.470871,-0.26187,0.414729,0.210575,-0.962905
0.703452,-0.553267,0.6556,0.802688,0.523352,0.651547,0.979107,0.719425,0.454721,0.6396,0.001436,0.027253,-0.102221,0.380199,-1.0
-0.84598,-0.968542,-0.570629,-0.703473,-0.63199,-0.588549,0.204865,0.491636,-0.218412,-0.100582,-0.341569,-0.699649,0.19511,0.404399,-0.955924
0.500087,-0.057558,0.866466,0.704249,-0.759595,-0.795404,0.750175,0.895966,-0.415867,-0.429143,0.267179,0.128475,-0.433912,-0.255436,-1.0
-0.308741,0.218436,0.561094,0.530593,0.680099,-0.213303,0.139527,0.094319,0.099815,-0.110919,-0.819904,0.361821,0.447875,-0.218248,-0.92417
-0.115012,-0.633612,-0.783278,0.161068,-0.398919,0.120982,0.254292,0.510203,-0.150839,0.084502,0.215687,-0.748286,-0.145308,0.511081,-1.0
0.825203,0.230658,-0.142974,-0.121386,0.073552,0.746744,0.847152,0.990649,0.074788,0.668338,0.150779,-0.186926,-0.36287,0.390719,-1.0
0.718937,-0.063749,0.782637,-0.59291,0.563235,0.806447,0.402526,0.998722,0.110334,0.290914,0.041361,-0.624588,-0.091688,0.552663,-0.901295
0.987122,-0.627139,-0.260676,0.356259,0.321693,-0.279709,0.431533,0.887366,0.34854,-0.300036,0.542547,-0.265586,-0.499649,0.1966,-1.0
-0.298813,-0.266549,0.012798,-0.996428,0.706772,0.729467,0.314274,0.976062,0.225918,0.170971,-0.571879,-0.540975,0.261516,0.391898,-0.988705
0.201885,-0.540692,0.528224,-0.202578,0.312929,-0.148212,0.591076,0.602197,0.579171,-0.216855,-0.160619,-0.41808,0.068022,0.395304,-1.0
0.918191,-0.80977,0.915608,-0.274399,0.314152,-0.318107,0.755798,0.818003,0.387448,-0.537963,0.184997,-0.116024,-0.400155,0.359072,-0.971505
-0.32053,0.649308,0.210731,0.942888,-0.514842,0.984153,0.703351,0.082993,-0.294226,0.442861,0.131696,-0.257647,-0.223404,0.476858,-0.955656
-0.068664,-0.215609,0.698314,-0.460356,-0.628795,-0.034285,0.583676,0.625369,-0.4472,-0.027861,0.474973,-0.200224,-0.458585,0.159418,-0.97691
0.168044,0.885362,0.516702,0.826237,0.321743,0.085312,0.891514,0.435951,0.716969,0.097711,0.017603,0.150256,0.104093,-0.459822,-1.0
-0.465498,-0.255794,0.081501,-0.535901,0.127334,-0.764539,0.28168,0.367473,-0.020612,-0.303152,-0.656418,0.450651,0.419299,-0.281635,-1.0
-0.279119,0.481542,-0.682509,0.784597,-0.459354,0.359843,0.974034,0.289296,-0.514291,0.479612,0.017105,0.080901,-0.374798,-0.216438,-0.967374
-0.749078,-0.570155,-0.128935,-0.877236,-0.690408,-0.243193,0.294787,0.033055,-0.251305,-0.105221,-0.187536,-0.707958,0.072228,0.577931,-0.979862
0.030496,0.51886,0.844215,-0.201937,-0.314551,-0.442017,0.439096,0.323196,-0.212643,-0.310184,0.194554,0.505347,-0.266771,-0.492071,-1.0
0.850618,-0.29106,0.690151,0.025042,0.7223,-0.899398,0.240705,0.192262,0.169245,-0.116455,0.271074,0.724947,-0.120453,-0.478651,-1.0
-0.369035,0.716655,0.104919,0.718048,0.020747,0.537964,0.48409,0.455273,0.00418,0.3769,-0.491796,0.171053,0.456707,-0.191356,-0.984928
-0.110784,0.540851,-0.296921,0.91986,0.905847,0.912908,0.831354,0.631637,0.50457,0.447694,-0.098595,-0.102953,0.457012,0.230046,-0.850858
0.226631,-0.452737,-0.528781,0.222023,-0.151765,0.469575,0.263172,0.426721,-0.110277,0.181477,0.238045,-0.724735,-0.22691,0.481581,-1.0
0.582154,-0.718502,0.238476,-0.086872,-0.401829,-0.858207,0.801129,0.609919,-0.221849,-0.651153,0.160896,0.080928,-0.48209,-0.00609,-0.963698
0.625662,0.89763,-0.266014,0.060365,-0.090294,-0.222585,0.727965,0.047885,-0.258041,-0.513704,0.14199,0.162963,-0.254064,-0.431008,-0.978778
0.580298,0.499158,0.350677,0.765703,0.971835,0.224918,0.362121,0.681485,0.225593,0.095588,-0.44394,0.315386,0.387507,-0.291398,-0.969521
-0.833495,-0.320211,-0.972438,-0.595539,0.702912,-0.47404,0.752301,0.811665,0.462519,-0.351815,-0.279915,0.130561,0.560073,-0.040997,-1.0
0.287532,-0.741007,0.316363,-0.23099,-0.255598,-0.837173,0.279751,0.315138,-0.07352,-0.118426,0.754415,0.124285,-0.47695,0.04068,-0.991247
0.428045,-0.625965,-0.639498,-0.455959,0.92873,0.683932,0.377991,0.765837,0.233094,0.120337,-0.204912,-0.599691,0.151057,0.373027,-1.0
-0.883896,-0.786577,0.903684,-0.245589,-0.221365,-0.459391,0.763005,0.272276,-0.299698,-0.547348,-0.18567,-0.148805,0.429979,0.204193,-0.968651
0.53411,-0.713929,-0.676089,-0.880787,-0.845918,0.065437,0.086099,0.193542,-0.071842,0.041821,0.706677,-0.457227,-0.531958,0.237257,-1.0
-0.724188,0.067073,0.26415,0.289935,-0.192088,-0.648112,0.947348,0.704604,-0.28695,-0.668835,0.002204,0.043977,0.301115,-0.46359,-1.0
-0.653168,0.437661,0.001817,-0.019497,-0.640507,0.751583,0.769398,0.434569,-0.404289,0.387833,-0.091784,-0.235646,0.081454,0.407649,-0.985135
-0.338254,0.849933,-0.942229,-0.976217,0.886337,0.048917,0.424443,0.900293,0.308257,0.086889,-0.525695,0.33362,0.366082,-0.217078,-1.0
0.858261,0.361908,-0.574211,-0.749877,-0.418646,-0.778102,0.59209,0.878464,-0.1975,-0.349515,0.338925,0.321828,-0.408927,-0.368083,-1.0
-0.341781,-0.305906,0.88364,0.144786,-0.403185,0.922662,0.940468,0.287998,-0.329668,0.670735,-0.0195,-0.023417,0.056376,0.435346,-1.0
-0.646749,-0.721275,0.114659,0.903478,0.286943,0.986589,0.235056,0.785261,0.093849,0.2348,-0.34856,-0.626054,0.265891,0.367053,-0.980932
-0.787738,0.769397,0.476349,0.554652,-0.549644,-0.839368,0.410519,0.916827,-0.115356,-0.388545,-0.07029,0.508639,0.049144,-0.483612,-0.969373
0.896316,-0.400565,0.937955,0.378069,-0.565748,0.482532,0.086757,0.065642,-0.011499,0.040323,0.799959,-0.507242,-0.455361,0.283613,-1.0
-0.689168,-0.570163,0.698152,-0.320602,0.370012,-0.108102,0.536664,0.931152,0.350582,-0.105292,-0.473779,-0.200457,0.462197,0.149311,-1.0
-0.511588,-0.992295,0.580865,0.124216,0.000652,0.637404,0.539588,0.93336,-0.023201,0.333853,-0.158401,-0.441606,0.101368,0.414914,-1.0
0.651922,0.976465,-0.206753,-0.567727,-0.152983,-0.875837,0.639595,0.419705,-0.197432,-0.513656,0.087763,0.313228,-0.224407,-0.530491,-0.992818
0.722987,0.902251,-0.810753,-0.501147,0.602041,-0.686246,0.025257,0.574321,-0.048659,-0.060867,0.083824,1.0,-0.050691,-0.563999,-1.0
-0.339474,-0.645918,0.927039,-0.36755,-0.464142,-0.33761,0.574718,0.163903,-0.315963,-0.27505,0.112136,-0.328745,-0.210385,0.490389,-1.0
0.259501,0.248711,0.364448,-0.229191,0.106348,0.601806,0.046813,0.093958,0.039802,0.092955,0.429699,-0.896599,-0.297781,0.500921,-0.969893
0.781021,-0.665968,0.104645,-0.75853,0.426147,0.229691,0.075813,0.534863,0.086785,0.025272,0.337122,-0.890545,-0.083785,0.456705,-0.98035
-0.19311,-0.26949,0.615909,-0.715708,0.207557,-0.561465,0.439105,0.013983,0.182519,-0.285984,-0.449253,0.287464,0.363818,-0.308793,-1.0
-0.434448,0.006473,-0.229526,-0.006809,-0.570889,0.507905,0.901684,0.781409,-0.505224,0.464298,0.068506,-0.118381,-0.030672,0.480117,-1.0
0.114032,0.042124,-0.404608,-0.731587,0.69814,0.132853,0.32357,0.967979,0.337669,0.059193,-0.730374,-0.096168,0.465054,0.006336,-1.0
-0.642753,-0.971836,-0.531582,-0.21528,0.081146,-0.017711,0.814252,0.080569,0.58701,-0.160887,-0.015166,-0.176474,0.353895,0.498116,-0.94447
-0.171037,-0.696299,0.445136,-0.237691,-0.922037,0.50152,0.231081,0.918051,-0.182962,0.10817,0.421029,-0.702283,-0.225275,0.529802,-0.974442
-0.423001,0.072562,-0.057319,0.276922,0.040429,0.606353,0.165986,0.459866,0.05934,0.129263,-0.548127,-0.611276,0.365067,0.395938,-0.979129
0.515703,0.042642,0.151838,-0.68533,0.402808,-0.306515,0.661733,0.983845,0.438004,-0.348764,0.140961,0.286666,-0.142944,-0.422308,-1.0
-0.462478,0.120135,-0.212852,-0.584977,0.417458,0.912664,0.755327,0.169361,0.232607,0.633322,-0.16655,-0.152811,0.343288,0.287013,-0.889462
0.736531,0.261699,0.442362,-0.132582,0.940133,-0.150098,0.604059,0.237835,0.509343,-0.159004,-0.173256,0.481134,0.26125,-0.496987,-0.948745
0.388801,0.243086,-0.62458,-0.725979,-0.186823,-0.163513,0.557035,0.660226,-0.345713,-0.365546,0.333103,0.31282,-0.522085,-0.264267,-1.0
-0.735048,0.80739,-0.198209,0.535448,0.287283,0.183043,0.246158,0.507185,0.180764,0.02709,-0.528345,0.308076,0.340339,-0.19091,-0.942265
-0.808001,0.05261,-0.273806,-0.974232,-0.460598,-0.335323,0.252975,0.287992,-0.118007,-0.064541,-0.531279,0.62893,0.344847,-0.356449,-0.920665
-0.62552,0.64281,0.888034,0.157671,-0.129372,-0.904232,0.227513,0.018749,-0.04023,-0.14872,-0.18318,0.664441,0.077396,-0.488372,-0.973871
-0.374116,-0.021812,0.272446,-0.254054,0.173518,0.168769,0.640344,0.401656,0.306043,0.317824,-0.366107,-0.137703,0.577747,0.207786,-1.0
0.110303,-0.292225,0.679604,0.481857,0.974298,-0.674775,0.267673,0.598043,0.222553,-0.111728,-0.626453,0.337024,0.556921,-0.14009,-1.0
-0.496843,-0.680696,0.080727,-0.816999,-0.1139,-0.737822,0.555846,0.377738,-0.107492,-0.400571,-0.399154,0.028728,0.512143,0.011214,-0.994911
0.273634,-0.390563,-0.178724,0.161118,0.330616,-0.49403,0.448745,0.917021,0.174942,-0.289888,-0.290126,0.546606,0.123844,-0.471752,-0.944296
-0.274404,-0.513426,0.879702,0.833574,0.850197,0.016813,0.625605,0.334852,0.521075,0.0422,-0.342194,-0.180896,0.517184,0.229242,-1.0
-0.297288,0.008429,-0.848936,0.053043,-0.995927,-0.830086,0.143778,0.001854,-0.148989,-0.134168,0.58523,0.616461,-0.338346,-0.424038,-1.0
0.887132,0.983715,0.599982,0.821239,0.576052,-0.14317,0.040476,0.252485,0.004774,0.030213,0.269567,0.847841,-0.170712,-0.536133,-1.0
-0.802913,-0.127299,0.799443,-0.509244,-0.193505,0.084162,0.901815,0.91801,-0.683734,0.405945,-0.164923,-0.041545,0.381776,0.136815,-0.957023
-0.858588,-0.849191,-0.778303,0.191918,-0.163792,0.012195,0.898283,0.124435,-0.776307,0.080106,-0.038517,-0.092929,0.298168,0.386883,-1.0
-0.455928,0.310376,0.802677,-0.811822,-0.216014,0.009215,0.866075,0.346521,-0.720256,0.036329,-0.236107,0.022545,0.279305,-0.348344,-1.0
0.379571,0.781433,0.654034,0.01049,-0.823567,0.924499,0.110362,0.024224,-0.131634,0.163132,0.802496,-0.122342,-0.473714,-0.007428,-0.956019
0.559622,0.817183,-0.707196,0.264424,0.55043,-0.482392,0.028881,0.279949,-0.016381,0.076058,0.060055,0.957743,-0.089147,-0.52947,-1.0
-0.072043,-0.916646,0.238896,-0.359953,-0.00285,-0.863132,0.674839,0.665478,0.04783,-0.66266,-0.251296,-0.181746,0.401299,0.378768,-0.968838
-0.194856,-0.710711,0.778975,0.522576,0.598997,-0.485767,0.742449,0.363557,0.450909,-0.249321,-0.1828,-0.013113,0.526689,0.180536,-1.0
0.909125,0.940135,-0.031559,-0.767635,0.875692,-0.634978,0.537197,0.326989,0.350851,-0.257995,-0.02135,0.538527,-0.034501,-0.564727,-1.0
0.979592,0.56812,0.500829,-0.684919,0.612652,-0.96471,0.784419,0.160152,0.193757,-0.497079,0.01296,0.151019,-0.055906,-0.466656,-0.997291
-0.59602,-0.937867,0.759801,0.836041,0.94063,-0.035465,0.605785,0.208047,0.506458,-0.032126,-0.328756,-0.226334,0.5061,0.287226,-1.0
-0.151591,-0.068953,-0.135138,0.245438,-0.7197,-0.617249,0.360649,0.401237,-0.193026,-0.252876,0.473059,0.504257,-0.318468,-0.4348,-0.996508
-0.578058,-0.281023,0.695885,-0.262693,-0.793841,-0.132866,0.708333,0.415262,-0.550539,-0.078642,0.277751,-0.163777,-0.425282,0.340219,-1.0
0.733351,-0.67809,0.615924,-0.671785,0.629599,0.690642,0.130377,0.302141,0.041751,0.160007,0.080633,-0.872994,-0.141644,0.549091,-1.0
0.115276,0.282724,0.114339,0.547456,-0.9585,-0.755725,0.462034,0.715434,-0.273149,-0.239669,0.413903,0.259497,-0.37361,-0.387136,-1.0
-0.923896,0.856861,0.689385,0.8111,0.275485,-0.564242,0.003354,0.510917,0.007567,0.013603,-0.699869,0.815584,0.323769,-0.461402,-0.940347
0.073031,0.925509,0.006267,0.226444,-0.274494,-0.054147,0.002283,0.149437,0.029794,0.082272,0.487926,1.0,-0.19916,-0.439013,-1.0
0.200569,-0.138065,-0.770078,-0.436408,0.473965,-0.569183,0.736058,0.401718,0.367407,-0.466573,-0.06745,0.116957,0.244381,-0.515011,-1.0
0.340878,-0.423575,-0.653569,-0.053677,0.89797,-0.916995,0.227313,0.805079,0.060205,-0.144231,-0.622722,0.463878,0.43758,-0.297104,-0.96957
0.646003,-0.557526,-0.719433,-0.472792,0.926839,-0.08748,0.266166,0.663418,0.219355,-0.078395,-0.444783,-0.600215,0.252215,0.4905,-0.949732
-0.421983,-0.759301,0.902169,0.697273,0.746589,0.666316,0.03587,0.038598,0.005299,-0.04006,-0.594171,-0.784347,0.329384,0.354387,-0.938484
0.224671,0.027103,0.016611,0.33302,0.968133,0.901187,0.650497,0.553092,0.409293,0.418203,-0.236275,-0.227647,0.314423,0.415584,-1.0
-0.479811,0.152414,0.988334,-0.763621,0.218006,-0.820208,0.130117,0.763858,0.028186,-0.125847,-0.526032,0.714784,0.2709,-0.436814,-1.0
-0.843665,0.18393,0.014877,0.773309,-0.038772,0.270734,0.750478,0.711663,-0.023049,0.570531,-0.211822,-0.067237,0.459473,-0.004239,-1.0
0.527633,-0.41776,-0.450096,-0.316143,-0.324646,-0.16263,0.963521,0.495366,-0.685724,-0.358457,-0.030769,0.006456,-0.409037,0.098429,-1.0
0.316574,-0.607286,-0.088878,-0.9168,0.476554,-0.921345,0.778351,0.094108,0.212935,-0.566282,-0.110932,0.124706,0.142908,-0.372828,-1.0
-0.925458,0.920035,-0.278621,0.549784,-0.328872,-0.401702,0.57325,0.398923,-0.219581,-0.37185,-0.148847,0.281983,0.191004,-0.430581,-1.0
-0.838332,0.143646,-0.02639,0.199859,0.760054,-0.441828,0.32467,0.811272,0.255427,-0.155968,-0.741995,0.295355,0.501451,-0.240399,-0.907
-0.394907,-0.607696,-0.334099,0.065163,0.075941,0.699247,0.175809,0.324067,-0.035762,0.028397,-0.300094,-0.74475,0.158471,0.493279,-0.958603
0.751958,0.220009,-0.6275,0.006433,0.292809,-0.408091,0.98891,0.449968,0.418838,-0.534002,0.036519,-0.075026,-0.217388,-0.437783,-1.0
0.045931,-0.980269,0.969819,0.479094,-0.046348,-0.436431,0.603353,0.80556,-0.09274,-0.568083,0.055884,-0.414218,0.026056,0.479817,-1.0
0.603083,-0.36845,-0.454161,-0.241096,-0.581826,-0.294346,0.817925,0.846322,-0.619887,-0.333367,0.192575,0.07068,-0.482343,-0.003636,-1.0
-0.997945,0.489849,-0.499885,0.603813,0.590197,0.222004,0.530711,0.31121,0.429586,0.109819,-0.408072,0.069097,0.414667,-0.097775,-0.943651
-0.062442,0.560281,0.64366,-0.807492,-0.691146,0.224547,0.382352,0.316687,-0.390955,0.112408,0.569216,0.359492,-0.42595,-0.22261,-1.0
0.757929,0.678202,0.859411,0.370729,0.449089,0.676335,0.423764,0.939737,0.178169,0.31056,0.623303,-0.105552,-0.442755,-0.016181,-0.936629
-0.871379,0.273399,0.917347,-0.940551,0.834031,-0.782143,0.917262,0.73295,0.567065,-0.431956,-0.113968,0.03732,0.473167,-0.229339,-1.0
0.287838,0.564767,0.878352,0.458172,0.311116,-0.612294,0.574805,0.52015,0.19212,-0.410014,0.026658,0.388669,-0.003274,-0.501322,-0.995192
-0.677892,-0.068132,-0.053268,0.782133,0.7266,-0.5058,0.934931,0.718369,0.555189,-0.429422,-0.127724,-0.092514,0.547429,-0.202947,-1.0
-0.40461,-0.041871,-0.110862,0.405433,0.731905,-0.599908,0.889758,0.400701,0.568504,-0.443304,-0.022721,-0.031575,0.544571,-0.297025,-0.958561
-0.114658,0.746812,-0.020878,0.408579,-0.313874,-0.735815,0.928534,0.114009,-0.215002,-0.612035,-0.051082,0.215737,-0.104663,-0.520968,-0.999771
-0.584336,-0.749889,0.33125,0.987695,0.037445,0.907903,0.143441,0.861163,0.031901,0.211987,-0.341006,-0.699832,0.144046,0.429656,-1.0
-0.937589,0.627568,0.393612,-0.611637,0.639534,-0.977274,0.427523,0.023713,0.155936,-0.272931,-0.377409,0.321793,0.36347,-0.306396,-1.0
-0.036524,-0.310309,0.019773,0.585437,0.888305,0.036906,0.251891,0.913304,0.254516,0.069251,-0.662051,-0.354277,0.421343,0.064143,-0.944989
-0.190633,0.932944,-0.351528,-0.637165,-0.867872,-0.700688,0.045465,0.760162,-0.078762,-0.054102,0.37083,0.854973,-0.145231,-0.495467,-1.0
0.669195,-0.701046,0.191615,0.136022,-0.875733,0.027625,0.632093,0.556261,-0.516694,-0.031292,0.321132,-0.146272,-0.435391,0.230409,-0.990382
0.110543,-0.217944,0.689639,-0.568366,0.865982,-0.20595,0.103649,0.649809,0.160176,0.025419,-0.911951,0.019189,0.61673,0.002226,-1.0
-0.699901,-0.837503,0.96507,0.730601,-0.646204,-0.314305,0.725051,0.401703,-0.513782,-0.197309,-0.005947,-0.29749,0.015407,0.481192,-1.0
0.232892,0.412118,0.368752,-0.083145,0.496039,0.026929,0.375068,0.027945,0.245442,0.018618,-0.339393,0.442152,0.241737,-0.32332,-1.0
0.40831,0.883285,0.16778,-0.077073,0.44257,-0.396328,0.024762,0.823467,0.03369,0.010232,-0.102954,0.890224,0.006353,-0.487072,-0.98644
0.083423,0.868192,0.606628,-0.973287,0.738951,0.547743,0.809894,0.935785,0.515976,0.39302,-0.143464,0.075656,0.40958,-0.259344,-0.990171
0.490283,-0.886562,-0.039002,-0.646134,0.986012,0.175019,0.53225,0.140523,0.469534,0.088585,-0.181059,-0.417066,0.219766,0.499508,-1.0
-0.694731,0.721288,0.27271,-0.410041,-0.281891,-0.009964,0.870837,0.968377,-0.742049,-0.013738,-0.088586,-0.008142,0.178308,-0.470981,-1.0
-0.673327,0.399295,0.481502,0.450333,0.210132,0.12996,0.8962,0.202958,0.55913,0.48661,-0.050775,0.03905,0.572599,-0.144456,-0.999402
0.490269,-0.54465,0.551086,0.746108,-0.942055,0.953322,0.292916,0.180056,-0.171335,0.163049,0.463552,-0.497588,-0.320658,0.359766,-0.999804
-0.997845,-0.937314,0.539585,0.781758,0.078169,0.720015,0.393029,0.451888,0.085717,0.300081,-0.431417,-0.434266,0.317652,0.416746,-1.0
-0.712899,-0.967818,0.202541,0.834355,-0.40483,-0.015589,0.1712,0.677028,-0.092914,-0.066508,-0.318377,-0.821827,0.084799,0.595535,-1.0
-0.553771,-0.196911,-0.501489,0.096493,-0.113444,-0.384913,0.072563,0.69095,-0.064291,-0.090936,-0.875517,0.351533,0.432073,-0.17471,-1.0
0.32674,-0.910807,0.687887,0.024113,0.021266,-0.708916,0.041233,0.893434,-0.115028,-0.008787,0.757604,-0.49777,-0.495876,0.334238,-1.0
0.462289,0.280698,-0.250202,-0.995004,0.788672,0.496108,0.873978,0.758201,0.65962,0.355067,-0.083543,-0.032221,0.563839,0.351982,-1.0
0.55287,0.824612,0.761527,0.263398,0.1081,-0.750024,0.118939,0.484865,-0.017943,-0.112309,0.259421,0.79424,-0.163535,-0.535528,-1.0
0.203865,0.929288,0.740045,0.013063,-0.294725,0.97573,0.066069,0.07637,0.076208,0.015159,0.947334,-0.110322,-0.52802,0.122271,-0.956669
-0.53632,-0.661847,0.251243,-0.093588,0.115476,-0.342456,0.407948,0.561115,0.112819,-0.36589,-0.469984,-0.282286,0.458614,0.176715,-0.915926
0.393449,0.608989,-0.524149,0.868967,-0.278462,-0.768841,0.836361,0.910798,-0.25951,-0.615665,0.121804,0.171022,-0.293338,-0.433691,-0.950954
-0.838267,0.509737,-0.367526,-0.153681,0.537468,0.856326,0.839593,0.201118,0.322852,0.472103,-0.121806,-0.031581,0.517325,0.106403,-0.947482
-0.770768,0.738872,0.792334,-0.556638,0.51256,0.318983,0.684138,0.512833,0.487488,0.248139,-0.21894,0.059548,0.508239,-0.117465,-0.953242
-0.00538,-0.648632,0.465482,-0.447422,0.190291,-0.531579,0.984933,0.068002,0.208458,-0.811303,0.011125,-0.036355,0.453295,0.219765,-1.0
0.700923,0.311591,-0.068106,0.108583,-0.996922,-0.315937,0.794965,0.625045,-0.641201,-0.248926,0.103856,0.012404,-0.424468,-0.156473,-1.0
0.790653,0.572097,-0.336793,-0.424922,-0.195945,-0.284921,0.596033,0.200149,-0.399853,-0.315304,0.318384,0.287499,-0.3583,-0.297428,-0.984254
-0.078919,0.038653,0.696537,-0.038543,-0.85601,0.085812,0.20996,0.668564,-0.067016,0.067922,0.772735,-0.082068,-0.452478,-0.087942,-0.982308
0.71473,-0.764762,-0.408357,-0.719398,-0.45769,-0.363752,0.145221,0.363338,-0.176641,-0.062831,0.883253,-0.399115,-0.503139,0.173116,-0.992686
0.950635,-0.832839,-0.637656,0.288951,-0.002984,-0.517386,0.697422,0.698706,-0.085156,-0.506442,0.25976,-0.061228,-0.438769,0.23104,-0.913939
-0.813914,0.963257,-0.379365,0.793795,-0.082839,0.871765,0.672973,0.077844,-0.112423,0.49527,-0.328424,-0.02868,0.532873,-0.044059,-0.995746
0.552841,0.457539,0.887436,0.790844,-0.250978,0.478829,0.150855,0.566435,-0.041345,0.113747,0.909864,0.031747,-0.561946,0.105206,-0.963782
-0.177003,0.345061,0.952073,-0.586416,-0.521806,0.510394,0.871848,0.693647,-0.474509,0.438336,0.033163,-0.046423,-0.347409,0.345644,-1.0
-0.690059,-0.464269,0.084991,0.394576,-0.924567,-0.184524,0.938193,0.502719,-0.691221,-0.019556,0.040223,-0.042876,-0.313359,0.36818,-0.992126
-0.441493,0.616544,0.45701,0.759383,0.152816,0.420034,0.045117,0.522125,0.008134,0.037614,-0.890218,0.358162,0.398418,-0.056089,-0.940562
0.982544,0.607142,0.103047,-0.459518,0.288869,0.958697,0.506844,0.911297,0.09233,0.301227,0.477652,-0.201823,-0.501336,0.209286,-0.993419
-0.62459,0.976811,0.991345,-0.95372,0.325341,0.765785,0.736587,0.104573,0.178911,0.541256,-0.213283,0.126366,0.55181,-0.158803,-0.999508
-0.367676,0.292309,0.595632,0.612506,-0.618056,-0.581591,0.049069,0.062426,0.018686,-0.034455,0.256443,0.911163,-0.127286,-0.563096,-1.0
0.013411,0.895878,0.784738,0.002941,-0.58532,-0.93133,0.440985,0.619751,-0.228154,-0.344571,0.148635,0.505218,-0.067811,-0.4641,-0.945055
0.143966,-0.354126,-0.962177,0.098134,0.897781,-0.30318,0.124508,0.139542,0.092252,0.055078,-0.852495,-0.026715,0.519638,0.082777,-1.0
-0.049148,-0.54342,0.219621,0.044552,0.633668,-0.04224,0.495509,0.8925,0.417927,-0.097643,-0.486074,-0.361849,0.431947,0.269762,-1.0
0.343593,-0.004366,-0.930446,-0.439112,0.02921,0.902259,0.200348,0.887485,0.010019,0.273152,0.384962,-0.784693,-0.191173,0.52936,-1.0
-0.107137,0.169887,-0.628405,0.93777,-0.365681,0.624748,0.873108,0.699465,-0.340239,0.686871,0.116987,-0.126652,-0.243013,0.452213,-0.876864
0.959904,0.873972,0.996311,-0.693011,0.097968,0.073293,0.93043,0.256119,0.574271,0.462072,0.047609,0.076684,-0.288901,-0.414227,-1.0
0.860934,-0.004794,-0.217906,0.20054,-0.076998,0.300801,0.95158,0.158549,-0.193779,0.765102,-0.047036,-0.01075,-0.45747,0.179935,-1.0
-0.233815,-0.868052,0.815843,-0.400287,0.250014,-0.410497,0.261979,0.616265,0.117607,-0.204095,-0.505989,-0.465212,0.33386,0.375489,-1.0
-0.116136,-0.46033,-0.810262,-0.086202,0.998313,0.409824,0.220881,0.640528,0.156133,0.09516,-0.54725,-0.428813,0.387608,0.34686,-1.0
-0.38977,-0.931535,-0.216854,-0.233606,0.893073,0.579266,0.511988,0.581588,0.371529,0.279772,-0.264678,-0.401018,0.276056,0.37983,-1.0
0.980706,0.521522,-0.042093,0.521125,0.48136,0.203356,0.796981,0.893581,0.713944,0.191108,0.262342,0.023149,-0.354327,-0.283622,-1.0
0.967199,0.690131,0.228652,0.0617,-0.6837,0.951478,0.951651,0.41863,-0.49494,0.658767,-0.02929,-0.032261,-0.425718,0.013168,-0.9269
-0.832144,-0.062999,0.642145,0.615963,-0.110618,0.665844,0.938937,0.733162,-0.096561,0.704454,-0.075406,-0.075469,0.431327,0.349402,-0.935393
-0.017357,0.594614,0.147084,0.154066,-0.975601,-0.074516,0.906448,0.806756,-0.632485,-0.0172,0.066411,0.029069,-0.32614,-0.317894,-0.906906
0.310055,0.629121,-0.812634,0.226343,-0.845129,0.920722,0.46987,0.347404,-0.241694,0.253153,0.533309,-0.067573,-0.444492,0.133445,-0.859458
0.185792,-0.705769,-0.586744,-0.651989,0.715957,-0.333291,0.623792,0.298225,0.467572,-0.229651,-0.2257,-0.2338,0.522837,0.287218,-0.937731
-0.253487,-0.802843,-0.381105,0.654902,0.640083,0.644685,0.826465,0.307707,0.520241,0.504069,-0.108174,-0.144955,0.312005,0.429945,-1.0
0.627314,-0.069698,0.513528,0.343186,-0.874501,-0.647678,0.40963,0.498794,-0.277235,-0.197149,0.475327,0.207279,-0.469186,-0.144972,-1.0
0.055015,-0.587924,0.966798,-0.462584,0.928704,-0.660897,0.255955,0.568404,0.192159,-0.203468,-0.693558,0.061863,0.549571,-0.106519,-0.960593
0.504193,0.358012,-0.079893,0.905828,0.258443,0.191232,0.941053,0.629826,0.651513,0.494443,-0.022342,-0.011492,-0.488002,-0.411358,-0.984951
-0.020505,-0.64045,-0.402269,-0.716254,-0.842899,-0.636471,0.584015,0.672654,-0.335131,-0.257723,0.357518,-0.031033,-0.460854,0.045785,-0.969285
-0.790331,-0.919419,0.14837,-0.009538,-0.577611,-0.09568,0.976093,0.149837,-0.710664,-0.151406,-0.059946,-0.023576,0.212979,0.458046,-1.0
-0.436946,-0.593419,0.669762,-0.544726,-0.46839,0.017366,0.537889,0.185071,-0.370921,-0.01125,0.058314,-0.391208,-0.044722,0.566599,-1.0
0.440533,0.627536,-0.47108,-0.136966,0.070038,-0.515948,0.154376,0.894221,-9.4e-05,-0.079578,0.273192,0.784897,-0.193896,-0.5349,-1.0
-0.741243,-0.873255,-0.467574,0.548477,-0.678988,-0.443692,0.791236,0.933941,-0.574438,-0.426377,-0.098648,-0.148665,0.112537,0.510535,-1.0
0.93704,-0.688909,0.628432,0.689714,0.31119,-0.744427,0.727474,0.515914,0.232935,-0.568796,0.310193,0.072023,-0.427477,-0.09756,-0.94397
-0.433806,0.413727,0.020773,-0.192078,-0.558201,-0.172657,0.818776,0.436953,-0.574547,-0.146526,-0.031713,0.25174,-0.040415,-0.531877,-1.0
0.180564,0.145777,0.771219,0.309892,0.884636,0.07522,0.189102,0.962095,0.148875,0.063268,-0.741878,0.111169,0.483737,0.038618,-1.0
0.785477,0.546675,0.155569,0.528332,0.828317,0.710733,0.397247,0.906025,0.2565,0.114956,-0.148474,-0.615758,0.175433,0.425446,-0.966569
-0.030478,0.670744,-0.885903,0.55644,-0.616254,-0.573377,0.723452,0.523193,-0.5079,-0.371609,0.124408,0.215787,-0.245376,-0.496029,-1.0
0.106149,-0.934335,-0.521098,0.666968,0.577049,-0.311746,0.407824,0.344259,0.287874,-0.132048,-0.37346,-0.383658,0.188824,0.462547,-1.0
-0.794918,-0.66064,0.912139,-0.848426,0.241719,0.571803,0.165912,0.832279,0.08306,0.129676,-0.441299,-0.610229,0.279317,0.337613,-0.967876
-0.631442,-0.251324,-0.132912,-0.490823,-0.949164,-0.337137,0.920992,0.72601,-0.703518,-0.296085,0.075053,-0.000553,-0.450728,-0.119687,-1.0
0.464231,-0.119441,-0.310089,0.017076,-0.451557,-0.147694,0.184742,0.752174,-0.116865,-0.119508,0.726532,0.097413,-0.557553,-0.093742,-0.96252
-0.789881,-0.297952,-0.312416,0.925437,-0.163625,0.420283,0.37441,0.814916,-0.025949,0.299533,-0.469349,-0.502458,0.395151,0.407981,-1.0
0.081809,-0.850393,0.934409,-0.456199,-0.993555,0.603096,0.627097,0.0283,-0.417254,0.297515,0.270542,-0.36147,-0.435875,0.339256,-1.0
-0.222064,-0.975844,-0.916664,-0.799943,0.324245,0.70932,0.020632,0.331301,-0.069771,0.045265,-0.279434,-0.89366,0.107741,0.438015,-1.0
-0.455584,-0.741781,0.969307,-0.471141,-0.460913,0.377395,0.8713,0.713699,-0.583819,0.416501,-0.003203,-0.093987,0.045837,0.490164,-1.0
0.289814,-0.146637,0.764507,-0.05485,0.00913,-0.481078,0.678612,0.79253,-0.016835,-0.566322,0.248089,0.29852,-0.333641,-0.322981,-0.98492
-0.904603,-0.882311,0.261103,0.205728,-0.361998,0.750486,0.858083,0.760903,-0.17767,0.565452,0.038334,-0.140862,0.13379,0.506731,-1.0
-0.330624,0.099514,0.25549,-0.624137,0.393382,-0.311579,0.748617,0.093737,0.507169,-0.265171,-0.233944,0.073876,0.346289,-0.2418,-0.991998
-0.604511,0.917578,0.429244,-0.812477,-0.255221,0.111116,0.455423,0.321909,-0.294806,0.113232,-0.259828,0.487725,0.120931,-0.494232,-0.950947
0.377467,0.074424,-0.26983,-0.52114,0.317725,-0.307629,0.323478,0.945665,0.189217,-0.192343,0.108113,0.677632,-0.107738,-0.406129,-0.94403
-0.111236,-0.440883,-0.843274,0.268276,0.394379,-0.825353,0.406897,0.163103,0.040386,-0.231694,-0.476205,0.302034,0.416963,-0.387036,-0.941634
0.149311,-0.541139,0.795594,-0.034867,0.097748,0.053389,0.023637,0.273949,0.066094,-0.050233,-0.009503,-1.0,-0.086437,0.519689,-1.0
0.249014,-0.150324,-0.666002,0.715708,0.177036,-0.201461,0.666806,0.860531,0.326615,-0.33471,0.233128,0.167644,-0.309595,-0.241007,-1.0
-0.345875,0.292327,-0.465472,-0.434297,-0.949273,-0.32496,0.01532,0.035938,0.017946,0.017719,0.614705,0.701066,-0.297546,-0.346612,-0.998472
-0.89002,0.432161,-0.973524,-0.372127,-0.179883,-0.546432,0.530472,0.048175,-0.133257,-0.400733,-0.243391,0.435106,0.17138,-0.340636,-1.0
-0.348372,0.964242,0.468598,0.118957,0.836869,0.320435,0.670186,0.702452,0.486234,0.103841,-0.328941,0.16258,0.520561,-0.279759,-1.0
0.774756,0.408725,-0.937813,0.04321,0.028379,-0.695816,0.453067,0.491174,0.066681,-0.344119,0.266512,0.416184,-0.249115,-0.444416,-1.0
0.854262,-0.195892,0.680514,-0.909807,0.174147,-0.969174,0.886177,0.158653,0.146391,-0.59442,0.063412,0.127219,-0.362737,-0.316907,-0.906771
0.272207,0.600368,-0.294358,-0.863694,-0.601396,0.966055,0.771049,0.343581,-0.377,0.449183,0.207456,-0.129027,-0.425823,0.160523,-1.0
-0.682569,-0.260633,0.025671,-0.632862,-0.721842,0.080297,0.142865,0.045277,-0.092402,0.051612,0.096013,-0.776985,-0.137496,0.445056,-1.0
-0.427443,0.531116,0.761706,0.528416,0.533349,-0.587781,0.712614,0.352091,0.357965,-0.484596,-0.249553,0.207165,0.333862,-0.344355,-0.920412
0.326271,0.64608,-0.601669,-0.542645,-0.512013,0.41071,0.291754,0.811516,-0.073973,0.185068,0.724398,0.189435,-0.499363,-0.160355,-1.0
-0.190407,-0.983626,-0.742549,-0.177571,-0.486662,0.605641,0.643858,0.674284,-0.350841,0.305101,0.02821,-0.405035,-0.126621,0.4136,-1.0
-0.221539,0.777689,0.425275,0.514699,0.594891,0.819882,0.442027,0.964541,0.227353,0.205561,-0.452288,-0.097445,0.49917,0.125414,-1.0
-0.304668,0.423382,-0.33293,0.736327,-0.595864,0.244885,0.541024,0.813412,-0.413438,0.158383,0.458689,0.307555,-0.425082,-0.400809,-1.0
-0.355312,-0.037072,-0.06612,-0.167301,0.563634,-0.307082,0.059232,0.185655,0.00714,-0.078404,-0.936851,0.288362,0.478603,-0.14834,-0.91473
0.495632,0.642849,0.196896,0.951256,0.375254,0.108647,0.638584,0.972174,0.527078,0.145243,0.094604,0.322551,-0.063619,-0.467207,-0.987901
-0.931433,0.073538,-0.358318,0.648845,-0.148664,0.412606,0.997813,0.506174,-0.226957,0.759939,-0.00837,0.022304,0.444687,0.270405,-0.974196
-0.224336,-0.110196,0.87572,0.723262,-0.0045,0.040701,0.231274,0.626587,-0.08588,0.175434,-0.639244,-0.533165,0.423438,0.338792,-1.0
0.253234,0.502974,-0.891559,0.565367,0.244246,-0.83745,0.329924,0.488956,0.139616,-0.35583,-0.03981,0.702452,-0.044666,-0.49226,-0.993643
0.210771,0.534667,-0.768782,-0.029426,0.701547,0.897448,0.047224,0.418405,0.003213,-0.003415,-0.729669,-0.591149,0.390346,0.342435,-1.0
-0.17644,0.902777,-0.991595,0.888927,-0.705831,-0.903905,0.947958,0.107937,-0.417866,-0.463022,-0.031015,0.105232,-0.11187,-0.461478,-0.942714
0.487678,0.257622,-0.200314,-0.198332,-0.670742,0.755494,0.050175,0.327185,-0.049797,-0.031402,0.847503,-0.349469,-0.44198,0.220181,-1.0
0.454591,-0.080483,0.206818,-0.061682,-0.339709,-0.491068,0.777398,0.92236,-0.391601,-0.489195,0.243865,0.129314,-0.49284,-0.249952,-0.942696
-0.471585,0.898879,-0.83345,0.769976,-0.624676,-0.719808,0.229798,0.584592,-0.246406,-0.094061,0.048657,0.727346,-0.03829,-0.474495,-1.0
-0.653356,0.390367,-0.462949,-0.941062,0.714019,0.079048,0.456543,0.991006,0.397904,0.110017,-0.555772,0.102596,0.652937,-0.081092,-1.0
0.87324,0.250074,-0.082266,-0.362016,0.883013,0.171924,0.147766,0.212066,0.065598,-0.001984,-0.022782,0.839295,0.031793,-0.46159,-0.999437
0.4868,0.058781,-0.241055,0.462183,0.263286,0.136581,0.55261,0.128117,0.394618,0.23312,0.480957,-0.110385,-0.523938,0.175768,-0.97222
-0.346066,-0.22143,-0.879367,-0.602827,-0.311403,-0.126654,0.880396,0.712856,-0.601232,-0.271507,-0.085421,0.016019,0.249176,0.432947,-1.0
0.512232,0.414909,0.86356,-0.98756,0.410843,-0.326916,0.964353,0.673343,0.638452,-0.503643,-0.016128,0.036817,-0.066803,-0.490761,-0.988837
0.971955,0.852988,-0.872015,0.49823,-0.959239,0.948732,0.285598,0.858137,-0.192629,0.128227,0.736559,-0.10071,-0.448803,0.063026,-1.0
-0.450953,0.852017,-0.675707,0.230905,-0.545771,0.043837,0.919367,0.149941,-0.600244,0.132224,-0.075556,0.065322,-0.042562,-0.57503,-0.988383
0.590701,-0.347218,-0.819232,-0.235539,0.878184,-0.248103,0.661717,0.110141,0.505005,-0.110457,-0.336452,-0.130524,0.539763,0.203127,-1.0
-0.365433,-0.761425,0.633119,-0.318518,-0.268496,0.125579,0.359602,0.695446,-0.185767,0.123867,-0.02374,-0.627822,0.013265,0.506225,-0.981747
0.159535,-0.849146,-0.007831,-0.805521,0.979828,-0.423107,0.794141,0.400773,0.556753,-0.217666,-0.2147,-0.093152,0.412929,0.297516,-1.0
-0.669958,-0.852765,0.801168,-0.411925,-0.291961,0.369905,0.959648,0.350754,-0.497997,0.65365,0.022473,-0.017662,0.133475,0.509636,-0.999696
0.348079,-0.627848,-0.882213,-0.030024,-0.566268,0.815335,0.972542,0.460127,-0.440124,0.682498,-0.019173,0.019938,-0.247282,0.384027,-1.0
-0.740089,-0.165536,0.377107,0.903556,-0.028821,-0.540281,0.463545,0.659402,-0.026536,-0.468044,-0.493098,0.21417,0.397874,-0.243308,-1.0
-0.094143,0.706831,-0.25849,0.741186,0.130927,0.023066,0.218634,0.74771,0.136063,-0.002971,-0.172401,0.694413,0.160435,-0.397607,-1.0
0.614418,-0.149714,0.356903,-0.18261,0.277616,0.546282,0.956415,0.167477,0.375234,0.589643,0.093193,-0.10254,-0.226402,0.490102,-1.0
0.546805,0.243245,0.082492,0.894219,0.176822,0.136712,0.61971,0.267909,0.322345,0.288399,0.310333,0.072534,-0.432377,-0.19247,-0.939168
0.197763,-0.684047,-0.094623,-0.722781,0.568305,0.099247,0.334251,0.560734,0.223649,0.034634,-0.35393,-0.684375,0.251077,0.407406,-1.0
0.346128,-0.803773,-0.60519,-0.744062,-0.660233,-0.973324,0.935499,0.33499,-0.457144,-0.596354,0.054699,-0.078842,-0.471649,-0.037449,-0.977779
0.490979,-0.43169,0.986642,0.932068,-0.546274,0.458931,0.746009,0.409047,-0.488363,0.44103,0.19943,-0.147407,-0.449661,0.28299,-0.997876
0.32005,0.453667,0.329263,0.752109,-0.939796,0.481673,0.122033,0.875704,-0.148348,-0.00244,0.955671,-0.021636,-0.587022,0.005274,-1.0
-0.719719,-0.234771,0.171755,0.432693,-0.961552,-0.973019,0.873197,0.100395,-0.497904,-0.515562,0.007574,0.114376,-0.167293,-0.450494,-0.960118
0.091487,-0.797751,-0.146233,-0.278515,0.594504,-0.065623,0.55726,0.075074,0.363596,-0.037455,-0.281884,-0.383229,0.191691,0.395992,-1.0
0.648478,0.497218,0.685116,0.153048,0.331137,-0.471589,0.314168,0.032844,0.165928,-0.260128,0.267113,0.646735,-0.132915,-0.448136,-1.0
0.022275,-0.604797,0.273614,0.517165,-0.984442,0.648184,0.538426,0.233776,-0.389908,0.202731,0.313233,-0.335812,-0.333572,0.343799,-0.939504
0.236129,-0.673988,0.807087,-0.331395,0.203709,-0.420404,0.855123,0.048165,0.359144,-0.655248,-0.01503,-0.102547,-0.08388,0.492952,-0.98615
0.443957,-0.574449,0.142063,-0.001627,0.438415,0.394353,0.542577,0.12679,0.411217,0.245942,0.004397,-0.452233,0.011003,0.504231,-0.902121
0.520638,0.320494,-0.416265,-0.666892,0.998566,0.556552,0.748042,0.553669,0.645589,0.309215,-0.184726,-0.180416,0.473085,0.238467,-1.0
-0.011831,-0.012818,0.627845,-0.935801,0.906017,0.552607,0.737007,0.759401,0.474646,0.312553,-0.208717,-0.062885,0.380788,0.259102,-0.950104
0.085098,0.209644,0.793525,0.204644,-0.159612,0.95901,0.841238,0.30058,-0.124819,0.629523,0.051482,-0.14478,-0.160661,0.510168,-1.0
0.988666,0.868405,-0.018875,-0.537045,0.16461,-0.418343,0.393544,0.764919,0.083312,-0.261108,0.37236,0.493523,-0.32779,-0.406205,-1.0
-0.828546,0.522302,0.726854,0.500975,-0.104909,0.518881,0.305067,0.130067,-0.12196,0.196613,-0.624854,0.015956,0.596908,0.050849,-1.0
-0.080775,-0.041707,-0.6918,-0.432157,-0.603655,-0.145326,0.665203,0.699385,-0.523551,-0.114191,0.414034,0.120841,-0.466175,-0.091124,-0.982369
0.078962,-0.055809,-0.516332,0.653174,-0.910696,-0.42595,0.421228,0.392498,-0.286488,-0.189651,0.472669,0.214586,-0.553697,-0.158387,-1.0
-0.84395,0.209947,-0.837195,0.925464,0.833603,0.408322,0.358159,0.838712,0.212561,0.178332,-0.744691,-0.072835,0.428271,0.022945,-1.0
-0.661321,-0.899233,0.302278,-0.426665,-0.77988,0.058965,0.98605,0.328773,-0.759729,0.079243,-0.027056,-0.07083,-0.12811,0.575712,-0.945105
0.669966,0.69654,-0.321151,-0.419948,0.622037,-0.843763,0.413152,0.140012,0.18408,-0.23742,-0.031281,0.617889,-0.040366,-0.425705,-1.0
0.152913,-0.701032,0.445973,-0.336557,-0.802081,0.229555,0.378249,0.884856,-0.247247,0.114371,0.373915,-0.396864,-0.273731,0.371655,-0.987633
0.193375,0.108055,-0.46131,0.688948,0.13196,-0.088186,0.873517,0.167902,0.630428,-0.300292,0.063772,0.19515,-0.164481,-0.529215,-1.0
0.708318,0.552747,0.597449,0.217008,0.591927,0.843463,0.212111,0.907032,0.159954,0.159855,0.339555,-0.804016,-0.144911,0.457452,-1.0
0.290349,-0.757213,-0.791976,-0.184706,-0.305589,-0.265137,0.387063,0.031851,-0.191543,-0.25682,0.512136,-0.362348,-0.3981,0.284754,-0.961771
0.792907,-0.348828,-0.445802,-0.384423,0.729657,0.956757,0.401318,0.312556,0.020203,0.341459,-0.020312,-0.569617,-0.043866,0.568489,-0.982886
0.112738,-0.729797,0.979711,0.18388,-0.98526,0.90128,0.661753,0.355791,-0.454945,0.375017,0.106425,-0.263314,-0.225919,0.388996,-0.948634
0.240877,-0.492916,-0.241399,0.293711,-0.188778,0.651021,0.380865,0.913225,-0.077453,0.27827,0.268017,-0.574037,-0.168513,0.498321,-1.0
0.234282,-0.010658,-0.808797,-0.264126,-0.980639,0.972234,0.125366,0.67717,-0.113963,0.028054,0.693841,-0.531054,-0.393978,0.292264,-0.929955
-0.420748,0.465479,0.279833,-0.512807,-0.507221,-0.926634,0.803636,0.149863,-0.359227,-0.544969,0.040379,0.18053,-0.065389,-0.464055,-1.0
0.210149,0.41458,-0.800189,-0.847649,-0.418193,-0.772768,0.23121,0.916678,0.011828,-0.213952,0.378327,0.706098,-0.308535,-0.407374,-1.0
-0.09333,-0.258571,-0.527901,0.797556,0.828475,0.272698,0.910884,0.065576,0.682634,0.306082,-0.024416,-0.075449,0.477799,0.319408,-0.941792
0.839956,0.081616,-0.695625,-0.808712,-0.316639,0.053747,0.521149,0.906823,-0.354943,0.063008,0.482608,-0.097674,-0.584497,0.011663,-0.941645
0.017041,-0.516418,0.742527,-0.791949,-0.533358,-0.217418,0.114989,0.918061,-0.100176,-0.022708,0.787906,-0.329493,-0.436568,0.200833,-0.977934
0.290057,0.831246,0.677984,-0.754175,0.203077,0.616848,0.630633,0.710551,0.076417,0.534998,0.146934,0.407682,-0.165591,-0.375751,-0.942748
0.312222,-0.907725,-0.005897,-0.503265,-0.603714,-0.463471,0.96461,0.879738,-0.570123,-0.387249,0.037441,0.087154,-0.488905,0.145339,-1.0
-0.606223,0.967096,0.228912,0.32963,-0.631831,-0.090213,0.942376,0.423791,-0.790909,-0.122129,0.002942,-0.009411,-0.062387,-0.579047,-0.986586
-0.009632,0.898328,-0.402357,0.895633,0.521308,0.873257,0.783938,0.102469,0.299323,0.474728,-0.161233,0.017286,0.434084,0.070757,-1.0
-0.431225,-0.0098,0.84788,-0.522398,-0.49068,-0.141056,0.960726,0.818914,-0.708583,-0.232598,-0.086776,0.095805,-0.213812,-0.493488,-1.0
0.738313,0.074244,0.537389,-0.306755,-0.988239,0.749513,0.519624,0.348845,-0.336493,0.277413,0.423265,-0.105591,-0.518713,0.333388,-1.0
-0.726868,-0.141233,0.859765,-0.894475,-0.310569,0.989798,0.371503,0.753233,-0.014584,0.250471,-0.224699,-0.618807,0.245004,0.424107,-0.988898
-0.939287,-0.906982,0.575988,0.751816,-0.899483,0.977202,0.112734,0.955288,-0.170251,0.056723,-0.001867,-0.843345,-0.006476,0.576208,-1.0
0.624045,-0.180608,0.47389,0.758144,0.787567,0.589274,0.353151,0.612669,0.189933,0.154055,-0.087905,-0.600567,0.107713,0.473612,-1.0
0.70932,-0.925947,0.377605,0.951675,-0.678366,-0.466418,0.580391,0.766578,-0.342524,-0.278294,0.42345,-0.207501,-0.525512,0.184209,-1.0
-0.638095,-0.856812,-0.558049,-0.496674,0.865214,-0.522054,0.388211,0.081243,0.16837,-0.139455,-0.605097,-0.111816,0.541266,0.166225,-1.0
0.056082,-0.352005,-0.275396,-0.878444,-0.827502,0.921515,0.948039,0.093617,-0.552422,0.666573,-0.000281,0.005309,-0.215456,0.455759,-1.0
-0.840345,-0.186414,0.481899,0.566447,0.785583,-0.97811,0.325738,0.906174,0.205422,-0.182912,-0.631575,0.317482,0.404254,-0.237744,-0.980523
-0.169745,0.541326,-0.342509,-0.18322,-0.915209,-0.694025,0.823051,0.659883,-0.511129,-0.360523,0.057841,0.084083,-0.24107,-0.484859,-1.0
-0.304424,0.450842,0.91698,0.126901,0.652782,-0.359672,0.508438,0.9742,0.386225,-0.200819,-0.33534,0.244668,0.471841,-0.321185,-0.940514
0.544603,-0.349109,-0.419642,0.204032,0.463099,0.13175,0.042658,0.257136,-0.012677,0.080355,0.157768,-0.919124,-0.115651,0.390009,-1.0
-0.500008,-0.656727,0.468489,0.30446,-0.751999,-0.131773,0.338958,0.298711,-0.223553,-0.151313,0.302217,-0.578777,-0.174736,0.414425,-0.995151
0.224465,-0.970736,-0.310586,-0.569963,0.825582,-0.819952,0.714997,0.552683,0.405793,-0.466397,-0.260701,-0.111326,0.567507,0.095252,-1.0
0.173102,0.250873,0.183179,-0.714168,0.795445,0.384882,0.182474,0.469599,0.16694,0.034698,-0.784921,-0.180737,0.521564,0.145389,-1.0
-0.473502,-0.546978,0.876805,0.679494,0.819696,-0.116435,0.666312,0.385473,0.519817,-0.076867,-0.262507,-0.064066,0.392148,0.193544,-0.978765
0.240081,-0.390267,0.116172,0.774851,0.872619,-0.885647,0.340836,0.302247,0.220784,-0.226675,-0.493943,0.353327,0.412217,-0.383277,-0.958283
-0.710264,-0.616473,-0.650724,0.275214,-0.089758,-0.609971,0.625082,0.00749,-0.078338,-0.638286,-0.406859,0.063573,0.502372,-0.108438,-1.0
0.187263,-0.786774,0.612234,-0.81091,0.661522,-0.090989,0.376399,0.478994,0.237991,-0.051837,-0.281044,-0.688162,0.302504,0.549633,-1.0
-0.659473,0.325878,-0.8345,-0.071122,0.646573,0.016345,0.69435,0.397949,0.52792,0.033815,-0.260313,0.142237,0.556218,-0.082998,-0.995145
-0.568322,0.931952,-0.803397,-0.326724,0.96251,0.096791,0.5478,0.887427,0.425834,-0.030376,-0.470529,0.229156,0.45503,-0.226214,-0.992705
0.543861,-0.289116,0.597087,-0.458088,-0.614733,0.675075,0.729623,0.869083,-0.37992,0.45127,0.165247,-0.155395,-0.39483,0.351308,-1.0
0.481976,0.505834,-0.617758,-0.437693,0.440102,-0.281759,0.218411,0.302823,0.152411,-0.102398,0.029523,0.741855,-0.021033,-0.487453,-1.0
-0.476072,0.406771,-0.796522,-0.352888,-0.374406,0.255036,0.717133,0.969335,-0.454654,0.243806,-0.082015,0.323935,0.216919,-0.378165,-1.0
0.553651,-0.333898,0.309546,-0.247019,-0.833151,-0.129592,0.954613,0.064932,-0.776788,-0.096264,0.0571,0.073337,-0.401974,0.135939,-0.992114
-0.017409,0.664582,-0.352685,0.339425,-0.998178,0.025532,0.318459,0.318944,-0.308452,-0.026574,0.551539,0.34715,-0.449156,-0.267461,-0.988699
0.098321,-0.078088,-0.910002,0.521594,0.994024,0.790474,0.546924,0.854334,0.314605,0.270199,-0.270525,-0.338608,0.353733,0.286477,-1.0
0.668017,-0.519227,0.753059,-0.749489,-0.104723,0.345836,0.452838,0.631856,-0.07896,0.360626,0.273472,-0.422442,-0.413173,0.346872,-1.0
-0.625101,0.255106,0.972674,-0.900764,0.117525,-0.519504,0.56389,0.017282,0.068407,-0.455315,-0.348988,0.326507,0.278693,-0.304943,-0.958402
0.705215,-0.708467,-0.618604,0.168383,0.595596,0.082008,0.578264,0.261108,0.408602,0.093878,0.097624,-0.432191,-0.015198,0.471781,-0.898782
-0.811432,-0.203687,-0.057203,-0.88711,0.663825,-0.83499,0.721261,0.693466,0.38797,-0.446143,-0.184766,0.155459,0.47901,-0.141852,-0.948726
0.417585,0.015904,-0.462602,0.037578,0.618198,0.849158,0.679026,0.303628,0.334133,0.422521,-0.05455,-0.381934,0.081289,0.452578,-1.0
0.282082,0.180853,-0.824091,-0.532143,-0.864805,0.687956,0.099354,0.540022,-0.025018,0.103054,0.789396,-0.32504,-0.425756,0.255554,-0.969119
0.213069,-0.715589,0.525628,0.872038,0.398107,-0.334157,0.366598,0.974303,0.193516,-0.122816,-0.297898,-0.518368,0.151769,0.425738,-1.0
-0.363645,-0.008992,0.84379,-0.954575,0.741706,0.362236,0.079317,0.977566,0.093912,0.068263,-0.860993,-0.357882,0.4143,0.20903,-1.0
-0.678791,0.044975,-0.371452,0.148222,0.577931,0.953387,0.555928,0.805026,0.137373,0.327343,-0.351088,-0.292858,0.43299,0.176288,-0.983508
-0.416194,0.416779,-0.968258,-0.055672,0.909833,-0.23138,0.142425,0.594709,0.17743,-0.090604,-0.764057,0.417721,0.50059,-0.213459,-0.930498
0.425723,0.715861,-0.573234,0.08859,-0.497869,0.632654,0.396028,0.817823,-0.105297,0.154912,0.547782,0.034906,-0.529631,-0.133531,-0.926908
-0.917591,0.499448,-0.682036,-0.421115,-0.758182,-0.0117,0.410076,0.943983,-0.311263,-0.046284,-0.138086,0.515787,0.146934,-0.485438,-1.0
-0.527543,0.048888,0.919864,-0.62987,0.744331,0.314473,0.254861,0.785134,0.153226,0.095856,-0.742225,-0.165206,0.562451,0.035643,-1.0
0.585732,-0.879108,-0.977987,0.794901,0.566352,-0.517979,0.69892,0.132714,0.384316,-0.328485,-0.005281,-0.343929,-0.040358,0.539584,-1.0
0.041046,0.836025,-0.832959,0.109846,-0.780783,0.129866,0.892389,0.459888,-0.583992,0.12759,0.027925,0.028552,-0.400578,-0.289413,-1.0
-0.065549,-0.010199,-0.335999,-0.543119,-0.921011,-0.317157,0.590612,0.248348,-0.421685,-0.206015,0.429527,0.138142,-0.410794,-0.09637,-1.0
0.568962,0.74502,0.186482,-0.933253,0.905698,-0.30861,0.975618,0.180078,0.750584,-0.170542,-0.037351,0.062874,0.165299,-0.45634,-0.973522
0.7914,0.750752,-0.359413,0.79646,-0.337188,0.406947,0.076613,0.452584,-0.02126,0.050181,0.875794,0.249978,-0.530553,-0.15009,-0.990131
0.92786,0.127883,-0.762802,0.186289,-0.388191,0.84516,0.607411,0.035078,-0.156226,0.515685,0.224272,-0.154921,-0.485187,0.284209,-0.920318
0.305259,-0.119191,0.576164,-0.857425,-0.733538,-0.278877,0.633788,0.96528,-0.498611,-0.222209,0.415138,-0.035056,-0.482668,-0.050172,-0.928978
-0.36073,0.923334,0.635307,0.47477,0.736575,0.481164,0.836365,0.827023,0.486447,0.327377,-0.139312,0.112972,0.551604,-0.151511,-0.961478
-0.963709,0.054093,-0.471427,-0.640779,0.752899,0.45938,0.083318,0.390171,0.094296,0.017125,-0.911055,-0.241922,0.476596,0.152908,-0.92625
-0.971529,-0.069509,0.971965,-0.080286,-0.605009,0.140827,0.165153,0.256191,-0.103385,-0.012286,-0.683874,-0.345926,0.470477,0.21433,-0.977686
0.120727,-0.28491,0.994793,0.732802,0.417356,0.73087,0.058818,0.43208,-0.016995,-0.007757,-0.254669,-0.856277,0.175938,0.639312,-0.966525
-0.085174,-0.161641,-0.799349,0.506867,0.220515,-0.349829,0.98023,0.906308,0.396212,-0.744837,-0.013469,0.040429,0.380369,-0.220277,-1.0
-0.087987,0.245414,-0.239936,0.901965,-0.988261,0.874833,0.706562,0.298567,-0.482997,0.374571,0.173612,-0.114341,-0.501167,0.240552,-0.98622
0.309042,-0.760175,0.630278,0.871495,0.419432,-0.494526,0.212115,0.958657,0.094403,-0.162085,-0.21443,-0.682799,0.16525,0.459549,-0.912152
-0.403618,-0.777587,0.189804,0.167643,-0.753235,0.521957,0.579365,0.761247,-0.399137,0.312942,0.066371,-0.425641,-0.196779,0.471847,-1.0
0.66879,-0.834097,-0.060932,0.392277,-0.101395,-0.325764,0.417048,0.345824,0.011354,-0.318355,0.426407,-0.258019,-0.463373,0.206931,-1.0
0.534704,0.224757,-0.908673,0.924193,0.369518,-0.460088,0.906343,0.436772,0.533379,-0.523901,-0.009725,0.192839,-0.189607,-0.464279,-0.972324
0.407015,-0.879237,-0.650866,0.502737,-0.634721,0.54154,0.359374,0.898268,-0.198673,0.165687,0.33204,-0.556867,-0.252585,0.400008,-1.0
0.195929,-0.974706,0.059903,-0.592514,0.145512,-0.609644,0.221938,0.033844,0.06798,-0.246075,0.124271,-0.719977,-0.011354,0.566971,-0.98351
-0.645208,0.991893,0.683173,-0.150892,0.293148,-0.291432,0.679178,0.869,0.515327,-0.359096,-0.138825,0.30784,0.229092,-0.354135,-0.96805
-0.670238,-0.897426,0.958721,-0.384712,-0.374819,-0.278203,0.050528,0.223742,-0.093155,-0.024479,-0.349957,-0.824954,0.145986,0.458569,-1.0
-0.636165,0.235473,-0.956523,0.159607,-0.76913,0.361742,0.568642,0.772128,-0.424234,0.112068,0.32277,-0.280433,-0.361873,0.27689,-1.0
0.455272,-0.495124,0.585554,0.457212,-0.445782,0.983448,0.017245,0.065673,-0.03659,-0.039152,0.545948,-0.921755,-0.241729,0.413022,-1.0
0.477247,-0.07629,0.273045,0.308921,0.591485,0.478139,0.139378,0.428992,0.075204,-0.008774,-0.197862,-0.823271,0.096491,0.507283,-0.977396
0.908626,0.514042,0.25017,-0.299368,0.348753,0.127756,0.461428,0.24324,0.400261,0.186252,0.543603,0.327502,-0.380596,-0.331847,-0.948756
-0.569826,-0.977901,-0.74599,0.96693,0.257336,0.754692,0.301121,0.915288,0.055889,0.293077,-0.344362,-0.689991,0.194246,0.45268,-0.996728
0.909092,0.977202,-0.923805,-0.343995,0.614848,-0.458706,0.581973,0.757068,0.31877,-0.218293,0.040004,0.384139,-0.103035,-0.53264,-0.983692
-0.124206,-0.486531,0.914392,0.300994,0.064838,-0.609941,0.577336,0.286206,-0.013361,-0.519567,-0.415039,0.147705,0.421267,-0.262693,-0.972705
-0.536857,-0.779667,-0.635397,0.178942,-0.390338,-0.612604,0.5913,0.550361,-0.252015,-0.43232,-0.258664,-0.328572,0.325473,0.322384,-1.0
-0.121195,-0.762484,0.627975,0.49761,-0.119676,-0.953193,0.112472,0.399358,-0.036469,-0.109707,-0.078368,0.966653,0.043174,-0.427238,-1.0
0.938992,-0.556988,0.991666,0.852728,-0.104959,-0.033009,0.306784,0.600653,-0.239421,0.034404,0.664357,-0.337311,-0.465154,0.260146,-0.979602
-0.207502,0.20691,-0.088859,-0.780623,-0.081595,-0.770089,0.831681,0.067684,-0.090047,-0.632797,-0.055877,0.171481,0.087012,-0.554492,-1.0
0.533156,-0.381032,0.727902,0.124594,0.749155,0.911447,0.755471,0.738613,0.36893,0.444218,-0.12812,-0.331049,0.135885,0.482434,-0.985403
-0.054702,-0.338611,0.606643,-0.963999,0.197159,0.480501,0.205292,0.558425,0.151133,0.162489,-0.326327,-0.779642,0.106603,0.532879,-1.0
0.330758,0.118319,-0.452454,0.881672,0.402911,-0.853337,0.185907,0.054559,0.028286,-0.194511,-0.099573,0.833473,0.012998,-0.547032,-1.0
0.538317,-0.197954,-0.812593,0.305939,0.338451,-0.84448,0.321937,0.424469,0.121613,-0.249555,0.143915,0.595858,-0.146361,-0.425892,-0.973528
0.124373,-0.462631,0.080594,-0.344598,-0.94058,0.783492,0.781534,0.984098,-0.467959,0.439226,0.094397,-0.200792,-0.267132,0.350152,-0.976336
0.095382,-0.095775,0.417994,0.242175,0.423755,-0.9796,0.020103,0.582713,-0.08862,-0.106713,-0.314712,0.83046,0.187477,-0.537297,-1.0
0.065376,0.873318,-0.208686,-0.934622,-0.565878,0.807855,0.725819,0.248019,-0.283034,0.545849,0.221181,0.059589,-0.477944,-0.072525,-0.89763
-0.243086,0.166688,-0.153092,0.938669,-0.095926,-0.837268,0.814492,0.056564,-0.050328,-0.580292,-0.151317,0.258957,0.053822,-0.541774,-1.0
-0.347528,0.383844,0.495522,0.814347,-0.907829,-0.855846,0.742795,0.458451,-0.384315,-0.416595,0.088553,0.244861,-0.199993,-0.459042,-1.0
-0.833199,-0.570669,0.410119,-0.107768,-0.066434,0.285112,0.194238,0.358399,-0.005037,0.063256,-0.434346,-0.633376,0.375169,0.347047,-0.939169
0.249352,0.838157,-0.738236,-0.804877,-0.579651,0.427442,0.825475,0.67832,-0.478403,0.324965,0.227876,0.092326,-0.504237,-0.156795,-0.958607
0.58812,-0.812277,-0.314416,0.195306,-0.802012,-0.069868,0.791022,0.263032,-0.549657,-0.05161,0.176964,-0.134436,-0.50367,0.297389,-0.938177
0.267796,-0.68481,0.461784,0.038411,-0.867116,0.657601,0.14858,0.110661,-0.074651,0.062734,0.484958,-0.654126,-0.291362,0.408718,-0.972812
0.529924,0.346646,0.045678,0.999,0.457386,0.319122,0.159799,0.045064,0.124133,0.094096,0.772028,0.309346,-0.470128,-0.143014,-1.0
0.55038,0.499525,0.064638,0.408146,-0.848704,0.757877,0.965259,0.839117,-0.574795,0.485717,0.036651,-0.07387,-0.445689,0.119039,-0.984949
0.576319,0.219646,-0.708115,-0.375937,-0.628642,0.766242,0.0891,0.272446,-0.077197,0.043841,0.844719,-0.42843,-0.54232,0.144554,-0.92222
0.67159,-0.649947,0.034629,-0.25536,-0.664628,0.304592,0.076788,0.559987,0.049399,0.006532,0.820134,-0.59484,-0.310939,0.342274,-1.0
-0.871072,0.172706,0.556937,-0.521625,-0.570349,-0.38258,0.725295,0.082866,-0.527261,-0.278032,-0.12105,0.291975,0.280902,-0.32962,-1.0
-0.152088,-0.41545,0.689702,-0.481743,0.67967,-0.020213,0.877814,0.741185,0.761331,-0.046686,-0.148572,-0.012811,0.357835,0.245496,-0.934883
-0.983939,0.780686,0.922183,0.008641,0.732132,-0.48389,0.899566,0.107224,0.629965,-0.395787,-0.050023,0.047015,0.356097,-0.349767,-0.939353
0.619668,-0.450213,-0.100187,0.39513,0.362114,-0.718421,0.739661,0.788982,0.199009,-0.469841,0.259649,0.169953,-0.435809,-0.374373,-0.939432
0.470239,0.879492,-0.341359,0.579831,-0.482801,0.517811,0.610886,0.272723,-0.364103,0.39859,0.377073,0.167743,-0.457585,-0.139233,-0.999968
-0.336192,-0.947367,0.330621,0.387573,-0.943866,0.186779,0.614531,0.878754,-0.571711,0.013171,0.220624,-0.362144,-0.241467,0.465417,-1.0
0.405762,-0.71409,-0.902543,-0.215467,0.021838,0.868331,0.047895,0.84262,-0.013906,0.0316,0.112399,-0.85708,-0.126024,0.488394,-0.952419
0.853777,0.407711,-0.859898,-0.142635,0.132093,-0.804296,0.184658,0.616796,0.055716,-0.191246,0.389399,0.674965,-0.193067,-0.456519,-0.994628
0.153137,0.158427,0.411524,-0.956577,0.826275,0.082646,0.966291,0.043211,0.790508,0.046995,-0.008474,-0.063297,0.495173,0.024103,-1.0
-0.62732,0.244875,0.497612,0.714972,0.288065,0.032835,0.882137,0.933578,0.719882,0.057791,-0.072192,0.033166,0.442485,-0.075957,-1.0
-0.778213,0.165642,0.675127,0.85032,-0.375989,0.94333,0.977497,0.824163,-0.294282,0.714527,0.020206,-0.044508,0.242231,0.362092,-1.0
0.311197,-0.409617,-0.691396,-0.395516,0.988348,-0.691616,0.19445,0.511127,0.181449,-0.035534,-0.718302,0.275565,0.424927,-0.104815,-0.97465
0.102877,0.420848,-0.968838,-0.577795,-0.706622,0.082396,0.525536,0.735956,-0.403268,0.004088,0.483407,0.223975,-0.462709,-0.17036,-1.0
0.875151,0.222944,-0.624887,-0.909352,-0.434551,-0.017393,0.103172,0.768421,-0.2002,-0.063259,0.869607,0.12862,-0.540022,-0.134586,-1.0
-0.36499,-0.921971,0.544282,-0.880326,0.040915,-0.274848,0.323462,0.856733,0.038489,-0.177313,-0.316589,-0.540189,0.231214,0.427915,-1.0
0.530832,0.931042,-0.156329,0.857902,0.267061,-0.00117,0.001711,0.915904,-0.025431,-0.034076,0.331362,0.958626,-0.239484,-0.524594,-0.951203
-0.997507,0.640039,-0.408394,0.118296,-0.161384,0.952249,0.153306,0.078205,-0.121338,0.086286,-0.751553,-0.349962,0.550053,0.201094,-0.99685
-0.695033,0.663835,0.32823,-0.287473,0.397403,-0.135459,0.54422,0.711849,0.403868,-0.148308,-0.32699,0.157151,0.406103,-0.270365,-0.971159
0.035853,-0.730209,0.803026,0.687665,0.943798,-0.10174,0.468852,0.166536,0.480403,-0.00942,-0.395344,-0.32895,0.472879,0.239563,-0.975956
-0.187535,-0.861726,0.590812,-0.913117,0.697605,-0.053949,0.45023,0.256801,0.319142,-0.025355,-0.40553,-0.490997,0.400877,0.344842,-1.0
0.821353,0.902891,-0.875479,-0.515735,-0.31815,-0.014187,0.701331,0.666669,-0.512507,0.022086,0.195709,0.261777,-0.345563,-0.278592,-0.973684
-0.227641,0.523384,0.91049,0.072485,-0.465784,-0.481453,0.244782,0.757902,-0.127438,-0.153223,0.232493,0.58853,-0.15171,-0.423683,-1.0
-0.29442,-0.441513,0.650572,0.421933,-0.976327,-0.821532,0.582755,0.972245,-0.343946,-0.332276,0.330479,0.169115,-0.373215,-0.273192,-1.0
-0.82735,0.099813,-0.216263,0.550691,0.195216,0.692386,0.780889,0.572005,0.250826,0.64214,-0.196551,-0.140856,0.520483,0.278596,-0.952057
-0.030882,0.850508,-0.924617,0.911991,-0.161366,0.291983,0.402382,0.502681,-0.164837,0.363471,0.124269,0.574154,-0.080882,-0.512478,-1.0
0.599076,-0.53692,0.771715,-0.517138,-0.473659,0.178469,0.498531,0.400099,-0.29679,0.056773,0.391464,-0.204885,-0.380817,0.209918,-1.0
-0.452799,-0.277836,0.988781,0.835884,-0.27488,-0.508968,0.674738,0.415997,-0.325732,-0.474427,-0.206215,0.219358,0.295627,-0.406055,-1.0
0.371664,-0.131824,-0.838531,-0.346483,-0.800077,0.382378,0.865873,0.094718,-0.742911,0.336332,0.113755,-0.039821,-0.460224,0.188477,-0.910449
-0.053356,-0.250141,0.558343,-0.978582,-0.433167,-0.057379,0.572294,0.078425,-0.488581,-0.073675,0.418457,-0.158894,-0.453151,0.214343,-1.0
-0.506785,0.131346,0.271322,-0.482509,-0.834194,-0.795864,0.999363,0.365722,-0.582323,-0.554616,0.000298,-0.015475,-0.185051,-0.420575,-1.0
-0.938016,0.590805,-0.144296,0.460763,-0.568614,-0.738483,0.948303,0.531969,-0.483515,-0.686714,0.031523,0.139356,0.156301,-0.496934,-1.0
-0.462825,0.703298,-0.0481,0.686734,0.65133,-0.094491,0.264046,0.270589,0.192028,-0.084442,-0.596697,0.416004,0.388773,-0.367132,-0.976277
0.717249,0.837936,0.618051,0.648652,-0.218555,0.658974,0.315638,0.028293,-0.092887,0.174832,0.641758,0.113843,-0.453158,-0.095003,-0.97974
-0.844612,0.628875,-0.91419,0.36097,0.951081,-0.868992,0.012572,0.248739,0.036467,-0.014416,-0.783992,0.735651,0.372754,-0.304858,-1.0
0.93839,-0.741557,-0.826697,0.637817,-0.968938,0.909328,0.267414,0.99955,-0.082245,0.140879,0.511092,-0.444476,-0.367095,0.338485,-0.976661
0.609544,-0.408042,-0.096732,0.229841,0.79087,0.952861,0.753574,0.152393,0.404065,0.451992,0.083769,-0.196607,0.069084,0.424164,-1.0
-0.474172,0.684595,0.674048,-0.606697,-0.410281,0.788503,0.097563,0.314652,0.028045,0.047531,-0.424362,-0.775643,0.283791,0.377946,-0.874562
-0.007797,0.257228,-0.260572,0.450079,-0.478169,0.728415,0.394971,0.613867,-0.204632,0.225613,0.439895,-0.375641,-0.382232,0.278961,-1.0
-0.061299,-0.950307,-0.142039,0.791259,0.268171,-0.653125,0.039028,0.421824,0.055348,-0.091324,-0.74231,-0.683211,0.311553,0.366921,-1.0
0.845926,-0.858697,-0.833878,0.156174,0.519216,0.538962,0.8755,0.269118,0.603689,0.512138,0.071031,-0.199619,-0.126535,0.511342,-0.934409
0.790511,0.655137,-0.749604,-0.923562,0.719119,0.349085,0.786256,0.200691,0.607448,0.198774,0.0411,0.193817,-0.170408,-0.485577,-0.977515
-0.964597,0.169818,-0.898956,0.471525,-0.937368,0.250034,0.535031,0.900397,-0.428469,0.048465,-0.100476,-0.42567,0.191608,0.441658,-0.982379
0.758574,-0.36243,0.624114,0.588773,-0.119059,-0.711836,0.606189,0.217816,-0.151338,-0.469007,0.344518,0.21969,-0.422846,-0.213119,-0.984869
0.749801,-0.463372,-0.976229,-0.324672,-0.890654,0.151272,0.025637,0.686703,0.037835,-0.021978,0.841017,-0.333581,-0.562355,0.163144,-1.0
-0.742589,0.274652,0.610742,0.508452,-0.497374,0.064399,0.914014,0.223648,-0.807097,0.081429,-0.050369,0.148696,0.364568,-0.347407,-1.0
0.942546,-0.366097,0.5422,-0.629998,0.066158,0.392761,0.720994,0.442072,0.07934,0.556598,0.260852,-0.224294,-0.310633,0.417526,-0.916585
0.779265,-0.468381,0.905977,-0.638468,0.855876,0.025547,0.388043,0.396722,0.339407,-0.067312,0.00807,-0.564877,0.047226,0.498523,-0.953664
-0.80198,-0.410243,0.795365,0.331275,0.067064,-0.335796,0.158316,0.321076,0.002222,-0.140456,-0.829654,-0.185237,0.370525,0.026873,-0.958891
-0.324759,-0.13254,-0.202947,-0.443906,-0.597382,-0.830105,0.379311,0.726876,-0.180926,-0.194317,0.187187,0.513738,-0.251884,-0.592155,-0.978224
-0.446687,-0.684412,0.471018,-0.708265,-0.065368,0.155118,0.664223,0.748172,-0.118898,0.499138,-0.121763,-0.244881,0.200695,0.547253,-0.971276
0.499528,-0.870975,0.182633,-0.998013,-0.631137,0.892273,0.685566,0.378691,-0.339018,0.405837,0.088901,-0.279357,-0.315189,0.507859,-1.0
0.983379,0.000372,0.054397,-0.282438,0.306681,-0.919739,0.834552,0.150413,0.250382,-0.652493,0.060149,0.137473,-0.344615,-0.399967,-1.0
-0.380196,-0.48809,0.228869,0.681074,0.266998,-0.187541,0.884667,0.820228,0.545095,-0.497595,-0.157982,0.049969,0.425925,0.183078,-1.0
-0.464068,-0.065723,-0.413846,-0.575311,0.086475,0.187334,0.218788,0.887415,-0.026617,0.22396,-0.804397,-0.324641,0.415351,0.252107,-1.0
-0.724565,-0.424321,0.76274,-0.708059,0.742957,0.578642,0.96473,0.82965,0.617991,0.477284,-0.008716,-0.068009,0.438843,0.207056,-0.958753
-0.441276,0.344796,-0.457658,-0.333423,-0.085369,0.944248,0.483359,0.136075,-0.017301,0.271253,-0.155828,-0.476007,0.199089,0.435711,-1.0
-0.134541,0.44948,0.960507,-0.035711,-0.48631,0.826173,0.035526,0.567145,0.04453,0.053256,0.571274,-0.766958,-0.266398,0.393249,-0.991254
-0.993261,-0.287291,-0.509238,-0.596187,-0.716385,-0.046459,0.289053,0.871767,-0.209166,0.05463,-0.62194,-0.407037,0.414663,0.282877,-1.0
0.824417,0.104163,-0.44276,0.548076,-0.193781,-0.208817,0.382677,0.065522,-0.18153,-0.214405,0.534276,0.194268,-0.477611,-0.149542,-0.923084
-0.171924,-0.027846,-0.252983,0.283471,-0.095119,0.1098,0.443061,0.705364,-0.279453,0.311709,-0.222117,-0.530754,0.181544,0.472513,-1.0
0.860375,-0.051996,-0.950852,0.846691,0.732459,0.668884,0.162282,0.253279,0.091496,-0.014767,0.106821,-0.807699,-0.004157,0.534648,-1.0
-0.893641,0.552759,-0.035036,0.930181,0.931332,0.377318,0.076398,0.343799,0.016164,0.085304,-0.916091,0.05904,0.548775,0.039914,-1.0
0.571457,0.317755,-0.766185,0.894753,-0.840941,-0.950471,0.150149,0.662983,-0.045712,-0.08067,0.583742,0.57932,-0.443957,-0.360241,-1.0
0.125109,-0.0523,0.151111,0.162084,0.687796,-0.006471,0.674133,0.573102,0.479749,-0.012448,-0.352105,-0.021346,0.553782,0.04723,-0.954059
0.388402,0.760519,-0.052033,-0.245827,-0.640938,-0.022039,0.36544,0.838852,-0.299227,-0.073523,0.56483,0.353096,-0.380748,-0.231085,-1.0
0.557962,-0.303011,-0.465228,-0.732833,-0.116244,-0.508526,0.935974,0.990463,-0.025672,-0.683979,0.05423,-0.005093,-0.465149,-0.139922,-1.0
0.605665,-0.312595,0.31943,-0.083242,-0.835817,0.526845,0.385734,0.538977,-0.203335,0.205476,0.568545,-0.391295,-0.495204,0.18624,-0.92681
0.147823,0.771051,-0.73841,0.344228,0.653486,0.106272,0.198333,0.365599,0.177158,0.030826,-0.490061,0.629232,0.281339,-0.470903,-1.0
0.034456,-0.704947,0.552523,-0.199212,-0.260411,-0.507576,0.924662,0.795411,-0.314657,-0.684271,0.052825,-0.055817,-0.31847,0.308427,-0.957506
0.184707,0.68286,-0.007919,-0.715652,0.299667,0.661561,0.751643,0.127617,0.245041,0.57994,-0.206095,0.005247,0.450546,-0.091045,-0.98375
0.927149,0.073856,-0.910506,-0.833913,0.699252,-0.316769,0.267846,0.700774,0.29332,-0.04696,0.304542,0.676089,-0.303674,-0.367245,-1.0
0.785822,0.941875,0.768923,-0.147497,0.144224,0.751163,0.377278,0.542192,0.127837,0.313944,0.667086,0.135255,-0.49727,-0.179242,-1.0
0.429578,-0.167847,-0.168859,0.349269,-0.353601,-0.689146,0.96937,0.098174,-0.41185,-0.713537,0.12274,0.010704,-0.466206,-0.276987,-1.0
0.752596,-0.248896,0.39312,0.695038,-0.610645,0.008544,0.803602,0.562481,-0.669398,0.051972,0.113415,-0.0927,-0.449748,0.141959,-0.9937
0.594612,-0.17477,-0.519881,-0.323829,-0.595693,-0.571361,0.74311,0.359991,-0.442327,-0.414597,0.234939,0.077201,-0.494753,-0.160769,-1.0
0.666561,-0.006717,-0.345383,-0.668266,0.410289,-0.163801,0.693402,0.814643,0.546471,-0.262902,0.24009,0.252396,-0.416144,-0.305754,-1.0
0.449665,0.544535,-0.394063,0.306769,0.145013,0.324875,0.922093,0.817109,0.420093,0.610788,0.064939,0.026725,-0.432722,-0.193397,-0.990183
-0.384072,0.560484,0.213461,0.90341,-0.89472,0.846755,0.441153,0.838686,-0.365406,0.144438,0.402296,-0.266271,-0.383811,0.184649,-0.993612
-0.47366,0.974622,0.52207,-0.926532,0.231453,0.777913,0.035845,0.059494,0.046144,0.025983,-0.967612,0.248025,0.43197,-0.112508,-0.981918
-0.994063,-0.757931,-0.373716,-0.33415,-0.60233,-0.47861,0.154221,0.466226,-0.078545,-0.163637,-0.634204,-0.560102,0.442734,0.308189,-1.0
-0.757272,0.277123,-0.081839,0.403983,-0.326016,0.337031,0.103904,0.661024,-0.082107,0.01279,-0.941836,-0.155834,0.529929,0.064953,-0.912722
-0.434733,0.529772,0.967005,0.857901,-0.862022,0.081055,0.072512,0.056787,-0.049042,-0.000629,0.601444,0.657023,-0.392697,-0.325668,-1.0
0.205481,0.194206,0.583714,0.705043,0.484723,0.829663,0.283137,0.977326,0.099294,0.208842,-0.339642,-0.658177,0.187474,0.412198,-1.0
-0.633791,-0.807206,0.949213,0.142584,0.331394,0.790754,0.820782,0.519507,0.311798,0.640116,-0.091051,-0.098946,0.234329,0.516219,-1.0
-0.130823,0.014199,0.335519,-0.584675,0.050899,0.697969,0.551752,0.840233,0.039744,0.470616,-0.109458,-0.337166,0.138562,0.459002,-0.876545
0.912958,-0.576711,-0.373605,-0.832896,0.071922,-0.684752,0.0605,0.236966,0.009441,-0.0988,0.908613,0.10799,-0.490127,-0.062932,-0.972324
-0.769417,-0.048104,-0.450305,0.107464,0.640697,-0.34844,0.551361,0.453202,0.334459,-0.21088,-0.491304,0.13579,0.478077,-0.109311,-1.0
0.04059,0.021824,-0.364022,-0.333831,-0.154922,0.413099,0.590376,0.186769,-0.241551,0.463835,0.093842,-0.488972,-0.280026,0.537447,-1.0
-0.689598,-0.663907,0.93002,-0.957306,0.768556,0.562527,0.869615,0.815336,0.514433,0.417465,-0.102731,-0.031027,0.420425,0.248856,-1.0
0.084586,-0.931488,0.737287,-0.754468,0.296361,0.200521,0.359926,0.610748,0.260458,0.159058,-0.137948,-0.570895,0.132019,0.467422,-0.973414
-0.58142,-0.10591,0.70466,0.400257,0.519834,0.665542,0.481608,0.619497,0.250858,0.270989,-0.441536,-0.32491,0.449863,0.246087,-1.0
-0.991793,-0.847044,0.978233,0.618743,0.758104,-0.010986,0.988361,0.993573,0.798056,-0.047736,-0.013826,0.015925,0.470452,0.312937,-1.0
-0.255537,-0.767092,-0.931745,-0.574564,0.692463,0.505845,0.797178,0.735958,0.553417,0.328321,-0.122469,-0.110317,0.31616,0.37093,-1.0
-0.409546,0.9334,0.967567,0.059022,0.263446,-0.57626,0.743177,0.165136,0.274825,-0.510281,-0.226456,0.310866,0.204965,-0.501281,-0.872564
-0.624774,-0.524623,-0.156723,-0.332675,-0.27256,-0.181673,0.439213,0.662197,-0.233125,-0.185839,-0.355151,-0.342478,0.342394,0.360362,-0.982746
-0.227256,0.820411,0.581753,-0.454142,0.61456,-0.414523,0.680046,0.996714,0.395211,-0.285863,-0.095419,0.306203,0.319034,-0.293035,-1.0
-0.726082,-0.565422,-0.738541,0.777133,-0.198205,-0.797625,0.971485,0.992682,-0.266429,-0.757771,0.00727,-0.025025,0.501094,-0.165303,-0.985353
0.59132,0.384959,-0.709881,0.925856,0.237678,0.643208,0.76465,0.872349,0.246448,0.568224,0.119995,-0.103532,-0.421996,0.218275,-0.983508
0.144681,-0.046051,-0.871437,0.091779,-0.326959,-0.55761,0.014099,0.239556,-0.002569,-0.026825,0.710367,0.677904,-0.3622,-0.327762,-1.0
0.727891,-0.501396,-0.65512,-0.817797,-0.485972,0.220874,0.788547,0.836358,-0.63187,0.207517,0.351743,-0.105762,-0.481477,0.301299,-1.0
0.693139,-0.590357,-0.485592,0.975303,0.708963,-0.58349,0.170294,0.60161,0.106691,-0.141391,-0.774029,-0.211097,0.460505,0.201686,-0.966947
0.712356,-0.005988,-0.955853,0.938057,0.586021,-0.535179,0.614587,0.371525,0.352877,-0.338486,0.10344,0.401798,-0.17367,-0.454339,-0.886503
0.347383,-0.647305,0.536436,-0.105902,-0.778114,-0.90879,0.496195,0.322556,-0.201698,-0.28717,0.526301,0.066665,-0.517674,-0.146893,-1.0
0.293862,-0.237844,0.87838,0.54525,-0.467775,0.485438,0.160034,0.58258,-0.138883,0.065297,0.603128,-0.564754,-0.370161,0.353981,-0.957438
-0.103875,0.605899,-0.331572,0.632061,0.824419,0.423265,0.417239,0.030404,0.323209,0.149051,-0.654954,0.105782,0.506024,-0.064346,-1.0
0.839729,0.018003,-0.194054,-0.686548,-0.715002,-0.745306,0.912931,0.763593,-0.481302,-0.525566,0.074853,0.203002,-0.484869,-0.255063,-1.0
-0.449444,-0.656599,-0.270624,-0.607276,0.586785,-0.219197,0.210579,0.577827,0.107715,-0.022533,-0.686369,-0.389749,0.419178,0.120805,-0.951202
0.922311,0.638605,0.520935,0.220525,-0.495872,0.637172,0.997213,0.989469,-0.431924,0.577175,0.072274,-0.020622,-0.440952,-0.00262,-1.0
0.732833,-0.957587,-0.485952,0.053907,0.747735,0.35777,0.658376,0.21041,0.501765,0.208668,-0.01272,-0.392303,0.06051,0.509761,-1.0
0.46655,0.682808,0.425726,0.339759,0.103895,-0.515533,0.437929,0.760727,0.091644,-0.378542,0.167821,0.431595,-0.241233,-0.543112,-0.928691
-0.474954,0.737612,0.408174,0.265216,0.856899,0.246567,0.21526,0.571622,0.205604,0.056706,-0.666573,0.37412,0.476488,-0.208148,-0.961434
0.377989,-0.21828,0.266886,0.375621,0.209008,0.806488,0.916292,0.201588,0.200271,0.69924,0.025446,-0.089716,-0.094579,0.447324,-0.963273
-0.087383,0.078111,-0.677668,-0.907276,-0.623978,0.70608,0.141671,0.665816,-0.048816,0.186437,0.523748,-0.65286,-0.293223,0.346076,-0.958436
0.736563,0.298769,0.589722,-0.638433,0.331339,-0.942388,0.257549,0.974268,0.042071,-0.171206,0.273648,0.708934,-0.233156,-0.454432,-1.0
-0.36214,-0.754924,-0.027137,-0.072591,0.765077,0.239364,0.237324,0.929614,0.126128,0.089026,-0.562936,-0.521705,0.445686,0.341958,-1.0
0.375156,-0.018125,-0.969663,-0.352052,0.884967,0.712281,0.165276,0.012902,0.095833,0.087664,-0.471945,-0.773865,0.264525,0.461843,-0.914397
-0.850655,-0.149517,-0.567333,0.070135,-0.47556,-0.155897,0.88845,0.813327,-0.743933,-0.187849,-0.243749,-0.00282,0.558975,0.000529,-0.984612
0.640343,-0.6205,0.70678,0.697117,0.892414,0.569253,0.397462,0.668093,0.319658,0.16474,-0.191355,-0.692477,0.101168,0.502489,-0.968325
-0.686993,-0.859989,0.242881,0.940128,-0.071552,-0.995761,0.919399,0.945887,-0.103038,-0.737233,-0.079847,0.053024,0.438325,-0.179668,-1.0
-0.232705,0.878039,-0.949387,0.614312,-0.735937,-0.351607,0.203659,0.278783,-0.150864,-0.085307,0.217425,0.774778,-0.16774,-0.439861,-1.0
0.440658,0.110423,-0.681784,-0.220797,-0.782434,0.652716,0.002895,0.215646,0.07106,-0.011068,0.925695,-0.348826,-0.472762,0.299621,-0.952781
0.768427,0.923028,0.17015,-0.108627,-0.044176,-0.358251,0.831915,0.256724,-0.031885,-0.652781,0.061533,0.101383,-0.175825,-0.449484,-1.0
-0.513074,-0.696878,-0.646609,-0.063704,-0.037926,0.659462,0.788689,0.1483,-0.068361,0.635745,-0.043338,-0.122507,0.118264,0.528923,-0.991373
-0.117854,-0.432423,-0.739036,0.844084,-0.936215,-0.586377,0.485049,0.133314,-0.34835,-0.162049,0.598153,0.029726,-0.520668,-0.032719,-1.0
0.156944,-0.610577,-0.804527,0.35542,-0.967768,-0.168087,0.753386,0.906385,-0.663869,-0.200497,0.205288,-0.075955,-0.413614,0.11379,-0.968476
-0.485648,0.666594,0.68569,0.548062,0.007288,-0.783788,0.609356,0.159739,-0.00886,-0.434961,-0.05002,0.352428,0.221443,-0.493822,-0.951106
0.637245,0.633344,-0.656245,0.430767,0.425227,-0.263489,0.72367,0.279172,0.541489,-0.310198,0.098049,0.214745,-0.085216,-0.43208,-1.0
-0.276939,0.028822,-0.130635,-0.222995,0.839441,0.63305,0.894472,0.366545,0.528954,0.447406,-0.117024,-0.035683,0.462968,0.347506,-1.0
-0.592668,-0.071674,-0.054652,-0.555865,0.262108,-0.761186,0.638069,0.620421,0.092502,-0.502701,-0.272883,0.178606,0.381449,-0.284101,-1.0
-0.837769,0.195715,-0.861602,-0.613115,0.007348,0.014299,0.844082,0.628135,0.347088,0.632665,-0.140906,0.068248,0.464412,-0.028116,-1.0
0.838174,0.682594,0.947036,0.325208,-0.227372,-0.190546,0.130249,0.78819,-0.097291,-0.100116,0.695592,0.458607,-0.342273,-0.234248,-1.0
0.219531,0.599694,-0.063564,-0.192877,0.757403,0.888021,0.318226,0.524968,0.21109,0.194767,-0.625597,-0.313572,0.358522,0.246717,-1.0
0.473681,-0.832273,0.270319,-0.911508,0.136152,0.756535,0.11179,0.602206,0.059929,0.189886,0.238974,-0.828487,-0.122352,0.444153,-0.980398
-0.277904,-0.498663,0.868958,-0.115023,-0.819738,0.353392,0.146126,0.458638,-0.108887,-0.027136,0.454263,-0.619681,-0.27054,0.377962,-1.0
-0.496244,0.939165,0.946931,0.706471,-0.653747,-0.475747,0.350158,0.079169,-0.186413,-0.1803,0.021754,0.60385,-0.082421,-0.546432,-0.999062
-0.808545,-0.316755,0.014223,0.528957,-0.588969,0.097185,0.127417,0.733631,-0.049302,0.004199,-0.414843,-0.931641,0.180651,0.473606,-0.973688
0.088131,-0.017279,0.209338,-0.327876,0.232794,0.433655,0.31657,0.374283,0.165019,0.236369,-0.104358,-0.661293,0.099167,0.49962,-1.0
0.314649,0.411515,0.584663,-0.168927,0.525461,0.732515,0.256931,0.440909,0.061653,0.076756,-0.429545,-0.644836,0.313986,0.386908,-0.934537
-0.656769,-0.821605,-0.869667,0.02639,-0.040591,-0.168953,0.916762,0.074327,-0.150042,-0.703979,-0.12491,-0.024926,0.359647,0.311426,-0.99449
-0.670623,-0.148029,0.228035,0.230477,0.977074,-0.63475,0.996843,0.716701,0.645111,-0.379382,-0.013425,-0.010681,0.501837,-0.128115,-1.0
0.707497,-0.94632,0.506342,-0.695644,-0.643103,-0.010992,0.700213,0.717481,-0.493382,-0.070862,0.249397,-0.134519,-0.423485,0.295463,-1.0
-0.715744,0.384927,-0.644486,0.035627,0.887381,-0.199495,0.317894,0.127472,0.244818,0.016126,-0.627473,0.180297,0.503302,-0.165154,-1.0
-0.306333,-0.961271,0.094416,0.31872,0.573525,-0.604909,0.973661,0.754284,0.534079,-0.609603,-0.081975,-0.026923,0.36794,0.222957,-1.0
-0.62172,-0.568903,-0.790926,0.495386,0.552844,0.472643,0.727366,0.296629,0.422055,0.414168,-0.210826,-0.137804,0.459631,0.250386,-0.965943
0.758884,0.007672,-0.497088,-0.580225,-0.447342,0.734653,0.906419,0.714715,-0.284891,0.584796,0.018786,0.045422,-0.510303,0.297353,-0.987023
0.656926,-0.063207,0.477191,0.359363,0.651531,-0.218577,0.02469,0.731595,-0.019411,0.030112,0.12084,0.945733,-0.011048,-0.489636,-0.957703
0.021613,-0.664529,-0.519007,-0.058812,0.86486,0.940014,0.84377,0.994164,0.51932,0.434411,-0.064453,-0.109763,0.262972,0.469761,-1.0
-0.134906,-0.815143,-0.769461,-0.444017,-0.105008,-0.392196,0.092878,0.769438,-0.032267,-0.060169,0.024082,-0.964268,0.073137,0.491894,-1.0
-0.661453,-0.136417,0.697679,-0.632573,-0.927308,0.760615,0.858984,0.212215,-0.442724,0.468744,-0.014878,-0.124768,-0.156151,0.468443,-0.95279
0.015712,0.616229,0.399891,0.689256,0.351543,-0.735309,0.59638,0.483838,0.222677,-0.439136,-0.150716,0.353516,0.217962,-0.417037,-0.95872
0.216473,0.429493,0.787724,-0.253611,0.845407,-0.292476,0.348418,0.321123,0.304139,-0.116121,-0.393212,0.595421,0.307048,-0.294917,-1.0
-0.345018,-0.88627,0.797102,0.367287,-0.814876,0.95157,0.095266,0.768903,-0.161737,0.152955,0.19557,-0.783174,-0.152166,0.412526,-1.0
0.686782,-0.450253,-0.734059,0.388276,0.466243,0.276933,0.055944,0.464826,0.044335,-0.097317,0.293541,-0.792366,-0.153122,0.472352,-0.881812
0.54884,-0.431385,0.873503,-0.789359,-0.579891,-0.640221,0.439001,0.81736,-0.170203,-0.263294,0.564361,0.072273,-0.520532,-0.103562,-0.945054
-0.803203,0.102613,-0.473112,0.228516,-0.633472,-0.345696,0.446219,0.166138,-0.350095,-0.097948,-0.186626,0.43696,0.225554,-0.482902,-1.0
-0.647543,-0.353196,-0.09986,0.899281,0.014305,0.743641,0.696231,0.112703,0.049558,0.646765,-0.190221,-0.260147,0.267834,0.45239,-1.0
0.719719,0.52372,0.383236,-0.444592,0.939096,0.248431,0.292071,0.486396,0.175776,0.055242,-0.393945,0.55951,0.301156,-0.438409,-0.990396
0.451972,0.657085,0.350651,0.846871,0.461502,0.1059,0.953349,0.136058,0.848572,0.170978,0.052434,0.0441,0.020198,-0.469637,-1.0
-0.842168,0.391595,-0.702275,0.985939,0.644608,-0.102916,0.58497,0.668722,0.401657,-0.052669,-0.384562,0.267746,0.445432,-0.219378,-1.0
-0.844299,0.724677,0.131946,0.416417,0.543899,0.850987,0.409645,0.750894,0.153549,0.316051,-0.593362,-0.071832,0.44307,0.133058,-1.0
-0.461055,-0.217024,-0.222911,0.145547,-0.900267,-0.709454,0.046725,0.63004,-0.04097,-0.025643,0.689161,0.684242,-0.420231,-0.363274,-0.989
-0.21789,0.503684,0.75484,0.501346,-0.264971,-0.615616,0.211965,0.965672,-0.004572,-0.118711,0.026584,0.760723,-0.097871,-0.462277,-0.875048
0.097358,-0.123878,0.46527,-0.73451,0.861703,0.271252,0.754497,0.039845,0.606067,0.236745,-0.312605,-0.145508,0.494055,0.222352,-0.919397
0.915365,-0.94347,0.218639,-0.419849,0.485006,-0.804575,0.355447,0.094156,0.023798,-0.226216,0.714113,-0.147347,-0.547082,0.189221,-1.0
-0.407725,-0.104629,-0.068921,0.579538,-0.716514,-0.412395,0.787825,0.934689,-0.515039,-0.357729,0.117575,0.172719,-0.398667,-0.438317,-0.989245
-0.033435,0.602028,0.499138,0.23924,-0.482201,0.049918,0.335723,0.640436,-0.213635,0.005607,0.412138,0.422574,-0.274265,-0.405378,-0.981414
-0.852215,-0.62445,0.764798,-0.488265,0.269502,0.964831,0.384268,0.728616,0.103328,0.371622,-0.374176,-0.467237,0.216576,0.364127,-1.0
-0.825999,0.770998,0.411998,0.264279,-0.098124,0.106939,0.446642,0.303821,-0.187905,0.326762,-0.339826,0.323449,0.436074,-0.323637,-1.0
0.267104,-0.557354,-0.371196,-0.241192,0.417006,-0.398407,0.361105,0.798237,0.196769,-0.286971,-0.401939,-0.514028,0.365557,0.386971,-1.0
0.698227,0.779751,0.02543,-0.98048,0.654796,-0.658777,0.528488,0.634593,0.305387,-0.287826,0.004801,0.472712,-0.05384,-0.477355,-0.975646
-0.36371,0.725772,-0.079763,0.937535,-0.60605,-0.884244,0.331623,0.160355,-0.169419,-0.184367,0.125098,0.700018,-0.028589,-0.495688,-0.973194
-0.37652,0.122888,-0.579548,0.70906,0.623648,-0.588126,0.008566,0.668144,-0.044504,0.049219,-0.870359,0.513846,0.416504,-0.164918,-0.978975
-0.416134,0.039116,0.144303,0.677897,-0.284343,0.303977,0.620235,0.502645,-0.355412,0.369647,-0.196275,-0.345085,0.308997,0.352192,-1.0
-0.429146,0.506619,0.678911,-0.082984,-0.488785,-0.182359,0.617524,0.214447,-0.47723,-0.087631,-0.016117,0.42756,-0.020324,-0.477386,-0.98297
0.109984,-0.42362,-0.803007,-0.96474,0.128597,-0.052842,0.797898,0.048967,0.657932,-0.251385,-0.080367,-0.173224,0.017946,0.493681,-1.0
0.139667,-0.345692,-0.11114,0.940053,0.089114,0.363349,0.505477,0.526453,0.145033,0.405683,0.002542,-0.432942,-0.031431,0.513379,-0.899625
-0.687187,0.819974,-0.989721,0.311856,-0.803207,-0.061053,0.577408,0.077666,-0.432488,-0.060149,0.008861,0.395953,-0.046931,-0.534341,-0.925702
0.772108,0.18983,-0.100329,-0.371724,0.479135,-0.536322,0.701779,0.556193,0.327551,-0.375791,0.161204,0.246737,-0.242871,-0.55305,-0.957047
-0.988207,-0.131489,0.770233,0.714086,0.530064,0.515691,0.316373,0.272817,0.22557,0.181298,-0.596136,-0.297119,0.487718,0.12468,-1.0
0.489407,-0.76795,0.870778,-0.202806,0.418541,-0.931675,0.112927,0.869976,0.02504,-0.172538,0.339769,0.900192,-0.116728,-0.455777,-1.0
-0.65109,0.817425,-0.063368,-0.828199,0.741535,-0.957336,0.169907,0.00469,0.053644,-0.039452,-0.556052,0.711785,0.302042,-0.297258,-0.987521
0.559137,0.116772,-0.560969,0.946791,0.087504,0.968186,0.456541,0.976741,0.021087,0.308709,0.269504,-0.50865,-0.296901,0.398578,-1.0
0.39952,-0.682333,0.865739,-0.018468,-0.801274,0.514898,0.996357,0.727415,-0.730445,0.462902,0.020581,-0.014783,-0.453941,0.417802,-1.0
-0.696034,0.869522,-0.085111,0.615252,0.117595,-0.669046,0.076148,0.225268,0.060066,-0.041403,-0.464429,0.882167,0.246251,-0.469557,-1.0
0.938263,0.102243,-0.458751,0.372332,-0.186512,0.497707,0.709769,0.771034,-0.213904,0.487762,0.229434,-0.069684,-0.403622,0.176622,-1.0
0.771284,-0.369234,0.365054,0.708486,0.68854,-0.094751,0.00272,0.204062,-0.022172,0.035286,0.294783,-1.0,-0.175134,0.537592,-1.0
-0.913106,-0.547359,0.193955,-0.391051,-0.479643,0.414209,0.904322,0.61878,-0.571539,0.451149,-0.002444,-0.053594,0.198693,0.50375,-0.933844
0.528847,-0.73464,0.357383,-0.275598,-0.018795,0.584473,0.839823,0.771897,0.011011,0.707153,0.062569,-0.233835,-0.171916,0.441066,-1.0
0.879695,-0.84852,-0.957254,-0.039022,0.152011,0.27674,0.341203,0.523621,0.129422,0.241049,0.418156,-0.597028,-0.321459,0.39367,-0.994203
-0.679073,0.299814,0.917334,0.452254,-0.538312,0.660911,0.656708,0.463616,-0.255379,0.366987,-0.083401,-0.328779,0.157099,0.575846,-1.0
-0.212963,-0.648247,-0.751702,0.676841,-0.418804,-0.578051,0.365373,0.616755,-0.154878,-0.315271,0.653291,-0.17034,-0.513483,0.176711,-1.0
0.816416,-0.877932,-0.199299,-0.827193,0.008144,0.586582,0.90179,0.367344,0.002338,0.708769,-0.004136,-0.137367,-0.238578,0.414627,-1.0
0.976893,-0.761575,0.726732,-0.638034,-0.512918,-0.668957,0.945436,0.650041,-0.459251,-0.601757,0.041239,-0.027785,-0.507114,0.019228,-0.992278
0.3837,-0.202765,0.760237,0.097118,0.584832,0.080279,0.534911,0.0344,0.385543,0.044975,-0.253302,-0.456802,0.175467,0.410829,-0.945909
0.776941,-0.210118,-0.703593,-0.864439,-0.445903,-0.820765,0.275863,0.112258,-0.133636,-0.205794,0.641614,0.334889,-0.426934,-0.256137,-1.0
-0.662192,0.596702,-0.418478,0.070038,0.168939,0.793024,0.26141,0.977942,0.03025,0.249096,-0.647553,-0.132329,0.503273,0.216813,-1.0
0.737964,0.129027,-0.798239,-0.287485,0.649788,-0.907078,0.024074,0.304897,-0.061845,-0.050578,0.149993,1.0,0.010355,-0.568135,-1.0
0.773671,0.772897,-0.384137,0.045628,-0.239875,0.577383,0.381999,0.684226,-0.043273,0.197002,0.553168,0.131765,-0.440125,-0.117016,-1.0
0.943848,-0.040068,-0.566379,0.08382,-0.074209,0.261599,0.73668,0.309684,-0.149859,0.549717,0.237034,-0.03596,-0.508433,0.186784,-1.0
0.43505,-0.298554,0.410685,0.093102,0.198342,0.458162,0.26344,0.331623,0.052488,0.169957,0.14969,-0.728516,-0.138347,0.532334,-1.0
-0.064627,-0.536123,0.170038,-0.066284,-0.011403,0.056214,0.911986,0.948756,-0.181251,0.798677,0.034244,-0.145976,0.01236,0.543379,-0.894557
-0.547416,-0.756052,0.110696,0.500626,0.521632,-0.720345,0.595245,0.786851,0.302837,-0.414539,-0.384467,0.044343,0.464076,0.033523,-0.963548
0.39578,0.447999,0.125601,-0.058598,-0.658673,-0.156881,0.90533,0.753441,-0.686992,-0.119637,0.066274,0.044569,-0.438427,-0.274425,-0.999518
0.125596,-0.763592,0.288946,-0.786981,-0.014416,-0.888973,0.62273,0.913303,-0.038474,-0.506521,0.181231,0.24704,-0.258834,-0.294731,-1.0
-0.918546,0.93447,-0.212229,-0.24088,0.414707,0.222351,0.43905,0.878013,0.281316,0.085359,-0.430895,0.257357,0.437201,-0.219513,-0.972333
-0.689399,0.445212,-0.615078,-0.316987,-0.521888,0.85011,0.028,0.062983,0.010246,-0.078618,-0.404035,-0.887324,0.174067,0.525263,-1.0
-0.247027,-0.585526,0.693529,0.410168,0.1666,0.459781,0.745064,0.429044,0.176668,0.678332,-0.121954,-0.243417,0.232538,0.475291,-0.931573
-0.254617,0.978789,-0.612123,0.962941,-0.079065,-0.419912,0.586562,0.130975,-0.124549,-0.451436,-0.105766,0.433577,0.09661,-0.468793,-1.0
-0.599785,-0.549067,0.881922,-0.698915,0.133035,-0.35441,0.078161,0.02629,-0.053674,-0.076414,-0.939727,-0.224396,0.525382,0.119985,-1.0
0.031567,0.509716,-0.315779,-0.256326,-0.61496,0.432247,0.726597,0.312038,-0.534435,0.386402,0.278979,0.03927,-0.536907,-0.044523,-0.929388
0.212045,-0.852485,0.95316,-0.28263,-0.790595,0.440459,0.30135,0.652311,-0.191029,0.09559,0.457639,-0.581267,-0.354249,0.328269,-1.0
0.214574,0.735428,0.441785,0.477048,0.868491,0.217724,0.102568,0.533013,0.177754,0.012769,-0.851105,0.549218,0.359305,-0.3323,-1.0
0.103554,-0.677863,0.22382,0.966542,0.246106,-0.563885,0.911938,0.690996,0.236947,-0.744358,-0.030301,0.041474,0.308568,0.341086,-0.937459
0.756935,0.661676,0.876613,-0.747488,-0.660936,0.51073,0.788163,0.35239,-0.486998,0.370582,0.196798,0.105265,-0.461221,-0.054013,-0.962414
0.648202,0.550773,-0.328769,0.929123,0.471339,-0.609873,0.279171,0.372477,0.201871,-0.185709,0.082788,0.658125,-0.086069,-0.513133,-1.0
-0.725768,0.779889,-0.706433,0.635913,-0.217794,-0.59691,0.664455,0.124866,-0.166697,-0.492235,-0.034081,0.279979,0.155106,-0.490666,-0.950944
-0.572615,-0.299391,-0.5672,-0.544108,-0.021347,-0.708261,0.156206,0.68461,0.037544,-0.083024,-0.737565,0.501269,0.398217,-0.288246,-0.97634
-0.312214,0.545452,-0.454519,-0.281069,0.273255,0.714463,0.216675,0.3512,0.098617,0.038543,-0.755812,-0.230788,0.509693,0.107947,-1.0
-0.866475,-0.77805,0.296162,0.965878,0.702136,-0.803605,0.632311,0.432706,0.301357,-0.466376,-0.402924,0.024817,0.514639,-0.020298,-1.0
0.490321,-0.859322,-0.933284,-0.235155,-0.952564,0.240514,0.381003,0.518893,-0.298911,-0.008361,0.498453,-0.332607,-0.336532,0.350219,-1.0
-0.474492,0.384137,-0.962753,-0.929676,-0.455088,-0.540976,0.729275,0.14022,-0.358014,-0.494339,-0.022995,0.261545,0.061972,-0.48726,-0.992087
-0.371542,0.000169,-0.727331,0.325626,0.250811,0.67121,0.715204,0.539248,0.224201,0.549259,-0.240025,-0.184382,0.360676,0.311243,-1.0
-0.151552,0.04082,-0.860419,-0.906698,-0.984282,-0.708271,0.079485,0.820889,-0.059652,-0.068997,0.71208,0.637588,-0.337141,-0.323502,-1.0
-0.448866,0.240455,0.851075,-0.282335,0.350046,0.422714,0.91903,0.504553,0.532309,0.569746,-0.081081,-0.011129,0.457133,0.08144,-0.971188
0.767759,-0.392195,0.020266,-0.557749,-0.179991,0.631295,0.407732,0.564238,-0.073236,0.360857,0.311316,-0.402834,-0.328227,0.336802,-1.0
-0.353671,-0.807262,0.940866,-0.394604,0.506553,0.701753,0.483436,0.667374,0.250152,0.333029,-0.325013,-0.501444,0.250277,0.453346,-0.947783
-0.467427,-0.731221,0.101129,0.679759,-0.57438,-0.414884,0.26617,0.577228,-0.215722,-0.179602,0.288154,-0.679681,-0.17727,0.415043,-1.0
-0.456897,-0.333727,0.88492,0.992516,0.141023,0.171597,0.36054,0.303763,0.188584,0.229547,-0.380235,-0.473579,0.389891,0.273126,-0.989992
0.039217,-0.748997,0.101384,0.454943,0.852664,-0.520186,0.647001,0.896939,0.458548,-0.272714,-0.331738,-0.096886,0.491434,0.097464,-1.0
-0.482458,0.778543,0.169524,0.966016,0.007012,-0.790336,0.328035,0.269876,-0.031688,-0.286965,-0.204507,0.683521,0.10854,-0.495002,-0.925302
-0.907648,-0.015711,-0.959378,0.94863,-0.92639,0.843761,0.455659,0.127657,-0.238756,0.283771,-0.064731,-0.524294,0.030548,0.481264,-1.0
-0.789229,-0.974928,-0.020352,-0.561315,0.145196,0.519681,0.449892,0.51525,0.220904,0.217007,-0.346868,-0.422921,0.331963,0.398232,-0.981396
0.472316,0.392113,-0.112129,-0.301448,-0.838506,-0.257751,0.238342,0.47229,-0.204395,-0.109248,0.688463,0.343243,-0.455583,-0.25746,-0.894924
0.301317,-0.002998,-0.232231,-0.7509,0.34263,0.302447,0.193636,0.257462,0.107037,0.01787,-0.092537,-0.809179,0.084488,0.471474,-1.0
0.962723,-0.436559,-0.578929,-0.793525,0.870929,-0.530392,0.038457,0.40592,-0.048814,-0.022494,0.742921,0.743673,-0.346844,-0.3707,-0.976416
0.448932,0.031486,-0.304323,-0.390608,0.003827,0.92356,0.750367,0.746176,0.015071,0.577416,0.079816,-0.165283,-0.20646,0.43162,-1.0
-0.550969,0.665997,0.016887,0.729996,-0.124115,0.354895,0.110404,0.46025,-0.041889,0.000332,-0.737337,0.45164,0.473141,-0.231189,-1.0
-0.274493,-0.691757,0.369062,-0.303059,-0.234659,-0.116944,0.210517,0.37992,-0.1144,-0.083597,-0.051044,-0.804597,0.032523,0.494085,-0.947012
0.821564,-0.766081,-0.752744,-0.522009,-0.76356,0.902545,0.289762,0.623046,-0.083755,0.078819,0.451785,-0.601171,-0.369159,0.35767,-0.970244
-0.916427,0.471572,0.856538,0.849182,0.661173,-0.603912,0.323847,0.13167,0.201085,-0.155101,-0.620708,0.331266,0.49171,-0.207548,-1.0
0.894389,0.725048,0.865021,0.913719,0.569269,0.636193,0.556342,0.999458,0.27281,0.361833,0.43033,0.012234,-0.478878,-0.137738,-0.980408
0.677593,0.655272,0.411836,-0.272715,-0.898486,0.695206,0.956605,0.793288,-0.650174,0.339672,0.00382,0.035273,-0.473487,-0.13353,-1.0
-0.759033,-0.482434,0.700739,-0.292102,-0.499828,0.26071,0.718603,0.553313,-0.509853,0.151426,-0.138501,-0.246029,0.229651,0.456317,-1.0
-0.83145,0.321825,0.739524,-0.953336,-0.710904,-0.042004,0.163837,0.953195,-0.138139,0.023118,-0.268448,0.730853,0.165563,-0.456346,-1.0
0.792513,0.688296,0.113068,0.459636,0.423926,0.091767,0.852691,0.435463,0.551768,0.084215,0.128593,0.168601,-0.148368,-0.511055,-0.948376
-0.51659,-0.506906,-0.124286,-0.963173,0.99058,0.954327,0.108588,0.6526,0.072296,-0.004966,-0.653631,-0.608559,0.338331,0.369227,-0.866743
0.929311,-0.723171,0.746486,0.407991,-0.688265,-0.369843,0.002138,0.968574,0.121919,-0.053002,0.94695,-0.16943,-0.462638,0.058975,-1.0
0.904486,0.431851,0.061273,0.366803,-0.026013,0.258974,0.789318,0.190491,-0.077417,0.5958,0.188292,-0.01556,-0.457973,-0.007089,-0.976403
-0.566666,-0.046007,0.976456,-0.881105,-0.701227,0.196975,0.70613,0.103778,-0.507877,0.063799,0.278331,-0.258198,-0.160657,0.468668,-1.0
-0.102529,0.288281,0.040692,-0.125824,0.275263,0.749182,0.463723,0.103946,0.179871,0.39023,-0.333921,-0.430236,0.212571,0.312864,-1.0
0.825736,-0.536055,-0.236416,0.23642,0.574777,-0.555942,0.862486,0.794156,0.436571,-0.54866,0.174755,0.013992,-0.449365,0.063542,-0.922559
0.139649,0.663777,-0.827614,-0.971786,-0.931896,0.665109,0.326035,0.23729,-0.208135,0.241095,0.679224,-0.051947,-0.540267,0.03385,-0.9935
-0.009481,0.869107,-0.642087,-0.514973,-0.23336,-0.616852,0.998624,0.102766,-0.23065,-0.838981,0.027838,0.059829,-0.163184,-0.425816,-1.0
-0.950331,-0.528011,-0.538432,0.517256,-0.555293,-0.320511,0.512955,0.248597,-0.281834,-0.160785,-0.437901,-0.190015,0.410368,0.304571,-0.986465
-0.673106,-0.247031,0.088766,0.191393,0.268249,0.011739,0.866966,0.954905,0.645765,-0.014755,-0.099432,-0.077184,0.494098,0.092654,-1.0
0.56452,0.881506,0.961044,-0.470549,0.144875,0.102783,0.088999,0.410077,0.016816,0.088724,0.389412,0.754422,-0.166567,-0.432067,-1.0
-0.271235,-0.020514,-0.909717,0.367014,0.805383,-0.179065,0.190923,0.795842,0.177519,0.003377,-0.787891,0.054074,0.479391,-0.086628,-0.968723
-0.731598,-0.200799,0.258237,0.130183,0.56232,-0.09333,0.7302,0.762239,0.598643,-0.100204,-0.242016,-0.035713,0.620936,0.103194,-0.983631
-0.130979,-0.663776,0.603418,0.257484,-0.847192,0.370804,0.249317,0.827084,-0.170693,0.07032,0.365672,-0.626706,-0.299436,0.407928,-0.941185
-0.611449,-0.726237,0.300533,-0.518553,-0.799711,0.956396,0.192638,0.455539,-0.05037,0.087614,0.084615,-0.835715,0.016733,0.535102,-1.0
0.818691,-0.271757,-0.715225,0.047868,-0.258457,-0.01158,0.499517,0.380863,-0.415345,-0.061889,0.527111,-0.077183,-0.504089,0.079302,-0.940823
-0.85288,0.927128,0.446849,-0.61211,-0.007106,0.676599,0.946035,0.923953,-0.062124,0.767865,-0.023195,0.008428,0.389575,-0.159896,-1.0
-0.748977,0.797818,0.58767,-0.681155,0.680563,-0.846881,0.097281,0.466902,0.046304,-0.025404,-0.690646,0.735765,0.337326,-0.374246,-1.0
0.681009,0.109994,0.321838,-0.836931,-0.320206,0.484099,0.176559,0.933284,-0.160306,0.124727,0.859944,-0.296041,-0.516087,0.19323,-1.0
0.008088,-0.312647,-0.461596,-0.099692,0.93632,0.185957,0.508765,0.621357,0.316139,0.217939,-0.390189,-0.162673,0.496309,0.243144,-1.0
0.96403,-0.889289,0.896978,-0.766195,-0.363862,0.766407,0.820858,0.557302,-0.205356,0.561034,0.089921,-0.043953,-0.359717,0.385437,-0.962515
0.662201,-0.60542,-0.890332,-0.904056,0.891988,-0.433922,0.470141,0.74726,0.384538,-0.139005,-0.411622,-0.236036,0.441742,0.259798,-1.0
0.015564,0.870878,0.407678,0.172331,0.158332,-0.4454,0.157687,0.092618,0.002514,-0.129793,-0.047863,0.817056,0.052725,-0.580698,-0.939876
0.994926,-0.033154,-0.240293,0.934621,0.316043,-0.710403,0.996208,0.022437,0.305656,-0.724803,0.020364,-0.005275,-0.334056,-0.329239,-1.0
0.044208,-0.449571,-0.857767,-0.961371,-0.024409,-0.761339,0.267922,0.777089,0.023831,-0.253649,0.099822,0.784098,-0.015191,-0.47099,-1.0
-0.860708,0.967304,-0.687048,-0.277744,0.363331,0.059741,0.118518,0.634473,-0.004391,-0.068929,-0.765418,0.455018,0.400928,-0.290319,-1.0
-0.282489,0.548062,0.088375,-0.042297,-0.088334,-0.589712,0.164424,0.289573,-0.059583,-0.084203,-0.04134,0.753688,0.127788,-0.496815,-1.0
0.210581,-0.771701,-0.968179,0.79146,-0.243415,0.838747,0.822214,0.235073,-0.148417,0.620875,0.039269,-0.199037,-0.202317,0.394778,-1.0
0.682381,0.491535,0.718844,-0.197421,-0.203856,0.375537,0.254784,0.254409,-0.067209,0.22668,0.735681,0.118642,-0.484202,-0.138712,-1.0
-0.356902,0.179485,-0.615831,-0.382005,-0.360661,0.453957,0.879993,0.907046,-0.366412,0.56959,-0.013497,-0.141889,0.036862,0.478846,-1.0
-0.185077,0.280243,-0.685676,-0.934473,0.174796,-0.226532,0.326837,0.909291,0.165053,-0.23123,-0.373004,0.564585,0.270073,-0.419916,-1.0
0.514137,-0.696535,-0.63632,0.619086,0.247973,0.923324,0.227647,0.046043,0.072112,0.286245,0.039646,-0.737107,-0.036622,0.512056,-0.99799
0.329311,0.139445,-0.184446,-0.108158,-0.583001,-0.376646,0.783054,0.704367,-0.542768,-0.378456,0.195364,0.068655,-0.43107,-0.244852,-1.0
0.305591,-0.616888,-0.92273,0.590501,0.250528,-0.148967,0.980093,0.437552,0.654811,-0.40716,0.070734,-0.07736,-0.049861,0.453512,-1.0
0.462452,-0.623685,0.453934,-0.31829,0.020202,0.435985,0.31421,0.590386,0.042218,0.247115,0.272606,-0.554819,-0.042812,0.500461,-1.0
0.160442,0.697277,-0.393719,-0.399335,-0.320329,0.661293,0.00261,0.038735,-0.006246,0.045265,1.0,0.087877,-0.494082,-0.039258,-1.0
0.402318,-0.958933,-0.776585,-0.832285,0.756942,0.506593,0.257607,0.113519,0.151674,0.103841,-0.260017,-0.722141,0.028975,0.417752,-0.98486
-0.482305,-0.936039,0.70779,-0.225358,-0.000788,-0.936199,0.60701,0.871059,-0.04385,-0.504193,-0.383514,-0.032169,0.532025,-0.150017,-0.960434
-0.45707,0.570638,-0.24365,0.4938,-0.817769,-0.997826,0.652079,0.675673,-0.163354,-0.446129,0.108762,0.291412,-0.125845,-0.45488,-1.0
0.340024,-0.474342,-0.158493,-0.478722,-0.564191,0.602618,0.384938,0.708367,-0.17022,0.20105,0.440826,-0.535097,-0.360819,0.428186,-1.0
0.937417,0.224736,0.72482,-0.141397,-0.374136,0.849344,0.025773,0.942927,0.017714,0.098545,0.851186,-0.445273,-0.473072,0.260197,-0.981989
-0.198989,-0.082378,-0.259742,-0.737799,0.530985,-0.561517,0.350172,0.742818,0.240044,-0.238654,-0.52504,0.400933,0.397268,-0.298646,-0.963148
0.501214,-0.621884,0.907431,0.620415,-0.016498,0.384768,0.041203,0.259239,-0.025019,-0.015556,0.481395,-0.75645,-0.328486,0.473795,-0.973688
0.999508,-0.90586,-0.385124,0.991786,0.577276,0.596484,0.603262,0.555507,0.503267,0.275025,0.081884,-0.368711,-0.15439,0.536378,-0.953082
-0.397573,0.140841,-0.441107,-0.29654,0.556459,0.311249,0.609821,0.587709,0.362326,0.205558,-0.402484,-0.052462,0.467943,0.186746,-0.943332
0.795476,-0.523424,0.399443,-0.767496,-0.863151,0.268623,0.929343,0.507453,-0.874742,0.295496,0.060246,-0.001723,-0.544559,0.31081,-1.0
-0.707723,-0.954964,-0.876054,0.393155,0.02285,-0.004693,0.479489,0.649673,0.37064,-0.070167,-0.24188,-0.35483,0.361188,0.439703,-0.966016
-0.559958,-0.007291,0.646051,0.929779,-0.159016,0.108661,0.237676,0.792029,-0.102294,0.177868,-0.703178,-0.220981,0.478298,0.062195,-0.968973
-0.108174,0.861318,-0.45282,-0.748969,0.810048,0.59628,0.010732,0.013001,-0.0217,-0.018371,-0.999555,0.217696,0.402252,-0.120879,-0.959173
-0.632634,0.569609,0.601792,-0.706324,0.565346,0.146477,0.064149,0.783716,0.068835,-0.002209,-0.828416,0.393119,0.507277,-0.198985,-0.953693
0.11327,0.236247,-0.914375,-0.696158,-0.90583,-0.758973,0.621226,0.072131,-0.517899,-0.305269,0.331677,0.253756,-0.397737,-0.406054,-1.0
0.467249,0.964493,-0.336622,0.699856,-0.457916,0.408325,0.671142,0.819504,-0.309422,0.42725,0.287667,0.203469,-0.383835,-0.201638,-0.956595
-0.619353,0.635098,-0.823266,0.625366,-0.017444,-0.139774,0.389461,0.733747,-0.006732,-0.310614,-0.388455,0.475184,0.302991,-0.458431,-0.990655
-0.667346,-0.200728,-0.860211,-0.216845,-0.718353,-0.069071,0.730916,0.289539,-0.584449,-0.004889,0.020366,-0.305429,-0.081342,0.615919,-1.0
-0.131474,-0.074239,-0.9174,0.699876,0.111983,0.303773,0.210891,0.707573,0.009506,0.111144,-0.408643,-0.660181,0.273231,0.457574,-0.975285
-0.882578,-0.86919,-0.857602,-0.103524,-0.437188,-0.838856,0.128052,0.349528,-0.054742,-0.119941,-0.885683,0.014036,0.41379,0.111867,-0.98152
0.612463,-0.677361,-0.593046,0.758818,-0.013134,0.993657,0.700294,0.533121,0.029598,0.553969,0.151367,-0.304016,-0.136846,0.485675,-0.951176
0.328915,-0.050253,-0.556461,0.911604,0.040924,0.346568,0.928447,0.084069,0.162977,0.843491,0.03409,-0.110384,-0.313965,0.312255,-1.0
-0.585579,0.654114,-0.991912,-0.130599,0.993404,-0.273975,0.027426,0.033126,-0.059946,-0.002514,-0.862205,0.474743,0.43444,-0.186554,-1.0
-0.748929,0.062309,0.408615,0.284649,-0.6099,-0.002916,0.922903,0.100369,-0.781269,0.010016,-0.055103,-0.029436,0.488857,-0.267627,-0.95489
-0.294774,0.649675,0.59566,0.748664,-0.73289,-0.989009,0.225536,0.906957,-0.084912,-0.155495,0.162072,0.720594,-0.139292,-0.483456,-1.0
0.817026,0.380625,0.924567,-0.242548,0.453995,0.168006,0.496487,0.858292,0.38585,0.065885,0.45258,0.267826,-0.447605,-0.252961,-0.991402
0.249902,-0.618165,0.475993,-0.867468,0.137556,-0.398403,0.122876,0.737121,-0.009832,-0.085895,0.357323,-0.809803,-0.227282,0.44146,-1.0
-0.217942,-0.404203,0.834638,-0.457404,-0.112648,-0.082409,0.02742,0.596226,-0.000775,0.058666,-0.333892,-0.872391,0.096824,0.43691,-1.0
0.694738,0.809102,-0.496055,0.161611,-0.798986,0.29281,0.368261,0.864399,-0.236245,0.144384,0.563595,0.122329,-0.466632,-0.235661,-0.979975
0.272039,-0.691048,0.357299,-0.343431,-0.901343,0.409005,0.213979,0.850123,-0.112373,0.043737,0.604834,-0.562114,-0.364671,0.447929,-0.941329
-0.382016,-0.858643,-0.302532,0.645614,0.421752,0.20244,0.910622,0.114839,0.723457,0.344995,-0.04649,-0.000981,0.298716,0.385849,-1.0
0.559075,0.312428,0.930507,-0.41074,0.513349,-0.447285,0.22359,0.829432,0.167664,-0.127261,0.02928,0.75249,-0.066398,-0.481532,-1.0
-0.524035,-0.713032,0.551334,-0.07829,-0.521743,-0.596769,0.657506,0.243845,-0.373009,-0.322205,0.005143,-0.379328,-0.01505,0.462725,-1.0
0.106904,0.713138,0.068673,0.263099,0.738124,-0.84777,0.45951,0.202915,0.228183,-0.276015,-0.148845,0.533297,0.218846,-0.402598,-1.0
0.268551,0.4621,0.491955,0.700272,0.204301,0.821994,0.053658,0.128264,-0.041393,0.084507,0.123932,-0.905624,-0.092536,0.484689,-0.974459
0.943072,-0.520607,-0.083427,0.821109,0.255634,0.479246,0.432749,0.624954,0.225819,0.364628,0.323259,-0.432708,-0.368317,0.421343,-0.972278
0.490185,0.696843,0.92566,-0.538454,-0.487307,0.29265,0.837509,0.77166,-0.445845,0.379324,0.131859,0.027467,-0.555459,-0.190922,-0.96253
-0.704315,0.061278,0.315791,0.13755,0.90399,-0.739857,0.320823,0.352324,0.242406,-0.162292,-0.570714,0.329561,0.459963,-0.25676,-1.0
-0.902923,0.195907,-0.89691,0.853211,-0.324686,-0.569964,0.264714,0.370512,-0.092408,-0.162873,-0.405613,0.52036,0.292826,-0.349972,-1.0
-0.346065,-0.95127,0.111535,0.88408,-0.059256,-0.750883,0.593505,0.899583,0.043113,-0.486179,-0.33631,-0.327306,0.404023,0.306101,-1.0
0.156833,-0.71406,0.570529,-0.217754,0.638308,0.387511,0.984644,0.921268,0.745596,0.458308,0.070252,-0.027097,0.289693,0.485917,-1.0
-0.358655,-0.181949,0.741901,0.284229,0.387008,-0.564957,0.540412,0.100779,0.229055,-0.372814,-0.446215,0.20177,0.473949,-0.211117,-0.898339
-0.303837,0.866277,-0.057128,0.846781,-0.419001,-0.885216,0.497656,0.877148,-0.14091,-0.303773,0.065609,0.518744,-0.118616,-0.61041,-1.0
-0.660231,-0.607861,0.508224,0.633828,0.099178,0.0236,0.02067,0.246377,-0.000566,-0.006244,-0.732589,-0.677376,0.534835,0.339918,-1.0
-0.781961,-0.391475,0.943346,-0.689201,0.127321,-0.41791,0.089753,0.665768,-0.049375,-0.063621,-0.888112,0.030259,0.513924,0.107888,-1.0
-0.991957,-0.831412,0.742086,-0.076916,-0.205961,-0.338999,0.736511,0.910495,-0.347185,-0.490779,-0.179636,-0.103289,0.482506,0.289033,-0.985617
0.903045,-0.14318,-0.327519,0.5199,0.374813,-0.547419,0.305664,0.256965,0.163685,-0.251342,0.561361,0.532865,-0.436658,-0.309154,-0.934748
0.364664,-0.372394,-0.049309,-0.99295,-0.134851,0.332066,0.600088,0.205352,-0.208058,0.424413,0.227079,-0.295469,-0.292757,0.454135,-0.95684
-0.801513,0.022762,-0.001512,-0.79708,-0.048751,-0.759317,0.261544,0.051307,0.026134,-0.21762,-0.55951,0.510993,0.284639,-0.399658,-0.973404
-0.862582,0.082198,-0.340072,0.552905,0.552976,0.546672,0.888865,0.502883,0.603372,0.584478,-0.09757,-0.045605,0.441363,0.148322,-1.0
0.641459,-0.162651,-0.784034,0.831113,0.950657,0.62803,0.338877,0.114712,0.248812,0.086359,-0.251321,-0.592288,0.144442,0.457323,-1.0
0.499033,0.832771,0.170941,0.675974,0.658862,-0.045271,0.103378,0.237214,0.056242,0.089187,-0.174042,0.875739,0.096729,-0.514134,-0.871159
0.779628,0.23958,-0.832404,-0.377264,-0.064326,-0.965531,0.727636,0.579559,-0.055394,-0.521288,0.117945,0.183872,-0.264067,-0.408585,-1.0
0.214795,-0.065439,0.897062,0.80156,-0.413469,0.480177,0.35793,0.684496,-0.204647,0.242289,0.573854,-0.494981,-0.426647,0.261066,-1.0
-0.734081,0.641932,-0.32176,0.472983,0.379776,0.062422,0.451058,0.131967,0.439484,0.058133,-0.500508,0.2907,0.338992,-0.169093,-0.912668
-0.688982,0.23618,0.173751,0.368242,0.676264,-0.184753,0.153349,0.268929,0.242169,-0.000645,-0.747647,0.250206,0.487356,-0.188876,-0.955284
0.50044,0.8185,-0.691899,0.623084,-0.565719,0.718725,0.264428,0.756336,-0.196996,0.152531,0.706711,-0.033098,-0.53516,-0.055313,-1.0
0.185842,-0.958178,0.743504,-0.734875,0.418636,0.60892,0.478649,0.392703,0.172609,0.264565,-0.100034,-0.465041,0.084977,0.495398,-0.953164
-0.789431,-0.385274,0.405082,0.952463,-0.275849,0.81007,0.545498,0.449419,-0.180537,0.49092,-0.10022,-0.408972,0.290714,0.464282,-0.942855
-0.05198,-0.624073,-0.41076,0.03151,0.812817,0.061287,0.152998,0.201763,0.1446,0.021398,-0.714497,-0.538114,0.441149,0.259516,-1.0
-0.112258,0.575082,-0.394964,0.423326,0.599186,0.390096,0.977748,0.713245,0.686524,0.482657,0.102525,-0.001077,0.455483,-0.095643,-0.943083
0.080855,-0.349998,-0.461273,-0.316127,0.522583,0.588865,0.528286,0.425825,0.217239,0.241353,-0.144297,-0.434315,0.240651,0.312138,-1.0
-0.651519,0.001123,-0.827147,-0.079608,0.505782,-0.764583,0.132715,0.062812,0.040268,-0.172476,-0.670925,0.528789,0.409779,-0.309301,-1.0
-0.866354,-0.672565,0.654278,-0.483016,-0.21204,0.755523,0.633308,0.337188,-0.118873,0.49628,-0.17799,-0.304714,0.210556,0.493241,-1.0
-0.682357,0.102662,0.444803,-0.888453,0.268056,0.643644,0.435988,0.236506,0.140341,0.304143,-0.524845,-0.271309,0.426122,0.207126,-1.0
-0.502028,0.844726,-0.327273,-0.991105,-0.549221,0.603505,0.770108,0.922516,-0.460962,0.463192,0.084339,0.174874,-0.115353,-0.498173,-1.0
-0.873099,0.254142,0.379585,0.77251,0.678868,-0.635386,0.091751,0.171257,0.023743,-0.00273,-0.690851,0.42174,0.419979,-0.256215,-1.0
0.167214,-0.268842,-0.063735,-0.320834,-0.56465,-0.380742,0.754228,0.311688,-0.51972,-0.291647,0.154162,0.032728,-0.468348,0.01195,-1.0
-0.492222,0.023313,0.349045,-0.101722,0.564016,-0.856069,0.050018,0.184815,0.120907,0.0457,-0.730527,0.582733,0.306161,-0.33481,-1.0
-0.393422,-0.336916,-0.09022,-0.930744,-0.262631,0.905902,0.258827,0.915222,-0.093311,0.076235,-0.104968,-0.714328,0.14548,0.515175,-0.974612
0.347289,-0.682966,0.689788,0.424559,-0.806212,-0.706262,0.238954,0.615894,-0.175705,-0.137119,0.680484,0.053134,-0.482389,0.055259,-0.907038
-0.82371,0.969305,0.92581,-0.547027,0.169901,-0.498344,0.774778,0.788785,0.167021,-0.614996,-0.112952,0.187511,0.19675,-0.321843,-1.0
-0.159547,0.079395,-0.067705,-0.704725,-0.53307,0.569395,0.907967,0.323492,-0.450341,0.527072,0.079745,-0.168482,-0.302325,0.372446,-1.0
0.173478,-0.81387,-0.629845,0.878501,-0.474102,0.223134,0.725512,0.475093,-0.51101,0.217612,0.194327,-0.285813,-0.236041,0.501363,-1.0
-0.147877,0.377292,-0.489658,0.587431,0.708073,-0.450727,0.867798,0.202058,0.598267,-0.394333,-0.19421,0.092699,0.411823,-0.312549,-0.970013
0.415209,0.677472,0.749647,0.835523,-0.98637,0.588266,0.132229,0.201468,-0.137372,0.042723,0.971879,0.036741,-0.549152,0.016837,-1.0
-0.411558,0.434144,-0.875519,-0.769242,0.026354,0.672917,0.099107,0.054828,-0.12348,0.130239,-0.82918,-0.453803,0.428152,0.248443,-0.937819
-0.452805,-0.456592,-0.21774,-0.328784,0.569865,0.229785,0.731415,0.55969,0.517016,0.303733,-0.18486,-0.136121,0.37077,0.217983,-0.992962
-0.951015,0.989569,-0.890907,-0.753327,-0.319709,-0.307552,0.028758,0.764966,-0.006023,-0.096567,-0.504606,0.811608,0.327745,-0.455712,-0.905166
0.135331,-0.399242,-0.729707,0.680612,0.847156,-0.126617,0.317751,0.237977,0.243461,-0.14304,-0.64927,-0.201441,0.557657,0.229159,-0.905404
-0.543064,-0.066895,0.659287,0.844339,0.968184,0.442797,0.259684,0.371429,0.198297,0.049285,-0.741412,-0.206512,0.417182,0.149688,-0.9587
-0.136735,0.696491,0.192592,0.916525,0.553259,0.327365,0.743585,0.093719,0.518138,0.312617,-0.281108,0.071747,0.485794,-0.239063,-1.0
0.718613,0.816729,-0.182232,-0.51935,-0.591306,-0.712834,0.77535,0.744459,-0.38065,-0.429224,0.225419,0.089068,-0.342432,-0.392042,-0.960979
0.917028,-0.350812,0.248497,-0.903819,-0.608259,0.298686,0.657192,0.446847,-0.445216,0.316608,0.268788,-0.050026,-0.401841,0.25436,-0.917986
0.10202,0.696694,0.644118,0.956693,-0.604609,-0.222156,0.478679,0.348851,-0.356358,-0.18486,0.338265,0.389129,-0.312621,-0.378885,-1.0
0.958733,0.741192,-0.617356,0.922023,-0.725707,-0.855971,0.758191,0.676642,-0.375294,-0.385446,0.147596,0.169266,-0.375291,-0.398511,-1.0
-0.560557,0.056756,-0.474175,0.300516,0.768369,-0.265754,0.719708,0.63455,0.51688,-0.25833,-0.242826,0.005346,0.494874,-0.055581,-0.904533
-0.370023,-0.524478,-0.171205,-0.821127,-0.70224,0.014248,0.098348,0.800235,-0.020028,-0.016114,0.47843,-0.721072,-0.22275,0.4055,-0.954414
-0.883376,-0.900417,-0.595387,-0.48121,-0.496893,-0.626262,0.273807,0.888006,-0.074079,-0.147573,-0.71115,-0.358397,0.424319,0.261733,-0.895934
-0.00353,0.748775,0.735038,-0.758986,-0.223153,0.039225,0.17545,0.800069,-0.164755,0.002107,0.213073,0.887008,-0.154532,-0.511604,-1.0
0.98158,0.268578,-0.813898,0.246914,-0.244984,0.457797,0.610403,0.631504,-0.325619,0.427385,0.373948,-0.098883,-0.453051,0.025014,-1.0
-0.218875,0.265919,-0.322359,-0.045941,-0.267044,0.413365,0.428683,0.696687,-0.252062,0.302049,0.131676,-0.508795,-0.10809,0.454899,-1.0
0.440204,-0.183177,0.727387,-0.190014,-0.509222,-0.576376,0.278329,0.616412,-0.180698,-0.169037,0.732194,0.259685,-0.540558,-0.174659,-1.0
-0.877387,0.167785,0.082584,0.871023,0.936267,0.889423,0.684793,0.379115,0.347949,0.331934,-0.313174,-0.122265,0.416119,0.205273,-1.0
-0.021496,0.379126,-0.040277,0.024011,-0.636111,-0.194188,0.765467,0.730472,-0.548856,-0.150664,0.070773,0.114335,-0.424321,-0.345511,-1.0
0.845632,-0.737936,0.376078,0.537733,0.34946,0.150698,0.216915,0.884813,0.148729,0.049457,0.367934,-0.657617,-0.306288,0.408629,-1.0
0.488545,-0.861938,-0.770328,0.19893,-0.699535,0.327413,0.982124,0.107913,-0.674314,0.387098,-0.056766,-0.017503,-0.388357,0.334713,-1.0
0.880881,0.977937,0.933656,-0.534099,-0.584265,-0.562445,0.286185,0.234276,-0.175336,-0.143072,0.48891,0.603286,-0.319802,-0.388652,-0.995223
0.120481,0.481822,-0.208874,0.441307,0.969571,0.366094,0.391533,0.149253,0.300712,0.2002,-0.600974,0.174849,0.450138,-0.036442,-1.0
-0.660071,0.854215,0.03973,0.572511,0.584128,0.599789,0.918558,0.436771,0.435104,0.613105,-0.118958,0.02429,0.525343,-0.119657,-0.966701
-0.983567,0.634446,-0.283203,-0.730259,-0.013178,0.170047,0.115944,0.33102,-0.005101,0.106422,-0.862326,0.310931,0.407597,-0.141696,-1.0
-0.766914,-0.87184,0.47197,-0.499058,0.774732,0.044375,0.124974,0.588111,0.103651,-0.032687,-0.782105,-0.544439,0.448996,0.205438,-1.0
-0.366531,0.715247,-0.341248,-0.482394,0.048052,-0.619374,0.142916,0.341274,-0.025565,-0.156705,-0.301179,0.789087,0.106677,-0.397502,-0.985562
0.905067,0.092837,0.153543,-0.318863,0.017579,0.092043,0.505006,0.957265,0.102257,0.388101,0.363163,-0.045803,-0.509365,-0.00402,-1.0
0.494492,0.297194,-0.594207,0.904006,-0.000923,0.926097,0.28481,0.7249,-0.002994,0.220251,0.490923,-0.511046,-0.283952,0.407335,-1.0
0.908626,0.45854,-0.740416,-0.613732,-0.727459,-0.867611,0.568995,0.973852,-0.282915,-0.361362,0.275868,0.187952,-0.366297,-0.297452,-1.0
0.372129,-0.617958,-0.891189,-0.422555,-0.418566,0.051691,0.434237,0.313206,-0.345919,0.015968,0.40785,-0.323044,-0.387294,0.368348,-0.976229
-0.886427,0.435722,-0.763717,-0.075404,0.128487,0.319233,0.63485,0.081824,0.250697,0.46208,-0.447982,0.023116,0.558485,-0.146805,-0.926867
0.595267,0.429822,-0.912056,-0.808117,0.552315,0.677764,0.534423,0.686692,0.275082,0.373083,0.039628,-0.444181,-0.029679,0.521813,-0.914292
0.954053,-0.571752,-0.860289,-0.73199,-0.694109,-0.163876,0.331072,0.708521,-0.207695,-0.035749,0.629232,-0.110741,-0.464732,0.138406,-0.986212
0.863197,0.821535,0.028674,0.283594,0.062291,0.435145,0.73619,0.818417,0.159402,0.695012,0.151235,0.179685,-0.518559,-0.147842,-1.0
-0.265901,-0.971525,0.365066,0.736949,0.520652,0.276426,0.931162,0.751601,0.649977,0.418378,-0.109662,-0.003917,0.227207,0.486476,-0.997123
-0.180823,-0.174343,0.537598,0.268603,0.076573,-0.498793,0.18963,0.030981,-0.006385,-0.125625,-0.448268,0.698965,0.235162,-0.365234,-0.919177
0.319147,-0.851567,-0.459759,-0.998992,-0.834488,-0.398112,0.979053,0.562962,-0.709628,-0.426912,0.047693,-0.077797,-0.395243,0.23524,-1.0
-0.533723,-0.92879,0.623566,0.475505,-0.455232,0.686206,0.008062,0.523957,0.013094,0.005065,-0.06755,-0.966161,0.068656,0.449574,-0.942912
-0.126918,-0.014776,0.624727,-0.665285,-0.869969,-0.409929,0.500626,0.575062,-0.316443,-0.113848,0.412675,0.251224,-0.422293,-0.055357,-0.910414
-0.62544,-0.043504,-0.770272,-0.540599,0.079049,0.618632,0.132363,0.433768,0.009046,0.043935,-0.663868,-0.546353,0.277817,0.353132,-0.991278
-0.433849,-0.664871,-0.788314,-0.612915,0.954987,0.099302,0.632929,0.058685,0.512304,0.036244,-0.359733,-0.22129,0.547803,0.185746,-1.0
0.005676,0.958807,-0.239864,-0.929847,-0.162135,-0.782938,0.767693,0.876428,-0.117735,-0.610336,0.047494,0.249003,-0.017301,-0.448818,-1.0
0.887435,0.338948,-0.463815,0.708159,0.543005,0.68497,0.17848,0.753283,0.11549,0.089337,0.490076,-0.637454,-0.369209,0.417636,-1.0
0.854754,-0.398788,-0.372824,0.792907,-0.402259,0.966273,0.925321,0.808691,-0.295071,0.636583,0.033445,-0.067528,-0.25228,0.343004,-1.0
0.339204,-0.008428,-0.939394,-0.153144,-0.519769,-0.29026,0.921393,0.274801,-0.680509,-0.314277,0.01105,0.064591,-0.543171,-0.148806,-1.0
0.14811,0.331336,-0.53306,0.905067,-0.26781,-0.969176,0.69391,0.380684,-0.162361,-0.525982,-0.006327,0.321465,-0.141979,-0.580737,-0.954257
0.288,-0.863715,-0.445978,-0.43282,-0.024308,-0.321105,0.716006,0.710294,-0.017683,-0.597074,0.09915,-0.291241,-0.262298,0.406371,-1.0
-0.671251,0.114282,0.463771,0.283237,-0.273991,-0.315184,0.107152,0.929874,-0.076242,-0.117596,-0.646425,0.635328,0.335516,-0.426528,-0.944965
0.564367,0.188225,-0.1966,0.885227,-0.793151,0.021637,0.525518,0.220731,-0.453331,0.017961,0.405042,0.042484,-0.53871,-0.057237,-0.9693
-0.646351,-0.447318,-0.513172,-0.535384,-0.553176,-0.426497,0.963778,0.474392,-0.589209,-0.439683,-0.058353,0.023088,0.525704,0.137059,-1.0
0.107628,-0.656367,0.312085,0.912198,-0.350726,-0.92424,0.817465,0.886553,-0.233178,-0.736997,0.121096,0.059014,-0.466539,-0.229286,-0.994687
-0.876205,0.556927,0.472536,0.304638,0.162099,-0.324532,0.446992,0.007348,0.171798,-0.315257,-0.444183,0.34177,0.457371,-0.302722,-0.905624
-0.861866,-0.171234,-0.662359,0.2325,-0.812149,-0.307762,0.883642,0.272917,-0.641812,-0.273611,-0.060507,0.092743,0.167715,-0.476001,-1.0
-0.485528,-0.98155,0.309935,-0.086089,-0.194977,-0.595434,0.390834,0.808756,-0.039243,-0.187109,-0.434529,-0.492484,0.332785,0.419161,-0.980925
0.325459,0.966236,0.187723,-0.8052,-0.432788,0.427098,0.322525,0.419806,-0.256821,0.108549,0.504516,0.466627,-0.441363,-0.14808,-0.894396
-0.2244,-0.973734,0.481081,-0.767059,0.220067,-0.142452,0.944426,0.664145,0.592983,-0.519436,-0.074158,-0.058492,0.273396,0.422563,-0.999567
0.261143,0.328759,-0.613291,-0.512781,0.274127,-0.978008,0.413225,0.302589,0.209459,-0.369861,0.018506,0.536585,0.050861,-0.507451,-0.962403
-0.86581,0.343396,0.348339,0.151175,0.687057,-0.787518,0.858413,0.953567,0.549906,-0.514709,-0.066354,0.081395,0.379105,-0.20278,-1.0
-0.609286,-0.247854,0.570631,0.443282,-0.009833,-0.052188,0.708088,0.422522,-0.091504,-0.571606,-0.280122,-0.091736,0.496925,0.072018,-0.96004
-0.584117,-0.679169,0.965976,-0.225679,-0.044653,0.707434,0.631596,0.99154,-0.072519,0.405916,-0.109538,-0.35359,0.089766,0.576362,-0.983739
0.620165,-0.635698,-0.909007,0.678104,0.110348,-0.243616,0.207294,0.259154,0.094172,-0.18822,0.637188,-0.489604,-0.465542,0.327072,-1.0
-0.251572,-0.671764,-0.979312,0.044819,-0.447064,0.28699,0.330488,0.282146,-0.127635,0.145018,0.156148,-0.732292,-0.109797,0.444305,-0.961462
-0.372556,-0.686622,-0.850554,-0.407203,-0.735864,0.81577,0.240212,0.175079,-0.203375,0.255811,0.291156,-0.686753,-0.137396,0.443559,-0.904841
-0.66679,0.07699,0.09258,0.162346,-0.789495,0.821478,0.164783,0.64448,-0.06496,0.102456,0.091559,-0.838149,0.016177,0.47923,-0.910982
0.818399,0.535401,-0.428247,0.941331,-0.685286,-0.809548,0.979198,0.991262,-0.526448,-0.602757,-0.026785,-0.046429,-0.403915,-0.318403,-1.0
-0.366385,-0.744543,-0.251093,-0.206608,-0.546039,0.164857,0.511379,0.759189,-0.300747,0.134163,0.057675,-0.551384,-0.046771,0.52572,-1.0
0.564556,0.399039,-0.287713,0.534317,0.328547,-0.84166,0.621404,0.363617,0.187589,-0.42708,0.075309,0.391502,-0.090357,-0.417725,-1.0
0.770972,0.030717,-0.923997,-0.061464,-0.937731,0.511266,0.16713,0.341894,-0.053942,0.045547,0.874809,-0.207138,-0.451565,0.190952,-1.0
-0.65493,0.535358,0.594735,0.235925,-0.276307,-0.580016,0.71173,0.875185,-0.304362,-0.444472,-0.023822,0.275921,0.187975,-0.424243,-0.996874
-0.941117,-0.363438,0.322587,-0.520971,0.668479,-0.196203,0.919474,0.863003,0.728328,-0.180419,-0.074791,0.022776,0.566876,0.054405,-0.934018
-0.709356,-0.171661,0.473,0.56382,-0.050583,0.754871,0.347031,0.446502,-0.002186,0.361579,-0.313831,-0.478385,0.348099,0.414512,-0.966318
0.475765,0.215845,-0.84505,-0.10803,-0.32778,0.839947,0.534139,0.474834,-0.176999,0.359079,0.448915,-0.296619,-0.385281,0.335242,-1.0
0.359598,-0.075563,-0.784499,-0.996953,0.572255,-0.714278,0.961571,0.367421,0.439091,-0.567662,0.02061,0.034467,0.110229,-0.518599,-1.0
-0.068599,0.656747,0.146538,0.177595,0.83782,-0.971217,0.612604,0.697997,0.353024,-0.347017,-0.173552,0.286783,0.256778,-0.507182,-0.965368
0.883828,-0.205601,-0.455262,0.094813,0.061909,0.785214,0.008401,0.78848,-0.07105,-0.04582,0.702363,-0.737541,-0.264875,0.376375,-0.979819
-0.185096,0.372619,0.248523,-0.380454,0.081722,0.064282,0.1167,0.788299,0.081869,-0.038333,-0.596419,0.638024,0.302494,-0.413468,-0.996215
-0.899254,0.12632,0.523514,-0.161054,0.903179,-0.434758,0.836865,0.01865,0.473786,-0.220354,-0.208374,0.070647,0.503239,-0.09186,-0.993873
0.617757,0.730897,0.122641,0.104644,-0.828667,-0.727853,0.399636,0.831741,-0.29469,-0.209323,0.543606,0.374406,-0.370705,-0.42214,-1.0
0.978872,-0.642563,0.770678,0.172318,-0.224629,0.1183,0.832569,0.499084,-0.5963,0.351097,0.097739,-0.140166,-0.49448,0.273948,-0.927839
-0.844455,0.231774,-0.039553,-0.35808,0.949294,0.999456,0.84661,0.668515,0.410538,0.460187,-0.243768,-0.068589,0.431924,0.166288,-1.0
-0.690064,0.072491,-0.1866,0.074403,0.236722,-0.440551,0.971554,0.365893,0.355751,-0.728317,-0.066712,-0.001439,0.432832,-0.178646,-0.955454
0.587078,-0.095981,0.342888,0.665191,0.808654,0.565286,0.140047,0.310209,0.086383,0.044263,-0.258556,-0.842992,0.186241,0.514109,-0.959845
0.497965,-0.413457,-0.950544,-0.575002,0.951993,0.100819,0.28285,0.91731,0.310082,0.004696,-0.463754,-0.569423,0.272156,0.421915,-1.0
-0.465108,-0.242262,-0.665103,-0.227477,-0.52342,0.409979,0.088,0.070237,-0.032476,-0.027684,-0.00899,-0.836728,0.029383,0.488566,-0.987194
0.47258,-0.191674,-0.802219,-0.011469,0.108984,0.471316,0.988603,0.348567,0.126555,0.635911,0.051001,-0.012222,-0.271166,0.434018,-1.0
0.981136,-0.222112,-0.063721,0.428712,0.842509,-0.53213,0.128917,0.893757,0.106304,-0.039708,0.323843,0.795977,-0.14722,-0.375693,-0.972292
0.007783,-0.942214,0.900054,-0.329874,-0.969808,0.850788,0.891365,0.478713,-0.498639,0.47744,0.039362,-0.201962,-0.26597,0.444445,-0.959518
0.609342,-0.115456,0.406846,-0.020435,0.916633,0.115344,0.208819,0.833911,0.19006,-0.094247,-0.643713,-0.478226,0.361189,0.297762,-1.0
-0.778713,0.930961,-0.528003,-0.07614,0.349649,-0.422101,0.581076,0.566543,0.383697,-0.43598,-0.294619,0.391877,0.297432,-0.377952,-1.0
0.660923,-0.465283,0.823681,0.94165,0.44358,-0.167574,0.361922,0.342941,0.341338,-0.139283,0.376374,-0.574717,-0.336915,0.329231,-1.0
0.470985,-0.183335,-0.402916,-0.502812,0.806484,-0.705793,0.465939,0.647269,0.249174,-0.248096,-0.343967,0.468952,0.205314,-0.389875,-0.95403
-0.983134,-0.465951,-0.956309,0.034299,-0.508185,-0.98638,0.966702,0.721497,-0.404524,-0.694781,-0.046778,0.034679,0.379714,-0.399786,-0.968085
-0.713779,0.471595,0.762269,-0.904595,-0.279347,0.582876,0.571641,0.899307,-0.200376,0.315582,-0.350906,-0.163807,0.492815,0.12043,-0.934827
0.127111,0.116727,-0.053654,0.347508,0.821908,0.730508,0.696808,0.617143,0.43251,0.385933,-0.180827,-0.20969,0.397842,0.266872,-1.0
0.231055,0.854036,0.677169,0.027334,-0.120589,0.173369,0.433771,0.418979,-0.161086,0.293345,0.258292,0.591417,-0.157502,-0.398422,-0.985503
0.29741,-0.309223,0.805024,0.649699,0.780292,0.128438,0.951535,0.217536,0.746567,0.150977,-0.037994,-0.055651,0.402133,0.286936,-1.0
0.887328,0.361923,0.808276,0.293494,0.496788,-0.127009,0.857271,0.643941,0.763027,-0.208937,0.117164,0.159714,-0.274545,-0.413282,-1.0
-0.457552,-0.891832,-0.457126,-0.78437,0.643002,-0.406414,0.289908,0.810474,0.235002,-0.065272,-0.674298,-0.325527,0.509845,0.194754,-1.0
-0.665605,0.254309,-0.353461,0.691976,0.24953,0.670527,0.373708,0.245496,0.161553,0.258427,-0.525393,-0.211507,0.477267,0.206748,-1.0
0.890648,-0.628447,-0.067161,0.107754,0.156623,-0.369678,0.630661,0.663005,0.320342,-0.481183,0.408729,-0.158267,-0.447909,0.190968,-0.948649
-0.585211,0.547955,-0.213106,-0.057305,0.673014,-0.794691,0.413653,0.807731,0.237259,-0.188874,-0.37384,0.42897,0.345017,-0.445773,-0.919989
0.343839,-0.779365,-0.111683,-0.676336,0.791273,0.203511,0.346453,0.810483,0.372305,0.10225,-0.176443,-0.58056,0.197056,0.437734,-1.0
-0.7833,0.257789,0.804094,0.914811,-0.745955,0.245603,0.403827,0.655613,-0.280415,0.098342,-0.465521,0.073691,0.418422,-0.129218,-0.979802
-0.612783,0.843845,0.916936,-0.129413,0.315021,-0.328529,0.586599,0.98021,0.357359,-0.315816,-0.232012,0.3103,0.341197,-0.435174,-1.0
-0.738303,0.15368,-0.952349,-0.650432,-0.452993,-0.204036,0.753977,0.53711,-0.587736,-0.187562,-0.201922,0.241968,0.315409,-0.450659,-1.0
-0.662526,0.586575,0.391197,0.078656,0.028225,0.268285,0.667246,0.000253,0.054733,0.510073,-0.311132,0.257828,0.429762,-0.210841,-1.0
-0.217929,-0.976621,0.550736,-0.041217,0.907947,0.893886,0.158984,0.461213,0.005391,0.140007,-0.467293,-0.781909,0.246099,0.463553,-1.0
-0.686915,0.182391,-0.393633,0.670718,-0.321255,0.036346,0.679325,0.802737,-0.542421,0.069181,-0.300304,0.164657,0.454985,-0.149945,-1.0
-0.618888,-0.66549,0.46667,-0.740133,0.052862,0.88142,0.796793,0.651734,0.050106,0.620021,-0.06497,-0.258144,0.209569,0.503499,-0.995542
-0.402866,-0.659838,0.707664,-0.77523,0.73386,-0.274002,0.154914,0.843475,-0.012418,-0.033286,-0.751049,-0.168993,0.595235,0.156235,-0.896499
-0.668766,-0.621219,-0.064865,0.008646,0.956078,0.644379,0.251143,0.174838,0.124014,0.067126,-0.65561,-0.470254,0.382366,0.368695,-1.0
-0.468731,0.107586,-0.311458,-0.207902,0.445837,0.585428,0.6903,0.516988,0.429099,0.466475,-0.363531,-0.085222,0.455257,0.290543,-1.0
0.791135,0.427554,0.422959,-0.122736,-0.570048,0.021221,0.317704,0.418371,-0.221241,-0.045507,0.508729,0.181771,-0.505807,-0.088585,-0.981197
0.992057,-0.352539,-0.386482,0.555318,-0.287166,0.917328,0.992663,0.248536,-0.150674,0.771714,0.024613,-0.027233,-0.40014,0.351826,-1.0
-0.396471,0.349294,-0.903443,0.394757,0.067168,0.253297,0.123101,0.652405,0.048145,0.036158,-0.918193,0.234463,0.579434,-0.093239,-1.0
0.459981,-0.341065,0.944864,-0.692192,0.442159,-0.922,0.952234,0.220085,0.370904,-0.603387,0.042341,0.083946,-0.05918,-0.492971,-1.0
0.72841,-0.356263,-0.33623,0.008885,0.690971,0.976404,0.771004,0.172283,0.304495,0.496129,0.056321,-0.245235,-0.051292,0.480019,-0.977647
-0.195289,0.784113,-0.963511,0.122921,0.105891,0.92951,0.14135,0.715012,0.156609,0.113458,-0.711899,-0.431964,0.437922,0.221159,-1.0
-0.358063,-0.307524,0.046773,-0.392622,-0.507294,0.870659,0.873459,0.346196,-0.436871,0.609059,0.01749,-0.090339,0.030234,0.48885,-0.928156
-0.591052,-0.279661,-0.366844,0.573742,-0.891392,-0.284537,0.585955,0.437325,-0.503441,-0.102061,0.356811,-0.018154,-0.459796,0.068784,-1.0
0.276785,-0.44919,0.119627,0.100769,0.611069,-0.515094,0.099224,0.128899,0.03499,0.004085,-0.885328,0.209569,0.499227,-0.125381,-1.0
-0.06531,-0.83671,-0.994069,-0.678983,0.598513,-0.039606,0.945982,0.464194,0.687234,-0.011782,0.018392,-0.129231,0.350023,0.343804,-1.0
-0.077076,-0.855155,0.349709,0.372083,-0.269357,-0.894403,0.53758,0.508603,-0.068127,-0.291045,0.410313,0.129844,-0.561572,-0.087511,-0.99321
-0.388925,0.041601,-0.091169,0.065639,-0.004604,-0.575418,0.298318,0.181834,0.015737,-0.217034,-0.274947,0.566529,0.316876,-0.403713,-1.0
0.674115,0.337789,0.82493,-0.051454,0.477544,-0.729917,0.399502,0.090421,0.204746,-0.28778,0.025565,0.529968,-0.100241,-0.519157,-1.0
-0.610478,-0.741551,-0.270943,-0.226297,-0.838254,-0.577508,0.101524,0.823119,0.037864,-0.016232,0.728828,-0.548398,-0.404905,0.310626,-0.994253
0.136917,-0.071331,-0.048924,-0.916366,0.447631,0.891463,0.524408,0.812024,0.214131,0.31064,-0.195773,-0.427205,0.117233,0.451369,-0.982747
-0.915724,0.704464,0.454537,-0.039371,0.94465,-0.473599,0.387086,0.679632,0.333112,-0.170807,-0.479995,0.332151,0.411464,-0.172888,-0.885057
-0.25967,-0.166262,-0.738656,-0.982118,-0.181149,0.953461,0.566129,0.796111,-0.08098,0.386712,-0.014516,-0.407936,-0.049254,0.50478,-0.942054
0.635234,0.795623,0.382986,-0.868603,0.041597,0.442475,0.358464,0.192389,0.045723,0.309441,0.590494,0.27949,-0.333419,-0.259152,-1.0
0.761453,0.359431,-0.382452,-0.907419,0.921892,-0.635982,0.038948,0.617826,0.081468,-0.025781,-0.178898,0.971915,0.054869,-0.383629,-0.979612
0.955986,0.971927,-0.832044,0.402673,-0.139247,0.325256,0.839954,0.961214,-0.198664,0.677255,0.126574,0.031265,-0.364047,-0.222042,-0.930383
0.701872,-0.489833,-0.694761,-0.091837,-0.650588,0.584864,0.999255,0.76977,-0.587139,0.491296,-0.04297,-0.071249,-0.407715,0.341717,-1.0
0.292437,-0.551416,0.427028,-0.426081,0.855352,-0.230826,0.227681,0.78587,0.184113,-0.093604,-0.627246,-0.356479,0.449585,0.16911,-1.0
-0.523743,0.55505,-0.520576,-0.118592,0.933073,-0.652214,0.776873,0.183339,0.475585,-0.381333,-0.137053,0.151182,0.340366,-0.337437,-1.0
-0.901796,0.048537,0.97318,0.154471,-0.276903,-0.810777,0.843182,0.372818,-0.216434,-0.667242,-0.014979,0.189625,0.321002,-0.386204,-0.963605
-0.031642,0.428807,0.575481,-0.222838,0.398143,-0.386186,0.083526,0.504279,-0.060529,-0.046113,-0.507408,0.751656,0.206529,-0.355088,-1.0
-0.136026,-0.911174,0.863621,0.675667,0.328363,-0.117807,0.277639,0.088544,0.214291,-0.022065,-0.333514,-0.61729,0.26632,0.395197,-1.0
-0.676047,-0.64303,-0.422819,0.6776,0.670659,0.716193,0.776017,0.162076,0.375095,0.526531,-0.266601,-0.138989,0.336639,0.360819,-0.926354
0.036635,0.419792,-0.464599,-0.485021,-0.017715,-0.181173,0.986386,0.074531,2.8e-05,-0.77927,-0.065698,0.028849,-0.033756,-0.483594,-0.980816
-0.622713,0.7577,-0.152986,-0.248773,0.355584,-0.760858,0.598139,0.42872,0.245567,-0.313432,-0.25033,0.406069,0.261218,-0.349315,-1.0
0.149764,0.421146,-0.850602,-0.166197,-0.029435,-0.102696,0.191685,0.434625,-0.023912,-0.10869,0.284074,0.651361,-0.147217,-0.508918,-1.0
-0.843952,0.424105,-0.61464,-0.143926,0.781807,0.155003,0.337609,0.99803,0.33092,0.093465,-0.661218,0.099475,0.574877,-0.069991,-0.954547
0.878498,0.267114,-0.103951,0.630482,-0.543859,-0.181308,0.051695,0.881882,-0.129889,0.068333,0.911298,0.294661,-0.575333,-0.241543,-0.912605
-0.81925,-0.22302,-0.175076,-0.352751,-0.654285,-0.371294,0.542228,0.663139,-0.373501,-0.221974,-0.250356,0.245393,0.378801,-0.325943,-1.0
0.30403,-0.129349,-0.658653,-0.035082,-0.226648,-0.062737,0.852137,0.301436,-0.670626,-0.184409,0.142288,-0.068081,-0.405441,0.028697,-0.933453
0.00096,-0.481569,-0.212896,-0.400457,-0.8123,0.857781,0.086496,0.856945,-0.083469,-0.007484,0.525171,-0.807187,-0.258744,0.483168,-0.90647
-0.475701,0.800977,0.649581,0.053586,0.163763,-0.882726,0.127235,0.900334,-0.016006,-0.061569,-0.327043,0.758273,0.202397,-0.442114,-1.0
0.637484,-0.290665,0.989294,0.390919,-0.079302,0.026562,0.91291,0.924454,-0.647865,0.274503,0.090674,-0.116954,-0.42968,0.185439,-1.0
0.223784,-0.722044,0.118075,0.757414,0.145352,-0.464758,0.970896,0.97862,0.293786,-0.739268,0.139827,0.004194,-0.111198,0.507944,-0.997907
0.507771,-0.521345,0.576332,0.436917,0.735235,0.390249,0.519227,0.454268,0.303467,0.133068,-0.073063,-0.501219,0.042366,0.506821,-1.0
0.647272,0.537375,-0.078641,0.644491,0.295316,-0.371265,0.740057,0.915812,0.397589,-0.484089,0.00882,0.30438,-0.204831,-0.430549,-0.988182
0.971084,0.248478,0.484262,0.313514,0.193776,0.213741,0.016244,0.754857,0.091268,0.029166,0.923315,0.023541,-0.454515,-0.034423,-0.961232
-0.990522,0.679375,0.981431,0.01363,-0.029019,0.539169,0.887863,0.085605,0.013876,0.732871,-0.164486,-0.015418,0.521846,-0.100387,-0.956696
0.17712,-0.564791,-0.333235,-0.316686,0.41446,-0.49797,0.642626,0.306479,0.36279,-0.349539,-0.388323,-0.089533,0.536083,0.179906,-0.953561
0.363633,0.791682,-0.05538,-0.169072,0.986541,-0.330102,0.17424,0.823164,0.163479,-0.090475,-0.314432,0.741875,0.202071,-0.452818,-0.950579
0.316544,0.656391,-0.264626,0.504727,-0.564648,0.739095,0.885138,0.285826,-0.426361,0.533589,0.022871,-0.02053,-0.464921,0.104631,-0.975076
-0.536899,0.148894,-0.357729,-0.89411,0.574435,0.680329,0.338515,0.345617,0.158615,0.220878,-0.540461,-0.277574,0.406917,0.191124,-0.950492
-0.410732,-0.821181,-0.539875,-0.743567,0.744392,-0.455006,0.9092,0.363787,0.686631,-0.399523,-0.115376,-0.034537,0.465512,0.217725,-1.0
0.132649,0.631443,0.091841,0.966215,0.213767,-0.306801,0.566589,0.880003,0.274604,-0.400295,-0.030864,0.42379,0.047389,-0.559771,-0.996734
0.862145,0.742303,-0.750512,0.152956,-0.473779,-0.670715,0.253436,0.817761,-0.146475,-0.234708,0.544969,0.598343,-0.461319,-0.356974,-0.993675
-0.809178,0.099111,0.505859,-0.434013,0.922559,-0.517133,0.887193,0.274742,0.653258,-0.295539,-0.098814,0.036053,0.478471,-0.129034,-1.0
0.449107,-0.322177,-0.323404,0.399714,0.764721,0.637901,0.198893,0.96603,0.056744,0.122931,-0.264963,-0.863518,0.1907,0.461783,-1.0
-0.456631,-0.273382,0.422387,0.143289,0.443679,0.046976,0.676321,0.105802,0.474681,0.100988,-0.322503,-0.120165,0.475214,0.169981,-1.0
0.45389,0.167516,0.546171,-0.29353,-0.736783,0.018788,0.719269,0.09083,-0.621774,-0.033619,0.244361,0.020828,-0.462851,-0.030465,-1.0
-0.503562,0.433794,0.95044,-0.856555,0.552432,-0.350052,0.623621,0.943196,0.380845,-0.301966,-0.278579,0.222056,0.320717,-0.214529,-0.946959
-0.433697,-0.133449,-0.918218,0.43289,0.524754,0.552932,0.807922,0.332876,0.463567,0.516002,-0.083632,-0.061056,0.426994,0.314017,-0.982739
0.281619,0.593814,0.474104,-0.233057,-0.177754,0.793625,0.485689,0.147834,-0.05906,0.367242,0.36005,-0.144699,-0.485807,0.227226,-0.963403
0.67462,0.262857,0.093567,-0.206133,-0.131357,0.498752,0.527078,0.450071,-0.14944,0.380779,0.428479,-0.21662,-0.458118,0.023971,-0.957206
-0.971699,0.148953,-0.047539,0.826183,0.266966,0.233953,0.551901,0.11818,0.333865,0.23668,-0.442644,0.043108,0.492259,-0.032309,-0.99018
0.890917,-0.803026,0.766788,0.441778,-0.193045,-0.383712,0.758955,0.666005,-0.251701,-0.627492,0.240538,-0.136862,-0.381677,0.199607,-1.0
0.283174,0.338423,-0.234481,0.203597,0.593055,0.6787,0.636534,0.376106,0.363326,0.358566,-0.228956,-0.233534,0.432673,0.337628,-0.940829
-0.968587,-0.20059,-0.604147,0.568824,-0.997149,-0.078549,0.712969,0.993379,-0.510601,-0.026886,0.090585,-0.236605,-0.105188,0.378627,-1.0
0.477451,-0.882144,0.191786,-0.786147,0.693997,-0.202972,0.854866,0.227902,0.556181,-0.25322,-0.013812,-0.073869,0.188438,0.531905,-1.0
-0.102707,0.567566,-0.364838,0.890367,-0.425437,-0.192922,0.965696,0.643854,-0.66026,-0.348539,0.036969,0.025311,-0.269061,-0.470592,-0.99506
0.079902,0.221415,0.264247,-0.271552,0.440093,-0.540173,0.720993,0.48019,0.399655,-0.509641,-0.113433,0.255951,0.22346,-0.436104,-1.0
-0.44263,0.35252,-0.053237,0.179384,0.175495,0.822213,0.760531,0.593172,0.126539,0.55958,-0.133554,-0.127638,0.435411,0.347573,-0.968865
0.653748,0.714768,0.668533,-0.426472,-0.688548,-0.382662,0.646686,0.164387,-0.422673,-0.259912,0.288659,0.216999,-0.31863,-0.331498,-1.0
0.665693,0.803991,-0.596103,0.344692,0.883165,-0.270688,0.555603,0.677813,0.355987,-0.181289,0.012928,0.455986,0.11157,-0.51549,-0.969831
0.864246,-0.859707,0.461863,-0.42129,0.268451,-0.959424,0.668956,0.687867,0.167579,-0.541541,0.319818,0.034569,-0.452937,-0.092059,-0.98837
0.191566,0.574997,-0.91173,-0.171743,-0.525074,-0.248175,0.214136,0.509151,-0.168145,-0.044395,0.586574,0.597303,-0.395038,-0.451634,-1.0
-0.133907,0.681841,-0.617617,0.769313,0.516661,0.481383,0.6365,0.413886,0.423275,0.332932,-0.272736,-0.013936,0.458946,-0.17201,-0.947268
0.277869,0.370182,-0.664872,0.297453,0.929628,-0.042366,0.23659,0.920658,0.206495,0.025532,-0.564931,0.366424,0.41655,-0.21857,-0.966654
-0.910679,-0.947891,-0.871249,0.098705,-0.538758,0.358525,0.435565,0.287812,-0.20566,0.255106,-0.129594,-0.559907,0.166005,0.512239,-1.0
-0.053296,-0.157178,0.316572,-0.221595,0.802245,0.014509,0.74334,0.828162,0.578273,0.037697,-0.260002,0.048212,0.457974,0.078943,-1.0
0.064525,-0.559016,0.856878,0.733616,-0.923623,0.427347,0.29198,0.91217,-0.262285,0.088733,0.461075,-0.632803,-0.379302,0.338734,-1.0
0.572469,-0.500871,-0.305651,0.857853,-0.970802,0.583055,0.190152,0.196816,-0.187245,0.032948,0.69801,-0.449298,-0.466111,0.314084,-1.0
0.521906,-0.16455,0.796057,-0.139124,0.147337,-0.76826,0.079423,0.100534,-0.021337,-0.04027,0.490942,0.802687,-0.265087,-0.516548,-0.97765
-0.335276,0.631039,0.811431,0.904935,-0.210675,0.91528,0.892784,0.840651,-0.080787,0.644428,0.001701,-0.088313,0.193941,0.538918,-1.0
0.699161,-0.834855,0.510087,-0.392424,0.535486,-0.016325,0.723028,0.795046,0.56161,0.011838,0.102907,-0.324939,-0.037072,0.47164,-0.974142
-0.606604,-0.089742,0.253678,0.624879,0.168695,0.013652,0.897803,0.758531,0.702295,0.097328,-0.097628,0.028391,0.499089,0.047097,-0.966974
-0.187087,0.698021,-0.301848,0.234331,-0.703732,0.803458,0.012836,0.876549,0.030144,0.049846,0.907018,-0.151798,-0.491097,0.0878,-1.0
0.971101,-0.985463,-0.847372,-0.825728,0.893396,-0.412418,0.516572,0.613266,0.353375,-0.153195,0.125814,-0.493558,-0.128728,0.547299,-0.985698
0.315112,0.506033,-0.775707,-0.344418,-0.504974,0.905272,0.244029,0.472329,-0.132909,0.149003,0.646634,-0.320197,-0.41909,0.195257,-1.0
-0.682846,0.434627,0.28676,0.784984,0.004364,0.936298,0.913543,0.809652,-0.024499,0.700217,-0.075398,0.055938,0.420169,0.318283,-1.0
-0.971331,-0.286791,-0.783083,0.977873,0.649497,0.443695,0.970615,0.844685,0.640242,0.414734,-0.038798,-0.041612,0.43272,0.206354,-1.0
-0.644429,-0.385469,0.829056,0.382785,-0.428773,0.000171,0.988228,0.895811,-0.816348,-0.017215,0.119083,-0.071501,0.322199,0.440657,-0.941463
0.205614,0.005016,0.345226,0.779549,0.188602,0.747095,0.540786,0.971889,-0.060823,0.431874,0.008549,-0.505519,-0.04515,0.401205,-0.946357
-0.011457,-0.804909,0.815327,-0.816029,-0.567275,-0.834704,0.925171,0.488139,-0.41042,-0.56691,0.084264,0.034842,-0.419885,0.024814,-0.972759
-0.404746,-0.65446,0.910236,0.262508,0.618521,-0.536817,0.37862,0.175562,0.184761,-0.138701,-0.676696,-0.056406,0.425742,0.125116,-0.995616
-0.91292,7e-06,0.350724,-0.183735,0.851405,-0.221003,0.68583,0.274695,0.555091,-0.151861,-0.34997,0.095306,0.437165,-0.061426,-1.0
0.416595,0.126333,-0.01426,0.78711,0.791993,-0.810935,0.325804,0.545226,0.129286,-0.148493,-0.246734,0.669796,0.178133,-0.328568,-1.0
-0.974778,-0.816308,0.187894,0.078618,0.295914,0.561005,0.399426,0.980198,0.169754,0.233953,-0.465885,-0.592141,0.340292,0.415141,-1.0
-0.05369,0.636693,-0.224235,0.572057,-0.303596,0.498009,0.500923,0.446853,-0.263699,0.343509,0.465201,0.1908,-0.410277,-0.175587,-1.0
-0.715543,0.299222,0.236662,-0.221689,-0.973642,0.74499,0.530524,0.949966,-0.307387,0.19024,0.314381,-0.449976,-0.218252,0.462557,-0.932724
-0.841546,-0.783591,0.662138,0.51292,0.674372,0.509764,0.575113,0.156587,0.394012,0.257674,-0.311399,-0.305482,0.311953,0.33883,-0.954557
0.034131,-0.780712,0.147388,-0.210735,0.462354,0.29215,0.713185,0.814752,0.528275,0.301645,-0.158867,-0.259987,0.106047,0.434568,-0.948925
-0.60868,-0.567073,0.456739,0.369731,-0.711913,-0.180275,0.066237,0.615523,-0.015486,-0.063466,0.223049,-0.952657,-0.131541,0.48262,-1.0
0.987611,-0.516139,0.194879,0.78576,0.299375,0.164585,0.459904,0.23982,0.294718,0.157775,0.340286,-0.429034,-0.317247,0.413136,-0.961334
0.038527,-0.621052,0.040802,-0.0906,0.792384,-0.053397,0.64099,0.22179,0.5681,-0.01764,-0.285014,-0.129965,0.421358,0.305689,-0.989776
0.667781,-0.030016,0.503832,-0.051666,-0.499492,0.898628,0.250856,0.780862,-0.105068,0.13507,0.555763,-0.449435,-0.336326,0.257572,-1.0
-0.748153,-0.015094,-0.552755,-0.99411,0.531287,0.539516,0.268596,0.06438,0.054941,0.11535,-0.604871,-0.306558,0.464421,0.19022,-1.0
-0.823074,0.832617,0.965812,-0.026657,0.958166,-0.301734,0.508199,0.523856,0.410296,-0.140274,-0.468081,0.270436,0.494851,-0.184211,-0.971849
0.504544,-0.416468,0.727965,0.302977,-0.763097,-0.091504,0.578797,0.820663,-0.524965,-0.099876,0.435039,-0.114916,-0.486712,0.12215,-0.9755
0.759458,-0.505957,-0.383315,0.563072,0.822833,-0.937059,0.521372,0.577985,0.29613,-0.261076,-0.022736,0.471065,0.137444,-0.46118,-1.0
-0.172844,0.115975,0.431395,-0.30569,0.28517,-0.276187,0.566315,0.758348,0.386933,-0.284629,-0.297985,0.332685,0.44836,-0.230485,-0.956795
-0.692483,-0.877758,0.14605,-0.560308,-0.249881,0.450002,0.239457,0.641601,-0.084294,0.228532,-0.232225,-0.760604,0.246721,0.394034,-1.0
-0.753502,-0.735863,-0.758457,0.455846,0.724526,0.4,0.632448,0.337906,0.480935,0.263932,-0.166055,-0.189724,0.333794,0.265125,-0.960341
0.779042,0.457597,-0.643103,0.162932,0.876468,-0.082415,0.547211,0.615731,0.387536,-0.074085,-0.096333,0.550771,0.163828,-0.503544,-0.920787
0.614444,-0.596016,0.865383,-0.126881,-0.053951,-0.540433,0.414788,0.529812,0.0396,-0.369159,0.551274,-0.079039,-0.502362,0.013403,-0.969163
0.006624,0.857402,0.28405,-0.720419,-0.76728,0.000266,0.033266,0.249042,-0.081155,0.046208,0.65723,0.703713,-0.43082,-0.38332,-0.973864
0.630375,0.404309,-0.940374,-0.851612,0.326782,-0.808946,0.099194,0.41023,0.035823,-0.073947,0.219328,0.883864,-0.096913,-0.412909,-1.0
0.403503,0.043719,-0.965635,-0.813811,-0.623734,0.778336,0.077027,0.639812,-0.066151,0.016009,0.763112,-0.532546,-0.484852,0.295269,-1.0
-0.317592,-0.995467,-0.69183,0.195491,-0.077082,0.755357,0.841792,0.495236,-0.062617,0.673315,0.025318,-0.169604,0.020024,0.47893,-1.0
-0.926141,0.860564,-0.946914,-0.528019,0.55257,0.261792,0.154498,0.005065,0.127731,0.096385,-0.79241,0.317669,0.40632,-0.172616,-1.0
0.50648,-0.645826,0.945531,0.464209,0.700582,0.948791,0.8422,0.556374,0.388684,0.567901,0.022837,-0.155945,-0.036431,0.537337,-1.0
-0.415843,-0.192691,-0.744028,-0.594697,-0.092337,-0.637229,0.615826,0.198959,-0.127085,-0.443594,-0.258702,0.358232,0.287413,-0.484914,-1.0
-0.364857,0.697373,0.222254,0.884267,-0.113447,0.820221,0.697525,0.396575,-0.172255,0.545972,-0.196105,-0.181365,0.391287,0.237426,-1.0
-0.199983,-0.858049,0.775929,0.218616,0.867337,0.712574,0.605907,0.964422,0.316081,0.287467,-0.190208,-0.35238,0.30597,0.45398,-0.997306
0.245633,0.298841,-0.585228,-0.367518,0.506042,-0.449222,0.571462,0.560753,0.405719,-0.317351,-0.137671,0.432295,0.214084,-0.496413,-1.0
-0.663973,-0.501957,-0.463165,0.227258,0.480058,0.803307,0.274419,0.928759,0.17928,0.211979,-0.506452,-0.491244,0.259768,0.442297,-1.0
-0.176981,-0.383024,0.675208,-0.235094,-0.15831,-0.409722,0.837812,0.862644,-0.259939,-0.64175,0.001841,0.1361,0.256127,-0.410462,-1.0
-0.347159,-0.175782,-0.94157,-0.075268,-0.847926,0.490109,0.803179,0.042643,-0.621915,0.273792,0.060846,-0.164596,-0.391884,0.452379,-0.972396
0.671482,-0.870738,-0.251829,0.490039,0.018774,0.351975,0.211996,0.131736,-0.09709,0.145629,0.354884,-0.677663,-0.185886,0.477998,-1.0
-0.681883,0.051338,0.785159,-0.494647,0.654778,-0.595118,0.559126,0.017838,0.400788,-0.357398,-0.320051,0.120343,0.462049,-0.224215,-1.0
0.923712,-0.36557,0.610648,-0.353543,0.761574,0.613918,0.510977,0.083149,0.350109,0.228499,0.062105,-0.523135,-0.072074,0.534243,-0.967183
-0.816897,0.956121,-0.763139,-0.610594,0.275427,-0.696581,0.34276,0.444788,0.082937,-0.199606,-0.374644,0.545516,0.196818,-0.462653,-0.938122
-0.277417,-0.142571,-0.573876,0.669957,0.454505,-0.285474,0.283366,0.710606,0.161509,-0.080374,-0.821821,0.136151,0.503863,-0.201175,-1.0
-0.973768,0.920483,0.169814,0.969021,-0.643872,-0.7276,0.105016,0.561846,-0.110314,-0.124296,-0.1655,0.915425,0.030809,-0.491653,-1.0
0.297436,-0.53001,-0.883573,0.330034,-0.674172,0.734177,0.615494,0.132005,-0.417308,0.370104,0.184385,-0.327575,-0.376818,0.451445,-1.0
0.566557,0.430214,0.200484,0.970593,0.110361,-0.696942,0.362444,0.143853,0.059778,-0.284877,0.263027,0.6005,-0.184194,-0.459772,-1.0
-0.857967,-0.007091,0.520082,0.099642,-0.282582,-0.241576,0.272757,0.332489,-0.18661,-0.159319,-0.683636,0.255352,0.389425,-0.180817,-1.0
-0.555667,-0.979985,-0.648238,-0.31563,0.893957,0.567064,0.438225,0.47978,0.297808,0.116116,-0.361999,-0.454529,0.334516,0.262028,-0.919986
0.344576,-0.323729,0.556624,0.936015,-0.731632,-0.917182,0.74955,0.438634,-0.374853,-0.415023,0.158799,0.073598,-0.359778,-0.153664,-1.0
0.568572,-0.083234,0.5444,0.670169,0.927853,0.009763,0.181985,0.794729,0.143636,0.022771,-0.788191,-0.223135,0.515812,0.082756,-1.0
-0.310889,-0.448484,0.014746,0.805252,-0.830598,-0.286961,0.347287,0.719226,-0.235906,-0.054716,0.606513,-0.220703,-0.572887,0.136519,-1.0
-0.647625,0.726373,0.70331,0.064638,-0.961823,-0.525738,0.053858,0.306711,-0.032541,-0.083157,0.221935,0.948744,-0.114762,-0.564554,-1.0
-0.163494,0.37022,-0.728334,0.518239,-0.082491,-0.010559,0.881337,0.141495,-0.738887,-0.081543,-0.027696,0.034996,0.112449,-0.454153,-0.994503
0.670643,-0.163803,0.775625,-0.948351,-0.435835,0.730073,0.301096,0.791067,-0.086238,0.150495,0.533822,-0.433844,-0.469884,0.256492,-0.966494
-0.848598,0.632959,0.641272,0.784813,-0.284987,0.221191,0.169541,0.071424,-0.034571,0.077747,-0.688965,0.481289,0.343239,-0.28386,-1.0
0.727651,-0.688891,-0.899768,0.8288,-0.572409,-0.309805,0.706923,0.20897,-0.41978,-0.271103,0.226402,-0.058944,-0.489508,0.111138,-1.0
-0.325907,0.664884,0.747586,-0.731624,-0.044641,0.289649,0.235247,0.170613,-0.057732,0.157729,-0.428343,0.586803,0.284194,-0.316498,-1.0
0.643105,0.138521,-0.6001,0.380773,0.749395,-0.028553,0.085843,0.769634,0.131772,-0.000518,-0.408888,0.72493,0.235156,-0.401751,-1.0
0.523128,-0.343821,0.969308,0.671028,-0.245927,0.035762,0.109923,0.560663,-0.116217,-0.031986,0.809356,-0.471573,-0.452809,0.274606,-1.0
-0.141997,-0.505205,0.043313,0.789852,0.840376,0.954639,0.242314,0.183098,0.093252,0.142779,-0.396466,-0.695387,0.352115,0.452021,-0.991598
-0.60186,-0.915569,0.964388,0.620488,-0.625532,0.242556,0.023228,0.313575,-0.076644,0.017365,0.037292,-1.0,0.045267,0.499275,-1.0
0.042142,0.763945,-0.343634,-0.184435,-0.639101,-0.442874,0.271306,0.181129,-0.175261,-0.14627,0.30226,0.607136,-0.215868,-0.425171,-1.0
0.921902,0.433601,-0.127138,-0.931517,-0.852143,0.461398,0.978585,0.245213,-0.748713,0.364692,-0.064008,-0.051588,-0.483984,0.000185,-1.0
-0.259489,0.822373,-0.777248,0.15218,-0.075985,0.949734,0.59911,0.852874,-0.021393,0.416899,-0.285162,-0.219214,0.33023,0.191422,-1.0
0.137879,-0.295772,-0.816802,0.771315,-0.961615,-0.165047,0.464624,0.675077,-0.456133,-0.080596,0.513861,-0.039343,-0.473959,0.126251,-1.0
-0.362657,0.631146,-0.712265,0.637228,0.432605,-0.873151,0.802091,0.45829,0.294987,-0.506925,-0.054219,0.222838,0.299492,-0.382614,-0.935759
-0.491927,0.532988,0.277506,-0.163207,-0.151003,-0.059972,0.38463,0.194257,-0.309167,-0.168586,-0.323186,0.512733,0.265177,-0.408168,-1.0
-0.695047,-0.94889,0.913944,-0.214796,0.276304,0.67698,0.301751,0.145562,0.084876,0.148244,-0.397151,-0.59792,0.259166,0.469756,-0.981941
-0.73713,-0.652522,0.189263,0.862358,-0.732842,-0.286994,0.606946,0.001398,-0.532553,-0.094318,0.007966,-0.373008,-0.065177,0.586097,-1.0
0.607905,-0.630281,0.702078,0.125676,0.794638,-0.759666,0.421252,0.100756,0.209962,-0.349482,-0.497852,0.370648,0.438628,-0.308201,-1.0
-0.48433,0.009679,-0.283885,0.397989,0.42168,-0.076008,0.214222,0.759406,0.205563,0.061966,-0.821191,0.060676,0.534967,-0.047951,-0.971915
0.471772,0.090816,0.441544,-0.53056,-0.692999,-0.131323,0.370629,0.892436,-0.262119,-0.023312,0.588611,-0.040123,-0.477548,-0.163524,-1.0
-0.707682,0.316023,0.589874,-0.803545,0.999177,0.895366,0.232005,0.968018,0.151632,0.071213,-0.688086,-0.181911,0.517698,0.229012,-0.967048
-0.352897,-0.58219,-0.209413,0.890034,0.999895,-0.821598,0.874332,0.159902,0.49732,-0.522903,-0.054894,0.036693,0.497556,-0.053818,-0.967307
-0.439029,0.51206,0.062405,0.061676,0.560871,-0.090322,0.880248,0.560879,0.744588,-0.078295,-0.113994,0.026271,0.497347,-0.204607,-0.95997
0.664582,-0.324097,0.032177,0.410887,-0.965142,0.333216,0.647596,0.368717,-0.466579,0.276631,0.321343,-0.137835,-0.496815,0.158554,-0.974682
-0.214123,0.592822,0.77564,-0.756777,-0.884506,0.305939,0.353178,0.010461,-0.313871,0.112206,0.610514,0.265756,-0.422962,-0.236608,-1.0
0.390301,-0.205707,0.784403,0.300978,0.598587,0.520865,0.61301,0.401699,0.347079,0.185881,-0.099268,-0.390982,0.212633,0.455351,-1.0
0.527582,0.183274,0.874971,-0.397775,-0.696009,-0.593997,0.807018,0.47003,-0.497747,-0.456608,0.175745,0.133461,-0.464673,-0.317146,-1.0
-0.14082,-0.093075,0.009911,-0.118196,-0.144694,0.541278,0.702704,0.188805,-0.099541,0.520054,0.041421,-0.285513,-0.011661,0.462192,-0.959294
0.312291,0.488549,-0.288859,0.853046,-0.032059,-0.710286,0.465859,0.163552,-0.094372,-0.345216,0.138754,0.529585,-0.118295,-0.471577,-1.0
-0.365424,0.275507,-0.734798,-0.532986,-0.688325,0.189469,0.072256,0.51827,-0.051014,0.053066,0.82104,0.208655,-0.417368,-0.093385,-1.0
0.3285,0.404159,0.405856,0.384605,-0.352241,0.556736,0.410209,0.737835,-0.161375,0.300243,0.512692,-0.091008,-0.508905,0.116536,-0.994684
0.314031,0.793085,0.752317,-0.842938,-0.804848,-0.464164,0.422559,0.375564,-0.306225,-0.108679,0.287368,0.39931,-0.373863,-0.399749,-0.943779
-0.637451,-0.835645,-0.784836,-0.876173,0.705614,0.396837,0.423739,0.71172,0.252416,0.137942,-0.440099,-0.476017,0.283291,0.335083,-0.95167
-0.521411,0.186174,0.624116,-0.076534,0.676032,-0.100402,0.809367,0.259473,0.670269,-0.060128,-0.104617,0.091752,0.442995,-0.12673,-0.990014
0.789392,-0.195292,0.278722,0.311974,0.687334,0.989579,0.047206,0.512431,-0.017591,-0.116563,0.02642,-0.925328,-0.007327,0.54758,-1.0
0.233098,0.150955,0.321731,-0.494669,-0.653107,-0.734328,0.854267,0.311029,-0.522418,-0.539524,0.064424,0.044895,-0.351598,-0.357379,-0.944345
-0.750981,-0.324105,-0.713769,0.820292,-0.26893,-0.409366,0.740573,0.204536,-0.421158,-0.443843,-0.248664,0.014434,0.482484,0.057438,-0.992367
-0.864797,0.680316,-0.740589,-0.216827,-0.943162,-0.0659,0.083949,0.11655,-0.112359,-0.031922,0.102172,0.949127,-0.032821,-0.472746,-0.917302
-0.318219,-0.247691,-0.377483,-0.305064,-0.43407,-0.88623,0.796966,0.691531,-0.308278,-0.555448,0.046833,0.068825,-0.050493,-0.459283,-1.0
-0.609666,0.3452,-0.231607,0.590122,0.284722,-0.72488,0.37824,0.903932,0.117777,-0.295243,-0.514271,0.369658,0.241599,-0.348623,-1.0
0.261856,0.699866,-0.356641,0.746174,-0.10255,0.030712,0.489931,0.912746,-0.437838,0.109367,0.229206,0.467858,-0.250921,-0.443516,-0.916363
0.677586,-0.344182,0.383168,-0.999722,0.456589,0.887297,0.307852,0.505464,0.085851,0.274315,0.119196,-0.658092,-0.05611,0.516392,-0.981699
-0.069756,-0.67922,-0.927736,-0.177751,-0.703501,0.051944,0.139745,0.054081,-0.049592,0.023708,0.494118,-0.69392,-0.308469,0.241349,-1.0
-0.663723,-0.643282,0.618718,-0.378697,-0.630215,0.623726,0.627363,0.714091,-0.333537,0.420094,-0.002378,-0.272002,-0.12137,0.559705,-0.976837
-0.826602,0.845123,0.506538,0.177794,-0.136795,-0.153712,0.707361,0.062587,-0.312633,-0.445809,-0.207857,0.232901,0.181983,-0.483541,-0.991257
0.21434,-0.671485,-0.696093,-0.15009,-0.501513,-0.462203,0.211252,0.539766,-0.147546,-0.140079,0.733239,-0.196819,-0.508419,0.142816,-1.0
0.091018,-0.928928,0.027803,0.417951,0.630593,0.949702,0.080318,0.871665,0.045921,0.070436,-0.219419,-0.874156,0.126787,0.486193,-0.960648
-0.395048,0.200315,0.851222,-0.376023,0.844902,0.460019,0.895754,0.196154,0.577401,0.350813,-0.060686,-0.025007,0.519036,0.151505,-0.948418
-0.702541,-0.2765,-0.236173,-0.606058,-0.01817,-0.344636,0.99726,0.107546,-0.027295,-0.860686,-0.038029,0.073946,0.557201,-0.069126,-0.985018
-0.202782,-0.623806,0.233726,-0.460628,0.20477,-0.93677,0.814296,0.719878,0.134122,-0.690324,-0.087185,0.122771,0.369361,-0.317281,-0.923122
0.953971,0.799301,-0.567055,-0.928979,-0.13026,0.025807,0.722496,0.567037,-0.599887,0.147671,0.220845,0.13729,-0.398717,-0.259482,-1.0
-0.45605,0.863566,-0.876337,0.56661,0.27246,-0.173805,0.367194,0.299788,0.214405,-0.155336,-0.386923,0.470072,0.269509,-0.357527,-1.0
-0.032402,0.288999,-0.507754,-0.383468,0.870672,0.549198,0.964702,0.229523,0.568358,0.343058,0.062588,-0.073232,0.421322,0.230399,-1.0
-0.177345,0.202778,0.966398,0.264869,-0.363333,0.378402,0.059427,0.334424,-0.13411,-0.026965,0.651242,-0.726399,-0.379402,0.454235,-1.0
0.313434,-0.279902,0.744929,0.235805,0.92451,0.439883,0.46502,0.98546,0.352005,0.123261,-0.301875,-0.445532,0.22607,0.311894,-1.0
0.720259,-0.769732,0.169585,0.737275,-0.839996,-0.072716,0.195966,0.394715,-0.105281,0.081233,0.718592,-0.35031,-0.420611,0.198447,-1.0
-0.581234,-0.131023,-0.105464,-0.474752,0.178194,0.916031,0.975001,0.574648,0.126533,0.72681,0.020218,-0.120418,0.195509,0.443162,-1.0
0.897651,-0.628759,-0.447836,-0.459614,-0.534424,-0.025183,0.329024,0.756076,-0.239498,0.005771,0.5475,-0.22335,-0.380322,0.114245,-0.982103
-0.764215,-0.260922,-0.41588,-0.911826,0.294406,-0.643545,0.58058,0.085206,0.248875,-0.431902,-0.376346,0.111153,0.460674,-0.185181,-1.0
0.321258,0.20962,0.670576,-0.446001,0.000508,-0.424942,0.347578,0.153809,0.015726,-0.255744,0.291945,0.574645,-0.141943,-0.45658,-1.0
-0.382628,-0.773576,-0.01145,0.718132,-0.491723,0.436868,0.608374,0.187296,-0.416165,0.353757,-0.046769,-0.282037,-0.045781,0.420909,-1.0
-0.454052,-0.85081,0.797499,-0.155987,0.740324,0.888432,0.468888,0.935521,0.277992,0.262463,-0.366011,-0.452205,0.287463,0.37975,-0.980506
-0.467197,0.243643,-0.774868,0.174985,0.680586,-0.240243,0.531493,0.424871,0.444239,-0.125565,-0.411245,0.173166,0.458002,-0.152087,-0.990598
0.986825,0.686743,0.773867,0.694592,-0.472746,0.276386,0.722564,0.076578,-0.537981,0.325121,0.305365,0.084754,-0.434858,-0.143625,-1.0
-0.213883,0.121136,-0.399704,0.057767,-0.617392,0.890705,0.835389,0.671084,-0.341575,0.508048,0.002081,-0.087109,-0.193625,0.410617,-0.980333
-0.523681,0.34865,-0.016515,0.285962,-0.140655,0.842469,0.956003,0.518853,-0.172691,0.785621,0.023323,-0.127329,0.359891,0.334463,-1.0
-0.068515,-0.71221,0.266933,0.401953,0.407546,0.945983,0.943032,0.526221,0.284206,0.683142,-0.042856,-0.062454,0.110597,0.495179,-1.0
-0.983098,0.868931,-0.646183,0.468153,-0.763355,-0.26753,0.951468,0.582563,-0.799064,-0.262792,-0.050796,0.097946,0.083292,-0.448569,-1.0
0.235782,0.200459,-0.214323,-0.48711,-0.394487,0.189679,0.878813,0.490381,-0.5657,0.31724,0.102889,-0.039692,-0.47971,-0.009263,-1.0
0.838797,-0.580199,-0.900024,0.480552,0.402788,-0.935748,0.230451,0.057068,0.148428,-0.218368,0.612357,0.50175,-0.383697,-0.243291,-0.993655
0.977749,-0.421044,-0.132,-0.584323,-0.382746,-0.262796,0.387691,0.548306,-0.176333,-0.159939,0.55286,0.047437,-0.42679,0.116017,-0.989626
0.732173,0.303076,-0.128322,0.419584,-0.565081,0.293722,0.208171,0.004201,-0.180842,0.013416,0.74763,0.036456,-0.469502,0.009272,-1.0
-0.932642,-0.849063,0.828619,0.027721,0.22224,-0.544797,0.227919,0.194898,0.032521,-0.120964,-0.78626,-0.228011,0.448154,0.10073,-0.981346
-0.526616,0.254798,-0.393145,-0.539669,0.138181,-0.16556,0.046619,0.175794,0.045287,-0.051209,-0.837603,0.474573,0.520048,-0.174065,-0.991745
-0.522825,-0.199718,0.42524,-0.891844,0.669977,-0.811632,0.483099,0.957382,0.279455,-0.176797,-0.420365,0.244795,0.432916,-0.307086,-0.97388
-0.333987,0.414993,-0.266683,-0.905863,-0.681234,-0.786506,0.254536,0.624642,-0.238935,-0.156589,0.134498,0.804109,-0.139731,-0.556945,-1.0
0.445253,0.651272,-0.707033,0.731345,0.023186,-0.155243,0.496686,0.595428,0.109342,-0.400893,0.191526,0.441929,-0.204146,-0.519006,-0.955496
0.295103,0.231935,-0.921238,0.600094,0.83683,-0.508945,0.989597,0.806298,0.742591,-0.483832,-0.035115,0.048177,0.404708,-0.494023,-1.0
0.039225,0.526056,0.409937,-0.987526,0.037585,-0.868844,0.056443,0.236807,0.052143,0.014056,-0.093066,0.863474,-0.081578,-0.51337,-1.0
-0.658818,0.521757,0.57287,-0.418988,-0.815105,0.513655,0.149041,0.053496,-0.035015,0.06186,0.801413,0.044887,-0.466244,-0.100398,-1.0
0.37541,-0.080409,-0.132544,-0.190824,-0.242966,-0.669807,0.978171,0.416853,-0.234393,-0.715418,0.052868,0.021074,-0.381622,-0.332832,-0.973592
0.405209,-0.989014,0.718261,0.893241,-0.772572,0.825772,0.480742,0.564224,-0.258342,0.306759,0.308205,-0.428985,-0.291107,0.443374,-1.0
0.763239,-0.097987,0.327853,0.802832,0.838941,0.797206,0.469026,0.168441,0.206834,0.226533,0.000514,-0.574971,0.061696,0.488283,-1.0
-0.513143,-0.443838,-0.705553,-0.766085,-0.911,0.274464,0.936319,0.839359,-0.716051,0.184883,-0.05029,0.03055,-0.228201,0.435398,-1.0
0.716677,0.753926,0.832517,-0.681152,0.542072,-0.444208,0.583299,0.646398,0.369349,-0.369862,-0.022624,0.386946,-0.018892,-0.519723,-1.0
0.903532,0.680409,-0.019811,0.006523,-0.235906,-0.582431,0.342969,0.690526,-0.066735,-0.332755,0.520491,0.461588,-0.316246,-0.382759,-0.998491
-0.624286,-0.686882,0.911518,0.107461,-0.208163,0.934193,0.535198,0.181984,-0.062518,0.339316,-0.13392,-0.583352,0.145708,0.418206,-1.0
-0.209498,-0.91035,0.706179,0.322189,0.994431,-0.020739,0.588454,0.718857,0.470112,-0.015876,-0.237985,-0.268911,0.373189,0.286897,-0.997134
0.599007,-0.358494,-0.701565,0.793796,0.087781,0.361135,0.059273,0.134009,0.029966,-0.019724,0.525421,-0.733647,-0.348136,0.390497,-0.98754
-0.874102,-0.781722,0.861181,0.445638,0.15339,-0.998737,0.509284,0.257187,0.006327,-0.3854,-0.428848,0.069509,0.452111,-0.011982,-0.952956
-0.991103,-0.461568,-0.311367,-0.840204,0.376667,0.424021,0.39903,0.290286,0.196377,0.217124,-0.529419,-0.290875,0.444574,0.25914,-1.0
0.175477,-0.756535,-0.800831,0.576345,0.220751,0.788833,0.510094,0.697617,0.207198,0.337486,-0.003096,-0.543934,0.0237,0.54045,-1.0
-0.978499,0.894388,-0.45547,-0.412842,-0.351507,0.705239,0.466347,0.388795,-0.261066,0.396149,-0.569255,0.283327,0.478874,-0.128165,-1.0
0.904458,0.794029,-0.18503,-0.436529,0.475541,-0.875063,0.197607,0.805965,0.078836,-0.088226,0.219661,0.784158,-0.154609,-0.468502,-0.972446
-0.584442,-0.929871,-0.575082,0.970688,0.299733,-0.189262,0.577546,0.526542,0.360347,-0.297129,-0.347476,-0.259,0.337708,0.24041,-1.0
0.240197,0.807492,-0.961796,-0.855974,-0.074792,0.884778,0.960647,0.446341,-0.027637,0.796392,0.019222,0.04896,-0.441788,0.085388,-0.955245
0.280223,-0.256912,-0.616363,0.75846,-0.350732,0.586589,0.392774,0.411894,-0.09676,0.272091,0.372386,-0.459368,-0.313881,0.399353,-1.0
-0.217092,0.273314,0.156016,0.384338,-0.883923,0.475644,0.690272,0.956241,-0.527775,0.337581,0.317677,-0.144697,-0.492222,0.187699,-1.0
0.616562,0.187189,0.799132,-0.253286,0.529887,0.681345,0.993277,0.915886,0.404951,0.616374,-0.073719,0.041322,-0.1519,0.494848,-1.0
-0.498646,0.170413,-0.819781,0.147391,0.624437,0.978629,0.240609,0.564672,0.053549,0.186815,-0.55473,-0.469636,0.334081,0.333563,-1.0
0.748495,0.778806,-0.785831,-0.404009,-0.422709,-0.764133,0.156956,0.911541,-0.071222,-0.170759,0.565911,0.634636,-0.266624,-0.349476,-0.929592
-0.478861,0.521567,-0.628321,-0.844158,-0.801672,-0.506754,0.471879,0.039881,-0.309722,-0.164726,0.141483,0.580531,-0.193904,-0.548725,-1.0
-0.873383,-0.442044,0.694469,0.090179,-0.466139,0.883034,0.221751,0.377319,-0.086738,0.132684,-0.218451,-0.716446,0.107858,0.470629,-1.0
0.659001,-0.326381,0.393598,0.576453,0.091843,-0.70808,0.714692,0.803669,0.004359,-0.557211,0.270384,0.132474,-0.528201,-0.346021,-1.0
-0.825903,-0.441907,0.39472,-0.907131,0.449116,0.185198,0.112966,0.772591,0.144819,0.07043,-0.821577,-0.400225,0.391583,0.20995,-1.0
-0.405567,0.203593,0.91226,0.560433,-0.993297,0.070408,0.447973,0.357265,-0.318739,0.067716,0.506311,0.18227,-0.429074,-0.125517,-1.0
-0.938278,-0.145079,-0.138371,-0.03104,0.894785,-0.980816,0.016694,0.093196,-0.040647,0.017783,-0.851266,0.334981,0.458031,-0.248874,-1.0
0.300258,0.031378,0.1087,-0.400481,-0.340313,-0.496668,0.455001,0.976139,-0.212262,-0.324454,0.387381,0.368397,-0.397933,-0.329435,-0.997771
-0.02231,-0.163464,0.083701,-0.708276,-0.683406,0.274809,0.143055,0.685411,-0.039664,0.109197,0.810713,-0.545308,-0.39568,0.24597,-0.995876
-0.447634,0.815621,0.761822,0.082665,0.444909,0.227874,0.306683,0.918493,0.234153,0.144636,-0.552407,0.404751,0.367061,-0.237219,-0.917387
-0.406863,-0.112466,-0.99987,0.246088,0.760732,-0.844244,0.686388,0.531046,0.299608,-0.379568,-0.253035,0.224485,0.47146,-0.177613,-1.0
-0.695231,-0.030428,-0.238347,-0.724875,0.404409,-0.110533,0.814597,0.061654,0.678508,-0.212516,-0.251721,-0.019411,0.496168,0.007121,-0.960598
0.043649,-0.960237,-0.644681,0.673782,-0.829082,0.950437,0.869932,0.59744,-0.503295,0.557807,-0.056599,-0.071713,-0.120319,0.466636,-1.0
-0.913335,0.450211,-0.465716,-0.339412,-0.660171,0.469539,0.11112,0.979107,-0.047256,0.020214,-0.891739,-0.030619,0.519949,0.044984,-1.0
-0.178164,-0.128042,0.231564,-0.062706,-0.736156,-0.840603,0.102525,0.962578,-0.088709,-0.011984,0.550382,0.7621,-0.370242,-0.414411,-0.982018
0.96059,-0.931734,-0.192922,0.332218,-0.006863,-0.010703,0.651786,0.519317,-0.315785,-0.415964,0.30062,-0.267734,-0.301168,0.288032,-0.990943
-0.564874,0.993314,-0.457889,-0.62543,0.420179,-0.011691,0.83644,0.689137,0.682666,-0.060931,-0.133734,0.089861,0.423238,-0.379373,-1.0
-0.219029,0.404799,-0.552635,-0.192896,0.036155,0.76732,0.611628,0.035507,-0.032419,0.475393,-0.154264,-0.217568,0.185454,0.409242,-0.99196
-0.333283,0.63321,0.565205,-0.039486,-0.768164,-0.323711,0.935616,0.350502,-0.680866,-0.290942,0.046529,0.045609,-0.191039,-0.48685,-0.967396
-0.189118,0.882047,0.906574,-0.964274,0.490622,-0.134646,0.914102,0.88337,0.735971,-0.165779,-0.155194,0.037289,0.282686,-0.400113,-0.884086
-0.914443,0.175295,0.436913,0.392195,0.348883,-0.237859,0.072988,0.524709,0.093834,-0.078465,-0.903276,0.402598,0.502585,-0.066874,-0.978409
-0.615119,-0.511067,0.411812,0.122212,0.75419,0.689887,0.304618,0.415557,0.197724,0.179794,-0.525982,-0.473161,0.375029,0.309031,-1.0
0.109562,-0.527056,0.123454,-0.873681,-0.058464,0.960986,0.865481,0.009814,0.010773,0.70521,0.038507,-0.189207,-0.079708,0.570411,-1.0
-0.755227,-0.550909,0.394476,0.365883,-0.453333,0.110741,0.641656,0.08176,-0.381247,0.149501,-0.127282,-0.377044,0.193286,0.47058,-1.0
0.078038,0.839899,-0.023144,0.887636,-0.04712,-0.268829,0.9347,0.747996,-0.185448,-0.772038,0.012996,0.109993,-0.089695,-0.490854,-0.938886
-0.533175,0.226559,0.000161,-0.639311,-0.500149,0.376299,0.162762,0.877358,-0.069419,0.082937,-0.23307,-0.743446,0.140562,0.447202,-1.0
-0.010066,-0.991786,-0.764439,0.263633,0.945903,-0.872105,0.399756,0.582266,0.251207,-0.156036,-0.622414,-0.032478,0.577702,0.101319,-0.968672
0.076667,-0.92197,-0.334921,-0.772572,-0.137508,0.428639,0.064174,0.645745,-0.055212,0.052259,0.125126,-0.921198,-0.068737,0.451468,-1.0
0.775016,0.273216,0.145169,-0.770925,-0.487413,0.056793,0.382226,0.687559,-0.280259,0.022547,0.703766,0.161809,-0.46571,-0.082699,-0.995894
-0.321683,0.212297,0.107785,-0.426355,-0.465286,-0.963604,0.624139,0.267066,-0.247024,-0.434731,0.018353,0.398164,-0.045147,-0.559343,-1.0
-0.312783,-0.519609,-0.511959,0.813393,-0.06939,0.892851,0.17823,0.50104,-0.01137,0.174111,-0.100217,-0.866135,0.028919,0.494298,-0.924857
0.210176,-0.817043,-0.401344,-0.071913,0.853631,0.594611,0.820051,0.779565,0.478015,0.306738,-0.036315,-0.192279,0.140454,0.569672,-0.983585
0.064532,0.057969,-0.796371,-0.725683,0.964784,-0.830207,0.031762,0.791574,-0.030923,-0.017524,-0.687385,0.650052,0.380414,-0.430381,-1.0
-0.127218,0.519746,-0.501383,-0.149994,0.55617,0.649957,0.326216,0.476965,0.235423,0.192304,-0.687753,-0.186234,0.436048,0.137175,-0.975878
-0.102537,0.125235,-0.436046,0.812072,0.008517,-0.762209,0.47723,0.10576,0.056423,-0.369921,-0.07404,0.544847,0.029664,-0.530311,-1.0
0.220973,-0.316432,0.156679,0.693692,-0.570531,-0.281276,0.627832,0.428887,-0.44847,-0.242486,0.410166,-0.023125,-0.5094,0.053422,-1.0
0.300508,0.890921,0.346905,0.464541,0.396847,-0.820324,0.228652,0.226308,0.196664,-0.105929,-0.087004,0.821627,0.075236,-0.465514,-0.993329
-0.139727,-0.326068,-0.293526,-0.961664,-0.242477,-0.365613,0.485628,0.12098,-0.217934,-0.301715,0.467521,0.149206,-0.470256,-0.197021,-1.0
-0.26855,-0.334486,-0.53722,-0.839658,0.309769,0.053133,0.026084,0.517617,0.068924,0.012757,-0.72319,-0.484731,0.466749,0.299429,-1.0
0.025018,0.142058,-0.683082,0.254742,0.150931,-0.331668,0.169272,0.323991,0.046957,-0.230485,-0.122928,0.87905,0.142861,-0.59275,-0.996005
0.343744,-0.012332,-0.968611,0.171606,-0.549226,-0.013065,0.232198,0.661637,-0.195112,-0.025907,0.742474,-0.061542,-0.492728,0.019125,-0.959059
0.210601,0.007947,-0.741757,-0.155307,-0.692228,0.133496,0.870142,0.138864,-0.684531,0.009159,0.080633,-0.037697,-0.496013,0.056779,-0.999193
-0.710292,0.209233,0.182893,-0.404068,0.840403,0.351979,0.662799,0.091177,0.437225,0.219064,-0.400848,-0.092893,0.454959,0.070503,-0.928249
0.910142,0.964378,-0.853529,-0.970258,-0.73715,0.038962,0.704975,0.99261,-0.525032,0.056678,0.272594,0.125609,-0.44247,-0.215282,-1.0
-0.533349,-0.193109,-0.193194,-0.724951,-0.105133,0.455678,0.677745,0.450544,-0.166847,0.537175,-0.254718,-0.273475,0.305491,0.384386,-0.925828
0.594509,0.664077,0.686339,0.458285,-0.17942,0.034189,0.060736,0.722681,-0.011831,0.055186,0.73401,0.600468,-0.408917,-0.340872,-0.925335
-0.787797,-0.909704,0.059119,0.147391,-0.890766,0.346495,0.897207,0.99511,-0.661589,0.191977,-0.045488,-0.12159,-0.077106,0.497811,-1.0
0.545603,-0.057883,0.207062,0.724283,-0.736006,0.810094,0.166722,0.550979,-0.072869,0.069568,0.73243,-0.482595,-0.412103,0.360081,-0.970556
-0.373172,0.412371,0.42501,0.888379,-0.102615,-0.937316,0.884909,0.32076,-0.121416,-0.664229,-0.021655,0.025172,0.083532,-0.547309,-0.960375
0.510086,0.012714,-0.332654,-0.185958,-0.827382,0.132021,0.234126,0.247897,-0.175547,0.087019,0.780621,-0.042028,-0.426459,0.030081,-1.0
-0.565383,-0.260866,0.214032,-0.021867,-0.066712,-0.696481,0.444095,0.863165,-0.025894,-0.346715,-0.456036,0.35825,0.455453,-0.397763,-0.915268
-0.591979,-0.571382,-0.999623,-0.846835,-0.478837,0.695403,0.326875,0.187123,-0.11335,0.227397,-0.004789,-0.68421,0.075925,0.468328,-1.0
0.580142,0.193597,0.790188,0.940036,-0.807862,-0.247144,0.432896,0.629179,-0.308246,-0.093395,0.521294,0.1246,-0.453706,-0.115327,-0.952085
0.370881,0.637788,-0.344446,0.143357,-0.90972,0.899499,0.58572,0.301751,-0.454707,0.307752,0.434334,-0.141296,-0.462508,0.175574,-0.968778
0.394671,0.46675,0.3924,0.835442,-0.898194,0.914546,0.545705,0.088402,-0.321731,0.286575,0.419144,-0.136162,-0.467431,0.132525,-0.994214
-0.634505,0.99369,0.717389,-0.086637,-0.703675,-0.835384,0.57813,0.090023,-0.318149,-0.384561,0.037194,0.366597,-0.014403,-0.476583,-0.956522
0.250247,-0.882925,-0.316541,0.242013,0.647717,-0.506055,0.352266,0.570453,0.306404,-0.153461,-0.600783,-0.533159,0.314558,0.283366,-0.938766
-0.142562,-0.988478,-0.303316,0.878083,0.247012,-0.077937,0.165276,0.425407,0.145517,0.004904,-0.353253,-0.805865,0.080202,0.507269,-0.976197
0.406058,0.45295,-0.827502,-0.584767,0.294128,-0.937507,0.557021,0.84425,0.147735,-0.437529,0.06894,0.443173,0.044913,-0.494203,-0.967201
-0.372936,-0.072482,0.102842,0.011712,-0.780505,0.241667,0.435175,0.993369,-0.272439,0.084609,0.449867,-0.35109,-0.383483,0.368313,-0.977595
0.573717,0.203028,-0.333236,-0.968253,-0.116453,-0.655862,0.88423,0.258966,-0.115115,-0.698299,0.107755,0.144142,-0.381515,-0.363284,-0.999888
0.824492,0.971057,0.280281,0.013686,-0.552935,0.115251,0.40243,0.622425,-0.373797,0.00087,0.487235,0.404062,-0.321122,-0.258535,-1.0
0.702645,0.855689,-0.746654,-0.623342,-0.663798,-0.628435,0.309235,0.000367,-0.097478,-0.172108,0.479729,0.472916,-0.456378,-0.439584,-1.0
-0.293199,-0.492812,0.940173,0.164014,-0.820875,-0.915801,0.387251,0.645962,-0.162831,-0.281298,0.42768,0.341292,-0.442166,-0.243402,-1.0
0.468482,0.612907,-0.966903,0.783552,0.437692,-0.384543,0.967241,0.0537,0.612445,-0.509017,-0.018322,0.016621,0.030441,-0.459631,-1.0
0.336558,0.226389,0.436308,0.752703,-0.164218,-0.503919,0.606781,0.845727,-0.105893,-0.446895,0.249976,0.310361,-0.383232,-0.454887,-0.914929
0.703663,-0.186765,0.576257,0.969459,0.191313,-0.521034,0.86186,0.259618,0.151063,-0.624684,0.155539,0.05137,-0.43943,-0.260543,-1.0
-0.736021,-0.063332,-0.803959,0.594502,0.502133,0.980683,0.812651,0.000231,0.332667,0.531563,-0.160162,-0.198049,0.342657,0.314554,-0.951072
0.298825,0.697761,-0.442073,-0.135164,0.849502,-0.088216,0.748183,0.946179,0.667379,-0.011895,-0.110541,0.218,0.249458,-0.479118,-1.0
0.308054,0.242899,-0.046221,-0.965114,-0.702386,0.800926,0.404225,0.509023,-0.247099,0.27315,0.582392,-0.325327,-0.484896,0.2209,-0.993649
-0.348994,-0.386943,0.987441,0.051959,0.124562,-0.627764,0.036036,0.873598,-0.017187,-0.034446,-0.766055,0.470513,0.497656,-0.273105,-0.946559
0.944739,0.509508,-0.491884,0.17923,-0.667487,-0.032924,0.437994,0.538857,-0.355401,-0.044195,0.464384,0.174179,-0.459273,-0.152214,-0.933419
0.707765,0.557281,0.879713,0.225396,0.293253,-0.039659,0.106062,0.824707,0.085905,-0.07277,0.492254,0.759863,-0.219813,-0.410513,-1.0
-0.775856,0.124618,0.693124,0.419155,-0.706909,0.823303,0.916226,0.293897,-0.477135,0.505179,0.03739,-0.032809,0.099438,0.527814,-1.0
0.773411,-0.047306,-0.075987,-0.719709,0.194448,-0.283927,0.563941,0.993032,0.250379,-0.298027,0.399329,0.102709,-0.446507,-0.110962,-1.0
0.790261,0.000179,0.435931,0.387345,-0.046663,0.347918,0.906792,0.989729,-0.092565,0.791567,0.086609,-0.110785,-0.535313,0.199112,-1.0
-0.84303,0.420332,-0.7675,-0.60788,0.774538,0.091282,0.376108,0.905585,0.297275,-0.067938,-0.532898,0.155117,0.513716,0.002003,-1.0
0.892832,-0.38975,-0.833651,-0.224151,0.30755,0.755272,0.588226,0.728044,0.25782,0.380928,0.175677,-0.416547,-0.172867,0.468969,-1.0
0.25733,-0.368274,-0.366083,-0.266279,0.770182,0.602692,0.766984,0.187869,0.544619,0.287673,-0.044088,-0.180109,0.16677,0.418288,-1.0
-0.171066,-0.465567,0.410563,0.733529,0.725736,-0.887661,0.903922,0.924056,0.506861,-0.593669,-0.098939,0.031444,0.427365,-0.232666,-1.0
-0.13145,-0.644101,0.993489,-0.079273,0.488923,-0.919094,0.301285,0.506145,0.123442,-0.173791,-0.657806,0.265315,0.436201,-0.217013,-1.0
-0.167791,-0.100935,0.195546,-0.273722,0.262544,0.026756,0.566207,0.733405,0.403793,0.001583,-0.355518,-0.172705,0.496141,0.170686,-0.966296
0.992504,-0.661197,-0.310638,-0.440179,0.331471,0.780116,0.222448,0.269966,0.042758,0.1626,0.379065,-0.722097,-0.221255,0.467183,-0.992387
-0.270548,-0.323337,-0.269143,0.326614,0.652546,-0.478617,0.325926,0.967725,0.209032,-0.174102,-0.683699,0.127742,0.494716,-0.149535,-1.0
0.479544,-0.610474,-0.305782,-0.766288,-0.494878,0.921346,0.638764,0.907009,-0.190778,0.518303,0.204889,-0.301254,-0.202799,0.463774,-1.0
-0.580576,-0.790527,-0.525921,-0.12177,-0.677626,0.46904,0.784529,0.059796,-0.541434,0.412051,0.032332,-0.196869,0.01878,0.512472,-1.0
0.488323,-0.317135,-0.07827,0.425042,-0.314995,-0.366315,0.896034,0.377031,-0.486185,-0.433962,0.079803,-0.036721,-0.501176,-0.015405,-1.0
0.078449,-0.967267,0.21389,0.121471,-0.601131,-0.773536,0.125414,0.576492,-0.084887,0.028927,0.868655,-0.294305,-0.532768,0.161947,-0.994931
0.87048,-0.854193,0.181735,0.286249,-0.308727,-0.399145,0.989178,0.385614,-0.530522,-0.677156,-0.026425,-0.124797,-0.493904,0.193303,-1.0
0.128764,0.20276,-0.776073,0.693561,0.995051,0.853634,0.913373,0.338333,0.562985,0.514776,0.014166,0.007976,0.476872,0.344909,-1.0
-0.868262,-0.984192,0.161417,-0.381441,-0.74975,-0.801251,0.101911,0.922763,-0.075012,-0.174915,-0.541372,-0.740241,0.188015,0.469067,-0.916556
-0.183028,0.134474,0.12186,-0.110083,0.592211,0.100743,0.291553,0.375946,0.283186,0.096744,-0.763964,-0.041428,0.508586,-0.016238,-0.981733
0.162837,0.878329,0.521964,0.008308,-0.510511,0.152039,0.87394,0.593001,-0.713373,0.212615,0.118997,0.124761,-0.443889,-0.36571,-0.982163
-0.376426,0.994912,0.099399,-0.986616,0.989818,-0.805228,0.873166,0.317654,0.529232,-0.429745,-0.131353,0.050339,0.35323,-0.417541,-1.0
-0.987798,0.157024,0.004129,0.306727,0.669856,0.44461,0.571132,0.832586,0.328329,0.319434,-0.33407,-0.137946,0.524294,0.079969,-0.999153
-0.658745,0.989906,-0.023603,-0.146178,0.026511,0.796149,0.61804,0.202204,-0.010627,0.464898,-0.314418,0.091587,0.437537,-0.185197,-1.0
0.134611,-0.408762,-0.044932,-0.957135,0.948331,-0.488644,0.095985,0.728964,0.013124,-0.071598,-0.973136,0.038302,0.499768,-0.069784,-0.981571
0.16432,0.55582,0.034037,-0.063638,0.800052,-0.673802,0.020718,0.989225,-0.042531,-0.06246,-0.437109,0.847765,0.226616,-0.459092,-0.952221
-0.792913,-0.190859,0.10289,0.257915,-0.363443,-0.136407,0.138054,0.458988,-0.074038,-0.055292,-0.834743,-0.023125,0.568512,0.0903,-1.0
0.11789,0.881383,0.889693,0.001409,0.970703,0.493342,0.874762,0.674137,0.547972,0.320655,-0.183444,0.094608,0.462669,-0.259734,-1.0
-0.101743,0.978842,0.420927,0.183368,-0.304758,-0.653943,0.769077,0.110414,-0.272318,-0.542896,-0.038442,0.2366,-0.046414,-0.434928,-1.0
-0.037432,0.09588,-0.810643,-0.363806,-0.955206,-0.621073,0.705881,0.493923,-0.530713,-0.31649,0.279686,0.06223,-0.481099,-0.291225,-1.0
-0.31144,-0.062397,-0.195371,0.537306,0.356684,0.019454,0.390861,0.707841,0.380425,-0.002102,-0.610851,-0.05859,0.43296,0.079062,-0.972428
0.349553,-0.218278,-0.873412,-0.880225,-0.739852,0.933827,0.010917,0.271537,0.024481,-0.044115,0.691298,-0.659895,-0.365132,0.410108,-0.997526
-0.028206,-0.483141,0.974746,-0.911941,-0.299509,0.973726,0.695483,0.207658,-0.209728,0.545413,0.03743,-0.275427,-0.117223,0.495741,-1.0
0.759649,0.713734,-0.377032,-0.137533,0.237353,0.217399,0.019502,0.711096,-0.035785,0.042512,0.754952,0.711859,-0.412678,-0.314622,-0.958204
-0.394356,-0.170166,0.498347,-0.620317,-0.015762,-0.079388,0.403528,0.340517,-0.009663,-0.429609,-0.547062,-0.106939,0.413069,0.106739,-1.0
0.400139,-0.302824,-0.863074,-0.246511,-0.819614,0.753246,0.288202,0.353787,-0.220348,0.080504,0.531464,-0.402606,-0.369823,0.288766,-0.929529
-0.937019,-0.842348,-0.713479,0.218771,0.511446,0.48644,0.552111,0.812284,0.334062,0.387301,-0.298809,-0.28947,0.362794,0.368761,-0.99678
0.567924,0.637223,-0.199488,-0.687151,0.257825,-0.711892,0.165076,0.74829,0.021342,-0.181821,0.24254,0.783311,-0.160858,-0.523137,-0.993141
0.66063,0.92778,-0.408573,0.693126,0.787404,-0.991844,0.0457,0.670178,0.107113,0.042304,-0.159397,0.951571,0.087033,-0.49695,-0.978248
0.024572,-0.455335,0.713097,-0.50841,-0.490915,0.851278,0.003641,0.519978,0.040951,-0.012193,0.279737,-0.899375,-0.18193,0.507713,-0.982669
0.954269,0.006421,0.627595,0.730523,0.149259,0.177977,0.865023,0.650348,0.385727,0.629274,0.189562,-0.079052,-0.480888,-0.004899,-1.0
-0.44986,0.515499,-0.773263,0.385728,-0.302739,0.526718,0.870991,0.638511,-0.386653,0.53257,-0.124739,0.035861,0.466102,0.001722,-1.0
0.633169,0.355604,-0.004561,-0.386041,0.357545,-0.316832,0.699942,0.618697,0.388588,-0.446995,0.156431,0.343597,-0.140247,-0.41864,-1.0
-0.169805,-0.544229,-0.613678,-0.35219,-0.939699,0.971176,0.046179,0.561183,0.010773,0.0673,0.428689,-0.814918,-0.224291,0.318739,-0.961375
0.928511,0.511488,-0.690681,0.576276,-0.822058,-0.649248,0.532896,0.931453,-0.375203,-0.127267,0.367696,0.259808,-0.443958,-0.166923,-0.981721
-0.509067,0.372815,0.163714,-0.926151,-0.686745,-0.556792,0.44278,0.020917,-0.239463,-0.28162,0.06736,0.648827,-0.112921,-0.543308,-0.964998
0.717945,-0.153727,-0.606111,-0.935351,-0.741555,-0.606487,0.266455,0.969919,-0.147033,-0.098974,0.653155,0.223089,-0.523622,-0.143425,-1.0
-0.697826,-0.614021,0.927869,-0.86133,-0.197066,-0.865588,0.899871,0.357712,-0.241215,-0.683962,-0.022859,0.018053,0.464391,-0.245329,-0.971213
-0.176409,-0.878708,-0.530564,0.042485,0.093655,-0.79144,0.200834,0.385121,0.097039,-0.093176,-0.715214,-0.325737,0.489745,0.090344,-0.973183
-0.863342,0.958476,-0.033404,0.117509,-0.654583,0.540231,0.188884,0.863229,-0.10493,0.078899,-0.365926,0.677939,0.152593,-0.491031,-1.0
0.532858,-0.088046,-0.383898,0.649792,0.514677,0.160758,0.844535,0.750542,0.597499,0.165228,-0.031273,-0.067799,-0.004699,0.52283,-1.0
-0.540752,0.49081,-0.45905,0.826702,0.028845,-0.951679,0.459,0.494872,0.056911,-0.295097,-0.122985,0.528233,0.042229,-0.452903,-1.0
-0.932901,-0.243105,0.701573,0.06646,-0.345681,-0.027225,0.58183,0.746221,-0.603763,-0.049814,-0.441988,-0.275772,0.529992,0.218862,-1.0
-0.627631,-0.415378,-0.966804,-0.744289,0.702301,0.114715,0.810083,0.894383,0.695956,0.071785,-0.212948,-0.055153,0.491527,0.207099,-0.959727
-0.401227,0.595299,-0.81493,0.458002,0.315664,0.213601,0.845376,0.327013,0.598385,0.32701,-0.178496,0.018094,0.457104,-0.26198,-1.0
0.992273,0.295218,0.537879,0.706907,0.425805,-0.233828,0.817468,0.889655,0.572955,-0.352045,0.197053,0.060182,-0.368707,-0.377627,-1.0
-0.331854,-0.133801,-0.056287,-0.308341,-0.247079,0.635023,0.02725,0.753887,-0.02805,0.068052,-0.236225,-0.938943,0.015487,0.493481,-1.0
-0.745307,-0.326325,-0.022498,0.731035,-0.050119,0.05548,0.972282,0.899691,-0.571815,0.486206,0.030247,-0.02066,0.441716,0.215978,-1.0
-0.375452,0.513537,-0.326903,0.465648,-0.141223,-0.055135,0.876575,0.333228,-0.679073,-0.252805,-0.057615,0.084385,0.133537,-0.446579,-1.0
-0.005185,0.032862,0.530118,-0.2627,0.253411,-0.612105,0.406231,0.075823,0.130531,-0.284024,-0.276873,0.550856,0.177242,-0.508289,-1.0
-0.160622,0.159566,-0.747256,-0.627498,-0.558759,-0.852809,0.907025,0.921187,-0.387155,-0.562689,0.027622,0.096064,-0.203825,-0.346618,-1.0
-0.581605,-0.42922,0.569034,0.672434,-0.893885,-0.314701,0.162181,0.167589,-0.088636,-0.028466,0.780292,-0.280891,-0.502318,0.176912,-0.955035
0.860505,0.681287,-0.316564,0.094982,0.817643,0.106593,0.999495,0.525974,0.723858,0.057517,0.00796,0.024088,-0.001418,-0.611159,-0.98592
-0.856932,-0.035939,-0.784574,0.63147,-0.686951,0.872973,0.111996,0.505513,-0.077497,0.141254,-0.213278,-0.834903,0.137789,0.512936,-1.0
0.588858,0.680359,0.162248,0.153534,-0.828262,-0.040646,0.389355,0.353981,-0.350935,-0.077786,0.483704,0.222709,-0.433336,-0.242538,-0.967794
0.072466,0.588669,0.724302,0.88711,0.515394,0.702888,0.561308,0.032441,0.268354,0.337449,-0.456307,-0.181288,0.481972,0.146182,-0.998141
0.626699,0.771942,0.997803,-0.282915,0.321751,0.505657,0.407003,0.185816,0.146657,0.299104,0.428361,0.363829,-0.398729,-0.305263,-0.963172
0.043235,0.438256,0.228949,0.467471,0.560435,-0.874336,0.046422,0.029408,-0.054089,-0.051675,-0.378449,0.831183,0.232658,-0.451126,-1.0
0.874669,-0.633347,-0.559651,-0.945912,-0.700733,0.352046,0.928231,0.459087,-0.635339,0.348187,0.038263,-0.036688,-0.392714,0.238015,-1.0
0.374121,-0.245909,-0.786611,0.8656,0.669598,-0.461335,0.972486,0.324724,0.653333,-0.468126,-0.11397,0.014651,0.428285,-0.258418,-1.0
0.845368,0.321268,0.889062,-0.135698,-0.750509,0.952149,0.682122,0.601913,-0.25317,0.489169,0.265051,-0.069503,-0.451424,0.156332,-0.946876
-0.598662,-0.341266,-0.586101,0.387058,-0.365876,-0.303486,0.283206,0.289518,-0.190555,-0.131424,-0.735971,-0.071474,0.395681,0.036863,-0.984229
-0.71886,-0.741995,0.261709,0.413126,0.127021,0.879766,0.619089,0.351595,0.069976,0.482446,-0.222395,-0.348537,0.242456,0.471198,-1.0
0.892896,-0.01208,-0.542977,-0.876327,-0.60299,-0.660083,0.538334,0.066774,-0.243917,-0.272038,0.354452,0.199368,-0.492745,-0.253044,-0.979606
-0.171739,-0.076151,0.392026,0.92631,-0.849708,-0.682802,0.811592,0.292646,-0.498266,-0.292026,0.157799,0.121293,-0.447041,-0.329698,-1.0
0.167394,-0.525973,0.043423,0.937775,0.394369,0.131238,0.268008,0.130859,0.208837,0.136744,-0.283542,-0.807531,0.088869,0.526518,-1.0
-0.088648,0.165437,0.561038,-0.053322,-0.071029,-0.288554,0.696852,0.656258,-0.221998,-0.53002,-0.025945,0.320356,7.2e-05,-0.463616,-0.984082
0.154912,0.560681,0.356924,-0.849597,0.605647,-0.192736,0.475213,0.536847,0.251034,-0.174239,-0.357324,0.47873,0.265371,-0.389344,-1.0
-0.043011,0.321616,-0.216098,-0.517635,0.192221,-0.18527,0.439834,0.262911,0.313532,-0.25536,-0.259299,0.462006,0.186436,-0.467375,-0.950245
-0.377078,0.425972,0.742202,-0.389163,0.162285,-0.158547,0.797161,0.06021,0.436939,-0.379701,-0.146025,0.164102,0.389335,-0.360839,-1.0
0.534226,-0.093445,-0.094874,0.97598,0.884103,-0.919782,0.797576,0.509951,0.36524,-0.449468,0.007701,0.199641,0.107705,-0.394717,-0.936426
0.355731,-0.672229,-0.025079,0.275256,-0.489402,-0.360157,0.316234,0.089042,-0.16465,-0.161182,0.66914,-0.20779,-0.480142,0.159722,-0.890217
0.418053,-0.674267,0.990812,0.550768,-0.03661,0.033213,0.887655,0.351461,-0.489056,0.436792,0.096475,-0.053633,-0.23685,0.336596,-1.0
-0.766697,0.565536,0.783703,-0.969101,0.080391,-0.386875,0.040926,0.935679,-0.063386,0.073967,-0.660489,0.662107,0.317387,-0.358241,-0.888193
0.904497,0.369969,0.645405,0.385999,-0.980244,0.79551,0.596026,0.459504,-0.313321,0.297752,0.459225,-0.03934,-0.43836,0.132356,-0.9578
-0.040025,-0.379539,-0.480565,-0.964583,-0.649617,0.517348,0.511345,0.573848,-0.327762,0.315938,0.37664,-0.336775,-0.202621,0.400487,-1.0
-0.272402,-0.788306,0.289826,-0.188257,0.783385,0.035192,0.682944,0.308589,0.494224,-0.038149,-0.274562,-0.229751,0.455441,0.283618,-0.979286
0.780976,0.068277,-0.541255,-0.86859,-0.931882,-0.162172,0.844554,0.014892,-0.666033,-0.143719,0.185036,0.060768,-0.534323,-0.108271,-0.925207
-0.334662,0.911585,0.355246,0.260136,0.750651,0.893715,0.625471,0.125775,0.312978,0.320732,-0.336181,0.052879,0.434545,-0.02202,-0.993844
0.92714,0.832465,0.667548,0.044987,0.633961,-0.469757,0.397636,0.468692,0.306276,-0.161023,0.118225,0.585964,-0.13522,-0.563806,-0.977821
0.879251,0.97427,0.101141,0.318542,-0.728768,-0.510469,0.015478,0.672913,-0.0646,-0.08609,0.66644,0.68455,-0.409157,-0.233748,-0.965896
0.191625,-0.819571,-0.549771,0.229306,-0.450768,0.240197,0.435231,0.981782,-0.290189,0.142161,0.314246,-0.392998,-0.273081,0.394783,-1.0
0.565488,0.099442,-0.865044,0.610473,0.282947,-0.682996,0.64185,0.230715,0.132069,-0.466637,0.086006,0.402948,-0.189199,-0.456624,-1.0
-0.218323,-0.296636,0.565314,-0.948224,-0.580926,-0.62709,0.29301,0.874547,-0.128001,-0.175481,0.557177,0.49103,-0.286312,-0.306218,-0.955177
0.463159,0.829008,0.100683,0.925816,0.127592,-0.375215,0.745317,0.473118,0.141864,-0.594606,-0.025321,0.317841,-0.133991,-0.53383,-0.945942
0.355529,0.423249,0.411868,-0.900703,-0.288649,0.126506,0.125325,0.82229,-0.122783,0.024967,0.81061,0.388499,-0.401578,-0.159802,-1.0
-0.576759,-0.09786,-0.487154,-0.342733,-0.753913,-0.465108,0.749571,0.771294,-0.407139,-0.32883,0.0381,0.246671,-0.274303,-0.499273,-1.0
0.662741,0.79571,0.907047,-0.395115,0.586858,0.219444,0.535068,0.525448,0.327118,0.101459,0.103333,0.452262,-0.072763,-0.5336,-0.970043
0.117989,-0.88855,0.358312,0.858209,0.524599,-0.02169,0.234665,0.465097,0.26328,0.013499,-0.360249,-0.691531,0.178987,0.496184,-1.0
-0.797378,-0.376992,0.810595,-0.499906,-0.835819,0.331126,0.874067,0.067075,-0.705809,0.254513,0.006569,-0.174813,-0.044848,0.566484,-0.956285
0.814078,-0.108229,-0.72864,0.545039,-0.914732,0.275497,0.778909,0.56587,-0.591176,0.17869,0.30328,-0.066533,-0.508184,0.135618,-1.0
-0.225527,-0.004476,0.217859,-0.262112,-0.86174,-0.954966,0.331244,0.785771,-0.18988,-0.237213,0.389703,0.574888,-0.342898,-0.382811,-1.0
0.965659,-0.209597,-0.436067,0.086874,-0.940323,-0.069275,0.142184,0.131074,-0.135157,-0.000172,0.867551,-0.044424,-0.56201,-0.038654,-1.0
0.64017,0.271804,-0.512989,0.81516,0.048546,-0.374984,0.370112,0.845739,0.022369,-0.25984,0.504951,0.419371,-0.297863,-0.329301,-1.0
-0.070349,0.368345,-0.12331,-0.592272,-0.816555,0.93895,0.684174,0.168861,-0.326728,0.371949,0.195491,-0.176064,-0.391706,0.304883,-0.935508
-0.503291,-0.596702,-0.460721,-0.667618,0.716787,-0.562919,0.981454,0.912684,0.700377,-0.451358,-0.114721,-0.029687,0.368374,0.009637,-1.0
0.987798,-0.004077,0.44808,0.826286,0.953367,-0.843365,0.16407,0.470352,0.140845,-0.078957,0.125949,0.807641,-0.185805,-0.432826,-0.991797
-0.817468,0.018416,-0.569196,0.626196,0.380877,0.691266,0.620784,0.752591,0.283737,0.39775,-0.446075,-0.157955,0.424445,0.179756,-1.0
0.075677,-0.386836,0.312969,0.311565,-0.297884,0.821667,0.798933,0.624322,-0.192154,0.668851,0.002128,-0.258741,-0.254267,0.462209,-1.0
-0.220918,-0.625081,-0.4773,0.077646,0.681897,0.723672,0.697083,0.89972,0.427015,0.29068,-0.251971,-0.136259,0.312827,0.402189,-0.993958
-0.617518,-0.167667,0.965619,0.134651,0.402013,-0.990905,0.960782,0.792937,0.299929,-0.688878,-0.025765,-0.013311,0.378178,-0.30491,-1.0
0.729671,0.997974,-0.038837,-0.564212,0.34624,-0.270942,0.302421,0.305451,0.208764,-0.208154,0.151344,0.639552,-0.206397,-0.483081,-1.0
0.900598,-0.964789,0.557829,0.324457,-0.839188,0.337572,0.337304,0.856843,-0.258224,0.124955,0.572354,-0.418997,-0.490187,0.324844,-0.978457
0.607552,0.745462,0.458571,-0.637387,-0.948171,-0.273533,0.264483,0.231959,-0.178107,-0.066376,0.643297,0.449611,-0.395576,-0.309852,-1.0
0.121018,-0.707031,-0.870166,0.351247,-0.071275,0.706214,0.386341,0.27004,-0.045058,0.388583,0.041466,-0.598596,-0.022836,0.470975,-0.885112
-0.369792,0.729987,-0.514098,-0.716038,0.439348,0.624899,0.463731,0.493897,0.124559,0.333925,-0.434738,0.134964,0.394501,-0.065954,-0.9712
-0.583527,-0.939696,-0.753344,0.119978,0.844776,-0.798261,0.803569,0.932835,0.502317,-0.514609,-0.14298,-0.023764,0.470008,-0.062926,-0.957895
-0.180495,-0.211223,-0.974407,0.92699,0.52401,-0.910599,0.656226,0.150283,0.3024,-0.328534,-0.271116,0.306951,0.375009,-0.316883,-0.988753
0.189269,-0.981583,0.128606,0.769607,-0.014465,-0.62563,0.788498,0.439703,0.002707,-0.648975,0.137262,-0.106131,-0.217968,0.425093,-1.0
-0.510337,0.163932,0.149182,-0.709999,0.403641,-0.610955,0.205907,0.583699,0.109186,-0.101766,-0.725552,0.526172,0.416899,-0.256602,-0.965935
-0.823072,0.258224,-0.166454,0.10857,0.545627,-0.827037,0.227113,0.082718,0.085516,-0.16668,-0.553801,0.470796,0.440595,-0.3222,-0.966156
-0.072159,0.940275,-0.090948,-0.41534,-0.892561,0.173381,0.213648,0.422058,-0.190968,0.060789,0.561689,0.509873,-0.440299,-0.343974,-0.946707
-0.463594,-0.217846,-0.154593,0.462399,-0.876721,0.466565,0.066838,0.869081,-0.067592,0.057112,0.509467,-0.794111,-0.257222,0.419094,-0.949385
0.796799,-0.066177,0.271991,-0.886139,0.146616,0.110547,0.517342,0.294389,0.371452,0.231951,0.453242,-0.05367,-0.485596,0.081698,-1.0
-0.714106,0.415368,0.741885,0.421117,-0.9155,-0.020042,0.552546,0.924551,-0.402367,-0.001885,0.234726,0.350643,-0.16475,-0.486405,-0.947891
0.474289,0.482995,-0.111652,-0.736886,-0.326474,0.781365,0.794114,0.945555,-0.222581,0.640101,0.163353,-0.111045,-0.388234,0.124631,-0.982245
-0.027125,-0.638629,-0.966253,0.590235,-0.577887,-0.791607,0.713074,0.61452,-0.401918,-0.542779,0.285839,0.050754,-0.526452,-0.161166,-0.970045
0.9939,0.667209,0.858822,-0.040705,0.94676,-0.506379,0.90163,0.516449,0.600343,-0.234879,0.030325,0.126363,-0.030631,-0.578143,-1.0
-0.288363,0.159546,0.753913,-0.9491,0.847686,-0.345329,0.68678,0.401073,0.502674,-0.208494,-0.244181,0.112833,0.386028,-0.192638,-1.0
0.422257,-0.84793,0.589438,-0.007623,-0.839183,0.113717,0.362982,0.742736,-0.358807,0.06886,0.547459,-0.452828,-0.396198,0.280296,-1.0
0.202622,0.109204,0.838201,0.222917,-0.325959,0.977433,0.961452,0.674763,-0.26872,0.625614,0.026907,0.01325,-0.287365,0.464548,-1.0
-0.797988,0.153161,-0.105431,-0.57653,0.200498,-0.969545,0.682402,0.040816,0.114673,-0.522912,-0.261374,0.207495,0.248013,-0.401281,-0.921791
0.661533,0.378608,0.812856,0.176928,0.577315,-0.860936,0.403301,0.906061,0.144722,-0.393085,0.004554,0.642273,-0.149188,-0.541136,-1.0
0.464194,0.526482,-0.128847,-0.598327,-0.746468,0.079434,0.810586,0.21894,-0.70529,0.123368,0.202886,0.030867,-0.459019,-0.089172,-1.0
0.790801,0.199856,-0.054907,-0.172493,0.980227,-0.566939,0.353171,0.463145,0.25312,-0.08884,-0.17939,0.594739,0.074967,-0.524271,-0.974894
0.965045,-0.877627,0.199352,-0.958284,0.563626,-0.516125,0.8748,0.968521,0.589455,-0.432431,0.132529,-0.100826,-0.365177,0.337538,-1.0
0.531105,0.824702,0.727448,0.170292,-0.916126,0.728523,0.038148,0.273832,-0.140796,0.075468,0.971902,0.031202,-0.504546,-0.056027,-1.0
-0.708318,0.877873,-0.774411,-0.901163,0.824756,-0.1112,0.231717,0.190547,0.184115,-0.031657,-0.603057,0.411245,0.431867,-0.299136,-1.0
0.91624,0.158158,0.538885,-0.374361,-0.017849,-0.282187,0.915165,0.04822,-0.023691,-0.663872,0.095221,0.054466,-0.451537,-0.190078,-1.0
0.541219,-0.768188,-0.414558,-0.013566,0.981265,-0.84195,0.457832,0.703943,0.287034,-0.311437,-0.572665,0.107424,0.543992,-0.141622,-0.916499
-0.29967,0.041771,-0.921721,-0.563055,0.671233,0.738389,0.859168,0.904882,0.501991,0.504498,-0.092616,-0.183159,0.489513,0.213256,-1.0
0.116965,0.04416,0.406123,-0.924127,-0.054086,-0.675532,0.62109,0.520223,0.025698,-0.466751,0.047035,0.364429,-0.056939,-0.419952,-1.0
-0.700742,-0.74731,0.317787,-0.201641,0.909649,-0.247298,0.02521,0.847534,-0.081196,0.059458,-0.821806,-0.357682,0.446538,0.143383,-0.92893
0.196609,0.139411,0.81628,0.786029,0.239087,-0.780706,0.884432,0.705224,0.207898,-0.693552,0.007362,0.127294,-0.00185,-0.531712,-1.0
-0.441258,0.370067,0.466693,-0.096982,0.211035,0.110155,0.052174,0.375071,0.062993,0.046765,-0.820484,0.442526,0.457126,-0.199368,-1.0
-0.908211,0.047556,-0.635848,0.556426,-0.970965,0.078936,0.38209,0.786632,-0.221443,0.080524,0.502281,-0.325334,-0.51388,0.297102,-0.925334
-0.926193,-0.592613,-0.525552,-0.089558,-0.081851,-0.400323,0.347966,0.758844,-0.059884,-0.298589,-0.691218,-0.110854,0.457845,0.138055,-1.0
0.590513,0.980084,-0.633447,0.437379,0.64333,0.226923,0.172105,0.741429,0.067591,0.037,-0.136299,0.799777,0.00841,-0.427826,-0.999078
0.797831,-0.505686,-0.547783,0.64381,0.106561,0.5065,0.649832,0.374908,0.189301,0.479322,0.22282,-0.273479,-0.315458,0.357299,-1.0
-0.273791,-0.817587,0.296114,0.621616,-0.866051,-0.413155,0.61644,0.043326,-0.367532,-0.243873,0.348246,-0.198804,-0.4505,0.299637,-0.940747
0.009233,-0.943665,-0.78477,0.980555,0.634347,-0.023225,0.990116,0.811475,0.777269,0.007975,-0.095129,-0.029785,0.25572,0.420438,-1.0
-0.626103,0.715259,0.350657,-0.443233,0.69209,-0.967298,0.476803,0.311609,0.24441,-0.3186,-0.308835,0.407841,0.266091,-0.368233,-0.928148
0.22724,-0.248266,-0.565141,0.531922,-0.240321,-0.791257,0.430511,0.243653,-0.076851,-0.398195,0.342741,0.460073,-0.359552,-0.489491,-0.992881
-0.475252,-0.438941,0.154329,0.600615,0.317407,-0.461821,0.792226,0.703924,0.385007,-0.46783,-0.096512,0.014053,0.471006,0.124678,-0.920568
0.791405,-0.765495,0.841553,-0.945579,0.131741,0.829799,0.307482,0.932974,0.017399,0.248162,0.255084,-0.661217,-0.05268,0.441076,-0.974564
0.619466,0.935877,-0.641845,-0.980147,-0.351132,0.831599,0.705132,0.365683,-0.300466,0.47105,0.235972,0.037889,-0.537395,-0.121416,-0.947163
-0.830009,-0.67043,-0.834018,-0.994668,0.238203,-0.550872,0.995192,0.529108,0.335439,-0.778044,0.015295,0.043188,0.454094,0.095416,-1.0
0.062015,-0.658166,-0.658844,-0.842262,0.259986,-0.410265,0.231701,0.74833,0.091939,-0.177506,-0.535623,-0.592104,0.314441,0.381402,-1.0
0.699531,-0.897637,-0.711469,0.388763,0.89679,0.526897,0.939855,0.60034,0.5695,0.391399,-0.028348,-0.083324,0.03565,0.435078,-1.0
0.009251,-0.102915,0.336312,0.061934,-0.888489,0.904496,0.813145,0.15501,-0.465596,0.433433,0.090918,-0.179285,-0.258638,0.409742,-1.0
-0.540071,0.755309,0.024533,0.22267,-0.030013,-0.033782,0.890862,0.470882,-0.553544,-0.485222,-0.019587,0.11192,0.322593,-0.478647,-1.0
-0.60621,-0.566325,-0.696394,-0.037633,0.503442,-0.743279,0.680346,0.569512,0.375773,-0.432182,-0.448495,0.03815,0.500234,-0.087827,-0.929724
-0.12442,-0.548252,0.807353,-0.412473,-0.089531,-0.438009,0.326531,0.408383,0.078317,-0.181456,-0.175617,-0.561592,0.115586,0.478933,-0.900925
0.755483,0.546943,-0.023417,0.035455,-0.667997,0.871337,0.631398,0.236599,-0.344977,0.403227,0.435817,-0.088137,-0.480357,0.116435,-1.0
0.885388,0.659331,-0.175821,-0.50275,0.912562,0.688733,0.518158,0.590755,0.313549,0.213341,-0.307543,-0.307405,0.324675,0.412476,-0.92223
0.594276,0.640713,-0.759836,-0.733699,0.539901,0.881457,0.764866,0.835352,0.395816,0.55389,-0.083004,-0.317233,-0.161561,0.470276,-1.0
0.807411,0.318639,0.260803,-0.965734,0.752283,-0.47887,0.7861,0.250358,0.514616,-0.314544,-0.063038,0.271242,-0.03797,-0.428959,-1.0
-0.465712,-0.905248,-0.586395,0.15793,0.467902,0.781705,0.672288,0.458182,0.22389,0.551504,-0.108861,-0.305674,0.240013,0.387521,-0.9043
0.526689,0.22022,-0.675606,-0.893164,0.594645,-0.566335,0.161844,0.786585,0.139513,-0.092404,-0.131092,0.879085,0.118467,-0.502837,-0.983473
-0.716958,-0.660308,-0.510322,-0.397336,-0.052073,-0.149393,0.371227,0.710871,-0.080509,-0.270471,-0.534197,-0.424556,0.381192,0.226806,-0.974803
0.172652,-0.415614,0.539972,0.641652,-0.235472,0.620997,0.982039,0.22086,-0.226888,0.756879,-0.014059,-0.001852,-0.2176,0.375465,-0.956174
0.761938,0.326404,-0.826154,0.486699,0.598991,-0.593355,0.654076,0.474854,0.405603,-0.377039,-0.006729,0.361349,-0.092427,-0.516667,-0.922283
-0.515712,0.195137,-0.173565,-0.282138,0.715627,0.811208,0.431873,0.936452,0.286623,0.24368,-0.429661,-0.173206,0.459925,0.177891,-0.971667
0.040244,0.015435,-0.584408,-0.235182,-0.631865,0.672535,0.208945,0.193443,-0.109839,0.123735,0.605699,-0.552108,-0.417231,0.376584,-0.95657
0.697727,0.163013,0.515029,-0.706329,-0.857239,0.098884,0.067229,0.904828,-0.126517,-0.088336,0.949613,0.044453,-0.45288,0.013566,-1.0
-0.331058,0.683383,-0.37809,-0.111646,0.87859,0.694405,0.402572,0.475495,0.290676,0.247446,-0.558099,0.107752,0.546674,0.183323,-1.0
0.155532,-0.479875,-0.529379,-0.343339,-0.967796,0.54588,0.368642,0.174701,-0.218346,0.223175,0.439096,-0.461209,-0.417149,0.288921,-1.0
0.816366,-0.753328,0.898501,-0.411185,0.064174,-0.1726,0.383928,0.557572,0.119701,-0.321333,0.454249,-0.327136,-0.436955,0.2558,-1.0
0.983735,0.786118,0.352688,0.357465,0.663203,0.893907,0.377876,0.187719,0.188882,0.170984,0.502907,-0.17423,-0.477105,0.243044,-0.943032
-0.14004,-0.502923,0.439638,-0.017173,-0.111001,-0.915705,0.872724,0.660709,-0.087815,-0.708109,-0.017463,0.057622,0.091057,-0.444698,-1.0
-0.587378,-0.658186,-0.657024,-0.467552,-0.867043,0.621412,0.537348,0.817927,-0.339789,0.275066,0.202982,-0.398529,-0.15934,0.607975,-1.0
-0.486724,-0.365466,0.882672,-0.374229,0.426364,-0.693858,0.462535,0.382811,0.176695,-0.250452,-0.509268,0.178309,0.529758,-0.205949,-1.0
0.941279,-0.228318,0.739557,0.022832,0.745595,0.991606,0.863381,0.689928,0.359449,0.556734,-0.051696,-0.15884,-0.060653,0.40078,-0.875226
-0.090669,-0.215458,0.794125,-0.355557,-0.737249,-0.003022,0.541159,0.236082,-0.378395,0.033791,0.52381,-0.06299,-0.44673,0.209845,-0.949758
0.626234,0.47394,0.747045,-0.030689,-0.862517,-0.576268,0.743842,0.297532,-0.483996,-0.307373,0.206463,0.218632,-0.39919,-0.255042,-0.996226
-0.069337,-0.637761,-0.802071,0.930765,0.93766,0.125154,0.266109,0.74577,0.251273,0.040727,-0.71285,-0.525963,0.457648,0.33165,-1.0
-0.767088,0.306615,0.759125,-0.775571,-0.981738,-0.825474,0.883893,0.764836,-0.454328,-0.448404,-0.020172,0.069943,-0.036183,-0.514065,-1.0
0.83544,0.724339,0.433227,-0.85903,-0.669818,0.511694,0.169803,0.72467,-0.052195,0.083602,0.750174,0.17034,-0.456394,-0.020767,-1.0
0.272119,-0.982069,-0.548582,-0.196003,0.651923,-0.214517,0.921964,0.338038,0.684711,-0.189592,-0.083269,-0.076639,0.23694,0.422126,-0.95113
0.880497,-0.545766,-0.485363,0.755749,0.030733,0.229489,0.693515,0.406879,0.086692,0.587259,0.310944,-0.213914,-0.388279,0.251889,-1.0
-0.561698,-0.12522,-0.566281,-0.854499,0.536201,0.903642,0.436461,0.364836,0.12394,0.341301,-0.406095,-0.407962,0.298097,0.300839,-0.995974
0.61436,0.972197,0.519101,0.426201,0.089894,0.03063,0.671615,0.616219,0.492462,0.193047,0.195806,0.314942,-0.341855,-0.419982,-0.987301
0.875512,-0.679244,0.437568,0.736223,0.416296,-0.491947,0.31112,0.388122,0.093764,-0.210141,0.598269,-0.231861,-0.381081,0.062443,-0.998284
-0.160078,0.924507,0.736944,-0.247916,-0.323028,0.75044,0.377072,0.667563,-0.237131,0.32284,0.400404,0.382408,-0.301237,-0.309986,-0.98782
-0.110886,-0.44623,0.318781,-0.758971,0.051082,-0.59762,0.335258,0.18759,0.00148,-0.249667,-0.50715,0.434841,0.349703,-0.323829,-1.0
0.13183,0.898829,-0.325093,0.040553,0.417538,0.94771,0.042301,0.722601,0.054016,-0.062843,-0.800493,-0.220206,0.533435,0.027735,-1.0
0.550029,-0.541499,-0.535801,0.102629,-0.946587,0.065294,0.754686,0.477919,-0.619693,0.170597,0.188969,-0.02738,-0.443334,0.195441,-0.973686
0.58214,0.920367,-0.369422,-0.100963,0.096156,-0.848482,0.695391,0.916335,0.060575,-0.466785,0.068818,0.262365,-0.173793,-0.535914,-0.94695
-0.637954,-0.24643,-0.942869,-0.374271,0.498867,-0.715697,0.63662,0.928528,0.312338,-0.294622,-0.305828,0.068285,0.460909,-0.253925,-1.0
0.809543,-0.719661,-0.221655,-0.074716,-0.519172,-0.879246,0.377781,0.301069,-0.165914,-0.246318,0.650357,0.078309,-0.535695,-0.054404,-1.0
-0.420737,-0.422713,0.046129,-0.374833,0.961579,0.944667,0.084736,0.284363,0.092409,0.050804,-0.619131,-0.517172,0.336087,0.418751,-0.993561
-0.971772,-0.601067,0.692657,-0.506898,-0.706368,0.567473,0.663884,0.171471,-0.430219,0.257832,-0.064533,-0.316141,0.136878,0.560099,-0.995927
-0.319964,0.908823,-0.131893,-0.827409,-0.778127,0.854972,0.867904,0.127261,-0.490341,0.496095,0.157268,-0.125277,-0.521345,-0.0494,-1.0
0.522086,0.342179,-0.898099,-0.703959,0.467045,0.014757,0.893291,0.996844,0.720336,-0.039899,-0.014468,0.079244,-0.125962,-0.432704,-1.0
-0.278114,0.083373,-0.290024,0.171411,0.548214,-0.985172,0.122843,0.52534,-0.005198,-0.038746,-0.487601,0.697831,0.265551,-0.442376,-1.0
-0.407391,-0.534628,0.72209,-0.951845,0.991492,0.765718,0.64349,0.61524,0.414795,0.309101,-0.288319,-0.277385,0.410377,0.344247,-0.962932
-0.006209,-0.439291,-0.804661,-0.41597,0.502741,0.291203,0.163811,0.461468,0.191349,0.007589,-0.54722,-0.65664,0.241792,0.372203,-0.961632
-0.636259,-0.936902,0.920845,-0.080083,0.242905,-0.214145,0.450539,0.549929,0.205811,-0.201052,-0.33087,-0.340032,0.438009,0.188319,-1.0
0.807698,-0.589138,0.778881,-0.957846,0.920617,-0.256502,0.595627,0.696964,0.365638,-0.179267,-0.1665,-0.450568,0.186093,0.421203,-1.0
-0.773089,-0.299265,-0.533383,0.78857,-0.918596,-0.45228,0.054372,0.162914,-0.11157,-0.01269,0.759195,0.676982,-0.288005,-0.290213,-1.0
0.980978,0.276231,-0.86191,0.665507,0.396883,0.256595,0.354592,0.826052,0.299799,0.169325,0.631954,0.059988,-0.477304,-0.057343,-1.0
-0.252036,-0.62004,-0.939723,0.259806,0.129028,-0.467257,0.944635,0.573183,0.195728,-0.766945,-0.015571,-0.022636,0.482652,0.161429,-0.883284
0.332247,0.815073,-0.144261,0.964264,0.161211,-0.043215,0.912489,0.665534,0.726592,-0.17308,-0.15523,0.074853,-0.126264,-0.442648,-1.0
-0.277289,0.995527,-0.986528,-0.383825,-0.819288,0.353195,0.401185,0.006207,-0.338712,0.194781,0.409654,0.496224,-0.331567,-0.434937,-0.915696
0.813392,-0.8307,-0.401805,-0.325373,-0.412635,-0.160319,0.638789,0.713252,-0.476566,-0.249163,0.312098,-0.236547,-0.545037,0.250333,-0.98755
-0.354407,-0.07426,-0.015533,0.258811,-0.224248,0.27224,0.454758,0.224939,-0.223539,0.260883,-0.143732,-0.519874,0.206946,0.518409,-0.974102
-0.740652,0.939794,0.534228,0.222858,0.547349,0.237244,0.760877,0.591464,0.599149,0.270717,-0.261141,0.026064,0.38323,-0.251149,-0.973245
-0.377248,-0.757499,-0.603743,-0.383875,-0.656735,-0.475364,0.414559,0.864103,-0.19752,-0.193987,0.457635,-0.41932,-0.348792,0.300584,-0.938426
-0.890823,-0.24021,0.41345,-0.044274,0.48659,0.529133,0.423104,0.021319,0.285846,0.245995,-0.390119,-0.337098,0.495449,0.278887,-0.920973
0.989811,-0.779737,0.3035,-0.72414,-0.729668,0.305321,0.573629,0.177555,-0.350376,0.231848,0.362312,-0.274987,-0.440289,0.28698,-1.0
-0.70661,0.58527,0.892228,0.863603,0.92157,0.403787,0.238943,0.580868,0.209834,0.111784,-0.743893,0.087057,0.504547,-0.060108,-1.0
-0.127073,0.941757,0.426401,0.79111,-0.415525,-0.343843,0.635342,0.069187,-0.300974,-0.362528,0.023057,0.360933,-0.188881,-0.503779,-0.992606
0.175512,-0.590548,-0.563598,0.155128,-0.515693,0.161387,0.950736,0.679996,-0.693347,0.273048,0.090253,-0.091201,-0.352404,0.399445,-0.96612
-0.054853,-0.538693,0.71224,0.797122,-0.131565,0.00722,0.238429,0.789432,-0.217558,0.058098,0.071774,-0.768516,-0.062745,0.534911,-0.961129
-0.266617,-0.408452,0.852857,-0.141202,0.054133,-0.934783,0.533818,0.736587,0.076395,-0.507398,-0.237581,0.379024,0.236131,-0.424996,-0.972333
0.574919,-0.982011,-0.722668,0.751743,0.765794,-0.012372,0.941811,0.421085,0.740974,-0.064265,0.057504,-0.045052,0.074542,0.438755,-0.945268
-0.183622,0.216188,-0.370344,-0.542986,0.815541,0.678566,0.544634,0.627822,0.441265,0.185721,-0.44719,-0.244849,0.45935,0.17556,-1.0
0.441946,-0.152526,0.429165,-0.610146,-0.766222,-0.49582,0.341566,0.681385,-0.156488,-0.156867,0.616585,0.224111,-0.460383,-0.11049,-1.0
0.048469,0.22139,0.64514,0.173647,0.960647,-0.825903,0.79659,0.217409,0.545189,-0.387905,-0.079495,0.16296,0.250515,-0.394853,-0.945443
-0.781443,0.729282,-0.707962,-0.400627,0.405776,-0.041938,0.608234,0.084324,0.566763,-0.068557,-0.449027,0.136952,0.452274,-0.291813,-0.922516
0.091865,-0.311527,-0.485509,-0.521087,-0.887906,0.364538,0.017711,0.041089,-0.034394,-0.001249,0.817527,-0.461811,-0.48053,0.242226,-0.910543
0.560436,-0.847471,0.902531,0.800505,0.63467,-0.296777,0.406395,0.500662,0.29682,-0.199936,-0.055958,-0.614269,0.093428,0.590172,-0.943923
0.365043,-0.013305,-0.389371,0.185751,-0.395621,-0.143785,0.962265,0.727986,-0.667439,-0.264893,0.101419,0.085493,-0.454232,-0.098023,-0.917557
-0.800528,-0.773404,0.738579,-0.009679,-0.67137,-0.98345,0.746819,0.352235,-0.373008,-0.580493,-0.271601,0.178973,0.355671,-0.574366,-0.984295
0.330343,-0.618083,-0.208755,-0.473303,-0.312165,0.193453,0.066034,0.197044,0.057545,-0.092566,0.58733,-0.634719,-0.174579,0.454249,-0.938325
-0.197729,0.609425,-0.137109,-0.508209,0.340107,-0.466413,0.795309,0.386092,0.354226,-0.496066,-0.059755,0.242277,0.206253,-0.487891,-1.0
0.350766,0.320224,-0.886169,0.260354,0.427907,0.211076,0.502213,0.625239,0.304124,0.235116,-0.349443,0.396527,0.223802,-0.502561,-1.0
-0.114638,-0.180854,-0.283199,-0.889277,-0.068422,-0.021877,0.519399,0.484404,-0.377937,-0.141967,-0.050033,-0.598533,0.087705,0.569547,-1.0
0.079741,0.737798,-0.914147,-0.020186,0.334801,-0.572071,0.065834,0.697177,0.095344,0.011268,-0.219542,0.87213,0.115962,-0.482423,-0.895003
-0.151113,0.767643,0.544717,0.465807,-0.165045,-0.225464,0.716955,0.473866,-0.337451,-0.53108,0.084357,0.235367,0.028891,-0.497872,-1.0
0.594056,0.747227,0.538489,-0.302642,0.028842,-0.205814,0.450837,0.68968,0.01196,-0.421614,0.300784,0.503759,-0.171159,-0.403004,-0.944062
0.217783,0.39469,0.889493,0.192031,0.151163,0.932505,0.461883,0.607303,0.043519,0.256228,0.065163,-0.539101,-0.086575,0.561315,-1.0
0.685148,0.846616,0.749946,0.826512,0.830141,0.946784,0.256899,0.816429,0.106588,0.215596,-0.60124,-0.437006,0.51659,0.413238,-0.932478
0.139747,0.675526,0.37461,-0.8082,-0.606061,-0.665161,0.904687,0.806671,-0.427368,-0.497389,0.044434,0.06576,-0.262439,-0.588548,-1.0
-0.531097,0.25417,-0.744106,0.806554,-0.720815,0.778979,0.28456,0.513532,-0.100226,0.119083,0.212304,-0.69629,-0.118629,0.519031,-1.0
0.018553,-0.166938,-0.706878,-0.049539,0.451257,0.145928,0.782644,0.054876,0.598351,0.295992,-0.171243,-0.208313,0.491863,0.305798,-0.91995
-0.786978,-0.746432,0.574035,0.813707,0.446425,-0.684241,0.37128,0.639471,0.152603,-0.23864,-0.533952,-0.06383,0.442468,0.007643,-0.992064
0.799638,-0.09335,-0.48466,-0.689344,-0.984529,-0.419975,0.685606,0.219648,-0.533699,-0.146135,0.350672,0.073032,-0.438993,-0.084551,-1.0
0.962536,0.522894,-0.671197,0.959925,0.211746,0.14291,0.107612,0.88689,0.095928,0.073828,0.82767,0.348061,-0.421192,-0.131619,-0.913976
0.676605,-0.316605,-0.098065,-0.508427,-0.334771,0.10288,0.500339,0.969456,-0.468604,0.234763,0.449262,-0.221009,-0.57085,0.283977,-1.0
-0.595505,0.195062,0.697609,-0.555903,-0.225364,-0.939882,0.856774,0.628739,-0.135866,-0.693413,0.032792,0.045573,0.134904,-0.473366,-0.992075
-0.290135,-0.815794,-0.157629,-0.316471,-0.748004,0.241334,0.539822,0.457814,-0.403457,0.073928,0.186532,-0.431188,-0.258111,0.502624,-0.940982
0.215104,-0.458394,-0.614556,-0.15381,-0.445649,0.827956,0.065134,0.0288,-0.026729,0.057448,0.41349,-0.912152,-0.256886,0.441267,-1.0
0.339489,0.741181,-0.706393,-0.970165,-0.768851,0.965118,0.185147,0.544558,-0.11637,0.054786,0.786299,-0.235611,-0.445041,0.043301,-0.95969
0.530748,-0.136526,-0.588621,-0.270324,0.427769,0.516717,0.250104,0.818911,0.118233,0.152595,0.098532,-0.757941,-0.07663,0.439071,-1.0
0.382282,-0.948729,-0.700979,0.38036,0.490358,-0.47533,0.465058,0.842038,0.337761,-0.184444,-0.114513,-0.510773,0.084239,0.486666,-1.0
-0.898619,0.494431,-0.231578,0.766397,-0.823706,0.713838,0.950075,0.691409,-0.535,0.497822,-0.025991,-0.127069,0.151501,0.438559,-0.998102
-0.166739,-0.315704,-0.732918,0.697168,0.112302,0.508306,0.797036,0.314531,0.136776,0.614013,-0.013057,-0.222296,0.166061,0.429708,-1.0
0.063293,0.281977,-0.012354,0.052686,-0.218531,0.465529,0.552119,0.046993,-0.211247,0.419601,0.399868,-0.228062,-0.409757,0.252948,-1.0
0.922266,0.8302,-0.562597,-0.027353,0.686001,-0.054445,0.85102,0.661232,0.721473,-0.06116,0.023657,0.175534,-0.162467,-0.463473,-0.949679
0.641692,-0.367749,-0.639483,0.463991,-0.004743,-0.322585,0.151701,0.938205,0.104757,0.002688,0.910127,-0.017655,-0.47173,0.011513,-1.0
-0.25721,-0.415792,0.553814,-0.375035,0.374384,-0.056014,0.767132,0.05669,0.567666,-0.092816,-0.205696,-0.132619,0.490696,0.188672,-0.989956
0.137523,0.406308,-0.708355,-0.200188,-0.933054,-0.172299,0.051158,0.157952,0.029577,-0.05969,0.87113,0.428677,-0.471607,-0.174684,-0.967793
-0.642174,0.467611,0.271762,0.449974,0.574619,-0.357357,0.140841,0.683028,0.180049,-0.026459,-0.752441,0.517031,0.458609,-0.316156,-0.987522
0.652633,-0.99236,-0.019836,-0.442096,-0.636576,-0.773664,0.353696,0.020981,-0.175455,-0.220618,0.695971,-0.119516,-0.561689,-0.002834,-0.893944
-0.487647,-0.882701,-0.945421,0.374035,-0.425908,-0.421709,0.641039,0.804035,-0.440656,-0.328891,-0.082003,-0.321527,0.047892,0.468116,-0.992073
0.428249,-0.330594,0.973892,0.603929,-0.718889,-0.85686,0.554023,0.401287,-0.209882,-0.387778,0.315284,0.221167,-0.541139,-0.224001,-1.0
0.350496,0.222729,0.100959,0.816279,0.075422,-0.989513,0.676614,0.917307,-0.000262,-0.509136,0.126536,0.28715,-0.061474,-0.421598,-1.0
0.226323,0.337724,0.414617,-0.708518,-0.814281,0.757169,0.228401,0.636309,-0.114466,0.142575,0.690599,-0.308472,-0.424482,0.306758,-1.0
-0.102615,0.330958,-0.07407,-0.932963,0.589324,0.672059,0.813385,0.483656,0.489703,0.594923,-0.182347,-0.183744,0.345172,0.208108,-1.0
-0.143113,0.407822,0.101109,0.517875,-0.765492,0.223552,0.808236,0.43187,-0.731464,0.01577,0.227953,0.062638,-0.531446,-0.217174,-0.922396
0.445845,0.983777,0.033963,0.116652,-0.318788,-0.736366,0.414351,0.367206,-0.228677,-0.3491,0.252965,0.53898,-0.158455,-0.370629,-1.0
0.094818,-0.848925,0.218945,0.854536,0.002299,0.562733,0.223621,0.842092,0.005932,0.145236,0.017216,-0.84362,-0.087064,0.56912,-1.0
0.101865,0.782692,0.054818,0.97564,-0.151189,0.283699,0.903511,0.133678,-0.342433,0.714339,0.043824,-0.003679,-0.192366,-0.473623,-0.961088
0.2574,-0.558748,-0.971964,-0.251719,-0.829074,0.293807,0.859187,0.919235,-0.687421,0.243946,0.124295,-0.065764,-0.440932,0.329404,-0.93716
-0.812317,0.500756,0.204643,-0.423612,0.053651,0.451389,0.744591,0.779231,0.011695,0.590719,-0.276954,0.089647,0.419166,-0.02788,-0.892869
-0.251585,0.813198,-0.38773,-0.68223,-0.002697,0.22783,0.439839,0.616781,0.047556,0.325186,-0.175842,0.553784,0.191932,-0.500577,-1.0
-0.426442,-0.304659,0.080936,-0.094015,0.26293,-0.746453,0.555217,0.384516,0.246172,-0.473892,-0.303274,0.193954,0.398295,-0.265784,-0.958078
0.720852,-0.092264,0.496601,0.411117,-0.423245,0.87336,0.836571,0.70735,-0.245687,0.568183,0.058081,-0.063666,-0.363623,0.404332,-0.946999
-0.238787,-0.020592,-0.147432,0.044604,-0.140419,0.404715,0.95294,0.593753,-0.223146,0.68488,-0.063886,-0.059451,0.17001,0.436623,-0.963081
-0.943035,0.275912,0.218789,-0.241912,0.41652,0.945968,0.072599,0.686477,0.022064,0.04346,-0.766565,-0.430742,0.471304,0.212454,-1.0
0.653082,-0.526555,-0.354201,0.202779,0.644198,0.728217,0.459048,0.429422,0.269997,0.279253,0.042488,-0.517439,-0.022604,0.469719,-1.0
-0.322099,0.717132,-0.198462,-0.244637,-0.977924,0.306973,0.820125,0.085332,-0.660886,0.181478,0.148194,0.065257,-0.357366,-0.236732,-1.0
0.488825,-0.926351,-0.858344,0.994234,-0.173468,0.80661,0.843857,0.672783,-0.026033,0.664856,0.002198,-0.176761,-0.058546,0.492424,-0.940339
0.863455,0.977812,0.995544,-0.420265,0.178079,0.510591,0.519911,0.466868,0.167303,0.327975,0.380826,0.323886,-0.454577,-0.34415,-1.0
-0.286533,0.506857,0.757137,0.763838,0.513533,0.958019,0.596525,0.100654,0.209272,0.450475,-0.339652,-0.175497,0.371443,0.260712,-0.980465
0.152353,-0.522401,-0.74278,-0.104524,0.687242,0.191932,0.993304,0.76555,0.767605,0.217413,-0.004459,-0.101021,0.269557,0.505107,-0.992067
0.058964,-0.034047,0.252126,0.103746,-0.714409,-0.441387,0.981142,0.853069,-0.700097,-0.355137,0.005377,0.060028,-0.450768,-0.222787,-1.0
0.180599,0.348806,-0.140526,0.687569,0.995738,0.597052,0.957108,0.728472,0.648176,0.407425,-0.117793,0.009727,0.529112,0.189149,-1.0
-0.908993,0.157271,-0.43883,-0.591861,0.711182,0.990105,0.208666,0.89046,0.053521,0.125508,-0.680123,-0.452483,0.411642,0.153438,-1.0
-0.749185,0.452959,0.719171,0.712935,-0.045947,-0.562249,0.070017,0.686605,-0.014066,-0.133387,-0.603462,0.757057,0.318972,-0.450842,-0.952214
-0.063129,-0.648069,0.149531,-0.974829,-0.280168,0.368729,0.447288,0.674663,-0.121806,0.28736,0.065972,-0.576644,-0.160185,0.489512,-0.993676
0.147695,-0.67884,0.014089,0.588752,0.151533,0.493979,0.1294,0.479493,0.014006,0.218621,-0.04548,-0.879636,0.017319,0.528821,-1.0
-0.007308,-0.52797,-0.698844,-0.984205,-0.701254,-0.657034,0.410237,0.520044,-0.206624,-0.248989,0.598057,0.08532,-0.44285,-0.011055,-1.0
-0.525015,0.202033,0.770174,0.126635,-0.498771,0.458982,0.380461,0.838686,-0.156835,0.282518,-0.026014,-0.655226,0.104595,0.430566,-0.98082
0.203037,0.852995,0.882457,-0.851791,-0.809515,0.874863,0.578815,0.621073,-0.367103,0.33741,0.404358,-0.148064,-0.418996,0.087454,-0.971441
-0.518137,-0.736433,-0.994471,0.684273,-0.74977,-0.269338,0.764957,0.346769,-0.617262,-0.141573,0.078321,-0.160816,-0.293344,0.410917,-1.0
0.245546,0.734816,0.980691,-0.579442,0.459054,0.117808,0.147856,0.022596,0.129164,0.023767,-0.280447,0.759852,0.243074,-0.487853,-0.944877
-0.231902,-0.157608,0.571841,-0.574667,-0.965386,0.620596,0.706228,0.940525,-0.498261,0.323258,0.145991,-0.157704,-0.30815,0.360797,-1.0
0.604532,-0.756122,0.130703,0.037565,-0.363888,0.356726,0.01206,0.211764,-0.032596,0.003486,0.604194,-0.847194,-0.361491,0.433041,-1.0
0.732743,0.088354,-0.225642,0.7659,0.586573,-0.888955,0.337527,0.882995,0.103763,-0.181196,0.040461,0.646567,-0.083071,-0.558298,-1.0
-0.194297,0.982497,0.481914,0.764956,0.074757,0.252141,0.023167,0.684386,0.105633,0.008408,-0.411908,0.950868,0.20919,-0.481844,-0.984344
0.576233,0.074581,-0.173012,0.938696,0.581136,0.383529,0.740141,0.325662,0.439661,0.323475,0.034821,-0.324203,0.030772,0.477301,-1.0
0.818633,-0.443498,-0.888611,0.285172,0.829038,0.784055,0.696588,0.96496,0.415892,0.330473,0.005686,-0.196805,0.027549,0.495154,-0.931295
0.655025,0.709904,0.131521,0.169369,-0.185394,-0.812502,0.117387,0.220927,-0.046243,-0.053971,0.44409,0.717676,-0.324825,-0.380752,-1.0
-0.324021,-0.554019,-0.144608,0.635689,0.030541,-0.310032,0.997958,0.860706,-0.003379,-0.849804,-0.028066,-0.082179,0.375394,0.25167,-1.0
0.755086,-0.999973,-0.041171,0.175477,-0.46099,-0.640198,0.338677,0.79616,-0.198284,-0.190594,0.582581,-0.27267,-0.495731,0.162422,-0.958306
0.106735,-0.783928,0.701516,0.273549,-0.810094,-0.604222,0.851888,0.247219,-0.530422,-0.324005,0.12073,0.048386,-0.450012,-0.005368,-0.95397
-0.94305,0.928402,-0.890933,0.844204,0.074868,0.788558,0.659041,0.592988,-0.037311,0.438845,-0.300719,0.015104,0.615159,-0.059232,-1.0
0.514905,0.447087,-0.596787,-0.206273,0.256489,0.750573,0.757022,0.935416,0.203171,0.616325,0.225422,-0.174051,-0.269643,0.468021,-0.948776
0.065277,0.592397,0.790791,-0.242087,-0.687063,-0.740655,0.543503,0.644969,-0.211254,-0.35915,0.254039,0.406198,-0.409182,-0.435968,-1.0
0.519278,0.814108,-0.060947,0.747206,0.937052,0.107293,0.079789,0.146165,0.096886,-0.114979,-0.472771,0.86984,0.239438,-0.487911,-1.0
0.159335,0.478929,-0.510447,-0.476442,-0.358647,0.294877,0.362129,0.472553,-0.178845,0.175266,0.555961,0.233816,-0.416432,-0.19963,-0.970984
0.590586,0.518377,0.714825,0.908786,0.192652,0.214886,0.416517,0.349397,0.254343,0.253903,0.420601,0.38108,-0.460468,-0.31438,-0.99373
-0.408671,0.330563,-0.51192,-0.695038,-0.78165,0.746418,0.961557,0.816223,-0.577163,0.533118,0.076429,0.041418,-0.301712,0.281887,-1.0
0.734818,-0.398526,-0.634467,0.782388,0.027758,-0.291182,0.181021,0.278723,-0.045981,-0.163316,0.75361,-0.067589,-0.483204,0.074002,-0.986434
-0.558857,-0.27882,0.325694,0.298151,-0.939366,0.328435,0.370532,0.582545,-0.332968,0.031789,0.274252,-0.475868,-0.238348,0.375392,-1.0
0.485376,0.341047,-0.479486,0.863372,-0.18967,0.826112,0.175997,0.683288,-0.058905,0.15422,0.660448,-0.47967,-0.424496,0.233787,-0.975366
-0.66741,0.646801,0.174508,0.108163,-0.396583,-0.515355,0.283669,0.117609,-0.092685,-0.101338,-0.088638,0.684181,0.074607,-0.510262,-0.923837
-0.585077,-0.220226,0.087728,0.888059,-0.145998,0.666077,0.397235,0.019336,-0.048145,0.309821,-0.341485,-0.485707,0.255801,0.503631,-1.0
0.125319,-0.728946,0.62237,-0.564182,0.300979,0.65864,0.093223,0.107114,0.019302,0.044813,-0.105834,-0.924739,0.092617,0.561053,-1.0
-0.977939,-0.517169,-0.014625,0.44059,-0.007005,0.633176,0.613551,0.408403,0.123247,0.571335,-0.225153,-0.354646,0.243181,0.416738,-1.0
-0.491538,-0.903459,0.282641,0.80755,-0.054284,-0.799782,0.050513,0.594824,-0.031954,-0.02356,-0.938757,-0.305754,0.503906,0.069174,-1.0
-0.168569,-0.288145,0.522926,-0.438277,-0.030806,0.828339,0.187518,0.614239,0.0112,0.204176,-0.023962,-0.871943,0.031163,0.565851,-0.934859
-0.574878,-0.827194,-0.762774,0.998407,0.807718,-0.980338,0.350917,0.116581,0.216686,-0.220726,-0.574165,0.078336,0.502229,-0.029366,-1.0
0.468847,0.488105,-0.82642,-0.523917,0.302307,-0.742784,0.251238,0.096125,0.074114,-0.130863,0.124079,0.655096,-0.075615,-0.415761,-1.0
-0.393062,-0.182883,0.885503,-0.345327,-0.530886,0.129583,0.39608,0.216033,-0.227116,0.127471,0.318396,-0.609874,-0.232398,0.446394,-0.936748
0.253985,0.59023,-0.03909,-0.366183,-0.718409,-0.372673,0.817638,0.751062,-0.589864,-0.390557,0.093809,0.094949,-0.359646,-0.352237,-1.0
0.112921,0.116494,0.972796,-0.797596,0.629863,0.564795,0.353825,0.112783,0.1911,0.228124,-0.47204,-0.365271,0.399646,0.368503,-0.918739
-0.425073,0.025704,0.53612,-0.646535,-0.560553,0.351938,0.68939,0.31519,-0.480824,0.342924,0.121301,-0.239437,-0.148326,0.558402,-1.0
-0.847303,-0.547374,0.018573,-0.58838,0.649393,-0.9553,0.673574,0.174161,0.344165,-0.412861,-0.361167,0.073571,0.444473,-0.167518,-0.995042
-0.702997,-0.040073,0.693619,-0.434303,0.937895,0.239126,0.438476,0.887881,0.303375,-0.011337,-0.489255,-0.086137,0.608734,0.106959,-0.967995
-0.519705,-0.550379,0.67535,-0.932752,-0.637655,0.57733,0.787733,0.650459,-0.525816,0.436309,0.04208,-0.324054,-0.038023,0.481941,-0.94095
-0.115735,-0.170413,-0.607894,-0.225334,-0.873501,-0.125326,0.423656,0.228899,-0.408155,-0.099977,0.647175,-0.049118,-0.544718,-0.003883,-1.0
-0.19959,-0.840501,-0.76435,0.84454,0.295724,-0.554131,0.835458,0.105827,0.329185,-0.591991,-0.099143,-0.127934,0.418516,0.211036,-1.0
0.667393,0.985877,-0.908798,-0.503962,0.419069,0.657774,0.638893,0.023918,0.271399,0.388693,0.194472,0.279107,-0.351194,-0.377542,-0.957948
-0.825023,0.393161,0.299171,0.169818,0.844518,-0.762491,0.44637,0.55777,0.26344,-0.229813,-0.563386,0.30085,0.42189,-0.261411,-1.0
-0.355008,0.085533,-0.494612,-0.417527,-0.080485,-0.530833,0.156362,0.916575,-0.052711,-0.127173,-0.41947,0.836943,0.305889,-0.392328,-0.952939
-0.120794,0.938776,-0.47269,-0.565865,-0.684774,0.072886,0.391967,0.146456,-0.249819,-0.009148,0.327114,0.492747,-0.278965,-0.347448,-1.0
-0.423297,-0.283945,0.17643,0.193341,-0.342524,0.964771,0.592692,0.476397,-0.212315,0.459837,0.006537,-0.383846,0.017462,0.49818,-1.0
-0.506822,-0.49464,-0.622552,0.501896,0.125722,-0.496063,0.181499,0.592384,0.050882,-0.140595,-0.789355,0.039081,0.503944,0.00057,-0.997843
-0.250194,0.16139,0.294005,-0.913723,0.057899,-0.383078,0.027731,0.956576,0.054415,-0.016852,-0.563464,0.855221,0.243997,-0.462724,-0.966005
0.306837,0.91014,-0.047072,-0.538674,0.072792,-0.823105,0.903749,0.423244,0.038587,-0.736038,-0.015987,0.052212,-0.062121,-0.520479,-1.0
0.001247,0.727898,0.792752,0.909906,-0.03791,-0.8946,0.673119,0.382556,0.046437,-0.491884,-0.019581,0.375618,0.095323,-0.440036,-1.0
0.878096,0.698714,0.691985,0.945866,-0.139845,-0.724277,0.970903,0.139786,-0.077927,-0.768944,-0.024428,0.089124,-0.310803,-0.313304,-1.0
-0.153796,-0.508776,-0.206877,-0.533285,-0.882811,0.650243,0.347273,0.908528,-0.213351,0.137899,0.2931,-0.506796,-0.332747,0.389297,-0.989167
0.774361,0.754707,-0.079381,-0.044547,-0.576648,-0.353355,0.832855,0.519361,-0.474766,-0.370282,0.110997,0.04636,-0.391102,-0.295226,-1.0
0.385641,0.788548,-0.904583,-0.275499,-0.90964,0.413384,0.569366,0.457309,-0.383473,0.192635,0.369359,0.022844,-0.456323,-0.132139,-0.952676
0.219393,-0.330137,-0.949579,0.984105,0.502517,0.510143,0.024746,0.375866,0.049127,-0.015564,-0.326517,-0.906684,0.121391,0.420482,-0.96552
0.810342,-0.445477,-0.623152,-0.825374,-0.297273,0.93779,0.617723,0.356944,-0.191185,0.471639,0.234989,-0.27226,-0.335572,0.343089,-1.0
0.442084,-0.700041,0.465027,0.252973,-0.390692,0.989242,0.026796,0.149626,-0.034754,0.00694,0.467122,-0.838552,-0.259897,0.468289,-1.0
0.375322,-0.925691,0.969863,-0.475973,0.365009,-0.104352,0.735602,0.413249,0.564913,-0.163321,0.024985,-0.245857,-0.043044,0.450292,-0.936612
-0.685789,-0.820074,-0.290414,0.19419,-0.771218,-0.653575,0.737351,0.118592,-0.416247,-0.41505,0.13561,-0.213562,-0.250831,0.445739,-0.944895
0.375207,-0.20665,-0.323715,-0.188484,-0.969901,-0.635556,0.897635,0.122338,-0.539726,-0.394004,0.014771,0.058907,-0.524986,-0.193159,-1.0
0.716494,0.682678,-0.464002,0.215495,-0.763329,0.847402,0.992694,0.137777,-0.509769,0.62751,0.023656,-0.017045,-0.573352,0.104432,-0.931127
0.471353,0.328947,-0.204214,0.367969,-0.935816,0.866545,0.598748,0.98614,-0.315458,0.227345,0.46777,-0.219181,-0.323347,0.123157,-1.0
0.69002,-0.300916,0.047002,-0.865664,-0.667657,0.215902,0.783677,0.124653,-0.634387,0.210878,0.262923,-0.107323,-0.396209,0.173067,-1.0
0.173148,0.804824,-0.583352,-0.499525,0.935619,0.047313,0.639548,0.315805,0.480069,0.057411,-0.343888,0.255257,0.305102,-0.318054,-0.993179
-0.879843,0.199735,0.101821,-0.302573,0.489161,-0.3528,0.917053,0.733281,0.689201,-0.450742,-0.087994,0.033574,0.366059,-0.263328,-1.0
-0.614994,0.506516,0.530126,0.087375,0.812216,0.498216,0.322212,0.175252,0.296837,0.186372,-0.612,0.013678,0.539023,-0.022139,-0.957915
-0.121358,0.997291,-0.138488,-0.051352,-0.198432,0.164276,0.007561,0.807876,0.035393,0.116807,0.133631,0.97433,-0.00897,-0.532805,-1.0
0.760902,0.153285,0.831798,0.35785,-0.698767,-0.199574,0.114856,0.567035,-0.060801,0.028651,0.844556,0.152005,-0.538135,-0.168221,-1.0
0.923205,0.28393,-0.997345,0.104877,-0.550511,0.271521,0.322814,0.02638,-0.185376,0.053119,0.629098,0.023099,-0.505858,-0.004656,-0.995894
-0.654643,0.245659,0.233764,0.80613,-0.65087,0.899906,0.995593,0.834009,-0.369671,0.621966,0.02336,0.005214,0.090935,0.444954,-1.0
-0.817256,0.467211,0.560066,0.41656,-0.932529,0.794245,0.490874,0.173403,-0.304215,0.323567,0.155002,-0.539275,-0.160409,0.396402,-0.950219
-0.187068,-0.621608,0.350035,0.47438,-0.385939,0.444229,0.04213,0.688512,0.046154,0.055598,0.161798,-0.968623,-0.09091,0.534918,-1.0
-0.158963,0.452161,-0.064701,0.759989,-0.24745,-0.681428,0.09466,0.61336,-0.101124,-0.118301,0.0953,0.887074,0.019641,-0.500557,-0.991125
0.189037,0.07338,-0.22176,0.144897,-0.224404,-0.579707,0.278513,0.468431,0.007164,-0.19221,0.347686,0.579881,-0.215074,-0.435013,-0.969837
0.872627,-0.475848,-0.767926,0.258918,-0.865967,0.359211,0.60442,0.206223,-0.511873,0.245866,0.33516,-0.117965,-0.551615,0.133217,-0.958324
0.41835,-0.782541,-0.470108,-0.044102,0.078218,0.468777,0.197008,0.024092,0.025756,0.154425,0.330055,-0.759173,-0.117012,0.554157,-1.0
0.175553,-0.183214,0.03423,0.91639,-0.958661,-0.564602,0.161904,0.862378,-0.198646,-0.127637,0.703013,0.378458,-0.591423,-0.104215,-0.99328
-0.367098,-0.283417,-0.131364,-0.219532,-0.591747,0.888252,0.484898,0.1829,-0.29987,0.286032,0.08295,-0.440536,-0.100222,0.524254,-0.97135
-0.662575,-0.481701,0.079083,0.842277,0.263555,0.701501,0.944549,0.484128,0.255496,0.721844,0.000355,0.018353,0.297823,0.363352,-0.939045
-0.714051,0.608388,-0.282037,0.644979,-0.072919,0.878391,0.035098,0.904509,-0.037896,0.116691,-0.952372,-0.363043,0.499043,0.259557,-1.0
0.110382,0.493246,-0.085012,0.213413,-0.637224,-0.067822,0.001514,0.747636,-0.052842,0.001593,0.830298,0.560728,-0.478823,-0.273101,-0.925138
0.486836,0.975767,0.409647,0.543254,0.075905,-0.868905,0.327916,0.393927,0.019566,-0.323542,0.137089,0.58437,-0.117221,-0.516208,-0.961993
0.187855,-0.152974,-0.326851,0.483555,-0.965322,-0.422303,0.696117,0.112708,-0.498374,-0.184205,0.299739,0.078855,-0.512253,-0.13332,-0.993031
-0.317498,0.652517,0.717607,0.367457,0.752543,0.580896,0.348736,0.240912,0.207447,0.146206,-0.658473,-0.040898,0.536178,-0.024966,-0.958727
0.191469,-0.85808,-0.08922,-0.644703,-0.3473,0.508857,0.465775,0.825559,-0.223291,0.319196,0.154124,-0.420963,-0.264143,0.384417,-1.0
-0.613814,-0.911432,-0.75625,0.861096,-0.118823,-0.816826,0.454351,0.729135,0.051475,-0.371839,-0.69886,-0.101971,0.570943,0.019318,-1.0
0.255319,-0.474463,-0.354352,0.578181,0.179386,0.192459,0.334417,0.573873,0.253304,0.256837,0.051135,-0.693128,-0.042259,0.517195,-1.0
-0.010994,0.168632,-0.80549,-0.444805,-0.834936,0.233389,0.421708,0.225526,-0.267207,0.085684,0.614356,-0.019317,-0.543516,0.024674,-0.986751
0.993353,0.692064,0.1589,0.922453,-0.099951,0.031696,0.421844,0.59365,-0.294396,0.036415,0.4581,0.28697,-0.419565,-0.290872,-0.962818
-0.766661,-0.621951,0.528196,-0.442927,-0.401162,-0.48018,0.731074,0.189409,-0.275758,-0.510437,-0.27723,-0.145112,0.474776,0.21544,-1.0
-0.743687,-0.143037,-0.723515,-0.420897,0.738697,-0.1009,0.848513,0.253849,0.663404,-0.102472,-0.178562,0.091979,0.4889,0.022204,-0.989527
-0.516321,0.180794,0.376382,-0.624166,0.458999,0.046907,0.377021,0.717641,0.379405,-0.012232,-0.677568,0.119153,0.515805,-0.139434,-0.987916
0.445572,0.47668,-0.137468,0.831237,0.018789,-0.916306,0.595894,0.60131,-0.033345,-0.434713,0.047744,0.402078,-0.146206,-0.420604,-0.923324
-0.256491,-0.812972,0.965134,0.924529,0.055889,0.917117,0.361187,0.536335,0.01284,0.307345,-0.129656,-0.669936,0.133694,0.525307,-1.0
0.602619,0.188912,0.599339,0.96908,-0.246107,-0.565051,0.982381,0.832795,-0.242033,-0.743882,0.01763,-0.027615,-0.334917,-0.23107,-0.95158
0.672024,0.200121,-0.458553,-0.389224,0.043915,0.374381,0.916341,0.12742,0.051103,0.776554,0.12744,-0.095767,-0.532169,0.096226,-1.0
-0.933153,-0.440985,0.03826,-0.902499,-0.243237,-0.092611,0.944934,0.993933,-0.687407,-0.246801,0.009486,0.034278,0.432957,0.247121,-1.0
0.510778,-0.554321,-0.984088,0.61059,0.114129,-0.858361,0.531122,0.969109,0.074551,-0.480906,0.389554,0.343943,-0.492462,-0.275168,-1.0
-0.643825,-0.969332,-0.64643,-0.767483,0.629604,0.902828,0.797141,0.378986,0.311725,0.432256,-0.220127,-0.174417,0.212179,0.381652,-0.973124
-0.869322,-0.234628,0.514273,-0.092007,0.421097,-0.660291,0.500209,0.674012,0.223591,-0.306967,-0.474975,0.174858,0.419767,-0.213489,-1.0
0.366469,-0.667395,0.130988,-0.419262,-0.483183,0.715201,0.423514,0.287877,-0.221539,0.298782,0.148933,-0.556101,-0.238962,0.450459,-1.0
0.485393,-0.461713,-0.354062,0.638281,0.432476,0.000254,0.588601,0.421728,0.42247,-0.0468,0.132628,-0.398935,0.006663,0.506341,-1.0
0.313313,0.36276,0.142441,-0.385814,0.423911,0.862642,0.153413,0.557531,0.087599,0.134484,-0.12873,-0.887446,0.127724,0.44457,-1.0
0.10602,-0.909645,-0.160771,-0.834588,0.786343,0.429954,0.689186,0.7108,0.494855,0.280604,-0.166714,-0.210418,0.263786,0.424461,-0.966006
0.415818,0.093365,0.328176,-0.181873,0.156434,0.8423,0.782731,0.26624,0.110553,0.669281,0.024328,-0.173093,-0.167113,0.520287,-1.0
-0.680794,-0.884531,-0.151019,-0.664504,0.747399,-0.848654,0.399887,0.486668,0.079584,-0.256569,-0.594852,-0.014332,0.567972,0.026117,-0.972776
0.991392,0.437105,-0.53303,-0.304881,0.122059,0.068634,0.017444,0.44379,0.05174,-0.007871,0.888553,0.426911,-0.4211,-0.194254,-1.0
0.759191,-0.402937,0.062504,0.707614,0.23444,0.997336,0.804229,0.77378,0.052294,0.641081,0.04066,-0.14408,-0.135238,0.475925,-1.0
0.718821,0.95501,-0.345734,-0.795521,-0.178073,0.179068,0.077596,0.584845,-0.097337,0.028589,0.675819,0.600947,-0.415369,-0.302486,-0.973397
-0.926424,0.838235,-0.352284,-0.052019,-0.138488,0.814981,0.13872,0.146802,-0.074231,0.174962,-0.827947,0.116541,0.47839,-0.116605,-0.983681
-0.338024,0.74841,0.685954,0.051138,0.975297,-0.234385,0.403401,0.400591,0.344091,-0.124283,-0.417451,0.287321,0.316083,-0.402383,-1.0
0.626458,-0.817113,0.444803,0.684929,-0.898283,0.995093,0.314865,0.454162,-0.199826,0.20931,0.400379,-0.537842,-0.412335,0.390353,-1.0
-0.621914,0.602516,0.609898,0.952871,0.181699,0.538524,0.157851,0.798799,0.016188,0.190416,-0.835962,0.09516,0.499724,0.001159,-0.87545
-0.655376,0.395046,-0.628102,-0.998801,0.946702,0.088082,0.014626,0.895169,0.008303,-0.042825,-0.989283,0.21172,0.534605,-0.138211,-0.938554
0.809289,0.776701,-0.830207,-0.226516,0.597733,-0.189954,0.926861,0.690748,0.704883,-0.19015,0.075782,0.090833,-0.117086,-0.489066,-1.0
0.531861,0.206744,-0.194332,-0.554289,0.961403,0.637165,0.253384,0.225576,0.181242,0.112817,-0.51757,-0.577157,0.346482,0.400787,-1.0
-0.995988,0.703104,-0.448546,0.231063,-0.246323,-0.13249,0.380371,0.292055,-0.280687,-0.193387,-0.481944,0.467116,0.269802,-0.434208,-1.0
-0.17823,0.755644,0.184122,0.149299,0.809727,-0.654294,0.463824,0.708096,0.247471,-0.261942,-0.360239,0.419583,0.370721,-0.401233,-1.0
-0.87788,-0.942967,-0.524545,0.923171,-0.254296,-0.320469,0.230906,0.774692,-0.124491,-0.143732,-0.572125,-0.535495,0.348033,0.352559,-0.967774
0.241503,0.8002,-0.529146,-0.275826,-0.183569,-0.386544,0.767356,0.665852,-0.251852,-0.549493,0.168432,0.198834,-0.13527,-0.443629,-1.0
0.076294,-0.480066,0.824584,0.285573,-0.849742,-0.914861,0.20687,0.725148,-0.13524,-0.179983,0.728597,0.412599,-0.428542,-0.218801,-0.968441
0.503228,-0.978942,0.63213,0.003632,0.660014,-0.526385,0.171452,0.910428,0.109548,-0.092197,-0.218031,-0.7787,0.19462,0.417518,-0.962349
0.698644,0.52616,0.787472,-0.478091,0.527333,0.086499,0.512488,0.325237,0.385264,0.083766,0.211569,0.45628,-0.077431,-0.430078,-0.994671
0.007288,0.719372,0.744423,0.179053,0.325686,0.898048,0.04879,0.399112,-0.016545,0.068552,-0.778728,-0.491527,0.519429,0.295747,-1.0
0.934904,-0.943708,0.168561,-0.318009,0.477523,-0.20393,0.868479,0.657913,0.606756,-0.284318,0.030362,-0.11018,-0.226862,0.396894,-1.0
-0.538006,-0.301805,0.679453,0.937549,-0.223715,-0.534792,0.365492,0.899825,-0.140295,-0.200163,-0.393731,0.453346,0.410617,-0.325748,-0.978116
0.059196,-0.603111,-0.489674,-0.611547,0.284904,0.427171,0.107812,0.981927,0.040701,0.090199,-0.227533,-0.881888,0.036219,0.467392,-1.0
0.424088,-0.62243,-0.192303,-0.662216,-0.472896,-0.636859,0.85057,0.662712,-0.368591,-0.492248,0.187292,0.007281,-0.529266,-0.039185,-0.995107
0.597344,-0.796218,0.412437,0.047219,-0.445306,-0.897322,0.477339,0.619647,-0.198121,-0.441279,0.558854,0.013757,-0.523565,-0.039237,-0.972337
0.416838,0.827597,-0.782934,0.209011,0.211119,0.768143,0.870036,0.231091,0.113466,0.62529,0.114678,0.098432,-0.490904,-0.193665,-0.99264
0.605914,-0.781774,0.031183,-0.60144,-0.130236,-0.800949,0.934818,0.686256,-0.073581,-0.698226,0.071637,0.002216,-0.390688,-0.019047,-1.0
0.691068,-0.329216,0.175485,-0.131972,-0.058954,-0.090277,0.39051,0.797102,-0.080722,-0.227391,0.576951,-0.220697,-0.459563,0.167314,-1.0
-0.5794,-0.246268,-0.850524,0.327732,0.505727,-0.747883,0.668281,0.661501,0.332143,-0.290764,-0.364074,0.112208,0.519416,-0.162461,-0.985876
-0.869518,0.176091,-0.435389,0.108731,-0.941718,-0.620117,0.376683,0.928698,-0.266062,-0.177807,0.075984,0.594634,-0.123466,-0.484517,-1.0
0.331261,0.058658,-0.244968,0.016417,0.949285,-0.513429,0.05683,0.471705,0.132187,-0.09286,-0.648094,0.707843,0.39551,-0.44156,-1.0
0.066487,-0.54558,-0.290015,-0.137207,0.030898,0.595065,0.782428,0.738198,-0.045862,0.743245,-0.079358,-0.241441,-0.043109,0.480366,-0.940459
-0.013053,0.476709,-0.848847,0.866641,-0.096007,-0.498462,0.013119,0.139932,-0.026166,-0.015815,0.184854,0.943892,0.016062,-0.430734,-1.0
0.679596,0.142154,-0.774697,0.99015,0.094485,0.777247,0.796098,0.205009,0.101226,0.639154,0.195706,-0.092925,-0.333387,0.351008,-0.935609
-0.281141,0.02337,0.753854,0.203451,0.681009,-0.416572,0.769576,0.247597,0.506613,-0.334219,-0.161027,0.114326,0.506576,-0.200807,-1.0
0.152312,0.131562,0.263403,-0.711193,0.125544,-0.867859,0.437598,0.467103,0.127523,-0.394375,-0.043345,0.581881,-0.020757,-0.551885,-1.0
0.840919,-0.103507,-0.466864,0.92702,-0.295483,0.06159,0.360778,0.275442,-0.315535,0.086098,0.523921,-0.08407,-0.578639,0.113166,-1.0
0.603447,-0.252202,0.097003,-0.289139,-0.562693,0.699271,0.781778,0.475945,-0.404856,0.546654,0.211823,-0.132306,-0.331819,0.393104,-1.0
-0.509022,0.058291,-0.431407,-0.818712,-0.886175,-0.511215,0.798637,0.46021,-0.606251,-0.192115,0.060114,0.064445,-0.277657,-0.42657,-1.0
0.457222,-0.067138,-0.082667,0.554192,0.076258,0.518492,0.850585,0.905089,0.078973,0.605805,0.072246,-0.021888,-0.305528,0.416035,-1.0
0.795585,-0.187975,-0.017466,0.996431,0.041664,-0.678836,0.950761,0.084692,0.045365,-0.780104,0.089472,0.087246,-0.472683,-0.229903,-1.0
0.397351,0.138221,0.49805,0.775263,0.578133,0.259077,0.501997,0.35011,0.412983,0.17412,-0.434293,-0.200942,0.458793,0.20644,-1.0
-0.643762,0.296546,-0.927145,0.835815,-0.018932,-0.480013,0.026568,0.20859,0.021462,-0.113626,-0.707554,0.798912,0.295397,-0.393593,-1.0
-0.786254,0.449467,0.387178,0.296108,0.688184,0.98509,0.868312,0.028959,0.339887,0.553531,-0.112996,0.024193,0.486891,0.123081,-0.963683
0.958626,0.367815,-0.345579,0.019899,-0.448386,0.238145,0.980743,0.891903,-0.741945,0.337516,-3.5e-05,-0.059771,-0.534123,-0.045393,-1.0
-0.707854,0.596263,0.352362,-0.244372,0.141993,0.266788,0.175217,0.687962,0.132639,0.12693,-0.842231,0.305259,0.479244,-0.207717,-0.908919
-0.346293,-0.290748,-0.424164,0.250106,-0.9807,-0.972111,0.117293,0.619564,0.048021,-0.197395,0.641585,0.643353,-0.340017,-0.366787,-0.977942
0.663264,0.275066,0.009633,-0.908251,0.807529,0.917641,0.426539,0.621269,0.156995,0.319532,-0.247957,-0.495477,0.109369,0.504489,-0.970933
0.858521,0.643964,-0.088465,0.972153,0.597505,0.037639,0.774585,0.902554,0.591186,0.066563,0.022399,0.178538,-0.213918,-0.467011,-0.920806
0.491265,0.99893,-0.20797,0.117233,-0.267606,-0.302188,0.237537,0.297217,-0.042853,-0.152384,0.376822,0.622685,-0.226268,-0.425062,-1.0
0.758189,0.677155,-0.479913,0.512373,-0.621463,-0.671416,0.077971,0.565274,-0.016807,0.011156,0.672042,0.670771,-0.316394,-0.316565,-1.0
0.898028,0.694913,-0.868092,-0.518808,-0.342283,-0.598576,0.992637,0.459117,-0.468326,-0.663031,0.040056,0.028781,-0.368755,-0.321085,-0.972551
0.457337,0.982332,-0.598127,-0.831183,-0.308302,-0.122227,0.290086,0.155933,-0.200073,0.012677,0.419832,0.650796,-0.354253,-0.393508,-0.999889
-0.776003,-0.998829,-0.574588,-0.49092,-0.021663,-0.928484,0.322322,0.905416,-0.001907,-0.254047,-0.617151,-0.091228,0.544574,-0.021426,-0.971651
0.800086,0.410923,-0.371027,-0.935067,-0.771998,-0.986055,0.030612,0.192227,-0.065985,-0.069078,0.727772,0.803368,-0.458647,-0.387291,-0.943786
-0.098795,-0.87931,0.022046,-0.60903,-0.626572,0.920512,0.799085,0.981844,-0.384597,0.487221,0.181039,-0.114284,-0.14323,0.513822,-1.0
0.772562,0.215503,-0.074778,-0.943077,0.091668,0.376737,0.750373,0.65528,0.122975,0.536597,0.189397,-0.093046,-0.482825,0.061972,-1.0
-0.79076,-0.271734,-0.175583,-0.268819,0.078517,0.685978,0.437744,0.072837,0.076096,0.298024,-0.366863,-0.486757,0.460934,0.242818,-0.97252
0.162991,-0.79168,0.826865,-0.567452,0.68729,0.878717,0.821292,0.392593,0.523728,0.549217,-0.093907,-0.163428,0.151671,0.594399,-0.964816
-0.491559,-0.94351,-0.339999,-0.155767,-0.985096,0.118349,0.318877,0.789237,-0.266977,0.051695,0.279378,-0.674813,-0.187515,0.425205,-0.96165
-0.065658,-0.450135,-0.758223,-0.185755,0.586144,-0.969463,0.71581,0.367474,0.337738,-0.503906,-0.177892,0.209393,0.421789,-0.202863,-1.0
-0.754693,0.526363,-0.957138,0.101039,0.238486,0.530682,0.747612,0.540796,0.211765,0.672529,-0.261861,-0.006929,0.457379,0.093562,-1.0
-0.879925,0.832536,0.567957,-0.245628,0.6393,0.067191,0.898859,0.941213,0.786501,0.127519,-0.10678,-0.007595,0.469966,-0.199252,-0.910415
0.841193,-0.71544,-0.954014,-0.882443,0.175654,-0.785838,0.750656,0.022745,0.13262,-0.53576,0.238041,0.086098,-0.424937,-0.012848,-1.0
0.64859,0.011804,0.296334,-0.188526,0.818149,-0.178758,0.928913,0.634192,0.755997,-0.150405,-0.075,0.051092,0.405152,-0.45446,-0.960117
0.528747,0.668003,-0.81482,-0.643329,0.842762,0.890502,0.638893,0.946473,0.350298,0.384475,-0.317751,-0.242324,0.452818,0.30933,-0.94602
-0.529729,0.447284,-0.769754,-0.493668,0.515288,0.75617,0.762397,0.608782,0.364333,0.624307,-0.221951,0.006676,0.483117,0.113863,-1.0
0.580705,0.105,-0.6636,-0.125032,-0.5164,0.341415,0.956086,0.379254,-0.71657,0.407186,0.063168,-0.019487,-0.492284,0.107367,-0.965081
-0.527239,-0.4972,0.666248,0.441597,-0.39083,0.014939,0.893455,0.386137,-0.723698,0.054739,-0.009162,-0.142533,0.137041,0.523431,-0.990702
-0.776463,0.354453,0.418351,-0.219287,0.865646,-0.694342,0.787788,0.957211,0.472258,-0.349929,-0.165581,0.017504,0.435917,-0.318767,-1.0
-0.249216,-0.991726,-0.247376,0.663645,0.898759,0.561747,0.341968,0.301801,0.223161,0.207823,-0.364331,-0.488929,0.357151,0.402939,-0.97758
-0.508305,0.565187,0.584091,0.214317,-0.065061,0.016241,0.889821,0.479691,-0.694213,0.102897,-0.139302,0.113553,0.293748,-0.360511,-0.941715
0.710178,0.146193,0.921466,-0.008535,0.576841,0.085786,0.664649,0.026768,0.479239,0.141354,0.337597,0.199236,-0.422654,-0.263968,-0.948451
-0.005896,-0.835472,0.166519,0.730708,0.603552,-0.278762,0.761616,0.087177,0.598082,-0.219037,-0.193948,-0.172479,0.340518,0.435352,-1.0
-0.866362,-0.005191,0.466419,-0.868696,0.170498,0.710404,0.650969,0.757591,0.095011,0.567763,-0.229908,-0.176566,0.442835,0.244977,-0.966508
-0.874113,0.92639,-0.507661,0.766379,-0.327843,0.901311,0.916685,0.557165,-0.223385,0.64739,-0.035185,0.018072,0.48413,-0.04741,-0.903153
-0.650801,0.94334,0.834415,0.358687,-0.734628,-0.884076,0.44525,0.459074,-0.171888,-0.296145,-0.00939,0.487111,-0.011437,-0.448828,-0.995895
-0.305146,0.725461,-0.483572,0.393738,-0.8359,0.737891,0.327862,0.916543,-0.197784,0.181187,0.682023,-0.106616,-0.528415,0.062059,-0.983533
0.001373,0.244298,0.156624,0.511013,-0.657014,-0.41639,0.813464,0.039605,-0.617374,-0.354242,0.179583,0.152054,-0.463155,-0.344752,-1.0
-0.648434,-0.44421,-0.881461,-0.203792,0.386858,-0.16498,0.064077,0.230723,0.03011,0.02969,-0.926991,-0.220009,0.491073,0.188572,-0.934762
-0.95905,-0.047733,-0.878613,0.197417,0.381156,-0.193973,0.08762,0.241141,0.004794,-0.058636,-0.865066,0.144324,0.457709,-0.099525,-0.917476
-0.407663,0.939319,0.006266,-0.036161,-0.036919,-0.664947,0.241017,0.165952,-0.027209,-0.165274,-0.165973,0.732686,0.075288,-0.457901,-0.953974
-0.320814,0.231097,-0.47142,0.957685,-0.635374,0.697885,0.852671,0.885769,-0.47618,0.458001,0.027825,-0.076059,-0.317187,0.346878,-0.989988
0.702238,-0.012885,-0.863302,-0.201625,-0.698657,0.944428,0.425258,0.596726,-0.20545,0.328671,0.44715,-0.340315,-0.431081,0.190941,-1.0
0.825626,0.541637,-0.315555,-0.419013,0.180691,-0.732001,0.267981,0.228381,0.028878,-0.153234,0.402573,0.579987,-0.182872,-0.511734,-1.0
-0.339395,0.369329,-0.345294,0.309955,0.806284,-0.807927,0.212097,0.551257,0.109043,-0.120632,-0.498564,0.519148,0.336822,-0.325045,-0.96703
0.604014,-0.35582,0.694647,0.711019,0.623932,-0.834775,0.8001,0.506393,0.412814,-0.561091,0.07409,0.21907,0.019315,-0.488739,-0.966951
0.325396,-0.003277,-0.626117,0.676236,0.950581,0.302579,0.930297,0.145189,0.642837,0.170698,-0.079367,-0.03039,0.475636,0.276173,-1.0
-0.883462,0.674548,-0.485122,0.095875,-0.395609,0.936514,0.918234,0.160048,-0.361286,0.678065,-0.057715,0.036341,0.429281,0.192112,-0.981447
-0.010442,0.235789,-0.522585,-0.386885,-0.587843,0.787067,0.408237,0.985642,-0.225639,0.282149,0.426873,-0.442577,-0.309217,0.346377,-1.0
0.658778,-0.662125,-0.565958,-0.32025,-0.283956,0.976804,0.119025,0.567389,-0.00945,0.053953,0.471851,-0.718242,-0.243663,0.313914,-0.943062
-0.615626,0.845417,0.541305,0.466386,-0.041056,0.256253,0.393857,9e-06,-0.016765,0.310688,-0.51353,0.386617,0.412005,-0.395286,-0.919618
-0.779555,0.96338,0.597742,-0.402438,-0.248045,-0.714868,0.483426,0.359155,-0.105919,-0.406361,-0.191092,0.509369,0.186009,-0.509087,-1.0
0.302792,0.255278,0.681661,0.473759,0.449366,0.983517,0.855188,0.808977,0.240111,0.61674,-0.008301,-0.159668,0.116036,0.482402,-1.0
-0.517998,-0.267365,-0.124197,0.13997,-0.555191,0.694382,0.198423,0.49942,-0.069293,0.12536,0.066053,-0.75463,-0.049157,0.415036,-1.0
0.479977,0.100452,-0.821246,-0.590101,0.330947,-0.937295,0.322876,0.522276,-0.022047,-0.258854,0.106561,0.638244,-0.078889,-0.535649,-1.0
0.878164,-0.689128,0.975036,-0.979735,-0.53236,0.890375,0.241251,0.759281,-0.082745,0.097336,0.489562,-0.624154,-0.325295,0.328206,-1.0
0.680897,0.95487,0.930434,-0.084625,-0.0445,-0.932787,0.825319,0.253555,-0.056508,-0.692401,0.065645,0.155546,-0.2433,-0.482362,-0.911176
0.932193,-0.186795,0.924712,0.841297,0.924994,-0.594811,0.765468,0.178857,0.526181,-0.288711,-0.017994,0.261743,0.043205,-0.493069,-0.923433
0.160478,0.801352,0.104055,-0.723222,0.715684,-0.612729,0.04555,0.645686,-0.010364,-0.066053,-0.371914,0.91105,0.220405,-0.43182,-1.0
-0.478935,0.128233,0.75392,-0.419119,-0.979955,-0.209311,0.187164,0.434597,-0.144402,-0.009124,0.760394,0.426721,-0.503006,-0.186186,-0.958773
-0.316729,0.685059,-0.022235,0.363174,-0.4265,0.161887,0.285278,0.767277,-0.219743,0.148934,0.095596,0.879986,-0.140563,-0.454428,-1.0
0.497795,0.983009,0.24012,-0.872249,0.496345,-0.731454,0.140871,0.086748,0.035945,-0.032132,0.036217,0.856253,-0.001109,-0.434416,-1.0
0.630991,0.065099,-0.275506,-0.413419,0.735695,0.943851,0.124708,0.294263,0.032652,0.068651,-0.135099,-0.816816,0.038673,0.471066,-0.991215
-0.596438,0.822228,0.554591,0.931071,-0.503917,0.182827,0.831301,0.202878,-0.631045,0.185122,-0.091311,0.23031,0.128462,-0.531904,-0.95029
-0.093686,-0.705799,0.224464,-0.33649,0.946816,-0.417964,0.84777,0.400375,0.582358,-0.377615,-0.076932,-0.054286,0.47331,0.152583,-1.0
-0.85148,-0.749078,-0.610973,-0.907416,0.9593,0.207994,0.767474,0.559091,0.567597,0.086151,-0.210842,-0.134384,0.488023,0.097297,-0.987936
0.164961,0.838467,-0.090618,-0.712815,0.714196,-0.29059,0.117506,0.724962,0.052537,0.05567,-0.485692,0.822285,0.184996,-0.469626,-1.0
-0.814698,0.94982,-0.519589,-0.62837,0.403209,-0.416102,0.500237,0.432548,0.223758,-0.319385,-0.235151,0.29369,0.288522,-0.368879,-1.0
0.406281,0.221956,0.852994,0.39188,-0.44283,0.598274,0.186367,0.231472,-0.121536,0.122189,0.697003,-0.277725,-0.414954,0.233814,-1.0
-0.73856,0.763109,-0.587681,-0.304174,0.605685,0.502179,0.097086,0.314013,-0.002128,0.083218,-0.804723,0.158512,0.454114,-0.085872,-0.917032
-0.865579,-0.785889,0.769799,0.962551,-0.748885,0.297057,0.583104,0.881622,-0.45056,0.13563,0.023425,-0.356318,0.103684,0.496045,-1.0
-0.282431,-0.444508,0.547574,-0.119764,-0.964253,-0.037149,0.548141,0.286537,-0.507905,-0.02809,0.42213,-0.267047,-0.441823,0.305184,-1.0
-0.011134,0.223332,0.08196,0.158976,0.373806,0.098008,0.763916,0.354561,0.58102,0.118925,-0.319801,0.058255,0.421571,-0.05756,-0.957908
0.81336,-0.415334,0.400622,0.142978,0.443081,0.103028,0.116966,0.333887,0.065278,0.029872,0.505032,-0.695168,-0.314754,0.308246,-0.910552
0.862303,0.53008,-0.338393,0.804582,-0.115776,0.412624,0.47252,0.276889,-0.107534,0.38357,0.46609,0.084418,-0.406076,-0.03519,-0.955438
-0.167273,0.551217,0.201397,0.340765,-0.626605,0.89314,0.337465,0.751748,-0.160975,0.182019,0.62228,-0.331048,-0.384938,0.364867,-0.990559
-0.765438,0.777527,-0.437883,0.447268,-0.512927,0.032912,0.46577,0.51829,-0.400734,-0.010221,-0.217847,0.53947,0.090084,-0.470603,-1.0
-0.85047,-0.6582,0.768257,-0.643209,-0.361422,0.181377,0.960732,0.592581,-0.693226,0.322594,0.053863,-0.139706,0.230744,0.35373,-1.0
-0.637382,-0.923116,0.432142,0.03902,0.325484,0.850793,0.795668,0.584403,0.187733,0.580115,-0.119462,-0.143457,0.247475,0.461057,-1.0
0.108243,-0.272377,0.060515,0.9937,-0.130282,0.768267,0.493703,0.473577,-0.034162,0.419302,0.11621,-0.499298,-0.163591,0.473168,-1.0
0.704567,0.619791,-0.603325,0.338445,-0.217633,0.041495,0.19782,0.083952,-0.154431,0.08563,0.617639,0.381002,-0.390585,-0.312323,-0.977133
-0.641873,0.739321,0.674325,-0.966092,0.969453,-0.52838,0.385897,0.810117,0.341193,-0.125162,-0.397506,0.463561,0.392085,-0.344985,-0.913274
0.19977,-0.525243,0.62151,0.471582,-0.429736,-0.591262,0.190659,0.18871,-0.035494,-0.091275,0.772608,0.080566,-0.438175,-0.09955,-0.929186
-0.157313,-0.054838,0.145466,0.917151,0.450811,0.484061,0.109873,0.317252,-0.004043,0.01986,-0.74472,-0.55341,0.297501,0.249889,-1.0
0.373158,-0.437497,0.876609,0.404409,-0.300865,-0.746439,0.295847,0.888383,-0.108487,-0.15404,0.60157,0.378765,-0.517786,-0.221378,-0.922322
-0.378383,-0.564817,-0.599858,0.266052,0.064422,0.403801,0.306677,0.87016,0.068662,0.195999,-0.418424,-0.713539,0.152281,0.487317,-1.0
0.820526,0.138063,-0.579753,0.947786,0.139283,0.953762,0.145943,0.795675,0.041711,0.105961,0.64982,-0.671726,-0.349916,0.296833,-0.9997
0.466378,0.622716,0.35502,-0.518071,-0.26158,0.764478,0.275419,0.496504,-0.126014,0.288949,0.742619,-0.089584,-0.487842,0.053852,-1.0
-0.628899,0.750521,-0.65533,-0.593125,0.278433,0.462235,0.601016,0.383189,0.278034,0.331599,-0.385752,0.018702,0.432354,-0.144199,-1.0
0.641667,-0.597018,-0.995237,0.178927,-0.711022,-0.193151,0.184159,0.18181,-0.112477,-0.003812,0.749219,-0.208698,-0.514758,0.125777,-1.0
0.832008,-0.952516,0.680202,-0.484855,0.12321,0.28368,0.575098,0.825631,0.169708,0.415371,0.239931,-0.40189,-0.240978,0.451381,-0.991414
-0.947604,-0.117409,0.735449,-0.186664,-0.159202,-0.66345,0.72247,0.769791,-0.079824,-0.500744,-0.196385,0.188382,0.436035,-0.403004,-1.0
0.557365,-0.707737,-0.743516,0.979064,-0.557469,-0.855749,0.232952,0.932251,-0.087251,-0.089516,0.767606,0.140766,-0.475961,-0.067982,-0.994631
0.352759,0.706465,-0.658055,0.762224,-0.592959,-0.705199,0.790663,0.950904,-0.466303,-0.558965,0.189551,0.170254,-0.239774,-0.366719,-0.967977
-0.216794,-0.343269,-0.40858,-0.528885,0.616731,-0.223955,0.861513,0.782547,0.698592,-0.281752,-0.185309,0.014017,0.49726,0.090511,-1.0
0.335076,-0.009067,-0.57066,0.317354,0.008511,0.013931,0.584538,0.349056,0.233694,0.38933,0.441441,-0.053336,-0.537171,0.065585,-1.0
-0.388737,0.93577,0.374899,0.670023,0.710933,0.376224,0.137364,0.23913,0.119954,-0.001083,-0.775354,0.434787,0.442468,-0.135088,-0.983132
0.791412,0.948119,0.482557,-0.927838,0.259818,-0.054958,0.437925,0.564252,0.357856,-0.082049,0.25771,0.57121,-0.191067,-0.507943,-0.926786
-0.045116,0.365936,0.248071,-0.358464,-0.777126,0.754297,0.768407,0.157033,-0.481464,0.387652,0.280975,-0.057809,-0.40076,0.251877,-1.0
-0.595751,-0.846548,0.686707,-0.384981,-0.018327,-0.657746,0.87444,0.402738,-0.01315,-0.748985,-0.133292,-0.037729,0.456892,0.153333,-0.990817
-0.608118,-0.452529,-0.464636,-0.153797,-0.257798,-0.328001,0.061649,0.955462,-0.061847,-0.079806,-0.835766,-0.312293,0.450826,0.167379,-1.0
0.215152,0.612958,0.336609,-0.987552,0.19753,-0.571329,0.131788,0.741958,0.016397,-0.113723,0.097943,0.845586,-0.059868,-0.559112,-1.0
0.134947,0.435939,0.264808,-0.48611,0.624125,-0.325468,0.1413,0.23326,0.114767,-0.019996,-0.45291,0.728876,0.309,-0.424748,-0.994934
0.127711,-0.528945,-0.29946,-0.39554,0.384609,0.125358,0.003775,0.218877,-0.036237,0.034833,-0.351583,-0.935935,0.166294,0.460284,-1.0
-0.462013,0.533131,-0.699606,-0.176845,-0.163035,-0.206624,0.757822,0.222293,-0.244423,-0.471951,-0.101753,0.199216,0.264136,-0.499657,-0.999966
-0.2191,0.052501,0.245759,0.252941,-0.04141,-0.856181,0.960639,0.566185,-0.028568,-0.718231,-0.012461,0.103562,0.163362,-0.481548,-0.98048
0.653089,0.68846,0.29028,0.618762,-0.15513,-0.282374,0.878849,0.420003,-0.284095,-0.673278,0.053008,0.133851,-0.299087,-0.340622,-0.967152
-0.841983,-0.038804,0.97698,-0.563907,-0.062617,0.846953,0.421868,0.177177,0.034255,0.284436,-0.378593,-0.453005,0.243307,0.375046,-1.0
-0.336511,-0.588888,-0.137799,-0.18787,0.453151,0.439479,0.104281,0.137569,0.066487,0.109188,-0.542952,-0.712112,0.265372,0.400779,-1.0
-0.636566,0.826836,-0.769015,0.414055,-0.923981,-0.179106,0.842983,0.040963,-0.667123,-0.147091,0.111016,0.180551,-0.062566,-0.413928,-0.986112
0.125141,0.550369,0.963385,0.448197,0.332535,0.406747,0.523128,0.60179,0.287886,0.263411,-0.38366,0.287271,0.339862,-0.259778,-0.986231
-0.123048,0.648177,0.61515,-0.531489,-0.412684,0.257208,0.411527,0.771716,-0.33754,0.126109,0.406091,0.505195,-0.200814,-0.432626,-0.965207
-0.672478,0.829252,-0.607378,-0.333413,-0.232642,-0.438563,0.14509,0.828946,-0.034521,-0.118229,-0.292909,0.813494,0.067736,-0.407276,-1.0
0.944005,0.321812,-0.313148,-0.970516,0.622669,0.76177,0.135912,0.434103,0.114172,0.140844,0.444212,-0.728109,-0.381576,0.368662,-1.0
0.553657,-0.363852,0.937026,0.147108,0.47531,0.811244,0.347766,0.936401,0.163335,0.173407,0.104463,-0.657234,0.006533,0.418856,-1.0
0.403672,-0.779885,0.117805,-0.848487,0.917527,-0.231235,0.01974,0.06738,0.134151,0.031366,-0.678878,-0.691475,0.319248,0.342703,-0.909333
0.892722,-0.862124,-0.181143,-0.736849,-0.631143,0.493518,0.847177,0.807187,-0.498428,0.39465,0.034781,-0.021243,-0.403935,0.357031,-1.0
-0.92859,-0.490589,0.183218,-0.930272,-0.599124,-0.713625,0.773028,0.302795,-0.315306,-0.421531,-0.12715,0.11213,0.425185,-0.262429,-1.0
-0.211618,0.700794,0.229447,0.518207,-0.316485,0.485762,0.176328,0.139261,-0.047273,0.117882,0.365998,0.684441,-0.183688,-0.418569,-0.971887
0.613463,-0.500254,0.447311,-0.512008,-0.275486,-0.29204,0.232792,0.785661,-0.170621,-0.146482,0.776379,-0.131884,-0.467361,0.078943,-1.0
-0.531876,0.429326,-0.440881,0.232959,-0.539391,0.264212,0.797884,0.958741,-0.624435,0.355149,0.012453,0.201884,0.005297,-0.395105,-1.0
-0.082454,-0.172194,-0.709699,-0.053346,-0.037541,0.266718,0.353481,0.4117,-0.001211,0.328332,-0.098003,-0.654802,0.004883,0.464894,-0.95155
0.889452,-0.797568,-0.62168,0.632864,0.960406,-0.167452,0.321491,0.598535,0.282605,-0.110631,-0.116411,-0.749346,0.087275,0.505335,-1.0
-0.135209,-0.092281,-0.362704,0.525608,-0.937283,0.087932,0.931396,0.297074,-0.769043,0.030457,0.04786,0.005421,-0.529006,0.126679,-1.0
-0.522914,0.462427,-0.394265,0.305889,-0.396227,0.193614,0.369016,0.285034,-0.221152,0.226089,-0.241459,0.561444,0.218562,-0.546204,-0.933095
0.074787,-0.248086,-0.134906,0.199383,0.863391,-0.695689,0.393455,0.361399,0.25799,-0.168048,-0.472622,0.299408,0.441428,-0.209797,-0.999222
0.501924,0.868892,0.116285,-0.204277,0.346895,0.189711,0.94395,0.126354,0.656874,0.395001,-0.04437,0.037229,-0.066303,-0.461645,-0.990626
-0.855958,-0.794822,-0.293515,-0.381815,-0.80163,0.752328,0.579458,0.401023,-0.3551,0.327217,0.002247,-0.399353,-0.043185,0.529697,-0.989395
0.136266,-0.201391,0.315583,0.6785,-0.776422,0.039864,0.447284,0.247695,-0.344685,0.051644,0.418487,-0.120649,-0.498925,0.075297,-0.948929
0.306059,0.700366,-0.59386,-0.289395,-0.844081,-0.550237,0.389322,0.865493,-0.284326,-0.137017,0.355812,0.424111,-0.316215,-0.330326,-1.0
0.512222,-0.05139,0.741773,0.98228,0.238313,-0.932394,0.311859,0.242339,0.112837,-0.229927,0.178911,0.670979,-0.198647,-0.458293,-1.0
0.444961,0.193971,-0.86796,-0.431887,-0.06393,-0.31511,0.130211,0.156374,-0.048455,-0.141459,0.694021,0.67002,-0.406871,-0.324942,-1.0
0.302608,-0.787511,0.905093,-0.070765,-0.710604,-0.80923,0.030469,0.065981,-0.033191,-0.021924,0.958818,0.070805,-0.550772,-0.044778,-1.0
-0.661824,-0.731004,-0.07961,-0.183052,-0.051863,-0.50048,0.332553,0.066928,0.033915,-0.267464,-0.609747,-0.171644,0.397778,0.269975,-1.0
-0.269548,-0.41485,-0.130243,0.34761,-0.670381,0.514255,0.131499,0.432918,-0.049815,0.061938,0.340074,-0.854446,-0.129897,0.51564,-1.0
0.142232,0.978045,-0.282107,0.458428,0.327881,0.004661,0.507983,0.187993,0.459174,0.040781,-0.096311,0.446941,0.052148,-0.506906,-1.0
0.189653,-0.18358,-0.341711,0.796744,-0.345637,-0.863244,0.763958,0.571203,-0.182622,-0.533912,0.113535,0.17844,-0.242463,-0.398955,-1.0
-0.248986,0.154023,0.389738,-0.466825,0.333718,-0.431932,0.807228,0.040639,0.37951,-0.569994,-0.200753,0.13883,0.363396,-0.286464,-1.0
0.460424,-0.413961,-0.313,0.068136,-0.252963,-0.418913,0.15094,0.358935,-0.07553,-0.147978,0.876124,0.041378,-0.539281,-0.087422,-0.962561
0.02647,0.149748,0.508868,0.47423,0.152978,-0.608704,0.159361,0.826179,0.060493,-0.157397,-0.120245,0.876802,0.149369,-0.456112,-0.964339
0.683257,-0.441443,-0.60967,-0.254684,-0.766356,0.040142,0.529021,0.453096,-0.438986,0.082944,0.423793,-0.105161,-0.481777,0.202064,-1.0
-0.468109,-0.932715,0.370831,0.30247,0.045722,-0.73205,0.50028,0.604423,0.020594,-0.391139,-0.503241,-0.186124,0.383817,0.248254,-1.0
0.222793,-0.261702,-0.059752,-0.083503,-0.772025,0.257598,0.410121,0.265847,-0.234431,-0.005082,0.620207,-0.191423,-0.470656,0.283453,-1.0
-0.424772,0.775547,0.687445,-0.653774,-0.949532,0.104771,0.674614,0.482063,-0.538546,0.072483,0.220277,0.257684,-0.237187,-0.479326,-1.0
0.427306,0.435305,0.005641,-0.17812,-0.211517,0.618018,0.581065,0.028287,-0.16548,0.456527,0.353546,-0.079171,-0.488753,0.134579,-0.994749
0.369642,-0.667961,-0.47581,0.727268,-0.507069,-0.892512,0.89663,0.20231,-0.380784,-0.5899,0.094746,0.031048,-0.48784,-0.205491,-1.0
-0.808125,-0.119974,-0.176784,0.222745,0.14925,0.556869,0.643987,0.982245,0.113208,0.457719,-0.259473,-0.212102,0.404055,0.291825,-0.976313
-0.716544,-0.439555,0.861307,-0.017392,0.437132,0.86626,0.165031,0.48419,0.10907,0.103206,-0.572626,-0.631551,0.355404,0.430595,-0.94648
-0.024213,0.972005,-0.308359,-0.070322,0.302226,-0.634436,0.237744,0.467569,0.040848,-0.190526,-0.051415,0.755291,0.133277,-0.486049,-0.971227
0.208476,-0.510522,-0.514072,0.06485,0.751785,0.278261,0.791708,0.217908,0.552812,0.222539,-0.080714,-0.188363,0.305919,0.338704,-1.0
-0.529754,-0.788269,0.02492,-0.190885,-0.915527,0.422021,0.156002,0.13833,-0.057012,0.09032,0.222147,-0.777951,-0.108584,0.392979,-0.970178
0.356339,-0.799881,0.966917,0.77469,0.414127,0.444535,0.453242,0.908171,0.208345,0.236877,-0.04406,-0.48621,0.049582,0.476325,-0.938508
-0.268471,-0.745024,0.35353,-0.634467,0.754577,-0.733792,0.970827,0.882819,0.408311,-0.61921,-0.01705,-0.010483,0.443525,0.146829,-0.982412
-0.869148,-0.304118,-0.310092,0.017517,0.203863,0.267513,0.402867,0.423495,0.190277,0.165396,-0.545536,-0.303929,0.415875,0.230758,-0.940729
-0.592443,-0.694339,-0.16995,-0.461919,-0.005596,0.000245,0.089083,0.475691,-0.143646,0.13225,-0.568545,-0.649123,0.344306,0.397816,-1.0
-0.511306,-0.883139,-0.250078,0.570733,0.334235,0.052713,0.241193,0.421634,0.20158,0.063065,-0.49024,-0.559745,0.281616,0.364599,-1.0
-0.060373,0.886799,-0.657241,-0.718742,0.491082,0.446361,0.267142,0.736633,0.195468,0.210389,-0.566629,0.422416,0.408254,-0.311685,-0.964627
0.03641,-0.403084,-0.257836,-0.324257,0.749411,0.184493,0.062663,0.664544,-0.000998,-0.120236,-0.743997,-0.630467,0.34481,0.339716,-1.0
-0.352659,0.837075,-0.020769,-0.320153,-0.099356,-0.725321,0.887046,0.74732,-0.101466,-0.754001,-0.00814,0.083335,0.172081,-0.503579,-1.0
-0.155894,0.876218,0.532156,-0.383516,0.303581,-0.450611,0.03953,0.687248,-0.020995,0.042948,-0.304184,0.847274,0.147729,-0.447383,-1.0
-0.20288,-0.558187,-0.101772,0.864222,0.745922,-0.023694,0.28268,0.51939,0.272496,-0.031485,-0.591745,-0.293586,0.4947,0.235567,-1.0
0.545694,0.392415,-0.365005,0.862978,-0.420332,0.001657,0.381959,0.926166,-0.2719,-0.028178,0.62129,0.216024,-0.516084,-0.123488,-0.955646
0.598891,-0.691224,0.98642,0.718615,0.26832,-0.298927,0.355786,0.023375,0.294699,-0.135681,0.379137,-0.473228,-0.309294,0.430105,-1.0
-0.80138,-0.106375,-0.490841,0.522646,0.39873,-0.16675,0.853401,0.774624,0.600534,-0.289596,-0.158905,-0.04341,0.536222,-0.028819,-0.981158
-0.103914,-0.580968,0.099125,0.293777,-0.386795,0.204827,0.340037,0.849423,-0.241829,0.031619,0.287709,-0.55996,-0.110943,0.502635,-0.958746
0.956571,-0.386412,0.433494,0.19502,0.6525,-0.556148,0.395485,0.767317,0.286268,-0.255919,0.499457,0.265828,-0.439225,-0.279324,-1.0
-0.926772,0.512592,0.897573,0.110689,0.367674,0.913337,0.905218,0.674931,0.21967,0.679603,-0.062071,-0.094097,0.432263,0.231804,-0.997847
0.789718,0.442924,-0.649491,-0.99677,-0.159818,-0.258776,0.353238,0.265685,-0.088955,-0.268495,0.473535,0.259296,-0.344514,-0.297172,-0.963109
-0.27139,0.592119,-0.604793,-0.219386,0.185962,0.124572,0.545272,0.982742,0.390558,0.232363,-0.421104,0.340984,0.382175,-0.320679,-0.981956
0.742477,-0.187332,-0.269882,0.094197,0.884245,-0.291892,0.864526,0.085733,0.663494,-0.169066,-0.113893,0.068617,0.434919,-0.297755,-0.94213
-0.816193,0.745718,0.762213,0.881555,0.367168,0.380305,0.073157,0.748189,0.035846,0.04328,-0.903379,0.299398,0.401048,-0.055367,-0.98998
0.765443,0.879834,0.721976,0.65354,-0.827715,0.889174,0.131232,0.376866,-0.065967,0.046445,0.876621,-0.000185,-0.4681,0.005032,-0.925086
0.042612,-0.71731,0.53856,-0.744829,-0.966453,0.202694,0.865723,0.903833,-0.720546,0.072577,0.080845,-0.11638,-0.31863,0.31075,-0.959954
0.255848,0.724859,-0.991726,0.551377,0.299994,0.213337,0.217596,0.193461,0.087896,0.060278,-0.084008,0.691395,0.007394,-0.411684,-0.944047
0.046309,0.37398,0.104596,0.752971,0.534171,-0.032417,0.287913,0.600549,0.197679,-0.031235,-0.595884,0.500139,0.342021,-0.272665,-1.0
0.495759,0.571087,-0.549897,-0.290505,0.051909,-0.031105,0.936669,0.523672,0.6911,-0.350371,0.058159,0.077737,-0.292653,-0.490437,-0.990421
-0.875904,-0.117961,-0.427703,0.759422,-0.96799,0.571424,0.946381,0.755605,-0.576536,0.452439,-0.010465,-0.033093,-0.114424,0.493578,-0.987375
-0.485371,-0.773227,0.001563,-0.265519,0.9611,-0.663106,0.095098,0.557525,0.055104,-0.041075,-0.919094,-0.065735,0.486647,0.037609,-1.0
0.759461,0.686852,0.560702,-0.84652,-0.706803,0.129955,0.380549,0.331497,-0.30528,-0.019934,0.609344,0.254457,-0.390202,-0.207705,-0.98981
-0.730888,0.923845,0.828388,-0.565393,-0.872839,-0.242758,0.076196,0.437289,-0.039758,0.055643,0.115315,0.835242,0.037739,-0.488676,-0.90561
0.274968,0.242337,-0.233607,0.458249,0.524175,0.367446,0.497028,0.237198,0.260615,0.290407,-0.450352,-0.261562,0.338405,0.263438,-0.987987
0.747806,0.113094,0.591485,-0.483548,0.988313,0.011652,0.190926,0.862931,0.161118,0.077891,-0.732306,0.371733,0.403368,-0.186054,-0.934651
0.06851,0.350206,0.091505,-0.84374,0.41069,-0.651019,0.220792,0.824348,0.114461,-0.106308,-0.318174,0.783225,0.137559,-0.500268,-0.999008
-0.764619,-0.920805,0.656503,-0.571878,0.097527,-0.900259,0.084934,0.504341,-0.075946,-0.150116,-0.908372,0.056183,0.446428,0.049762,-1.0
0.242205,0.802038,-0.151476,0.829937,0.458731,0.798387,0.629983,0.245633,0.240621,0.388694,-0.307384,-0.013104,0.445274,-0.015723,-1.0
-0.360072,-0.94313,-0.747973,0.491765,0.226796,0.885336,0.012713,0.225183,0.005761,0.056916,-0.426942,-0.988448,0.163151,0.481124,-1.0
0.028091,0.01257,-0.698253,0.267244,-0.020052,-0.728078,0.780808,0.192433,0.067771,-0.676174,0.135999,0.250099,-0.071672,-0.463729,-0.996536
-0.736013,0.558042,-0.544911,0.71955,0.777481,-0.164177,0.275024,0.247468,0.307159,-0.039206,-0.642602,0.213535,0.461184,-0.228888,-1.0
0.083697,0.947991,-0.764439,-0.671932,-0.279748,0.659978,0.224799,0.32883,0.001542,0.157365,0.687181,0.413479,-0.472292,-0.279899,-0.962404
0.379103,-0.37637,0.019448,-0.054658,0.380529,0.073673,0.543438,0.316413,0.393364,0.056199,-0.01443,-0.519469,-0.032999,0.419938,-1.0
0.933754,-0.438741,-0.032749,-0.895748,0.517704,0.153079,0.455917,0.747071,0.270957,0.091441,0.299197,-0.395364,-0.173519,0.362409,-1.0
-0.434186,0.078046,-0.211782,0.074111,-0.081079,0.598844,0.257129,0.641617,-0.128649,0.148135,-0.510623,-0.623254,0.324041,0.421424,-0.948506
0.547171,-0.301161,-0.742088,-0.075415,0.351634,0.421011,0.928558,0.213292,0.513413,0.579033,0.00525,-0.08139,-0.094646,0.443082,-0.963787
-0.739855,-0.758583,-0.848127,0.516904,-0.447023,0.538275,0.397603,0.489386,-0.212717,0.219489,-0.080688,-0.558742,0.057064,0.430044,-0.951184
0.677518,0.010428,0.674123,0.961194,0.438526,-0.594491,0.83794,0.835747,0.371873,-0.397183,0.06171,0.143151,-0.165544,-0.390773,-1.0
0.99262,0.192801,0.060675,0.9448,-0.140891,0.486955,0.902299,0.131822,-0.273672,0.69877,0.205555,-0.087061,-0.564271,0.129817,-0.96518
0.755407,-0.258016,0.22887,-0.638245,0.975084,0.277644,0.937744,0.624123,0.719277,0.222976,0.03006,-0.105526,0.215849,0.471717,-1.0
-0.2909,0.915743,0.444426,0.270717,-0.431765,0.53675,0.375052,0.07232,-0.229268,0.140175,0.194654,0.575591,-0.077424,-0.407579,-0.985972
-0.741844,-0.831929,0.00165,-0.121713,-0.099053,-0.663258,0.406723,0.926504,-0.056391,-0.337508,-0.618781,-0.179336,0.57347,0.103881,-0.972551
-0.791843,0.419101,0.971716,0.807528,-0.938047,-0.650688,0.598005,0.84547,-0.404878,-0.251408,0.069805,0.400097,-0.041147,-0.481831,-0.89224
-0.545565,-0.210338,0.759353,-0.714813,0.139645,-0.990774,0.956202,0.282064,0.150642,-0.640739,-0.054309,-0.054133,0.277747,-0.381029,-0.925436
-0.483035,-0.367262,-0.771753,0.088459,-0.741055,0.364375,0.90323,0.354438,-0.615566,0.304114,0.015375,-0.098112,-0.231292,0.463224,-1.0
-0.669568,-0.721341,0.627371,0.724876,-0.760753,-0.549026,0.464235,0.279382,-0.285232,-0.204399,0.27228,-0.453549,-0.216527,0.394929,-0.982484
-0.809917,-0.107286,-0.759713,-0.67574,0.879743,0.715163,0.189919,0.85055,0.062066,-0.00274,-0.731683,-0.371475,0.407774,0.213659,-0.989591
0.788188,0.412147,0.320371,-0.668551,-0.544591,-0.069583,0.934283,0.147893,-0.779561,-0.093673,0.12442,0.056792,-0.530421,-0.18405,-0.990257
-0.485783,-0.263302,0.828417,0.766405,0.413824,0.908382,0.383291,0.161532,0.114562,0.237408,-0.377627,-0.548991,0.350919,0.323205,-1.0
-0.25399,-0.250508,0.278846,0.133467,0.289199,0.104557,0.659471,0.186354,0.554007,0.159347,-0.327734,-0.169056,0.448807,0.272201,-1.0
-0.033413,0.597084,0.91153,0.375212,-0.432735,-0.84963,0.602762,0.031094,-0.198406,-0.381477,0.118431,0.319162,-0.081827,-0.538157,-1.0
0.574442,-0.717624,-0.9048,0.686582,-0.183888,-0.192538,0.909772,0.348878,-0.448898,-0.466927,0.082498,-0.090693,-0.413386,0.322498,-1.0
0.674065,-0.631959,0.267778,-0.31984,-0.531017,0.607607,0.124612,0.709769,-0.062455,0.102847,0.63966,-0.630977,-0.40828,0.378442,-1.0
-0.528424,-0.709856,0.808277,0.112399,0.202683,0.661621,0.783599,0.920407,0.199538,0.634632,-0.079404,-0.209694,0.180275,0.508585,-0.95068
0.051246,-0.445774,0.856445,-0.624498,0.309358,0.700758,0.109264,0.09475,0.03644,0.042968,-0.17433,-0.84008,0.137439,0.474738,-0.993471
0.17073,-0.34895,0.180988,0.070757,0.265918,0.159048,0.62023,0.696913,0.522652,0.226692,-0.03536,-0.396788,0.108727,0.523671,-0.970975
-0.277518,-0.985862,-0.225568,0.434152,-0.453642,-0.751612,0.17965,0.932196,0.016656,-0.140344,0.462742,-0.741176,-0.193501,0.307309,-1.0
-0.337914,-0.777568,0.286012,-0.885679,-0.506554,0.519797,0.449224,0.470551,-0.228144,0.243528,0.096455,-0.584337,-0.046707,0.441304,-0.942424
0.318654,-0.815301,0.498282,-0.958232,0.328153,-0.391034,0.930895,0.133204,0.518025,-0.59132,-0.048293,-0.13721,-0.011054,0.403374,-0.985606
-0.333166,0.033695,0.853772,-0.426925,-0.35015,0.60036,0.861635,0.82614,-0.352077,0.535228,0.035373,-0.143229,-0.091156,0.455789,-1.0
-0.111707,0.267689,-0.12429,-0.764644,-0.90636,-0.923481,0.292556,0.241237,-0.143926,-0.221738,0.377653,0.542074,-0.25207,-0.402057,-0.93247
-0.132785,-0.335031,0.917104,-0.583053,0.80203,0.948328,0.035686,0.417395,-0.018192,0.029315,-0.542199,-0.796034,0.333703,0.447074,-0.962423
0.593327,-0.605175,0.482245,-0.080661,-0.052527,-0.827885,0.18178,0.485858,-0.119541,-0.212844,0.762792,0.39528,-0.440981,-0.197594,-1.0
0.692259,-0.208258,0.612441,0.277871,-0.465962,0.844736,0.468274,0.551444,-0.133786,0.305109,0.396854,-0.407838,-0.335656,0.320475,-1.0
0.742365,0.588857,-0.876427,-0.863465,-0.695903,-0.867894,0.623364,0.772944,-0.385876,-0.420724,0.251974,0.206771,-0.271086,-0.309942,-1.0
0.412626,0.947808,-0.938402,0.221193,0.059607,0.385036,0.090243,0.533457,0.008021,0.042831,0.503996,0.781873,-0.300768,-0.538267,-0.974797
-0.111555,-0.128846,0.361164,0.710392,0.283862,-0.101525,0.839522,0.440883,0.683668,-0.204902,-0.177344,0.030417,0.483492,-0.039617,-1.0
0.880787,0.996886,0.219723,-0.33889,-0.988411,0.915189,0.440705,0.371324,-0.213582,0.231202,0.578952,0.011319,-0.512935,0.008748,-1.0
0.749667,-0.071777,-0.869082,0.390152,0.224496,0.239013,0.273837,0.068168,0.169162,0.197992,0.611768,-0.424389,-0.392022,0.272228,-1.0
0.960424,-0.822932,0.519163,0.892473,0.772411,-0.581102,0.633968,0.485628,0.333845,-0.287276,0.194079,-0.353674,-0.371709,0.404911,-0.972086
0.714847,-0.948717,0.877887,-0.931648,-0.821563,-0.649397,0.946197,0.148555,-0.601888,-0.449557,-0.002353,-0.027208,-0.427692,0.122333,-0.979414
0.125022,-0.872678,-0.880911,-0.794977,0.304662,0.991091,0.931562,0.198252,0.209376,0.709208,-0.05447,-0.116418,0.172851,0.461893,-0.991845
-0.244143,0.01608,0.683729,-0.056135,-0.895233,0.890717,0.961537,0.825804,-0.589944,0.570467,-0.004068,-0.097993,-0.298358,0.381125,-0.971218
-0.165505,0.555234,-0.648955,0.973697,-0.04713,0.170569,0.584846,0.924612,-0.169721,0.443685,-0.119345,0.370548,0.084585,-0.524782,-0.921044
0.642922,-0.461201,-0.742225,-0.582083,-0.946593,0.080903,0.633761,0.491576,-0.447537,0.084113,0.321818,-0.073556,-0.480979,0.177684,-1.0
0.051299,0.145783,-0.039003,0.642021,0.10531,0.111881,0.103055,0.073078,0.083576,0.115652,-0.700006,0.59038,0.372903,-0.237255,-0.98235
0.084709,0.105629,-0.035793,0.809805,-0.561743,0.038714,0.981923,0.501134,-0.761194,0.003126,0.033537,-0.020535,-0.497129,-0.080703,-0.923568
-0.836821,0.468312,0.98554,0.596548,0.554538,0.602068,0.609726,0.381001,0.274058,0.369661,-0.380623,-0.039103,0.487449,0.049454,-0.921195
0.172408,0.658761,-0.524967,0.442834,-0.940051,-0.935151,0.493623,0.058437,-0.268678,-0.282886,0.320175,0.457185,-0.333519,-0.360647,-1.0
-0.278576,-0.137265,0.403809,0.379007,0.282477,0.709425,0.564072,0.554329,0.078305,0.508837,-0.247059,-0.424067,0.258189,0.461526,-1.0
-0.023132,0.750373,0.979346,-0.621015,0.884266,-0.443969,0.525396,0.397226,0.320632,-0.140525,-0.241999,0.446063,0.296319,-0.328587,-1.0
0.274872,-0.455781,-0.095087,-0.472082,0.718793,0.851518,0.492472,0.897949,0.311463,0.29207,-0.151059,-0.488506,0.254944,0.422158,-0.988089
-0.713716,-0.172715,0.063095,0.881647,-0.45564,-0.500449,0.935731,0.528561,-0.495514,-0.668965,0.011614,0.097496,0.350829,-0.262604,-0.968364
-0.462708,-0.566938,-0.208711,-0.353873,0.441201,-0.960568,0.519359,0.334057,0.17408,-0.347133,-0.446323,0.251194,0.469852,-0.224142,-1.0
-0.690439,0.252839,-0.576788,-0.016466,-0.293952,-0.564217,0.335449,0.935013,-0.075511,-0.261217,-0.284563,0.551668,0.229603,-0.519473,-0.973346
-0.590401,0.770073,0.719257,0.36689,-0.55669,0.973218,0.148192,0.775773,-0.077246,0.030985,-0.131967,-0.786849,0.09875,0.514087,-0.95697
0.789824,0.714363,-0.920224,-0.349931,0.021144,0.36436,0.258823,0.599494,0.042791,0.234364,0.711309,0.332799,-0.485327,-0.185051,-1.0
0.20261,-0.419765,0.166494,0.026182,-0.084625,-0.459744,0.331245,0.560412,-0.037965,-0.302548,0.71512,0.065027,-0.534425,-0.006674,-0.941431
0.059181,0.240853,-0.008564,0.009086,0.821507,0.381513,0.921585,0.656353,0.699183,0.287353,-0.053217,-0.065911,0.449294,0.036293,-0.992452
-0.83047,-0.451453,0.774627,0.772497,-0.545842,0.882933,0.067197,0.472226,-0.00772,0.016185,-0.233555,-0.985396,0.06566,0.434464,-1.0
0.216473,0.2087,-0.912249,0.556382,-0.791686,-0.523651,0.697623,0.267696,-0.466812,-0.345364,0.287801,0.175435,-0.461063,-0.318454,-0.932903
-0.930371,-0.909675,0.291279,-0.86754,-0.286822,-0.581156,0.175994,0.581939,-0.070485,-0.106875,-0.722464,-0.406145,0.427825,0.283127,-0.968739
-0.932419,0.113703,0.759095,-0.053109,0.570327,-0.741348,0.634581,0.28254,0.265227,-0.48589,-0.325926,0.162974,0.424924,-0.296835,-1.0
0.668209,-0.289439,0.448747,0.330769,0.969213,-0.363557,0.638095,0.22664,0.428903,-0.195474,-0.253833,0.115823,0.48705,-0.078598,-1.0
-0.591373,0.087976,0.118324,0.054571,0.609934,-0.305141,0.672381,0.897514,0.517367,-0.208693,-0.358423,0.086355,0.441274,-0.127295,-1.0
0.708407,-0.64464,-0.778877,0.690719,0.613264,-0.233537,0.833941,0.964681,0.607574,-0.342599,-0.004619,-0.161986,-0.098285,0.54615,-1.0
-0.706923,0.635078,-0.415443,0.514015,0.419838,0.989922,0.069592,0.805421,0.004541,0.045554,-0.874538,-0.28709,0.529765,0.15901,-0.992071
-0.585174,-0.007776,0.984934,0.409864,-0.820145,0.650415,0.02318,0.66118,-0.104402,0.040197,0.357098,-0.90939,-0.064415,0.390465,-0.995653
0.709786,-0.214892,-0.959736,0.518074,0.325058,-0.961508,0.061568,0.234141,-0.016018,0.028819,0.408678,0.88983,-0.131413,-0.40161,-0.888515
-0.771311,-0.488411,0.641613,0.30349,-0.773351,-0.56321,0.98199,0.220917,-0.679709,-0.437547,-0.015105,-0.013363,0.036906,-0.47622,-0.977673
0.840586,-0.32345,-0.932072,0.500244,0.017176,0.542567,0.977627,0.463699,-0.032616,0.786704,0.004047,0.009693,-0.398034,0.311968,-1.0
-0.852182,-0.460775,0.888299,0.745591,0.319268,-0.234959,0.617836,0.257271,0.338657,-0.360676,-0.335638,-0.112627,0.584797,0.099772,-1.0
-0.469641,-0.011046,-0.80609,0.118135,0.636307,0.186131,0.994731,0.213108,0.834018,0.197718,0.02849,0.01251,0.407499,0.023927,-0.991981
-0.330964,0.092256,0.666988,0.00266,0.852447,-0.674028,0.135148,0.179358,-0.01678,-0.139306,-0.697084,0.527185,0.470758,-0.258104,-1.0
-0.648822,0.492271,-0.309405,-0.628704,0.588768,0.266405,0.783385,0.460272,0.567691,0.188253,-0.202044,0.120923,0.587862,-0.1882,-1.0
-0.752571,-0.311168,0.064893,-0.784402,-0.700044,0.689022,0.536356,0.504691,-0.27296,0.319269,0.062296,-0.376573,-0.052096,0.49899,-0.987917
0.852411,0.649238,0.535081,0.964156,0.864036,0.979809,0.943773,0.947266,0.606314,0.55547,0.047111,-0.003658,-0.038596,0.576069,-0.966247
-0.564942,-0.971875,-0.636997,-0.137493,-0.375088,0.944566,0.227459,0.686595,0.023722,0.153428,0.012499,-0.646575,-0.013205,0.50209,-0.983074
0.611807,0.501295,-0.380585,-0.324208,-0.493856,0.350994,0.694174,0.64272,-0.448661,0.226965,0.297602,0.102268,-0.438148,-0.086557,-0.974824
0.739597,0.199184,0.582486,-0.973548,-0.66736,0.607835,0.105777,0.52038,-0.088441,0.066011,0.857558,-0.180438,-0.509492,0.152467,-1.0
-0.001139,-0.424535,0.084428,0.563547,-0.563502,-0.046661,0.507099,0.150024,-0.409791,-0.024823,0.318128,-0.220027,-0.43027,0.243022,-0.987801
0.24163,0.724568,-0.194107,0.149806,0.482568,-0.599105,0.390355,0.524536,0.21468,-0.30419,-0.128513,0.597729,0.115038,-0.474693,-0.964864
-0.226042,0.318849,-0.281812,0.829955,0.956333,-0.234141,0.823547,0.938779,0.668058,-0.076899,-0.170611,0.121157,0.439858,-0.162826,-1.0
0.737413,-0.989853,-0.116971,0.281276,-0.368892,-0.163986,0.029406,0.288164,-0.047139,-0.037528,0.794853,-0.530535,-0.253392,0.30681,-1.0
0.084706,-0.271574,0.369143,-0.957404,-0.749544,0.580303,0.258109,0.777585,-0.097716,0.102426,0.515605,-0.455739,-0.370878,0.295354,-0.972406
0.178925,-0.578548,0.267401,0.950308,-0.838639,0.761469,0.66844,0.992631,-0.393659,0.305486,0.254874,-0.292197,-0.221736,0.419009,-1.0
-0.180976,-0.928891,-0.745778,-0.60427,0.003132,-0.609594,0.120168,0.30077,0.070028,-0.085267,-0.45005,-0.76677,0.300391,0.431205,-1.0
0.612606,0.250175,-0.685983,-0.653788,0.389584,-0.539949,0.584339,0.281874,0.240679,-0.36386,0.14484,0.478641,-0.054395,-0.433893,-1.0
0.857095,-0.436544,0.961142,0.992922,0.990319,0.564024,0.162804,0.713361,0.093541,0.057306,-0.08965,-0.827674,0.122907,0.439579,-1.0
-0.381996,0.701742,0.895924,0.992568,0.249326,-0.775115,0.125555,0.174471,0.105373,-0.136066,-0.361217,0.897406,0.266591,-0.435931,-1.0
-0.242824,0.81703,-0.750297,0.604788,-0.713202,0.367208,0.109425,0.565486,-0.063331,0.070757,0.605983,0.663732,-0.258546,-0.33716,-0.966696
0.371743,0.560827,0.378945,-0.792622,-0.251433,0.85869,0.49394,0.835823,-0.168693,0.281831,0.427241,-0.197146,-0.417569,0.214321,-1.0
0.571717,-0.084947,-0.0472,-0.862855,-0.321043,-1.6e-05,0.254011,0.466126,-0.297797,0.046976,0.72548,-0.065332,-0.481892,0.042125,-1.0
0.972708,-0.990512,-0.559597,-0.947502,-0.538689,-0.64253,0.797908,0.7189,-0.485513,-0.525356,0.138428,0.000549,-0.396492,0.053587,-0.964486
-0.771741,0.958063,-0.060917,0.794912,0.814865,-0.973078,0.923292,0.499145,0.517009,-0.546528,-0.078427,0.123587,0.237031,-0.349566,-0.99491
-0.110257,-0.597959,-0.020994,0.114217,-0.896826,0.236687,0.964933,0.63498,-0.746235,0.133839,0.022481,0.025907,-0.342963,0.306452,-0.958941
0.701956,0.076324,-0.53977,-0.097781,0.094429,0.718449,0.959173,0.820531,0.11351,0.721286,0.071768,-0.011241,-0.393996,0.350455,-0.99095
-0.920559,-0.976603,-0.808886,0.023774,-0.012566,-0.888448,0.376837,0.609987,0.021104,-0.218357,-0.631106,-0.022353,0.520064,0.045269,-1.0
-0.192827,-0.712577,0.800648,-0.57141,-0.099247,0.261205,0.052558,0.938472,0.014065,0.009158,-0.086457,-0.863509,0.003124,0.424802,-1.0
-0.369643,0.249409,0.980826,-0.261003,0.888124,0.401511,0.119302,0.294507,0.172268,-0.003009,-0.812247,-0.088998,0.543846,0.120244,-0.970993
0.30016,0.561544,0.098871,0.540179,-0.552421,0.662531,0.600147,0.53408,-0.296425,0.471356,0.361927,0.087154,-0.578923,0.144498,-1.0
0.678562,-0.460042,0.659006,-0.746305,0.873818,0.375943,0.819846,0.724026,0.607059,0.235354,-0.018386,-0.150036,0.103636,0.396021,-0.995653
-0.971583,0.13126,0.02483,-0.255293,-0.823971,-0.671616,0.232237,0.830327,-0.148793,-0.110432,-0.079349,0.840313,0.062667,-0.38981,-1.0
-0.557242,0.746671,0.872227,0.67582,0.686022,-0.866245,0.097514,0.344845,0.091928,-0.09613,-0.607224,0.692705,0.270744,-0.441981,-0.995668
0.675306,-0.924089,-0.404471,0.787971,-0.109617,-0.361983,0.923336,0.868668,-0.277325,-0.676054,0.072311,-0.016038,-0.325383,0.307813,-0.968534
0.101597,-0.156402,-0.039281,-0.713284,-0.906258,0.39588,0.79469,0.720656,-0.604439,0.307638,0.142287,-0.052333,-0.384141,0.159332,-1.0
-0.330843,0.617097,0.777811,-0.814333,0.23499,-0.920479,0.714078,0.185658,0.249599,-0.543141,-0.076775,0.232435,0.18666,-0.475408,-0.884391
-0.064667,-0.809669,0.0804,-0.379905,-0.31521,0.521795,0.294137,0.117424,-0.076814,0.182285,0.152356,-0.683358,-0.164601,0.557705,-1.0
-0.736717,-0.655555,-0.652364,-0.522416,-0.960979,-0.984366,0.538205,0.867207,-0.288349,-0.280926,0.275455,0.430719,-0.396142,-0.456058,-1.0
0.090375,0.608703,-0.605698,-0.365562,-0.785374,-0.839669,0.742525,0.12892,-0.370626,-0.405869,0.191098,0.224107,-0.213289,-0.48519,-0.980153
-0.658065,0.673555,0.839251,0.997298,0.741256,-0.957974,0.282254,0.616442,0.20911,-0.114098,-0.480683,0.532736,0.33697,-0.470749,-0.951236
-0.562464,0.55788,0.824087,0.97455,-0.77546,-0.743102,0.640806,0.621176,-0.453628,-0.391453,0.018478,0.269285,-0.116816,-0.589039,-1.0
-0.870724,0.384968,0.502326,-0.866105,-0.52311,0.996999,0.478192,0.263647,-0.215798,0.322491,-0.22912,-0.524852,0.224092,0.361233,-0.972279
0.649148,-0.22773,0.670231,-0.43234,-0.689654,0.824544,0.372664,0.475357,-0.188524,0.277866,0.505649,-0.385796,-0.385483,0.278114,-1.0
0.408979,-0.734057,0.568698,0.233224,0.475827,0.55164,0.41995,0.402702,0.238883,0.236589,-0.110753,-0.574484,0.013605,0.5153,-0.948424
-0.041209,-0.879017,0.920003,-0.503354,-0.607876,0.772872,0.389814,0.127183,-0.25578,0.205785,0.205704,-0.617548,-0.211875,0.367237,-0.991426
0.019476,-0.902192,-0.796852,-0.299755,0.588391,0.146463,0.866446,0.882065,0.757896,0.176875,-0.112037,-0.016575,0.18249,0.400363,-0.961188
-0.806229,-0.491992,-0.1942,-0.904834,-0.97385,-0.109033,0.58991,0.35464,-0.49588,0.024085,0.095929,-0.264936,-0.200556,0.454741,-1.0
-0.13338,-0.086905,0.76008,0.094857,-0.70053,-0.620887,0.951806,0.153732,-0.507608,-0.502434,0.10746,0.033661,-0.398684,-0.381617,-1.0
0.758963,0.080206,-0.778231,0.107342,0.922597,-0.771649,0.182959,0.080119,0.101531,-0.132763,-0.212316,0.772683,0.093081,-0.531593,-0.960429
-0.347284,0.860761,-0.589946,-0.457551,0.79734,0.116981,0.906864,0.90135,0.687946,0.154748,-0.00603,-0.018356,0.455346,-0.229748,-0.996202
-0.666156,-0.999458,-0.815743,-0.891477,-0.411688,-0.898557,0.770268,0.296896,-0.336406,-0.542807,-0.173151,-0.104085,0.42809,0.123429,-1.0
0.953283,0.833034,-0.476637,0.87144,-0.588892,0.939974,0.52718,0.106416,-0.169704,0.338427,0.55531,-0.107433,-0.46487,-0.021805,-0.941226
0.310971,0.254965,0.791069,-0.833653,0.713895,-0.960098,0.282825,0.728486,0.151753,-0.126927,-0.218537,0.7487,0.124953,-0.555637,-0.901542
0.871532,-0.940868,0.557147,0.091486,0.854222,-0.150107,0.582635,0.588782,0.504488,-0.064169,-0.009137,-0.446854,0.05013,0.425151,-1.0
0.42853,-0.320237,-0.473837,0.231386,0.704002,-0.514296,0.701044,0.653889,0.41686,-0.31911,-0.250714,0.17421,0.437927,-0.29971,-0.99105
0.563713,-0.805195,-0.805481,-0.690104,0.749595,-0.768213,0.186999,0.419347,0.049746,-0.076723,-0.783717,-0.069713,0.438168,0.134902,-0.983774
-0.230119,-0.859973,-0.601115,0.671372,0.215109,0.685456,0.736301,0.274883,0.144999,0.560918,-0.120884,-0.196061,0.07186,0.444316,-1.0
0.802585,-0.155138,0.013373,0.333189,-0.315064,-0.450676,0.712289,0.666766,-0.307401,-0.457354,0.24741,0.032402,-0.556684,-0.092258,-1.0
0.088337,-0.854274,-0.899998,-0.759398,-0.538934,0.851602,0.588924,0.298249,-0.311736,0.47131,0.08955,-0.344965,-0.169863,0.331179,-1.0
0.261738,-0.334052,0.058705,0.565927,0.855595,0.423708,0.998199,0.932101,0.830802,0.497644,0.046614,0.016044,0.266239,0.385651,-0.998775
-0.312742,0.737526,0.937734,-0.695549,0.483081,0.950738,0.525744,0.296729,0.157427,0.338783,-0.402903,-0.076001,0.473804,0.121143,-1.0
-0.954969,-0.200126,0.572327,-0.803387,0.207238,-0.935886,0.657328,0.692763,0.021066,-0.500822,-0.282049,0.138453,0.351735,-0.213893,-1.0
-0.983373,0.598216,-0.204826,0.010244,-0.738671,0.327987,0.82859,0.602915,-0.663273,0.210945,-0.064443,0.135292,0.278346,-0.352022,-0.963478
0.026541,0.123248,0.673323,-0.543442,-0.676808,0.275233,0.925895,0.687677,-0.728653,0.273884,0.106247,0.029423,-0.48543,0.10201,-0.862336
-0.856075,-0.833179,0.645277,0.117647,-0.474139,-0.032742,0.776878,0.168192,-0.662135,-0.028715,-0.114439,-0.241465,0.29795,0.479743,-1.0
-0.205593,0.254487,0.251481,0.234303,0.419058,-0.202722,0.675788,0.226489,0.521961,-0.224198,-0.293368,0.232773,0.430105,-0.23325,-0.960002
-0.338808,0.661169,-0.241984,-0.459838,-0.079456,0.473608,0.376193,0.689706,-0.020872,0.341894,-0.475339,0.325672,0.39974,-0.194359,-0.997529
0.968716,-0.302914,0.882742,0.459811,0.665058,-0.926295,0.895033,0.801004,0.493334,-0.617215,-0.01519,0.039334,-0.202111,-0.378325,-0.995633
0.327851,-0.766086,-0.610864,-0.308747,0.579498,0.113656,0.139757,0.973801,0.100005,-0.016834,-0.302274,-0.819198,0.113511,0.476489,-1.0
0.365508,-0.029165,-0.592153,-0.822292,-0.155777,-0.378709,0.50932,0.793404,-0.176766,-0.379835,0.488474,0.3128,-0.413625,-0.374265,-1.0
0.750097,-0.837699,-0.638041,0.517828,0.262281,-0.351449,0.207968,0.764407,0.095701,-0.154958,0.600038,-0.499019,-0.344546,0.354624,-1.0
0.071852,0.587287,0.067193,0.355614,-0.602707,0.306826,0.634973,0.030037,-0.443359,0.181999,0.256788,0.169043,-0.544786,-0.294089,-1.0
-0.964053,-0.705787,0.16304,-0.129119,0.595959,-0.810232,0.053589,0.038141,0.055307,-0.000607,-1.0,-0.008254,0.512936,-0.00912,-0.988224
0.867461,-0.450955,0.455605,-0.010296,0.802922,0.117103,0.532321,0.499237,0.476306,-0.022655,0.088481,-0.47678,-0.16418,0.505706,-0.963164
-0.729554,-0.825885,-0.743832,0.643947,0.211874,0.830568,0.324864,0.468393,0.046685,0.200252,-0.45653,-0.635546,0.201105,0.490659,-1.0
0.042439,-0.987881,0.139134,0.282271,-0.976902,0.723219,0.484303,0.7662,-0.222248,0.276884,0.252406,-0.454889,-0.206087,0.408578,-1.0
0.40925,0.56821,0.757256,-0.143497,0.104402,0.155689,0.058854,0.558585,0.071963,0.132972,0.547929,0.701994,-0.335361,-0.45689,-0.98855
0.699866,-0.869116,-0.331734,-0.430181,0.380196,0.713952,0.399781,0.064569,0.217912,0.254456,0.147967,-0.535359,-0.08032,0.439958,-0.90084
-0.258079,0.077526,-0.622507,0.276416,0.295322,-0.574395,0.28114,0.429808,0.108557,-0.23231,-0.40037,0.689962,0.299557,-0.403887,-1.0
0.544111,0.876168,0.557292,-0.70354,-0.918041,0.521576,0.125531,0.314643,-0.120691,0.069333,0.864263,0.142066,-0.402603,-0.067981,-0.989958
0.593091,-0.632349,-0.853162,0.316259,-0.681141,0.551763,0.964295,0.7587,-0.631241,0.545851,0.067404,0.091333,-0.378358,0.253412,-1.0
-0.179526,-0.742409,-0.298965,-0.115246,-0.061754,0.221727,0.423318,0.544035,-0.192033,0.32421,-0.080852,-0.618556,0.059788,0.511364,-1.0
-0.934672,0.045196,-0.53162,0.684226,-0.832725,-0.768922,0.175398,0.255339,-0.024262,-0.096123,-0.044203,0.838618,0.064992,-0.440618,-0.980513
-0.588964,-0.092025,-0.096053,0.628777,0.27421,-0.642122,0.667248,0.066871,0.246783,-0.505638,-0.271181,0.231773,0.427976,-0.325107,-1.0
0.197976,0.463685,0.370312,0.233681,0.939343,-0.570588,0.678156,0.777548,0.482926,-0.270346,-0.103422,0.245383,0.290869,-0.294742,-0.940891
-0.21275,0.97845,-0.618717,-0.151979,-0.395177,0.488426,0.558508,0.131639,-0.318747,0.402121,0.080926,0.336136,-0.195967,-0.498885,-1.0
0.784695,0.431617,-0.479114,-0.058528,-0.089151,-0.53874,0.054057,0.416817,0.051125,-0.065747,0.583955,0.734062,-0.303511,-0.348078,-0.963944
0.794779,-0.426287,-0.746678,0.522956,0.839863,-0.103069,0.915117,0.119367,0.649787,0.027611,0.014115,-0.110407,0.058806,0.48775,-1.0
0.37966,0.050038,0.127023,0.84608,-0.97137,-0.439339,0.660065,0.043668,-0.486342,-0.273254,0.346426,0.064494,-0.450647,-0.123455,-0.926343
-0.826027,-0.684897,0.046711,-0.427468,0.855552,-0.636968,0.374864,0.168634,0.211503,-0.187862,-0.693741,0.037143,0.428367,0.071406,-1.0
0.060406,0.552779,-0.028516,-0.281634,0.773381,-0.847878,0.763142,0.315325,0.408982,-0.435967,-0.169875,0.141125,0.249963,-0.442205,-1.0
0.044047,-0.471654,0.812708,-0.478791,0.366882,0.350733,0.718269,0.435631,0.382599,0.355709,-0.132457,-0.348408,0.158832,0.505041,-0.899706
-0.835913,0.247214,-0.511912,-0.378295,-0.183492,0.909431,0.941637,0.312769,-0.11824,0.748607,0.027766,-0.102815,0.32746,0.396715,-1.0
-0.794992,0.64392,0.488544,0.969335,-0.458693,-0.336669,0.495995,0.125723,-0.368431,-0.258458,-0.148308,0.451043,0.242275,-0.55591,-0.987541
-0.019921,-0.447382,-0.766615,-0.654868,-0.974882,0.143658,0.332978,0.048507,-0.282275,0.010074,0.547706,-0.310719,-0.531212,0.247529,-0.982164
-0.932188,-0.770759,0.367857,-0.756345,-0.814443,0.205776,0.274455,0.082295,-0.258116,0.049126,-0.090886,-0.674833,0.082946,0.494096,-1.0
0.509158,-0.506827,0.855706,-0.184752,-0.56085,0.707364,0.547169,0.870267,-0.24195,0.324191,0.302582,-0.306539,-0.294203,0.441673,-0.974287
0.565895,0.504932,0.158165,-0.003815,0.324695,0.786949,0.591409,0.594212,0.198934,0.409679,0.264278,-0.336805,-0.357118,0.376295,-0.978647
-0.333181,0.713298,-0.811475,0.737764,-0.76746,0.500943,0.377802,0.235033,-0.269009,0.132121,0.551581,0.2724,-0.409377,-0.283104,-0.977729
0.737869,-0.650526,0.018851,-0.492842,-0.050687,0.257571,0.301136,0.580839,-0.019462,0.181807,0.449779,-0.55365,-0.355833,0.389132,-1.0
-0.174849,0.700555,-0.6167,-0.461352,0.0051,0.330678,0.571902,0.453191,-0.004022,0.376409,-0.227193,0.340154,0.22155,-0.476315,-1.0
0.316258,-0.319033,0.367848,0.978043,0.698405,0.33616,0.021116,0.4674,-0.036205,-0.033272,-0.469662,-0.864091,0.311037,0.383965,-1.0
-0.271409,-0.036438,0.291567,-0.440329,0.420827,0.816149,0.896357,0.459872,0.364034,0.642119,0.047049,-0.042261,0.277434,0.416392,-0.928518
-0.485089,-0.184571,-0.255919,-0.17239,0.863969,-0.700308,0.228983,0.603388,0.201482,-0.195014,-0.684803,0.324998,0.412121,-0.220628,-0.943593
0.143698,0.426348,0.675469,-0.034953,0.717694,0.718944,0.126187,0.171876,0.098944,0.074018,-0.745196,-0.346212,0.491585,0.268302,-1.0
-0.842228,0.578234,-0.468434,-0.395365,0.820181,0.878078,0.523483,0.247242,0.358965,0.341602,-0.471122,-0.110878,0.505267,0.151647,-0.922785
-0.765851,-0.416263,-0.461157,0.70382,-0.825783,0.583398,0.096321,0.024966,-0.054051,0.068587,0.021523,-0.898993,-0.007462,0.475934,-1.0
0.257323,-0.668228,0.99934,0.526541,0.515243,-0.4721,0.547787,0.298718,0.206397,-0.355408,-0.448831,-0.31832,0.480609,0.399345,-1.0
-0.211999,-0.618939,-0.786606,0.913161,0.620519,-0.564956,0.548915,0.789915,0.340697,-0.304685,-0.351192,0.085724,0.509029,-0.000896,-1.0
-0.200794,0.137764,0.290972,0.911194,0.154839,-0.538994,0.329144,0.463197,0.01804,-0.276982,-0.288509,0.608606,0.254247,-0.447013,-0.989472
0.418247,-0.349547,0.516152,0.899,0.786068,0.446961,0.742593,0.881731,0.538877,0.242715,-0.183073,-0.330395,0.235491,0.338779,-1.0
0.209501,0.856218,-0.477154,-0.163413,0.490776,0.964998,0.903163,0.022937,0.359843,0.607376,-0.091946,-0.07867,0.464074,0.227031,-0.976337
-0.408303,-0.183875,0.37749,-0.227724,-0.921466,0.700514,0.010171,0.963732,-0.044556,0.041517,0.48893,-0.909402,-0.293193,0.433019,-0.984436
0.519462,0.044041,0.83602,0.33303,0.97716,0.986601,0.064071,0.441689,0.066835,0.027829,-0.391913,-0.926029,0.174199,0.455057,-1.0
0.911459,-0.345906,0.855498,0.251103,0.449007,0.522618,0.779476,0.413625,0.406165,0.517089,0.163025,-0.160458,-0.196894,0.444391,-1.0
-0.518235,-0.608896,-0.457076,0.483825,0.330461,0.724774,0.419529,0.217694,0.135911,0.298692,-0.280924,-0.511339,0.249376,0.467155,-1.0
-0.807337,0.20691,0.054674,0.736493,-0.98994,0.957649,0.18376,0.133802,-0.18148,0.169833,0.086737,-0.905692,-0.093971,0.390527,-1.0
-0.374682,0.388195,0.971936,-0.781569,0.884865,0.255423,0.958995,0.392483,0.731143,0.241781,-0.022524,-0.007981,0.564847,-0.037912,-1.0
-0.541964,0.520204,0.22213,0.672141,-0.903874,-0.129007,0.986196,0.500952,-0.791216,-0.161018,0.056217,-0.080742,-0.270679,-0.441599,-1.0
-0.117973,0.229113,0.349567,0.731551,-0.209725,0.216398,0.833241,0.048716,-0.497168,0.511942,0.185158,0.089671,-0.442271,-0.102132,-1.0
-0.158422,0.618625,-0.48751,0.802492,-0.179096,-0.88938,0.616094,0.967028,0.001885,-0.465263,0.085446,0.349462,-0.05663,-0.515176,-0.972867
0.278569,-0.631989,-0.800965,0.391831,0.046866,0.974923,0.313762,0.371292,-0.02613,0.310199,0.175359,-0.700561,0.047326,0.493124,-0.961875
0.425718,-0.610979,-0.857732,-0.280867,-0.704668,-0.327954,0.554529,0.315349,-0.477438,-0.205753,0.378628,-0.212578,-0.529259,0.150202,-1.0
0.409187,0.957957,-0.146851,-0.92346,-0.817085,0.062187,0.679659,0.650363,-0.511465,0.05524,0.266532,0.220253,-0.45709,-0.272836,-0.990827
0.780391,-0.247063,-0.246288,0.760362,0.442793,0.020037,0.315135,0.45477,0.343518,0.06505,0.497178,-0.413057,-0.265759,0.270108,-0.964759
-0.300001,0.7569,0.964258,-0.090257,-0.719545,0.272256,0.873064,0.628841,-0.726786,0.171148,0.076832,-0.017315,-0.247101,-0.392832,-1.0
-0.668507,0.804927,-0.559023,-0.256774,0.444328,0.966836,0.664293,0.408041,0.161826,0.438286,-0.407779,-0.041624,0.4967,0.071693,-0.897387
-0.294996,-0.454148,-0.156072,-0.550412,-0.381566,0.402273,0.208936,0.047007,-0.12091,0.154007,0.10721,-0.766164,-0.033914,0.516658,-1.0
-0.507988,-0.741064,-0.610804,0.621242,0.355582,0.605586,0.651672,0.147996,0.362584,0.449149,-0.163669,-0.430886,0.180259,0.425834,-0.959891
-0.007408,0.85287,0.373556,0.130997,0.42039,-0.502031,0.38789,0.827206,0.249057,-0.273807,-0.159943,0.61728,0.149404,-0.496641,-1.0
-0.039545,-0.978809,0.535502,-0.128335,-0.344386,-0.709549,0.910774,0.427416,-0.287561,-0.624069,0.088829,-0.05461,-0.399872,0.409901,-1.0
0.579553,0.631393,0.540016,0.12459,0.758298,-0.247335,0.85051,0.036145,0.681438,-0.120526,-0.080046,0.150416,0.122602,-0.55286,-1.0
0.451636,-0.574015,-0.359746,-0.292113,-0.49065,0.103071,0.067453,0.094213,0.046257,0.022756,0.767446,-0.524089,-0.324694,0.224271,-1.0
0.72445,-0.211982,0.300773,-0.995718,-0.469125,-0.359736,0.105743,0.247147,-0.090223,-0.049289,0.877574,0.072197,-0.47902,-0.081767,-1.0
0.580927,0.635843,-0.638681,0.701273,-0.120252,-0.913139,0.352882,0.793945,-0.056887,-0.251573,0.211278,0.611286,-0.125629,-0.437701,-0.930097
0.049594,-0.11352,-0.045027,0.682796,-0.299947,-0.019972,0.624304,0.206413,-0.389697,-0.096826,0.476332,-0.095607,-0.497992,0.076985,-1.0
-0.748182,0.672049,-0.349004,-0.408492,0.95507,-0.12684,0.979864,0.366422,0.818864,-0.144214,-0.040604,0.01051,0.468504,-0.207957,-0.999076
-0.261059,-0.324821,-0.578842,0.594326,0.118662,0.067414,0.390998,0.785432,0.276529,0.162371,-0.456065,-0.438556,0.246921,0.350568,-1.0
-0.299194,-0.863045,0.31276,0.75749,-0.82854,-0.986014,0.14514,0.322641,-0.015675,-0.149743,0.85227,0.165281,-0.544001,-0.115477,-0.961059
-0.830168,-0.070806,0.675407,-0.35102,-0.678911,-0.811393,0.840469,0.075812,-0.435055,-0.475763,-0.154466,0.133322,0.079056,-0.499395,-1.0
0.406376,-0.06923,0.40344,-0.530278,0.521509,-0.248489,0.477498,0.718548,0.285832,-0.20472,-0.286882,0.453784,0.180776,-0.409728,-1.0
-0.513839,0.624933,0.431505,-0.622619,-0.247373,0.164709,0.88296,0.391032,-0.551035,0.345415,-0.118422,0.070424,0.264563,-0.470804,-1.0
0.429902,0.141644,-0.228472,0.009637,-0.048581,0.428044,0.379071,0.913472,-0.025878,0.358362,0.586945,-0.266307,-0.328251,0.252226,-0.887226
-0.309956,0.074328,0.223286,-0.933654,0.274298,0.256382,0.980894,0.673435,0.593948,0.56996,-0.038127,-0.096911,0.471253,0.163973,-0.992135
0.8627,0.049548,0.503223,-0.074795,0.535752,-0.420033,0.266501,0.412153,0.09293,-0.220402,0.524218,0.602134,-0.266942,-0.390751,-1.0
0.088039,0.999536,0.761534,-0.49941,0.026967,0.327703,0.672873,0.94023,0.082297,0.475681,-0.006193,0.212486,-0.140828,-0.479176,-0.920026
-0.529093,0.5709,-0.660633,0.783118,0.346564,0.192367,0.55391,0.341805,0.410467,0.230824,-0.424882,0.139899,0.470636,-0.175131,-1.0
-0.003565,-0.530234,0.867675,-0.850847,0.233534,-0.427363,0.527729,0.881732,0.160948,-0.347096,-0.434767,-0.176876,0.47539,0.236462,-1.0
0.842454,-0.282381,-0.527975,0.204028,-0.704662,0.640665,0.924295,0.255515,-0.529824,0.45113,0.007183,-0.027747,-0.455651,0.210343,-1.0
0.631855,0.892148,-0.456018,-0.728967,0.957035,-0.852028,0.642464,0.705553,0.2956,-0.358129,-0.028763,0.324151,0.190506,-0.555491,-1.0
0.193209,-0.643007,-0.295261,-0.775066,0.120283,-0.446934,0.570866,0.899967,0.136582,-0.50608,0.230257,-0.482108,-0.148336,0.344328,-0.914491
0.130552,-0.29027,0.723675,0.801953,0.207226,-0.163576,0.417629,0.868176,0.287386,-0.255266,-0.282116,-0.470346,0.220542,0.343518,-0.949064
0.312255,-0.642004,0.263104,-0.565389,-0.006636,0.678755,0.610632,0.856615,-0.012622,0.582404,0.120772,-0.386292,-0.098844,0.479269,-1.0
0.196494,0.011543,-0.586344,-0.520057,-0.537915,-0.276534,0.504667,0.748619,-0.390383,-0.149133,0.41708,0.15368,-0.495888,-0.231651,-0.985781
0.996156,0.997917,0.460892,0.740742,-0.483861,0.800876,0.799952,0.739654,-0.267657,0.639656,0.151602,-0.058316,-0.518201,-0.023328,-1.0
0.191003,0.609814,0.895167,-0.20869,0.04055,0.89635,0.922765,0.350512,0.050435,0.782939,0.062538,-0.022331,-0.187344,0.435419,-0.979301
-0.70024,-0.360902,-0.44255,0.149964,0.263505,-0.396327,0.383509,0.407994,0.151847,-0.227681,-0.591367,-0.025143,0.399102,0.064005,-1.0
-0.64311,0.713066,-0.159608,-0.138835,0.356547,-0.690508,0.535974,0.970212,0.159887,-0.333108,-0.159052,0.428982,0.290111,-0.34072,-1.0
-0.44974,0.301925,-0.075698,-0.144628,-0.897813,-0.559588,0.495761,0.241096,-0.368287,-0.298283,0.152512,0.399263,-0.271757,-0.471871,-0.982534
0.707533,0.044339,0.294272,-0.435974,-0.707217,-0.629334,0.579302,0.032965,-0.283906,-0.283645,0.374462,0.136454,-0.396793,-0.178733,-0.951867
-0.997803,0.385906,-0.002707,0.461774,-0.630457,-0.510754,0.591225,0.376563,-0.395519,-0.248804,-0.175431,0.326798,0.127098,-0.341619,-1.0
-0.075126,0.19366,0.761888,0.049837,-0.572885,0.592088,0.604587,0.353269,-0.335418,0.385419,0.293706,-0.206961,-0.421895,0.307893,-0.994079
-0.61768,0.738858,0.744285,-0.489737,-0.356896,0.296784,0.325877,0.069483,-0.163915,0.068055,-0.402034,0.618661,0.246601,-0.388245,-1.0
0.21407,0.962847,-0.605428,-0.17653,-0.833432,-0.677656,0.83011,0.787256,-0.536246,-0.453655,0.105398,0.142641,-0.258388,-0.497462,-0.992989
-0.523071,-0.648242,-0.728466,-0.063872,0.392261,0.158008,0.329004,0.128335,0.193203,0.055121,-0.559511,-0.384664,0.422943,0.324662,-1.0
0.370408,-0.628023,0.019291,-0.611218,-0.102494,-0.066275,0.578187,0.777755,-0.409108,-0.232298,0.286106,-0.386442,-0.415234,0.384543,-0.861238
0.125262,0.292916,-0.418033,-0.91426,0.139644,-0.782586,0.803625,0.218985,0.250244,-0.722707,-0.045796,0.14066,0.026348,-0.572581,-1.0
0.169832,0.495693,-0.170398,-0.571363,-0.64535,-0.911755,0.85897,0.133282,-0.324547,-0.487834,0.092804,0.108073,-0.269623,-0.414058,-0.932298
0.836342,-0.308491,0.228198,-0.815627,-0.181768,0.822765,0.213405,0.377654,0.000638,0.101025,0.499081,-0.574581,-0.283551,0.466827,-0.954133
-0.362316,-0.731431,-0.324672,0.200148,0.061869,-0.165885,0.065794,0.126977,0.021112,-0.035801,-0.64465,-0.744852,0.326084,0.361466,-1.0
-0.584034,0.927368,-0.747941,0.667126,0.542342,-0.08154,0.063057,0.766011,0.078705,0.041043,-0.758832,0.612527,0.365881,-0.30933,-1.0
0.312419,-0.942631,0.937638,-0.60008,-0.943546,0.258151,0.988805,0.506118,-0.821664,0.177289,-0.034875,0.072544,-0.356251,0.325734,-1.0
-0.232643,-0.246659,0.300221,0.451105,-0.928982,-0.90966,0.628384,0.222128,-0.325566,-0.367401,0.265623,0.309961,-0.367368,-0.28682,-1.0
-0.572833,0.149903,0.585899,0.002254,-0.828889,-0.988612,0.985196,0.483884,-0.471851,-0.616367,-0.017049,0.015741,-0.116886,-0.41469,-1.0
0.340089,0.901619,0.178673,0.120459,0.161429,-0.626072,0.360356,0.686251,0.059399,-0.33904,0.155045,0.617683,-0.111167,-0.473821,-1.0
0.821189,0.958372,0.789316,-0.092225,-0.078997,0.721413,0.387857,0.23368,-0.111051,0.25536,0.603072,0.181682,-0.417271,-0.10112,-0.940115
-0.387797,-0.465806,-0.577275,-0.141952,-0.177595,-0.508187,0.657485,0.015846,-0.151622,-0.473476,-0.322932,0.012644,0.425942,-0.185679,-1.0
-0.174602,-0.529457,-0.051741,0.856442,-0.126466,-0.433214,0.374006,0.139772,-0.098142,-0.217602,-0.229783,-0.614901,0.191506,0.427014,-0.927811
0.964344,-0.983952,0.635038,-0.7006,-0.579372,-0.633913,0.116834,0.495769,-0.040404,-0.137768,0.864409,-0.328703,-0.538157,0.176764,-1.0
-0.871558,0.064046,0.43732,-0.2715,-0.775427,0.703795,0.338057,0.220307,-0.095795,0.145583,-0.143732,-0.66466,0.04205,0.472018,-1.0
0.377043,0.754486,0.153905,0.104059,-0.492513,-0.636164,0.623487,0.103484,-0.298185,-0.425054,0.240737,0.228878,-0.292261,-0.44633,-1.0
-0.541624,-0.460937,0.641399,-0.401647,0.956088,0.18777,0.553276,0.350903,0.399221,-0.001639,-0.44415,-0.074984,0.533408,0.23234,-0.964047
0.883613,0.1527,-0.650167,-0.944781,0.383634,0.444067,0.409445,0.41006,0.220305,0.246038,0.573441,-0.248211,-0.432875,0.19894,-1.0
0.844939,-0.869261,-0.432967,0.587508,0.656751,0.960538,0.341282,0.913869,0.218431,0.302255,0.013289,-0.653862,-0.046633,0.636942,-1.0
-0.483043,-0.894436,-0.828813,-0.403411,0.115193,-0.131163,0.340816,0.279573,0.199345,-0.190489,-0.370832,-0.50786,0.262102,0.332978,-0.947244
0.812518,-0.902594,0.497143,-0.654039,-0.075771,0.305585,0.67537,0.613458,-0.129996,0.484334,0.180051,-0.199102,-0.28021,0.413352,-1.0
-0.005666,0.067551,-0.019089,0.872166,-0.358843,0.09794,0.959908,0.867066,-0.736809,0.129129,0.012053,0.00335,-0.502028,0.038585,-1.0
-0.126487,-0.517617,-0.530588,0.751105,0.356078,0.242315,0.066689,0.617048,0.045881,0.025402,-0.579702,-0.852097,0.251402,0.455449,-0.986768
-0.090989,0.357435,-0.16818,-0.492186,-0.411844,-0.154668,0.738967,0.011215,-0.539828,-0.235582,0.223906,0.203071,-0.280488,-0.444073,-1.0
0.834268,0.592825,0.680728,-0.878909,0.249235,0.615092,0.830509,0.508961,0.238656,0.676939,0.185707,-0.113511,-0.565402,-0.03301,-1.0
-0.706127,-0.606151,-0.985045,0.200157,0.717253,0.26551,0.624141,0.95299,0.49301,0.138875,-0.346775,-0.248698,0.496833,0.241676,-0.936773
0.603037,-0.978035,0.700808,-0.592202,0.993388,-0.937836,0.321018,0.868689,0.242953,-0.151003,-0.677959,-0.035928,0.493706,0.047796,-0.997913
-0.014313,-0.854104,0.397615,-0.684748,0.732311,0.20091,0.321033,0.350994,0.275859,-0.007393,-0.413233,-0.54462,0.258938,0.317986,-1.0
-0.286958,-0.820992,0.415498,-0.768395,0.626103,-0.113565,0.057146,0.448871,0.055606,0.032087,-0.711938,-0.529823,0.367121,0.249356,-0.981693
-0.823373,0.713757,0.534392,-0.273773,0.204424,0.030083,0.43514,0.647734,0.40518,0.036267,-0.40203,0.340745,0.49131,-0.295926,-1.0
0.901932,0.559357,-0.309342,0.026406,0.195723,-0.100312,0.924508,0.791222,0.708034,-0.39323,0.115381,0.079254,-0.314225,-0.36796,-0.99942
0.080029,-0.814776,-0.889857,0.312624,-0.301985,-0.262839,0.261515,0.938616,-0.057874,-0.074075,0.485958,-0.586434,-0.357076,0.378809,-0.909058
-0.662158,-0.680056,-0.756191,0.938495,0.210607,0.47446,0.024071,0.320762,0.005161,-0.060045,-0.576592,-0.845349,0.321959,0.38046,-1.0
0.104454,-0.708671,-0.791649,-0.304664,-0.658281,-0.075888,0.468886,0.606356,-0.38447,0.009316,0.486072,-0.354051,-0.362178,0.235029,-1.0
0.430104,0.126175,0.342449,-0.561501,-0.019362,-0.121009,0.100667,0.310112,-0.122251,-0.06818,0.797208,0.51607,-0.399823,-0.319419,-0.973934
-0.282824,0.568308,-0.308542,-0.187741,-0.357937,0.445872,0.084048,0.858428,-0.013658,0.0259,0.50289,0.850191,-0.315072,-0.43844,-0.983768
-0.637045,0.417256,-0.318848,-0.247254,0.94936,0.911473,0.614603,0.526738,0.360315,0.497281,-0.326997,-0.115499,0.448449,0.144218,-1.0
0.32777,-0.848692,0.312679,0.62094,0.232089,-0.45844,0.450645,0.948946,0.115385,-0.400825,0.122012,-0.551811,-0.11271,0.557021,-0.969283
0.037163,0.839529,0.529285,-0.758607,-0.836032,-0.867025,0.261072,0.336416,-0.121388,-0.153344,0.352122,0.611978,-0.259049,-0.515388,-1.0
-0.094233,0.322965,0.006076,0.136523,-0.782955,-0.367496,0.317485,0.095204,-0.219907,-0.11106,0.565482,0.501931,-0.281286,-0.309934,-1.0
0.801728,0.349659,0.690112,0.027365,-0.261306,0.698551,0.830913,0.889133,-0.254922,0.628983,0.188131,-0.092587,-0.383947,0.199051,-0.929237
0.345194,-0.851679,0.347867,-0.67721,-0.16373,-0.289283,0.063358,0.07488,0.024718,-0.106203,0.637902,-0.666237,-0.414888,0.355567,-0.951225
-0.863732,0.043284,-0.405182,0.686672,0.757543,0.97281,0.915926,0.74438,0.439844,0.624109,-0.044445,-0.068705,0.511626,0.17064,-0.988573
0.061709,0.481032,-0.208582,-0.85166,0.224834,-0.864434,0.67491,0.92823,0.090675,-0.517237,-0.069117,0.337045,0.08269,-0.507792,-0.93401
0.082682,-0.629378,-0.552806,0.265056,-0.72045,0.914422,0.13635,0.033181,-0.057256,0.121293,0.377815,-0.815993,-0.263567,0.383917,-1.0
0.105151,0.464633,0.627158,0.987854,-0.225084,-0.072761,0.036622,0.943732,0.066452,-0.011108,0.541122,0.802098,-0.28478,-0.453815,-0.930963
0.436291,0.892449,-0.324379,0.08506,-0.673878,0.469093,0.631188,0.5975,-0.466144,0.350875,0.223675,0.13282,-0.54123,-0.217943,-1.0
0.35878,0.072779,0.954327,0.663029,0.357697,-0.968866,0.460059,0.334875,0.144928,-0.336876,-0.02764,0.500231,0.032408,-0.400539,-1.0
0.929178,-0.31886,0.449498,0.323035,0.487116,-0.647071,0.599415,0.17854,0.297613,-0.426641,0.34897,0.185857,-0.41119,-0.225647,-1.0
0.212386,-0.9802,0.431097,-0.242875,0.414849,0.089143,0.412384,0.291571,0.269668,0.002278,-0.179424,-0.530384,0.141953,0.521638,-0.95466
0.291298,-0.769275,0.427109,0.386505,0.749537,-0.741289,0.451073,0.596736,0.258921,-0.335544,-0.561083,-0.103769,0.478524,0.001833,-1.0
-0.924143,0.506291,0.290843,-0.227376,-0.246944,0.799323,0.981618,0.432777,-0.251275,0.711594,0.077447,-0.053822,0.421986,0.267429,-1.0
0.358712,0.654868,0.173381,-0.962613,0.25675,0.008386,0.333765,0.42049,0.255759,-0.017467,0.135473,0.718075,-0.012424,-0.53529,-0.962001
0.670781,0.787396,0.086935,-0.033287,0.614827,-0.36814,0.264019,0.137953,0.167835,-0.098965,0.030016,0.778647,-0.015628,-0.514748,-0.973504
0.446778,0.67761,-0.665855,0.867204,0.636853,0.680907,0.353122,0.92882,0.198974,0.159015,-0.686727,-0.060537,0.465743,0.016163,-0.969638
0.507981,0.949805,-0.678406,0.059918,-0.384751,0.337613,0.299129,0.389466,-0.191763,0.131279,0.544459,0.338601,-0.452055,-0.319782,-1.0
-0.421735,0.827823,0.82589,-0.807021,0.383437,-0.552568,0.584043,0.132466,0.27859,-0.391857,-0.25377,0.349857,0.302801,-0.41047,-1.0
-0.808297,-0.429208,-0.210415,0.800953,0.258743,0.748876,0.181749,0.515754,0.025056,0.102243,-0.461989,-0.639309,0.314875,0.382536,-1.0
0.653808,-0.625086,-0.873845,0.104055,0.345882,0.08886,0.517218,0.04895,0.382385,0.073236,0.233349,-0.445884,-0.258146,0.500636,-1.0
-0.352508,-0.175599,0.970201,0.282207,0.750921,-0.481587,0.88456,0.556419,0.551434,-0.405039,-0.120954,-0.045841,0.429858,-0.176937,-0.965477
0.925125,-0.953446,-0.872437,-0.670635,-0.897311,-0.734073,0.241342,0.938155,-0.137998,-0.142261,0.731858,-0.057393,-0.502994,0.061651,-1.0
-0.381834,0.854816,0.353693,-0.896609,-0.691508,0.2332,0.215025,0.06988,-0.126118,0.161768,0.365172,0.647088,-0.174047,-0.478255,-1.0
0.639637,-0.951613,0.79938,0.663506,0.313073,0.321293,0.070593,0.545635,-0.062984,0.034329,0.298027,-0.94825,-0.095673,0.601074,-0.95612
-0.276723,0.607459,-0.777461,0.126143,0.939934,0.086102,0.70072,0.161662,0.58,0.076978,-0.261309,0.005749,0.462692,-0.240097,-1.0
0.622107,-0.096256,-0.703564,-0.550602,-0.900379,-0.4543,0.021992,0.301539,0.080919,-0.029456,0.863703,0.22724,-0.494899,-0.132534,-0.999783
-0.187629,-0.045286,0.369739,0.216433,-0.177794,-0.60209,0.087496,0.742861,-0.024297,-0.17494,-0.059651,0.944436,-0.046963,-0.595295,-0.944741
-0.669072,-0.405262,0.471128,-0.794782,-0.909571,-0.996277,0.339288,0.840083,-0.273522,-0.266549,0.28185,0.628928,-0.091007,-0.490886,-0.972727
0.493934,0.918445,0.225207,0.896379,0.405753,-0.654985,0.139366,0.806304,0.078153,-0.130512,-0.01851,0.815373,0.037714,-0.476226,-1.0
0.478891,0.238163,0.25778,0.424382,-0.83958,-0.394985,0.385293,0.544173,-0.286197,-0.126088,0.579862,0.259221,-0.407396,-0.232513,-0.934921
-0.452264,-0.628955,-0.363396,0.722805,-0.156161,-0.111918,0.429108,0.542779,-0.241934,-0.109593,-0.264555,-0.524214,0.257653,0.391491,-1.0
0.420052,0.170171,-0.269859,0.929117,0.281019,-0.771171,0.674513,0.868306,0.238438,-0.632388,-0.031273,0.240514,-0.093768,-0.482237,-1.0
0.489106,-0.667254,0.014445,0.884181,-0.847768,0.42431,0.245095,0.898529,-0.167242,0.122869,0.642172,-0.428723,-0.409951,0.293947,-0.974311
-0.935737,-0.249784,0.552985,0.935995,-0.659965,0.289739,0.083886,0.64667,-0.119517,0.072446,-0.344388,-0.772009,0.172526,0.404499,-0.945386
0.937987,-0.229267,0.019309,0.514933,-0.261372,0.249957,0.647901,0.765859,-0.315427,0.351047,0.335023,-0.16518,-0.575069,0.13156,-1.0
0.861594,0.561446,0.136579,0.388158,-0.847985,0.676431,0.051783,0.19768,-0.116916,0.052875,0.983413,-0.107447,-0.509053,0.096492,-1.0
0.071775,0.021505,0.217388,-0.973731,0.593971,-0.707295,0.586618,0.776064,0.334553,-0.400106,-0.291919,0.379578,0.302255,-0.43422,-0.893051
0.426333,0.626495,-0.185555,-0.112082,0.298441,0.793542,0.057662,0.829881,-0.058553,0.069477,0.532207,-0.694216,-0.254214,0.38098,-1.0
0.400749,0.153035,0.124691,-0.745427,-0.152209,0.094426,0.605332,0.588934,-0.473038,0.281503,0.359686,0.044111,-0.557251,-0.067075,-0.889021
-0.028067,-0.745767,0.564703,-0.275634,-0.650395,0.184869,0.06696,0.075797,-0.044914,0.021546,0.484411,-0.718458,-0.325,0.386474,-1.0
-0.478904,0.676231,0.364562,-0.961044,0.249212,0.863471,0.471483,0.947094,0.17431,0.367868,-0.422552,-0.105021,0.61066,0.12194,-0.984848
0.633926,-0.4979,0.667042,-0.904552,-0.495524,0.160145,0.01095,0.164774,-0.029709,0.064815,0.909284,-0.411865,-0.393303,0.252446,-0.940373
0.299654,-0.409292,-0.446943,0.866859,0.173107,0.038701,0.382689,0.013167,0.326112,0.076612,0.09389,-0.64353,-0.089151,0.552987,-0.95986
-0.880166,0.06873,0.414394,-0.318733,-0.838656,-0.036945,0.826932,0.732444,-0.63401,-0.110835,-0.102876,0.176491,0.188349,-0.415491,-0.977131
0.357547,-0.518255,-0.176889,-0.990383,0.190492,-0.341025,0.240191,0.155361,0.118694,-0.206976,0.505268,-0.530684,-0.355305,0.463862,-1.0
-0.510282,0.770333,0.585302,0.771644,-0.081948,0.005114,0.880037,0.115168,-0.686183,0.010287,-0.099276,0.067029,0.237657,-0.52308,-1.0
0.822155,0.780207,0.798384,-0.075639,-0.736961,-0.26687,0.944671,0.669598,-0.724013,-0.34364,0.124458,0.04644,-0.347142,-0.241349,-1.0
0.013238,0.411961,-0.022823,0.759231,-0.05069,-0.470349,0.106325,0.981203,0.004793,-0.131931,0.04684,0.859504,-0.105911,-0.493029,-1.0
-0.773618,-0.523279,0.196399,-0.377329,-0.766466,-0.031845,0.583923,0.791947,-0.444306,-0.022403,0.011927,-0.426227,-0.000753,0.554575,-0.966084
0.580414,0.081115,-0.072081,-0.678103,0.080387,-0.352281,0.115867,0.305391,0.073699,-0.026878,0.656696,0.616435,-0.383233,-0.352559,-0.936885
-0.39745,0.996644,-0.031639,0.561248,0.66761,0.979266,0.583021,0.079697,0.206163,0.397006,-0.401281,0.072355,0.483642,-0.037978,-1.0
-0.393271,0.097112,0.293394,0.386888,-0.041977,-0.347732,0.496607,0.239596,0.079119,-0.388313,-0.31352,0.470576,0.282379,-0.405042,-0.963292
0.1594,0.560267,0.987454,0.122052,0.864838,-0.51884,0.796673,0.831757,0.423618,-0.241331,-0.103336,0.085915,0.268364,-0.417607,-1.0
-0.452501,0.517378,0.93741,-0.731247,-0.076451,0.242415,0.509679,0.112758,-0.10173,0.341995,-0.326066,0.246339,0.425742,-0.202442,-0.996346
0.423779,0.161887,-0.955396,0.587989,0.565225,-0.269946,0.557331,0.080594,0.357076,-0.162376,-0.098175,0.367229,0.13019,-0.444029,-1.0
0.258042,-0.222059,-0.207731,0.850972,-0.807249,-0.116763,0.534708,0.988155,-0.428786,-0.070124,0.513554,-0.045702,-0.515745,-0.010894,-1.0
-0.213319,0.142256,0.267599,-0.081526,-0.062965,-0.755759,0.652291,0.181661,-0.061371,-0.554839,-0.037529,0.247898,0.102551,-0.441573,-0.995984
-0.156734,0.717852,-0.081266,-0.33395,-0.526546,-0.089369,0.65349,0.674006,-0.54429,-0.117773,0.21684,0.335711,-0.327523,-0.409552,-0.997768
-0.647812,-0.374036,-0.043467,0.730071,0.74316,0.002768,0.098806,0.492696,0.055303,0.019469,-0.911548,-0.319353,0.448254,0.166837,-0.927971
0.881721,-0.558355,-0.150806,0.836023,0.099562,-0.140581,0.512946,0.099819,0.220938,-0.327509,0.420247,-0.232972,-0.423724,0.284109,-0.948539
0.957679,-0.26461,0.778266,0.405652,-0.603052,-0.700005,0.672361,0.741291,-0.397967,-0.364766,0.274944,0.131305,-0.519186,-0.083517,-0.976128
0.909325,-0.882769,-0.348622,0.078352,0.638097,0.371719,0.87531,0.180332,0.590205,0.415455,0.097735,-0.119184,-0.114631,0.55651,-1.0
-0.197942,-0.057511,0.144385,0.912321,0.013968,-0.261989,0.926688,0.570214,0.052384,-0.721065,-0.035241,0.001765,0.379386,-0.284494,-1.0
0.277131,0.481693,-0.057568,-0.926983,-0.312605,0.455543,0.33119,0.696359,-0.152931,0.236485,0.697589,0.013994,-0.501256,-0.0744,-0.88998
-0.811406,0.12521,0.291266,-0.474673,-0.40225,-0.202271,0.200505,0.010845,-0.163794,-0.11772,-0.563903,0.527328,0.385068,-0.208575,-1.0
-0.966418,-0.311279,-0.370725,-0.48705,0.23994,0.528511,0.880615,0.028737,0.312288,0.601635,-0.153423,-0.078768,0.391107,0.247242,-1.0
-0.707502,0.578427,0.162501,-0.242028,0.847089,-0.883684,0.105939,0.537146,0.066382,-0.003977,-0.637006,0.570764,0.349234,-0.316509,-0.98249
0.384383,0.265413,0.74149,-0.706555,0.859044,-0.939572,0.860613,0.976593,0.414368,-0.482041,-0.07285,0.179664,0.237353,-0.375957,-1.0
-0.955884,0.338764,0.071482,0.574849,0.375042,-0.912188,0.154791,0.647643,0.138516,-0.205122,-0.666893,0.561095,0.377061,-0.332423,-1.0
0.786723,-0.344483,0.688865,-0.555266,0.175979,-0.668472,0.152487,0.75318,-0.006053,-0.037884,0.765,0.419589,-0.41926,-0.318121,-0.983842
-0.120751,0.862802,-0.643889,0.07544,0.707862,-0.287188,0.128198,0.044205,0.106192,-0.069331,-0.529242,0.704306,0.292555,-0.392788,-0.976685
0.994446,0.573234,-0.733238,0.346698,0.088803,0.017364,0.431039,0.329609,0.394532,-0.039596,0.535091,0.25735,-0.3778,-0.385977,-0.993503
-0.408167,0.076479,0.4377,-0.415428,-0.695955,-0.226988,0.130294,0.776188,-0.154194,-0.009946,0.585751,0.671482,-0.272481,-0.36102,-1.0
-0.373905,0.153123,-0.793442,0.768977,0.243275,-0.3087,0.21381,0.063902,0.14064,-0.12661,-0.575071,0.448291,0.337661,-0.256506,-1.0
-0.710655,-0.856229,0.454241,0.444211,0.748962,-0.690872,0.784362,0.238299,0.404325,-0.457275,-0.169938,-0.052049,0.572879,0.155494,-1.0
-0.539535,0.296958,-0.564638,0.359122,-0.012489,-0.993093,0.77585,0.982253,0.005634,-0.633739,-0.065844,0.309259,0.130902,-0.445133,-0.965103
0.601371,-0.466976,-0.303714,-0.138498,-0.205224,0.152698,0.790772,0.292195,-0.457565,0.331117,0.216887,-0.170637,-0.365878,0.301154,-0.950008
-0.457877,-0.860282,-0.769188,0.353086,0.813014,-0.672151,0.80852,0.13866,0.530496,-0.432683,-0.109543,-0.07597,0.53996,0.029254,-1.0
0.713281,0.68253,0.38891,-0.492404,-0.653066,0.798178,0.694866,0.553084,-0.412838,0.408064,0.373971,0.035535,-0.506913,-0.053258,-0.956721
0.638369,-0.868929,-0.471818,-0.535922,0.971333,0.842341,0.250838,0.849021,0.176514,0.096013,-0.125161,-0.757974,0.071776,0.459759,-1.0
-0.659209,-0.171888,0.704833,0.5551,-0.283176,-0.028131,0.724128,0.813552,-0.558304,-0.062393,-0.334595,-0.040062,0.382069,0.17792,-1.0
0.996592,-0.047543,-0.796311,-0.851965,0.839148,0.048353,0.03125,0.293631,0.044478,-0.042842,0.77955,-0.562426,-0.417582,0.258991,-0.980518
-0.653379,-0.884054,0.389974,0.142009,-0.561122,0.621284,0.493957,0.276787,-0.367734,0.220453,0.004866,-0.438114,0.169245,0.421433,-1.0
0.520259,0.23264,0.474034,0.073871,0.835264,-0.14439,0.220929,0.873658,0.126279,-0.035294,-0.465523,0.615577,0.252801,-0.404927,-1.0
-0.885163,-0.962667,-0.466409,0.130446,0.530451,0.661498,0.173045,0.648017,0.070802,0.035934,-0.591403,-0.611825,0.263947,0.328569,-1.0
0.076792,-0.129658,0.993456,0.404328,-0.492683,0.667731,0.095768,0.966265,-0.093386,0.1356,0.472564,-0.823621,-0.290795,0.476108,-1.0
0.315369,-0.455918,-0.621494,0.861147,-0.336495,0.83247,0.032149,0.774687,0.033881,-0.090663,0.392794,-0.803027,-0.291862,0.480196,-0.917859
-0.790769,-0.428248,-0.435873,-0.789362,0.77261,-0.821251,0.18539,0.25807,0.069302,-0.092198,-0.737579,0.169747,0.41222,-0.110621,-0.915799
0.558013,0.765208,0.347925,0.234838,-0.42908,-0.867257,0.771794,0.731914,-0.197525,-0.515086,0.141507,0.184981,-0.356708,-0.337774,-0.930344
-0.142624,-0.393435,-0.055429,0.027636,0.913947,-0.239156,0.960176,0.687072,0.71854,-0.21039,-0.138527,0.007808,0.556416,0.095402,-0.956124
-0.847933,0.94786,-0.998555,-0.761715,0.120937,0.973046,0.827101,0.832408,0.07365,0.638577,-0.153959,0.005634,0.508792,0.044011,-0.982884
0.258048,0.500286,-0.598551,-0.327807,0.890631,-0.266521,0.55283,0.419934,0.46012,-0.16265,-0.284102,0.286385,0.299189,-0.353581,-1.0
-0.963201,0.239128,-0.710693,-0.719118,-0.529697,-0.800702,0.137181,0.843642,-0.006905,-0.081814,-0.364015,0.831537,0.200379,-0.5645,-1.0
-0.978708,0.126129,0.567285,-0.497772,0.032292,-0.983441,0.11678,0.174958,0.006378,-0.049345,-0.652016,0.682905,0.248077,-0.318255,-0.936259
-0.084219,0.645182,0.357656,-0.476959,0.594261,-0.461141,0.684895,0.411709,0.458435,-0.352511,-0.165,0.245821,0.25231,-0.4572,-0.945073
0.581555,0.397208,-0.31003,0.115302,0.452031,0.183059,0.867428,0.013345,0.617029,0.253809,0.08959,0.082659,-0.214885,-0.327472,-1.0
-0.799608,-0.959556,-0.922823,-0.919479,-0.035112,-0.940398,0.616263,0.28938,-0.031835,-0.480679,-0.348222,0.071509,0.518479,5.8e-05,-0.965721
0.330719,0.42104,0.875712,0.365995,-0.16756,0.369624,0.673485,0.46408,-0.255967,0.468918,0.349506,0.016956,-0.570329,-0.110178,-1.0
0.034086,-0.181134,-0.73653,0.001245,-0.153844,-0.873731,0.551796,0.180677,-0.103767,-0.411827,0.095864,0.456755,-0.059484,-0.460661,-0.999564
-0.35111,0.051547,-0.279376,-0.213344,0.9584,-0.110736,0.261281,0.291761,0.187206,0.05849,-0.794707,0.116209,0.471337,-0.150018,-1.0
0.231134,-0.729386,-0.838746,0.227732,0.614748,-0.457189,0.292134,0.572884,0.125373,-0.175767,-0.561665,-0.461994,0.415974,0.29271,-1.0
0.211735,-0.992761,-0.012123,0.502142,-0.487577,0.169096,0.204926,0.572558,-0.215008,0.093518,0.411377,-0.742606,-0.285144,0.477238,-0.971989
0.274076,-0.698826,-0.672667,0.911559,0.950443,-0.865326,0.679408,0.496002,0.334752,-0.287725,-0.292929,0.059401,0.475025,-0.04277,-0.957251
-0.913396,0.648834,0.284284,0.995136,-0.003637,0.113519,0.491255,0.82362,-0.061682,0.351922,-0.44345,0.157967,0.344748,-0.265924,-0.985602
-0.310018,-0.86263,0.833541,0.272891,0.972442,0.9339,0.831472,0.257057,0.499083,0.446426,-0.087743,-0.155069,0.212107,0.376509,-1.0
-0.759067,-0.654668,0.453812,-0.86994,-0.649905,-0.233356,0.301626,0.620284,-0.248481,-0.075089,-0.230492,-0.859044,0.137846,0.549234,-1.0
-0.741165,0.22419,-0.242347,-0.035272,-0.145046,0.681423,0.743953,0.066911,-0.108868,0.566595,-0.240785,-0.073521,0.384154,0.320417,-0.951817
0.927401,-0.188534,-0.337836,-0.857868,0.225025,0.851748,0.603357,0.429385,0.111204,0.485894,0.236456,-0.339862,-0.371394,0.473045,-0.967107
0.228457,-0.071783,0.1051,-0.070127,-0.97933,0.605098,0.958713,0.983855,-0.650841,0.333113,-0.037629,-0.048396,-0.462471,0.262982,-1.0
-0.435858,0.220069,0.072811,0.83615,0.972021,0.38198,0.133583,0.512519,0.136208,-0.001148,-0.791825,-0.107123,0.503905,0.065401,-0.991754
-0.225755,-0.690666,-0.257232,0.351156,0.506228,0.222143,0.044872,0.749701,0.020242,0.038797,-0.659456,-0.853935,0.250429,0.366506,-0.966961
0.579649,0.536408,0.819186,-0.382999,-0.953721,0.743772,0.293149,0.498987,-0.183214,0.11996,0.762462,-0.093301,-0.486956,0.182312,-1.0
-0.508127,0.74373,-0.081042,-0.511568,0.175543,-0.865565,0.663914,0.869528,0.051791,-0.471677,-0.096176,0.294537,0.199775,-0.396023,-1.0
0.538952,0.770983,0.144837,0.155125,0.616435,-0.11504,0.539697,0.534433,0.412212,-0.096021,0.017743,0.441694,0.047003,-0.50836,-1.0
0.552102,-0.877242,0.655971,0.009384,0.531809,-0.089226,0.71539,0.422711,0.466303,-0.110226,-0.049871,-0.129417,0.035258,0.569486,-1.0
0.043783,-0.102705,-0.248888,-0.65719,-0.322022,0.054643,0.01228,0.803893,0.050129,-0.035833,0.962378,-0.449912,-0.454997,0.264719,-1.0
0.587169,0.624529,-0.181453,0.663359,0.21815,-0.257477,0.746728,0.966981,0.329295,-0.531341,0.055937,0.208905,-0.231652,-0.519387,-1.0
0.682123,0.65617,-0.266994,-0.560028,-0.956457,0.958856,0.464126,0.834198,-0.209188,0.312216,0.604712,-0.059788,-0.558085,0.123584,-0.949955
0.51875,0.853584,0.167852,0.060239,-0.451759,0.814748,0.51912,0.05312,-0.18088,0.326074,0.483288,0.036335,-0.567093,-0.057587,-1.0
0.595494,-0.080802,-0.147507,0.381044,-0.284268,-0.549056,0.367902,0.728524,-0.19745,-0.20666,0.534311,0.220744,-0.428502,-0.288594,-1.0
-0.049632,-0.008909,0.576391,0.770781,0.546644,0.098735,0.704151,0.978572,0.542999,0.166354,-0.218162,0.044189,0.532563,0.054988,-1.0
0.445727,0.147659,-0.537534,0.333823,0.612992,-0.698139,0.691682,0.746406,0.397893,-0.388881,-0.128661,0.318441,0.14571,-0.525223,-0.977522
0.604671,-0.686175,0.516189,-0.483982,0.175398,-0.521232,0.481272,0.559846,0.106372,-0.341673,0.602673,-0.214053,-0.553646,0.166146,-0.981172
-0.48904,0.079566,0.705635,0.181456,0.739026,-0.865866,0.940672,0.155227,0.53591,-0.522582,-0.072809,0.089628,0.405162,-0.306385,-1.0
0.983272,-0.832293,0.594308,-0.359815,0.453245,0.351557,0.621507,0.169126,0.37829,0.271226,0.171386,-0.319057,-0.285644,0.519691,-1.0
-0.876396,-0.345848,-0.367936,0.18902,-0.537942,-0.086392,0.634421,0.911576,-0.620669,-0.110919,-0.387477,-0.188984,0.397309,0.297139,-1.0
-0.269135,-0.075159,0.207587,0.763337,-0.739225,0.942016,0.979941,0.977775,-0.4634,0.734181,0.01525,-0.004097,-0.299842,0.518566,-0.968461
-0.808558,0.120954,-0.185952,-0.83443,-0.651998,-0.347251,0.389681,0.870987,-0.19683,-0.214946,-0.145247,0.581282,0.161904,-0.480501,-1.0
0.973067,0.33607,-0.131199,0.140253,0.907191,-0.231568,0.027948,0.503821,-0.058474,0.031263,-0.012621,0.927492,-0.044161,-0.560681,-0.925973
0.1182,0.9683,-0.7224,-0.603566,0.86893,0.5733,0.640755,0.585115,0.365294,0.216124,-0.263897,0.19871,0.343093,-0.26472,-1.0
-0.854157,-0.829745,-0.059009,0.134046,-0.384113,-0.703324,0.537635,0.551786,-0.257962,-0.452516,-0.524955,-0.202131,0.458911,0.152206,-1.0
-0.830903,0.953814,-0.681887,0.090164,0.405276,0.238926,0.668151,0.480029,0.519489,0.293825,-0.254399,0.173669,0.398704,-0.194093,-0.955098
-0.015141,0.44126,0.972866,-0.305792,0.458176,0.471241,0.490381,0.822591,0.256916,0.32451,-0.446483,0.018622,0.609273,-0.059431,-0.981873
0.855492,-0.496639,-0.411558,-0.192815,-0.819412,-0.414697,0.617711,0.930657,-0.404326,-0.171154,0.318329,0.035809,-0.49566,0.062533,-0.966869
0.863547,0.028095,0.100757,-0.888602,0.020782,0.363629,0.008929,0.11021,0.019999,-0.084913,0.952892,-0.396547,-0.540676,0.217678,-0.939779
-0.660231,0.173251,-0.553247,0.933632,-0.791868,-0.555825,0.191105,0.615523,-0.079969,-0.068582,0.108394,0.757022,-0.060713,-0.559274,-0.996125
0.145471,-0.484537,-0.137526,0.532362,-0.68012,-0.762823,0.738645,0.937785,-0.476049,-0.368365,0.248745,0.095525,-0.500173,-0.127653,-0.993037
0.127832,0.128408,0.825111,-0.724115,-0.058253,0.637895,0.880207,0.025685,-0.043476,0.726424,0.079688,-0.118732,-0.164328,0.509733,-0.950118
-0.518166,0.396943,-0.874319,-0.724968,0.525713,-0.68907,0.542467,0.048177,0.320478,-0.361264,-0.328311,0.426964,0.295495,-0.316347,-1.0
0.459208,-0.541748,-0.61141,0.201904,-0.726737,0.012649,0.573523,0.420215,-0.441885,0.009405,0.411111,-0.246958,-0.422902,0.182482,-1.0
-0.173359,-0.618736,0.793121,0.484516,0.312906,0.074517,0.606531,0.722117,0.565616,0.074808,-0.232828,-0.31236,0.290367,0.391817,-0.932376
-0.394315,0.315052,-0.824963,0.008961,0.562956,-0.270788,0.534053,0.730894,0.389005,-0.277406,-0.392644,0.211252,0.444186,-0.216843,-0.98389
-0.11255,0.009475,0.699374,0.023372,-0.460103,0.71523,0.339271,0.850976,-0.126065,0.249769,0.284502,-0.643085,-0.171763,0.487385,-1.0
0.559961,0.419061,0.003865,-0.891059,0.271864,-0.644188,0.381274,0.620208,-0.001564,-0.303273,0.191345,0.559652,-0.203554,-0.453471,-0.940077
0.849535,-0.687669,0.034656,0.097185,-0.711693,0.942806,0.158687,0.778993,-0.064074,0.109365,0.519504,-0.572217,-0.289717,0.406797,-0.983722
0.862045,-0.846275,0.137876,-0.558452,0.129128,-0.630499,0.907607,0.93498,0.120802,-0.663517,0.102957,-0.012759,-0.370782,0.141335,-0.975547
0.037368,0.514056,0.042107,0.031533,-0.459073,0.264619,0.05064,0.13784,-0.077599,-0.099371,0.824878,0.438909,-0.405736,-0.230898,-0.973285
0.605543,0.99547,-0.895792,-0.38903,-0.324879,-0.218147,0.3277,0.837882,-0.143801,-0.135469,0.317402,0.553343,-0.358667,-0.459397,-1.0
-0.785785,0.595672,-0.029093,0.525428,0.638594,0.314055,0.289689,0.080647,0.159371,0.130004,-0.71522,0.074589,0.505361,-0.068626,-0.988374
0.784346,-0.607176,-0.710654,0.821304,0.473667,0.111026,0.324036,0.036856,0.157962,-0.008693,0.19211,-0.663737,-0.210098,0.530663,-0.953883
-0.69221,0.894026,0.876953,0.006571,0.130351,0.358754,0.875471,0.071808,0.306994,0.636881,-0.123601,0.066081,0.404042,-0.262695,-1.0
-0.621619,0.595543,0.625544,0.721824,-0.442606,0.33302,0.733835,0.589246,-0.371716,0.392166,-0.140777,0.290523,0.369106,-0.378675,-0.986295
-0.51551,-0.512735,0.797036,-0.147928,0.946796,0.554917,0.735894,0.574133,0.561983,0.319674,-0.229281,-0.201476,0.377241,0.310468,-1.0
0.619169,0.81383,0.909774,-0.232282,-0.786379,-0.705122,0.293008,0.948322,-0.221891,-0.090098,0.522983,0.50292,-0.289887,-0.345261,-0.973678
0.226637,0.038722,0.874737,0.320003,0.998625,0.77727,0.798963,0.5296,0.496949,0.458188,-0.128622,-0.080565,0.418491,0.387639,-1.0
-0.107424,-0.037885,0.002402,0.771384,-0.945744,-0.995687,0.29944,0.718024,-0.250314,-0.216829,0.486859,0.565847,-0.358464,-0.360115,-1.0
0.748673,0.960975,-0.601839,-0.220754,-0.695535,0.367182,0.140206,0.749107,-0.098164,0.029428,0.845269,0.25552,-0.433763,-0.142824,-1.0
0.753938,0.626323,0.067428,-0.362957,-0.14409,0.586253,0.274308,0.947887,-0.044733,0.316508,0.723617,0.093229,-0.526713,0.070953,-0.961046
-0.940005,0.219768,0.311103,-0.52045,0.283328,-0.57549,0.749888,0.529902,0.338647,-0.463161,-0.161132,0.074865,0.377661,-0.209522,-1.0
-0.829961,0.169058,-0.211637,-0.069897,0.42691,0.935756,0.357666,0.57485,0.137587,0.23323,-0.558569,-0.376877,0.488587,0.288628,-0.997727
0.405722,0.33318,-0.145192,-0.543171,-0.240209,-0.845897,0.472449,0.907225,-0.103311,-0.313753,0.336037,0.443622,-0.253056,-0.396847,-0.918676
-0.734484,-0.07566,-0.631134,-0.283259,-0.558238,-0.934877,0.59917,0.511587,-0.241485,-0.400619,-0.082801,0.396731,0.116798,-0.487236,-0.961172
0.560665,0.365177,-0.489452,0.576552,0.320811,0.156204,0.940054,0.601771,0.572184,0.322677,0.037754,-0.05948,-0.269087,-0.350649,-1.0
0.857752,0.003738,0.178797,0.972637,0.117186,-0.322463,0.474321,0.312791,0.140897,-0.273505,0.549563,0.228096,-0.464314,-0.180281,-0.983755
0.557877,0.429659,-0.122032,-0.024367,0.9352,0.112263,0.118751,0.635302,0.067423,0.050837,-0.70538,0.572407,0.392525,-0.357992,-0.964073
-0.419745,-0.093681,-0.422651,0.167104,-0.086862,0.487995,0.795661,0.313477,-0.166122,0.559146,-0.124549,-0.124584,0.250312,0.349367,-1.0
-0.162921,-0.603973,0.609269,0.392542,0.786574,0.512863,0.368497,0.551902,0.311439,0.249634,-0.350573,-0.465082,0.313737,0.495762,-0.982222
-0.844724,0.166318,-0.722894,0.081554,-0.790307,-0.079763,0.000173,0.830076,-0.002638,0.034556,-0.238762,0.928418,0.107783,-0.490904,-1.0
-0.327624,-0.091635,-0.906443,0.441087,0.671753,-0.152574,0.332877,0.303478,0.278505,-0.109402,-0.738985,0.009099,0.537853,-0.018147,-1.0
0.365762,0.626363,-0.979059,-0.803003,0.804726,-0.172321,0.298837,0.749097,0.245082,-0.028203,-0.36351,0.576865,0.229662,-0.417297,-1.0
0.365199,-0.610606,-0.794414,0.560167,-0.693007,-0.231576,0.408519,0.568751,-0.341284,-0.150079,0.564174,-0.218141,-0.495912,0.141363,-0.927689
0.615994,0.109569,-0.735922,-0.655189,0.87244,-0.551037,0.229007,0.431784,0.065784,-0.202111,-0.285019,0.616953,0.18175,-0.494674,-0.946326
-0.844565,-0.098088,-0.536421,0.44185,0.176306,-0.902294,0.069442,0.548851,-0.076372,0.056024,-0.711411,0.64925,0.351252,-0.34141,-1.0
-0.862286,0.226297,-0.692279,-0.409711,0.820099,0.097697,0.763358,0.653129,0.603468,0.077188,-0.179259,0.070178,0.442486,-0.096879,-0.992108
0.301693,-0.126562,-0.577255,-0.169921,0.242578,0.368957,0.579236,0.289082,0.242658,0.45989,0.043405,-0.415378,-0.067566,0.54623,-0.951982
-0.999246,0.745962,-0.512266,0.57518,0.210389,-0.970443,0.328551,0.348387,0.046212,-0.213137,-0.378884,0.534417,0.237369,-0.392039,-0.976665
-0.631622,0.023628,0.583572,-0.515529,-0.947696,-0.418985,0.450962,0.269513,-0.276949,-0.121915,0.399569,0.479892,-0.356787,-0.554194,-0.955146
0.414669,0.16084,-0.494369,0.945978,0.764206,0.320536,0.640356,0.090772,0.56985,0.253117,-0.315946,-0.159319,0.501379,0.166392,-1.0
0.029963,-0.492214,0.024774,-0.608749,-0.008355,0.805355,0.330664,0.427409,0.036158,0.278301,-0.073937,-0.648563,-0.070315,0.453232,-0.958716
-0.006051,0.169244,0.335695,0.854354,-0.280487,0.851343,0.825221,0.726031,-0.281755,0.648232,0.111716,-0.212086,-0.159497,0.409497,-0.983144
0.040987,-0.207322,0.979504,0.163028,-0.398638,-0.074647,0.69299,0.000756,-0.537478,-0.198293,0.304172,-0.035534,-0.430224,0.13764,-0.910449
0.663272,0.833567,-0.051203,-0.040922,-0.742805,0.899069,0.25406,0.563228,-0.201315,0.113034,0.785849,0.011558,-0.434168,0.082164,-1.0
0.229505,-0.397735,-0.161762,0.160692,0.959619,0.608612,0.454806,0.438926,0.250897,0.221804,-0.303341,-0.41138,0.380732,0.389153,-0.988636
-0.360657,-0.614035,0.096736,0.739092,-0.658495,0.964648,0.31939,0.06107,-0.156691,0.15764,0.099575,-0.637299,-0.172079,0.455285,-0.86324
0.569336,0.016832,0.44448,-0.268896,0.871175,0.882753,0.151746,0.597181,0.048292,0.066126,-0.274783,-0.815578,0.124871,0.477297,-0.976267
0.326648,-0.430338,-0.187015,0.62084,-0.404437,0.983316,0.435899,0.394348,-0.144155,0.393832,0.208221,-0.490684,-0.28801,0.403847,-1.0
-0.847265,-0.157416,0.118768,-0.820182,0.667393,0.441536,0.113151,0.1732,0.064039,0.029675,-0.751537,-0.257571,0.497921,0.18944,-1.0
0.385272,-0.197774,0.455131,-0.275107,-0.671484,-0.425609,0.732155,0.01395,-0.479959,-0.250827,0.287111,0.02578,-0.455096,-0.178571,-1.0
0.858159,0.464278,-0.173029,-0.209856,-0.754777,-0.993558,0.972448,0.400446,-0.503603,-0.687145,-0.01649,0.059849,-0.39078,-0.347994,-1.0
-0.271334,-0.940112,0.924723,0.974161,0.812869,0.88413,0.608602,0.015175,0.304919,0.332069,-0.23375,-0.37338,0.301127,0.407274,-1.0
0.239806,-0.546606,-0.994307,-0.885581,0.396787,0.024462,0.875917,0.965035,0.674825,0.103419,-0.04442,-0.114822,0.164567,0.463443,-0.951424
-0.647,-0.029909,-0.935891,-0.209616,0.93234,-0.627796,0.399979,0.436493,0.26888,-0.14431,-0.519256,0.239266,0.487328,-0.17086,-1.0
0.520644,-0.81355,-0.965394,0.438926,-0.953262,-0.769965,0.675701,0.06984,-0.409628,-0.288054,0.401146,-0.038082,-0.560341,0.05883,-0.992884
-0.255651,0.064635,0.414742,0.454815,0.82016,-0.723942,0.171316,0.524797,0.187745,-0.149584,-0.591238,0.58673,0.323385,-0.296982,-0.998363
0.855331,0.140272,0.553627,0.497412,0.998639,-0.598632,0.954207,0.457104,0.647824,-0.4365,-0.106635,0.107037,0.159673,-0.488831,-0.977779
-0.829369,0.154765,0.03766,0.580767,-0.710638,-0.225428,0.803489,0.614684,-0.606904,-0.246754,-0.030672,0.198773,0.165753,-0.509028,-1.0
0.16709,0.387316,0.12026,-0.750962,-0.1604,0.906798,0.271445,0.221893,-0.053644,0.193611,0.413719,-0.677167,-0.258996,0.443883,-1.0
0.79349,0.126624,-0.75865,0.098921,-0.304442,-0.240789,0.238085,0.166742,-0.174663,-0.118648,0.680933,0.26167,-0.571343,-0.218314,-0.96356
0.615377,0.54675,-0.535975,-0.846103,-0.562954,-0.059425,0.225817,0.646641,-0.229536,0.052924,0.740844,0.398135,-0.484719,-0.186758,-1.0
0.221296,-0.685915,-0.921052,-0.344471,0.07522,-0.248074,0.878983,0.025549,0.195838,-0.732114,0.106597,-0.150352,-0.167514,0.549989,-1.0
-0.333084,-0.65634,-0.658768,-0.211783,-0.035668,-0.378307,0.630731,0.319327,-0.060247,-0.526117,-0.27486,-0.305933,0.337287,0.359464,-0.989277
0.107771,0.769233,-0.338018,-0.095538,-0.633692,-0.909027,0.252423,0.083304,-0.110612,-0.245925,0.257582,0.668803,-0.216396,-0.395935,-0.971989
0.493221,0.037343,0.489309,-0.262405,0.22213,-0.557021,0.305147,0.198035,0.175361,-0.209677,0.321123,0.663667,-0.259198,-0.429135,-0.964712
0.704457,0.708107,0.619187,0.019094,0.551704,0.057192,0.490081,0.941618,0.44145,-0.008286,0.181341,0.537095,-0.050129,-0.547129,-1.0
0.049416,0.325601,0.199311,-0.870987,-0.910498,-0.736168,0.334649,0.571136,-0.141129,-0.158055,0.407446,0.430298,-0.323952,-0.231768,-0.900953
-0.835949,-0.968311,0.271316,0.132987,0.911394,-0.90995,0.992017,0.704682,0.487032,-0.611543,-0.035168,0.011733,0.527457,0.009476,-1.0
-0.707065,-0.28106,-0.049303,0.017379,-0.380116,-0.449769,0.018265,0.985104,-0.047557,-0.002579,-0.854374,0.40486,0.451358,-0.212133,-0.964891
0.990536,0.059638,-0.595758,0.625322,0.541665,-0.922611,0.601941,0.106941,0.32963,-0.47124,0.245767,0.412343,-0.257068,-0.480959,-1.0
0.466689,0.344251,-0.694745,-0.1878,0.16263,0.969302,0.127631,0.932212,-0.030634,0.099532,0.37589,-0.76972,-0.178011,0.514059,-0.994513
0.874049,-0.278606,0.431962,-0.640717,0.811217,0.888491,0.291616,0.434029,0.121312,0.191803,0.005806,-0.787718,-0.066691,0.553327,-0.98045
-0.225616,-0.38638,-0.967038,0.729524,0.751201,-0.132681,0.449997,0.395471,0.349936,-0.077281,-0.578493,-0.090741,0.464066,0.146512,-0.927849
-0.296202,0.285799,0.724977,0.542723,0.144883,-0.584801,0.770035,0.796284,0.221335,-0.663423,-0.163698,0.2708,0.217029,-0.38054,-0.987533
-0.753613,0.799597,-0.851308,-0.587341,-0.934561,0.723126,0.654002,0.616526,-0.327162,0.435065,0.310593,0.111226,-0.429282,-0.181551,-1.0
0.308857,0.493923,0.174105,-0.660803,-0.77924,-0.47031,0.851655,0.721607,-0.584706,-0.349226,0.155149,0.071756,-0.325943,-0.357373,-1.0
0.294658,0.765142,0.072712,-0.777458,-0.79289,-0.53079,0.620354,0.174762,-0.402267,-0.376062,0.188311,0.286675,-0.460496,-0.407635,-1.0
-0.457734,-0.589533,-0.355298,0.612603,-0.868135,-0.981891,0.390501,0.704056,-0.277894,-0.269262,0.396774,0.410799,-0.322502,-0.333477,-0.984215
-0.089004,0.899539,0.255485,0.634598,-0.788686,0.860842,0.198296,0.593019,-0.099134,0.103294,0.836566,0.051669,-0.496279,0.007701,-0.930103
-0.69166,-0.238013,0.647086,0.189732,0.044109,0.400521,0.461027,0.837275,0.062032,0.334641,-0.380447,-0.353459,0.379851,0.325774,-0.93437
0.052623,-0.426432,0.269911,-0.208531,-0.529205,-0.187132,0.063256,0.870351,-0.086654,-0.065509,0.81547,-0.423913,-0.448328,0.137623,-1.0
-0.286326,-0.562735,-0.743929,-0.535839,-0.272617,-0.987828,0.177063,0.456008,-0.018828,-0.160193,0.028818,0.889985,0.091241,-0.534841,-1.0
0.954602,0.68325,-0.599508,0.507668,-0.628311,-0.935705,0.932071,0.590476,-0.384209,-0.610631,0.074415,0.065939,-0.26237,-0.301708,-0.963654
-0.070192,-0.351722,0.593016,0.955598,0.842799,0.026601,0.860478,0.947463,0.645558,-0.029218,-0.151995,-0.093558,0.50574,0.256998,-0.915052
0.749236,-0.156912,0.277036,0.045021,0.985707,-0.171002,0.259386,0.224435,0.17727,0.104362,-0.803788,-0.034873,0.516461,-0.025713,-1.0
-0.447109,0.399593,-0.43184,-0.694114,-0.442208,0.786193,0.320588,0.612498,-0.12784,0.23842,-0.052506,-0.6544,0.058233,0.50331,-0.912786
-0.09918,-0.636262,0.462305,0.340182,0.648577,-0.250319,0.921348,0.575418,0.633481,-0.238231,-0.029054,-0.00488,0.36614,0.242741,-0.968839
0.692635,0.461811,0.573336,0.076879,0.183834,0.866961,0.577796,0.673221,0.130831,0.410665,0.294433,-0.326715,-0.324978,0.320995,-0.979468
-0.498123,0.009109,0.454546,0.449626,0.135448,0.322908,0.919023,0.816252,0.295113,0.712238,0.05179,-0.017979,0.461002,0.331633,-1.0
0.060573,-0.040804,-0.018649,-0.907929,0.174171,-0.837282,0.037741,0.03897,-0.052381,-0.000508,-0.097438,1.0,-0.02238,-0.414667,-0.969979
-0.331947,0.414572,-0.752582,0.622945,0.079639,-0.525321,0.025083,0.0465,0.023538,-0.044672,-0.360804,0.950058,0.130219,-0.469057,-1.0
-0.715932,0.757941,-0.754574,0.549083,0.330559,-0.715171,0.347363,0.605848,0.010399,-0.205683,-0.418814,0.576285,0.441761,-0.378143,-0.966321
0.001207,-0.9967,0.99515,0.264349,-0.213341,-0.021561,0.707003,0.260359,-0.56333,-0.044187,0.075724,-0.278018,-0.165174,0.387395,-0.996418
0.329274,0.281283,0.001538,-0.176619,0.152728,-0.023682,0.943729,0.952493,0.731826,-0.085624,0.022953,0.131338,-0.355152,-0.440618,-1.0
-0.818079,0.701012,-0.136645,-0.76677,0.877947,-0.87757,0.137511,0.020445,0.086795,-0.060674,-0.585585,0.648931,0.262436,-0.313794,-0.954036
-0.796305,-0.213016,0.778551,-0.085821,0.388106,-0.430412,0.477978,0.124697,0.23426,-0.288728,-0.520961,0.04637,0.463232,-0.045219,-0.980993
-0.578324,-0.618792,-0.173838,0.609038,0.687874,-0.193014,0.828559,0.870436,0.642062,-0.227879,-0.126763,-0.069202,0.511365,0.166884,-0.932902
-0.729216,0.620803,0.049153,0.107544,-0.531286,-0.574431,0.331554,0.698101,-0.14456,-0.187066,-0.12738,0.699784,0.096524,-0.552966,-0.950518
0.650049,-0.0563,0.378595,0.593085,0.162889,0.162774,0.768644,0.829932,0.464317,0.467982,0.290044,-0.051023,-0.461132,0.131573,-0.951033
-0.623795,-0.698761,0.091375,0.871349,0.596006,0.531547,0.837034,0.270176,0.546488,0.402814,-0.12547,-0.075812,0.306433,0.407585,-0.979954
-0.083899,0.739128,-0.026231,0.346028,0.664527,0.914075,0.618411,0.077225,0.217145,0.386124,-0.342427,-0.046489,0.533407,0.064142,-0.957833
0.171926,0.058504,0.978401,0.985739,-0.507147,0.03786,0.925769,0.618197,-0.675975,0.073516,0.052534,0.031261,-0.431485,-0.009116,-0.972923
0.185288,-0.534512,0.848568,-0.444135,-0.387768,-0.671328,0.451168,0.179596,-0.193705,-0.279731,0.604166,0.151915,-0.518135,-0.07243,-1.0
-0.866113,0.641483,0.68181,0.487615,0.185326,0.987195,0.459518,0.363593,-0.006967,0.388814,-0.471199,-0.202475,0.538142,0.219874,-1.0
-0.269549,0.960117,0.047063,-0.260174,-0.831938,0.675767,0.780369,0.481528,-0.497495,0.418074,0.232556,0.090007,-0.39594,-0.19323,-1.0
0.68417,-0.239132,-0.57535,-0.956316,-0.952646,0.871648,0.120935,0.083963,-0.097013,0.081217,0.706587,-0.348887,-0.415936,0.183289,-0.921673
0.301176,-0.684604,0.15956,-0.853594,-0.174974,-0.064568,0.184492,0.092452,-0.138268,0.009325,0.560252,-0.599301,-0.299329,0.427736,-0.953144
0.505195,-0.766178,0.956233,0.121143,-0.302956,0.782583,0.866152,0.972847,-0.245316,0.73419,0.048347,-0.012438,-0.237395,0.419289,-1.0
-0.596583,0.698313,-0.328402,-0.35084,-0.193212,-0.085418,0.418024,0.62342,-0.251129,-0.197748,-0.316589,0.471076,0.258245,-0.396011,-1.0
-0.091612,-0.530112,0.795363,-0.862438,-0.853415,-0.649456,0.042942,0.935768,-0.061009,-0.027956,0.841921,0.113377,-0.441095,-0.078177,-0.970127
-0.554478,-0.064778,0.496967,-0.438247,-0.283025,0.732659,0.782009,0.372826,-0.248479,0.525867,-0.088686,-0.23431,0.141701,0.494082,-0.932655
0.180972,-0.188562,-0.321686,-0.044391,-0.497972,0.081846,0.793913,0.579015,-0.60435,0.117964,0.134656,-0.082304,-0.539471,0.149933,-1.0
-0.085715,-0.217273,-0.306454,0.199615,-0.185814,-0.955952,0.972073,0.00558,-0.155181,-0.829829,0.014178,0.086609,-0.108816,-0.49397,-0.985115
0.66435,-0.359354,0.010874,0.21551,0.627234,0.983548,0.968051,0.946946,0.403008,0.670675,0.033532,-0.010574,-0.052166,0.470162,-0.931927
0.858398,0.67892,0.215111,0.073025,-0.48186,0.545348,0.215327,0.122937,-0.184914,0.067635,0.801084,0.114374,-0.484483,-0.026103,-0.958227
-0.284343,-0.326745,-0.311446,0.968585,-0.596052,-0.794849,0.650481,0.130996,-0.332953,-0.501263,0.178253,0.302495,-0.415059,-0.424611,-0.912758
0.400654,-0.677362,-0.172934,-0.751853,-0.481002,-0.70321,0.567152,0.395655,-0.238475,-0.42654,0.381367,-0.008998,-0.546133,0.042731,-1.0
-0.779977,-0.624312,0.849964,0.187587,0.947321,-0.914605,0.142377,0.547794,0.083318,-0.127003,-0.845139,0.049841,0.515735,-0.076372,-1.0
0.159913,-0.735921,0.135712,0.544798,-0.25832,-0.815344,0.617322,0.105181,-0.106435,-0.395406,0.351729,0.111393,-0.485709,-0.023213,-0.965183
0.618839,-0.298861,0.181547,-0.511448,0.207603,-0.30039,0.361216,0.304286,0.232833,-0.194643,0.601822,0.037985,-0.488516,0.084729,-0.958068
-0.474519,0.938824,0.732756,0.006442,0.333847,-0.262342,0.90967,0.715339,0.464069,-0.443877,-0.041099,-0.045262,0.293606,-0.341171,-1.0
0.677857,0.252398,-0.306774,-0.491965,0.185764,-0.119708,0.063083,0.230971,-0.066002,-0.072776,0.703721,0.481066,-0.419031,-0.397855,-0.949107
0.494594,-0.058425,-0.321548,-0.398091,0.713439,0.549749,0.239775,0.682296,0.101068,0.135953,-0.287095,-0.752366,0.150642,0.458154,-0.951608
-0.322959,-0.823966,0.359152,-0.168961,-0.964113,0.886744,0.79941,0.283785,-0.437582,0.519063,0.049907,-0.196263,-0.085,0.445545,-0.951211
0.58478,0.659293,-0.202472,-0.565231,-0.943636,-0.819881,0.819236,0.167191,-0.492957,-0.401283,0.081632,0.173017,-0.415355,-0.382533,-0.92057
-0.65707,-0.450177,-0.029927,-0.728527,0.572534,0.359177,0.638605,0.222789,0.342292,0.266578,-0.309826,-0.199194,0.459432,0.300388,-1.0
0.847692,-0.482531,-0.851379,-0.373592,0.896561,-0.777303,0.59883,0.340576,0.367009,-0.254056,-0.172711,0.445557,0.027322,-0.564709,-1.0
0.441937,-0.800299,0.96549,0.400197,0.189516,0.78659,0.254952,0.39187,0.058691,0.223043,0.163659,-0.850534,0.004594,0.539299,-1.0
-0.304808,0.578598,0.012777,0.351053,0.223202,-0.739194,0.736091,0.596506,0.155328,-0.490805,-0.132412,0.32409,0.149841,-0.530262,-1.0
-0.09903,0.349631,0.494479,-0.9698,0.989526,0.621259,0.763986,0.342059,0.573836,0.370114,-0.206817,-0.049075,0.510975,0.089579,-0.935698
0.959915,0.21368,0.207157,-0.750842,-0.864765,0.765313,0.755229,0.62154,-0.440836,0.34726,0.216602,-0.070698,-0.482363,0.092862,-0.946371
-0.82926,0.070871,-0.845477,0.004114,0.297595,-0.315435,0.75524,0.965479,0.417828,-0.417495,-0.343284,0.157943,0.549728,-0.164367,-0.984475
0.266305,0.5501,-0.363013,-0.365878,0.929387,-0.734665,0.946191,0.962178,0.527425,-0.442363,0.034834,0.010035,0.201919,-0.48855,-1.0
-0.026965,-0.716548,-0.699777,-0.043578,-0.691992,-0.994888,0.393459,0.184179,-0.232804,-0.284525,0.536051,0.286826,-0.558892,-0.191581,-0.939071
-0.489769,0.963845,-0.595298,-0.646514,-0.141187,-0.044167,0.130399,0.021796,-0.097274,-0.03438,-0.256842,0.786693,0.109618,-0.540531,-1.0
-0.547107,-0.577802,0.919213,0.993893,0.656043,0.805957,0.822996,0.040891,0.443397,0.452133,-0.06432,-0.102429,0.361499,0.304264,-1.0
-0.218671,-0.379596,0.116426,-0.770839,0.193802,0.332681,0.941379,0.526797,0.447305,0.645038,-0.028307,-0.102421,0.312768,0.52252,-1.0
0.845579,-0.246078,0.549962,-0.630614,0.619374,-0.846689,0.614457,0.493871,0.2596,-0.46312,0.180921,0.390289,-0.170515,-0.342924,-1.0
-0.231124,0.22558,0.262769,-0.869222,-0.686574,0.848306,0.314154,0.172221,-0.111235,0.170664,0.357952,-0.461714,-0.332763,0.466579,-1.0
0.79777,-0.499995,0.630212,0.859363,0.262738,-0.473136,0.567344,0.008713,0.288935,-0.469186,0.426322,-0.002303,-0.591686,-0.021504,-1.0
-0.938802,-0.99807,-0.715098,-0.319156,-0.688742,-0.401594,0.630798,0.205994,-0.487345,-0.328108,-0.220468,-0.277466,0.133277,0.557519,-0.853272
-0.021385,-0.59209,0.854718,-0.496508,0.011885,0.185078,0.066725,0.39598,-0.006512,0.021474,-0.058419,-0.977807,0.013484,0.571646,-0.945341
0.175491,-0.454981,-0.013691,0.254774,-0.439318,0.291194,0.324635,0.085362,-0.184398,0.135961,0.400616,-0.565763,-0.234723,0.386564,-0.962527
0.457411,-0.916702,-0.639326,-0.297841,0.198827,0.280911,0.028934,0.125624,0.052161,0.032108,0.217615,-0.965122,-0.129574,0.544213,-0.987573
0.740526,0.515226,0.100908,-0.342148,-0.941718,-0.136897,0.381749,0.007511,-0.322194,0.012158,0.575375,0.178238,-0.40561,-0.064853,-0.953675
-0.205879,-0.957247,0.366216,0.444788,-0.995253,-0.753642,0.075985,0.17795,-0.00056,-0.044743,0.783487,-0.228713,-0.403106,0.114706,-1.0
-0.095138,-0.750606,-0.561553,0.41954,0.394384,0.22433,0.381077,0.126051,0.275153,0.160694,-0.263225,-0.536997,0.208421,0.381925,-0.987394
-0.896897,0.254446,-0.477937,0.901791,0.527475,0.824248,0.945996,0.242746,0.363581,0.670624,-0.070445,-0.017526,0.465115,0.230892,-0.995919
0.99628,-0.326262,0.683975,0.647704,0.271517,0.339583,0.23961,0.786849,0.181871,0.173539,0.648746,-0.445698,-0.392973,0.362456,-0.996025
0.054373,-0.068525,-0.859398,0.272123,0.075331,-0.972429,0.19944,0.880982,0.00794,-0.15611,0.003027,0.794659,0.118213,-0.553986,-1.0
0.667896,0.093165,-0.931087,0.440215,0.941686,0.003414,0.819085,0.314862,0.71132,-0.125899,-0.208983,0.026497,0.538859,-0.188719,-0.960859
0.911531,-0.680112,-0.359985,-0.253942,-0.522717,-0.816603,0.662675,0.750983,-0.27157,-0.496614,0.34828,0.033579,-0.428155,-0.043988,-1.0
-0.092234,-0.977587,-0.447913,0.500435,-0.520104,0.884244,0.283578,0.889561,-0.174391,0.250353,0.129618,-0.731888,-0.08325,0.499245,-1.0
-0.460629,0.113042,0.837642,-0.905579,-0.395593,0.698961,0.618293,0.630587,-0.181849,0.42158,-0.098035,-0.40391,0.093206,0.585647,-0.985925
0.661142,-0.413459,0.209455,-0.844815,-0.56817,-0.176549,0.65391,0.237496,-0.504673,-0.214906,0.347448,-0.138383,-0.367846,0.071895,-0.891201
0.389342,0.276037,-0.121825,-0.164362,-0.031008,0.748992,0.704164,0.048839,-0.01679,0.603382,0.14568,-0.270365,-0.318699,0.295329,-0.977505
0.12961,0.651299,0.724805,-0.48173,-0.357928,-0.180612,0.664674,0.162055,-0.395325,-0.192794,0.170682,0.357851,-0.290349,-0.53196,-1.0
-0.996589,0.293576,-0.313916,-0.923912,0.891524,-0.083938,0.667081,0.808223,0.478135,-0.019271,-0.363797,0.033796,0.413868,-0.027387,-0.938488
-0.030588,0.608996,-0.951755,-0.811309,-0.62386,-0.364672,0.561719,0.726603,-0.315491,-0.248086,0.121961,0.300097,-0.263989,-0.459576,-0.985056
0.056171,-0.82461,-0.095681,-0.104058,-0.853308,-0.212816,0.26996,0.261966,-0.259628,-0.078206,0.548797,-0.39946,-0.429749,0.237091,-1.0
0.24378,0.818873,-0.452947,-0.145986,-0.923747,-0.873263,0.861081,0.15117,-0.497685,-0.541103,0.099872,0.18014,-0.245109,-0.455782,-1.0
0.499971,-0.927604,-0.570823,-0.118615,0.605727,-0.292529,0.030085,0.601397,0.017064,-0.053421,-0.228436,-0.939045,0.056441,0.50771,-1.0
-0.795712,0.07695,-0.684486,-0.9571,-0.137667,-0.808862,0.734683,0.331861,-0.098288,-0.568078,-0.163876,0.198485,0.353789,-0.388149,-0.901753
-0.216977,0.322857,-0.202173,0.079774,0.137842,-0.641317,0.470617,0.947955,0.046426,-0.329797,-0.218116,0.510252,0.125625,-0.527222,-0.94129
0.689639,0.523345,0.628647,-0.722469,-0.953191,-0.089736,0.3228,0.70532,-0.210782,-0.057192,0.670775,0.244941,-0.345445,-0.219654,-1.0
-0.244632,0.499697,-0.802201,0.583315,0.784543,0.72748,0.34707,0.962099,0.282609,0.262455,-0.724642,-0.121748,0.445965,0.072085,-1.0
-0.037878,-0.918444,0.110362,0.645548,-0.478378,-0.630737,0.855666,0.524835,-0.363315,-0.602431,0.060344,-0.092733,-0.413342,0.230491,-1.0
0.985007,-0.710299,-0.541092,-0.278066,-0.388728,-0.551381,0.711316,0.997922,-0.315774,-0.429731,0.300103,-0.099568,-0.473727,0.093367,-0.896753
0.894325,-0.65924,0.801756,0.184634,0.000307,-0.392658,0.496685,0.923418,0.002758,-0.341192,0.459671,-0.142914,-0.515405,0.155933,-1.0
-0.162875,-0.610467,-0.910855,0.18546,0.491418,0.065425,0.460579,0.085198,0.353782,0.035703,-0.381755,-0.433267,0.332039,0.355359,-0.944094
-0.969398,-0.9492,-0.020203,-0.06164,-0.573381,0.88902,0.704407,0.561695,-0.286948,0.456091,-0.028013,-0.187418,0.065265,0.558559,-1.0
0.850319,0.556265,0.09161,-0.302705,-0.724339,0.226815,0.308866,0.680855,-0.308756,0.081807,0.664449,0.101178,-0.602285,-0.115476,-1.0
-0.453457,-0.387371,-0.715446,-0.015661,0.040008,0.647548,0.00751,0.721951,-0.02104,-0.105674,-0.417618,-0.866846,0.111047,0.410314,-0.919573
-0.430812,-0.393136,-0.283737,-0.342952,-0.390743,-0.798397,0.059329,0.59223,-0.06821,-0.076993,-0.069301,0.938429,0.039306,-0.497337,-0.94119
0.208839,-0.066122,0.355233,-0.155552,0.555825,-0.132695,0.456308,0.973774,0.423425,-0.104942,-0.606517,0.146427,0.453537,-0.0594,-0.964444
-0.250123,0.093017,0.190656,0.214387,-0.543676,0.980039,0.879316,0.409369,-0.300804,0.543708,0.10187,-0.069469,-0.130453,0.560303,-1.0
-0.530632,0.189469,-0.236085,-0.701277,0.699212,-0.76894,0.515855,0.040818,0.306767,-0.279938,-0.453094,0.357907,0.384986,-0.231447,-0.995581
-0.568617,-0.640447,-0.478577,-0.084125,-0.333622,-0.76257,0.215643,0.333338,-0.00678,-0.167422,-0.65177,0.313988,0.437362,-0.190664,-0.944413
-0.615884,0.611234,0.085281,0.146955,-0.270618,-0.825404,0.976105,0.852086,-0.230568,-0.695801,0.00561,-0.002532,0.228077,-0.538492,-0.915736
-0.218908,0.446928,-0.845923,0.533372,0.9971,0.541652,0.421228,0.256346,0.246554,0.20293,-0.52386,-0.042047,0.530329,0.037719,-1.0
0.155435,-0.677189,0.174196,-0.629768,-0.330745,-0.56933,0.930338,0.257823,-0.326379,-0.625635,0.087576,0.010122,-0.483627,0.123409,-0.966875
-0.956225,-0.06213,0.939523,-0.378056,0.868651,0.600458,0.102233,0.327147,0.042907,0.018948,-0.834074,-0.202707,0.448757,0.13685,-0.977178
-0.419512,0.674568,-0.074599,-0.247447,-0.032545,0.403426,0.718594,0.065007,-0.041502,0.67558,-0.290616,0.152546,0.429261,-0.234862,-0.940906
-0.399338,0.808765,-0.159213,-0.154571,0.58888,0.618874,0.247067,0.803132,0.143012,0.092025,-0.824894,0.134835,0.60837,-0.005752,-1.0
0.578563,0.569444,0.599749,0.821376,-0.999796,0.315832,0.340733,0.918574,-0.321677,0.118434,0.624817,0.060059,-0.538823,-0.046559,-0.998651
0.351916,-0.148225,0.084647,-0.805988,0.335639,0.623756,0.638664,0.849325,0.28536,0.461084,-0.027572,-0.39953,-0.037244,0.547959,-1.0
0.327716,-0.260774,0.839877,-0.008331,0.615373,-0.195703,0.212796,0.281963,0.190298,0.00073,-0.892327,-0.21816,0.431986,0.038081,-1.0
0.985319,-0.305362,0.2215,0.216895,-0.094588,-0.616753,0.051486,0.072543,-0.034343,-0.005557,0.947079,0.214638,-0.504825,-0.123946,-1.0
-0.297345,0.764778,-0.756065,0.035162,-0.189331,-0.787682,0.836333,0.717097,-0.135161,-0.645788,-0.021084,0.134886,0.075193,-0.504937,-0.990448
0.007613,-0.316137,0.454893,0.744057,0.77355,0.522574,0.558262,0.865958,0.410549,0.310642,-0.333454,-0.331886,0.279623,0.338347,-1.0
-0.798967,0.600679,-0.389348,-0.897989,-0.410679,-0.990425,0.752244,0.920712,-0.194168,-0.546879,-0.031873,0.240594,0.117673,-0.430034,-0.874567
-0.728722,-0.676855,-0.757315,-0.219748,-0.084929,-0.130898,0.37817,0.956162,-0.152774,-0.335738,-0.429375,-0.428942,0.341715,0.339631,-0.901266
-0.286506,0.529679,0.374089,0.584259,0.902654,0.593732,0.907777,0.985189,0.675253,0.325845,-0.15946,-0.076682,0.491149,-0.045324,-0.978036
-0.620108,-0.834675,-0.665533,-0.886089,-0.438763,-0.215387,0.951747,0.246824,-0.590885,-0.365216,0.0131,-0.077214,0.186471,0.433146,-0.994938
0.770163,-0.897296,0.714623,-0.730026,0.424232,-0.368067,0.211721,0.305033,0.198316,-0.064848,0.456061,-0.628496,-0.232042,0.431732,-0.909229
-0.509834,-0.462647,-0.744035,-0.884548,0.697562,0.727942,0.270881,0.506655,0.132335,0.093715,-0.539797,-0.447362,0.307067,0.294736,-0.878577
-0.124956,-0.944579,0.527561,-0.481414,0.696258,-0.666978,0.290839,0.581018,0.129661,-0.203997,-0.663068,-0.149665,0.519561,0.125563,-0.943036
-0.113105,0.80002,0.525406,-0.759871,-0.733368,-0.974589,0.208774,0.18685,-0.135627,-0.118343,0.337834,0.869587,-0.093205,-0.451816,-0.966209
-0.426767,-0.628887,-0.36678,0.714872,-0.240183,-0.47431,0.791562,0.463862,-0.269819,-0.584027,-0.168091,-0.108072,0.483936,0.295979,-0.991147
-0.881958,0.653987,-0.218043,0.292217,-0.621197,0.78673,0.855896,0.372271,-0.343866,0.48194,-0.213576,-0.129442,0.384134,0.252786,-1.0
0.946313,-0.949709,-0.608853,-0.481234,0.207005,-0.109014,0.034779,0.101699,-0.000851,0.014525,0.534208,-0.671933,-0.370865,0.419866,-1.0
-0.464223,-0.885225,0.314744,-0.396661,-0.487924,-0.718712,0.523529,0.596994,-0.30552,-0.323249,0.014337,-0.540201,-0.167557,0.488528,-0.942346
0.392816,-0.534556,0.050869,-0.69043,0.192201,-0.278959,0.214606,0.091604,-0.004245,-0.145018,0.44686,-0.509086,-0.26368,0.41369,-0.935356
0.61915,-0.799877,0.342687,0.284666,-0.898176,-0.522639,0.10037,0.169915,-0.052735,-0.154569,0.894429,-0.133584,-0.549366,0.036795,-0.971486
-0.268504,-0.525946,0.264443,0.265513,-0.639951,-0.384643,0.716014,0.933257,-0.539404,-0.342776,0.240656,-0.075571,-0.515546,0.082073,-1.0
0.414901,-0.487514,-0.853334,-0.128626,-0.587194,0.312385,0.773369,0.484418,-0.640116,0.343265,0.235827,-0.16023,-0.453606,0.258235,-0.922057
0.979083,-0.592213,0.225033,-0.824474,0.610417,-0.025902,0.186889,0.370388,0.146966,-0.06144,0.37762,-0.672955,-0.233805,0.503065,-1.0
-0.189972,0.930249,-0.038809,-0.531201,0.143236,0.681569,0.662131,0.822616,0.130741,0.441193,-0.279948,0.259623,0.381921,-0.299224,-0.952963
0.262673,-0.599448,-0.329907,-0.119872,0.801505,0.883197,0.435011,0.924282,0.234202,0.286564,-0.226368,-0.516516,0.128621,0.469268,-0.986233
0.014634,0.305652,0.669143,0.017049,-0.437621,-0.709365,0.611755,0.542685,-0.180459,-0.434386,0.116218,0.336752,-0.16799,-0.474896,-1.0
-0.384797,0.176106,0.679601,-0.396798,0.879952,-0.111841,0.063102,0.338223,0.044759,0.009908,-0.85513,0.162568,0.47566,-0.181368,-0.972563
-0.730961,0.855454,-0.726042,-0.677768,0.981023,0.127247,0.08803,0.76197,0.065642,0.043058,-0.870524,0.394438,0.406357,-0.15487,-0.968954
0.421068,0.199093,0.557928,0.29265,-0.167554,-0.659206,0.404606,0.855957,0.045248,-0.247718,0.35611,0.45817,-0.237715,-0.363867,-0.922261
-0.734494,0.146416,-0.077025,0.17489,-0.557041,-0.016121,0.746689,0.182252,-0.610002,-0.005749,-0.168101,0.223065,0.375947,-0.286034,-1.0
-0.987955,0.231176,0.272095,0.923596,-0.770731,-0.72854,0.110131,0.6968,-0.118135,-0.07619,-0.133072,0.869824,0.084901,-0.507309,-1.0
0.503988,0.715978,0.749749,-0.442568,-0.742204,-0.510969,0.920783,0.895854,-0.532159,-0.34747,0.060563,-0.003131,-0.376728,-0.31899,-0.993287
0.397165,-0.433816,0.044217,-0.223814,-0.191472,-0.628619,0.016814,0.204063,0.0175,-0.02285,0.94703,0.332931,-0.510523,-0.13305,-0.97296
-0.537331,0.238757,-0.759047,0.615379,0.331611,0.665005,0.825664,0.557901,0.261651,0.555318,-0.050267,-0.104309,0.460036,0.212726,-1.0
-0.771683,-0.284781,0.055414,0.800144,-0.373785,0.518103,0.881172,0.404233,-0.337267,0.630841,0.007114,-0.175304,0.253151,0.48045,-1.0
0.046071,-0.434724,0.585551,0.051264,-0.7891,-0.04001,0.298837,0.984356,-0.235394,-0.041587,0.640444,-0.281928,-0.449623,0.200924,-0.943592
0.666721,-0.917288,0.684581,-0.237763,0.788915,0.174064,0.465162,0.380966,0.395539,0.162114,0.005392,-0.507582,0.189547,0.486837,-0.993876
0.332882,0.187779,-0.757455,-0.501613,0.078716,0.305474,0.002365,0.488366,0.054501,-0.004167,0.907019,-0.430087,-0.448447,0.209826,-0.957454
-0.565599,0.606245,0.954969,0.801966,-0.320629,-0.740916,0.76143,0.732397,-0.291395,-0.544855,-0.116223,0.292658,0.050751,-0.392766,-1.0
-0.151544,0.931403,0.593267,0.909758,-0.386418,-0.636913,0.069332,0.801834,-0.030263,-0.035809,0.162588,0.910312,-0.031616,-0.487919,-1.0
-0.408846,0.360069,0.197955,0.916091,-0.547999,0.759745,0.304984,0.187367,-0.136991,0.162658,0.211685,-0.713707,-0.114297,0.546615,-1.0
-0.455233,-0.097086,-0.053865,0.685344,-0.716372,0.943944,0.989789,0.917188,-0.537178,0.674881,-0.026518,0.026173,-0.155876,0.483693,-1.0
-0.314521,0.114736,0.778089,0.168399,-0.796463,-0.571803,0.755099,0.757864,-0.518072,-0.29277,0.053813,0.166044,-0.304624,-0.435365,-1.0
-0.137445,-0.787921,0.065989,0.962027,-0.501766,-0.571335,0.774453,0.919058,-0.378022,-0.457074,0.193026,-0.156968,-0.422311,0.194799,-1.0
0.518002,-0.409917,0.740985,-0.171131,0.036536,-0.553744,0.348425,0.967976,0.035783,-0.230901,0.657556,0.036956,-0.564719,-0.085149,-1.0
-0.646213,0.550726,-0.708032,-0.291453,-0.605306,0.807463,0.801849,0.852276,-0.371242,0.575592,-0.079252,-0.303713,0.145302,0.530152,-1.0
0.717779,0.229308,0.126308,-0.278813,-0.848095,-0.838229,0.519124,0.420101,-0.226786,-0.275064,0.419615,0.351449,-0.530062,-0.303647,-0.939212
-0.472218,0.656995,0.1886,0.534085,-0.270226,0.545699,0.795442,0.253261,-0.291014,0.588887,-0.129733,0.069363,0.416167,-0.257238,-0.953358
0.879732,0.717743,0.860159,-0.101041,0.592229,-0.004095,0.45975,0.490511,0.406941,-0.018392,0.24484,0.425178,-0.137829,-0.513692,-0.988392
-0.123359,-0.226359,-0.723375,0.82555,0.722036,0.867461,0.149551,0.765878,0.136926,0.092325,-0.534589,-0.620394,0.159485,0.386506,-0.90833
0.742631,-0.819025,-0.542881,0.04336,-0.025464,-0.211324,0.001272,0.331245,-0.044049,0.055185,0.712178,-0.565186,-0.397558,0.258466,-0.928104
0.73684,0.280587,-0.022433,-0.578599,0.431604,0.025733,0.880008,0.022425,0.748015,0.085519,0.055689,0.061829,-0.396913,-0.308,-0.937629
0.999589,-0.69634,-0.372474,-0.22453,-0.678904,0.066834,0.042356,0.614256,-0.003888,0.089135,0.806173,-0.395547,-0.436995,0.143056,-1.0
-0.957909,-0.374158,-0.023897,0.913878,-0.914077,0.26796,0.838003,0.836832,-0.712926,0.170135,0.045955,-0.080489,0.016185,0.473313,-0.965245
-0.216046,-0.63076,0.262101,0.770088,-0.109824,0.565907,0.883407,0.457181,-0.129786,0.639483,0.029024,-0.150777,0.052299,0.45584,-0.898073
0.227889,-0.541581,-0.916718,-0.060259,0.38561,0.42763,0.973816,0.477423,0.465452,0.531704,-0.060488,0.002011,0.088762,0.559964,-1.0
0.405035,-0.851192,0.392913,-0.594963,-0.858704,-0.253235,0.66283,0.292766,-0.510507,-0.165972,0.320449,-0.231765,-0.513106,0.184541,-0.952206
0.022617,-0.469329,0.823581,-0.420244,0.074956,0.850016,0.82396,0.223672,0.06584,0.637672,0.013714,-0.139261,0.031279,0.49796,-0.983818
0.978082,-0.450883,-0.19029,-0.359802,-0.485958,0.019902,0.303236,0.450227,-0.143668,0.04274,0.631279,-0.267066,-0.528975,0.058312,-1.0
0.103592,-0.581961,0.8456,-0.229784,0.030172,0.462428,0.964462,0.66627,0.122179,0.738389,-0.052403,0.042005,-0.098683,0.540751,-0.985846
-0.755623,0.717993,-0.60336,0.858019,-0.385074,0.726601,0.138623,0.953062,-0.090735,0.172844,-0.845819,-0.028635,0.460513,0.056952,-0.999234
0.698917,-0.875237,0.865214,-0.14235,-0.572795,-0.61697,0.962345,0.959538,-0.470375,-0.551249,0.065731,0.02808,-0.525018,0.099884,-0.984143
0.464296,0.082134,-0.838579,0.313895,0.428246,-0.772415,0.662035,0.73742,0.313805,-0.541678,-0.05503,0.310284,0.024741,-0.556526,-0.904557
-0.291749,-0.770078,-0.434173,0.29173,-0.13892,0.239635,0.640111,0.007858,-0.232329,0.430029,-0.045716,-0.320302,0.115988,0.492565,-0.983617
-0.704841,0.695985,0.698233,-0.992039,0.613056,0.544909,0.683037,0.554778,0.40606,0.310846,-0.335646,-0.010061,0.498247,-0.0934,-1.0
0.694775,0.201781,0.182199,0.1057,-0.747852,0.45084,0.497387,0.242766,-0.334269,0.212336,0.457685,-0.099806,-0.506634,0.273949,-0.984902
0.424197,0.614981,0.090838,0.99057,0.562889,-0.173688,0.80435,0.749903,0.671873,-0.101162,0.020818,0.208142,0.021341,-0.496672,-0.972247
-0.46968,0.743646,0.216093,0.772083,0.898582,-0.564627,0.017681,0.396323,0.069928,-0.092287,-0.654623,0.590487,0.26184,-0.359499,-1.0
0.212246,-0.369791,0.358718,-0.399032,-0.743557,0.898906,0.871246,0.499192,-0.530425,0.498404,0.100231,-0.101503,-0.38243,0.395096,-1.0
0.861491,-0.633008,0.368388,-0.903045,-0.419,-0.222798,0.945075,0.688584,-0.588515,-0.372256,0.086486,-0.080309,-0.506868,0.200171,-0.996551
-0.537152,-0.98831,0.474577,-0.952689,0.83341,0.487252,0.367106,0.906397,0.213416,0.134991,-0.469549,-0.400059,0.280136,0.423938,-0.927928
0.678814,-0.498838,0.561727,0.812793,0.227886,0.256817,0.939581,0.208599,0.544599,0.561519,0.108213,-0.066644,-0.228775,0.474547,-0.927825
0.98288,-0.419834,0.750619,0.947628,-0.682815,-0.528554,0.456198,0.418946,-0.273899,-0.134791,0.514452,-0.018265,-0.486654,0.059179,-1.0
-0.208975,-0.920073,-0.38047,-0.891703,0.237305,0.290103,0.561893,0.210921,0.283617,0.31586,-0.164336,-0.388174,0.133457,0.308356,-0.931092
0.307043,-0.04581,-0.469837,0.408454,0.613348,-0.582029,0.443319,0.997978,0.241946,-0.274148,-0.214521,0.340555,0.247988,-0.467279,-0.962033
-0.044639,0.770425,-0.789946,0.97284,-0.146679,0.335149,0.155323,0.67675,-0.105912,0.115558,0.128895,0.765889,-0.05262,-0.499117,-1.0
0.481201,0.45827,-0.82943,0.508774,-0.031872,-0.117217,0.243562,0.841543,-0.068059,-0.202742,0.509466,0.558837,-0.364146,-0.442632,-0.915843
-0.60703,-0.642111,-0.595501,-0.096009,0.760935,0.639489,0.016417,0.080063,0.068847,-0.042378,-0.734922,-0.622569,0.363683,0.395843,-1.0
-0.842783,-0.809893,-0.68008,0.585304,0.716115,0.367218,0.208868,0.514883,0.203926,0.093903,-0.709266,-0.396369,0.356955,0.342308,-0.984844
-0.339286,0.396016,0.533652,-0.487993,-0.072856,0.700194,0.016769,0.208461,0.006162,0.102751,-0.626522,-0.734591,0.374481,0.354492,-1.0
0.34336,-0.07096,0.483143,-0.458755,-0.597616,-0.248507,0.17446,0.183528,-0.092076,-0.086034,0.744623,0.155859,-0.493964,-0.126483,-1.0
-0.065612,0.696389,0.186236,-0.097164,-0.343134,-0.574366,0.541447,0.340704,-0.251108,-0.314038,0.119079,0.425414,-0.08196,-0.385163,-1.0
-0.099672,0.673118,0.373134,0.833328,0.212141,0.325557,0.195127,0.072721,0.115229,0.080111,-0.552864,0.625026,0.326669,-0.394618,-1.0
0.323332,0.171145,0.84254,-0.152911,0.833273,0.262349,0.797088,0.920328,0.589503,0.170656,-0.182363,-0.087497,0.521896,0.155046,-1.0
0.958225,-0.509191,-0.651885,-0.951684,0.320721,0.870617,0.598146,0.968144,0.092972,0.496948,0.21155,-0.314208,-0.120726,0.502938,-0.920895
0.47067,-0.988487,0.529262,-0.045668,-0.265432,-0.742714,0.261626,0.434124,-0.095178,-0.239082,0.763482,-0.253417,-0.453767,0.20929,-0.948114
